60 40 120
5 8 14 17 21
30 29
36 37
40 7
19 30
37 32
18 26
29 20
46 24
49 35
35 30
26 19
48 8
19 6
21 18
20 0
27 33
15 2
41 39
15 3
29 9
27 9
56 16
2 18
57 19
36 19
8 10
46 18
32 3
4 38
57 21
50 3
59 11
10 15
6 18
1 27
18 38
26 14
31 19
0 11
50 8
55 12
26 35
2 9
5 11
32 22
50 31
56 5
4 9
57 3
34 16
40 2
57 7
7 12
7 20
39 3
43 37
12 31
7 31
52 10
53 32
2 6
3 3
47 38
24 23
15 14
24 37
5 21
46 23
4 21
23 27
4 2
37 16
55 35
49 24
42 6
19 23
22 19
50 1
15 9
30 24
24 33
31 32
35 26
37 30
13 32
40 30
21 3
32 7
26 15
10 31
33 26
8 1
30 8
14 19
23 37
4 8
50 38
3 8
12 7
38 13
13 38
24 5
56 24
8 25
1 37
47 33
13 9
42 18
4 23
26 20
4 39
59 14
57 31
21 15
32 13
14 26
20 33
50 24
23 9
53 35
