60 40 120
5 6 10 18 17
54 7
31 24
59 6
58 6
38 15
4 22
32 21
20 21
42 8
54 3
33 34
43 24
44 26
44 33
28 39
37 18
48 29
13 2
8 35
28 31
57 10
36 11
48 27
20 24
52 2
55 31
23 20
58 7
34 2
48 25
28 30
14 37
39 37
56 19
14 19
45 33
31 33
14 8
43 4
3 21
57 38
41 28
8 22
42 4
13 27
5 28
15 37
48 30
1 1
19 36
50 23
55 28
43 18
6 38
36 38
49 0
11 21
49 19
21 30
59 24
41 31
39 32
4 30
36 10
57 15
27 37
19 5
46 10
17 0
2 9
0 6
33 33
17 2
25 4
43 8
32 34
19 7
55 0
16 9
42 0
43 29
20 15
38 39
34 30
46 36
43 23
39 20
14 31
37 7
39 15
20 25
56 33
49 9
58 13
50 31
33 1
3 14
47 38
37 19
13 23
40 22
6 29
24 4
28 12
22 38
18 2
3 3
48 14
58 33
33 11
1 9
57 33
4 5
11 33
49 34
29 34
40 19
44 11
40 15
14 6
