60 40 120
5 9 10 17 21
39 12
46 5
26 34
59 27
48 34
34 2
58 15
33 5
23 36
8 33
3 16
33 23
54 34
7 12
19 31
13 10
33 11
42 38
41 39
36 16
59 14
33 17
45 8
11 29
15 23
46 26
52 11
2 20
36 6
43 32
40 8
6 29
5 0
21 33
12 2
14 11
38 22
57 25
28 14
35 36
40 25
10 9
59 35
20 19
44 36
43 0
59 12
15 19
24 31
19 4
26 16
26 11
59 19
1 22
46 32
34 23
36 35
40 19
35 14
29 31
51 31
46 2
33 4
48 19
16 26
21 12
3 22
55 28
14 31
57 17
36 17
55 0
35 13
16 30
32 17
4 33
1 7
15 22
30 1
54 30
26 29
17 14
50 10
23 4
24 6
42 4
8 7
20 30
7 0
36 9
29 3
11 4
30 24
38 34
22 29
45 2
3 17
43 27
39 25
19 10
52 37
19 39
3 15
3 1
46 9
51 28
43 28
23 19
37 25
50 33
19 29
30 4
0 3
49 2
21 30
47 3
28 21
29 6
3 26
35 10
