60 40 120
5 10 9 16 20
20 29
42 4
43 38
49 0
10 11
6 30
24 16
55 12
22 12
2 37
17 33
38 10
8 35
11 19
41 36
34 36
28 31
52 7
29 17
40 5
29 12
12 8
38 32
7 6
5 10
42 12
27 36
18 30
50 14
8 18
41 10
42 29
1 3
5 13
54 36
58 12
12 2
43 19
15 29
18 6
25 5
42 37
50 20
44 3
28 30
18 0
26 23
2 28
45 0
34 6
39 11
8 4
55 4
5 30
2 20
51 7
12 33
45 3
30 15
56 14
20 17
56 26
40 16
54 14
9 24
8 27
52 17
39 31
57 27
21 22
29 29
14 8
46 14
11 10
17 7
50 13
16 39
48 31
17 14
36 32
24 28
10 35
29 27
12 31
41 11
43 7
31 31
45 16
55 13
51 11
25 7
9 13
16 5
29 28
11 36
47 29
31 37
14 14
48 18
15 21
39 34
3 7
3 12
18 20
39 23
36 26
57 38
13 7
48 36
0 29
33 33
18 34
41 38
22 11
12 17
47 11
46 25
25 20
9 31
0 34
