60 40 120
5 5 12 18 19
41 24
11 14
11 12
8 19
3 17
5 36
39 13
1 30
26 33
30 6
35 15
8 25
13 1
14 7
17 10
41 29
57 17
35 33
54 36
50 23
11 17
12 11
54 31
0 26
20 22
20 5
9 12
38 13
55 8
20 32
3 36
58 13
7 25
37 22
27 9
15 34
32 35
20 8
24 28
3 11
1 26
48 5
43 35
51 5
53 18
55 5
59 18
45 38
3 1
47 5
2 5
5 9
31 29
56 30
1 12
11 33
15 9
42 22
34 30
12 15
35 37
48 39
36 39
49 20
59 26
24 15
5 27
6 1
35 29
27 19
47 32
38 3
59 12
13 32
52 32
56 9
58 34
59 21
54 1
40 6
55 37
28 11
2 27
10 14
30 8
49 31
28 21
3 13
7 1
5 11
56 14
45 11
45 16
18 38
31 27
17 25
4 7
13 20
12 10
50 11
25 6
53 28
17 31
9 24
2 31
31 30
32 1
6 19
26 6
13 6
3 3
59 10
31 35
59 5
9 3
40 29
33 7
43 22
5 22
37 16
