60 40 120
5 10 10 16 21
18 1
53 32
58 18
18 27
48 0
35 25
19 15
20 23
25 11
20 28
45 2
43 32
21 13
20 33
1 14
14 10
58 17
37 28
59 28
53 16
17 3
19 16
51 8
10 39
17 13
11 10
1 23
42 39
52 27
42 15
2 21
16 9
59 19
5 21
53 34
37 10
56 38
18 5
37 14
22 6
26 3
55 33
18 15
0 15
59 29
0 0
2 10
51 20
59 12
37 26
31 4
7 4
18 24
26 20
34 25
29 37
23 39
31 31
49 38
5 24
8 7
55 6
0 2
25 6
56 21
38 12
26 33
15 16
13 36
15 0
11 13
37 9
33 15
45 16
47 10
51 25
8 14
38 17
53 20
8 32
2 20
39 13
17 0
51 28
54 19
37 11
45 28
17 29
3 27
48 22
14 8
29 0
17 2
18 38
55 27
52 34
8 17
14 2
9 31
15 21
54 39
38 25
56 11
9 17
52 9
4 39
2 4
15 7
3 19
19 24
28 31
58 19
20 18
28 21
50 18
26 36
50 27
9 22
43 33
50 21
