60 40 120
5 5 10 16 21
57 6
58 3
25 31
8 18
53 8
33 19
6 4
23 0
1 9
52 32
55 10
1 8
57 14
22 39
16 36
34 13
47 4
16 18
53 12
24 23
12 3
48 23
42 11
56 5
39 38
27 8
2 21
7 32
30 20
11 2
25 11
48 30
47 16
51 31
33 7
0 33
23 38
11 10
23 23
24 8
56 38
10 4
36 22
42 6
50 13
55 9
13 10
41 0
31 25
9 26
59 30
17 9
8 1
9 37
32 4
26 10
56 36
16 14
51 19
10 30
52 2
55 13
15 2
7 35
26 8
39 6
22 33
7 17
13 32
35 26
53 9
23 27
14 35
49 29
57 39
25 7
46 2
1 32
49 34
12 21
27 20
25 33
59 37
29 33
33 6
3 21
22 7
56 27
24 35
54 26
56 10
58 15
47 24
41 39
37 23
50 32
11 7
37 25
17 30
3 1
35 27
13 24
3 11
52 1
4 25
54 24
31 33
50 26
48 18
40 3
7 0
48 28
24 7
39 32
26 22
44 21
53 5
31 32
0 8
58 25
