60 40 120
5 7 11 15 19
48 37
27 20
45 12
14 24
45 20
52 15
50 0
1 27
20 34
43 25
19 11
47 13
18 21
40 37
47 28
1 19
41 10
4 24
12 26
36 32
18 10
43 28
15 19
18 2
28 23
20 13
28 39
52 12
44 1
18 35
15 21
27 15
53 16
10 26
21 37
52 7
42 22
52 28
30 32
33 29
43 10
34 7
57 35
54 15
11 32
14 3
4 16
4 36
2 28
58 5
16 3
29 12
26 9
14 17
52 35
57 30
45 3
33 21
19 26
14 39
37 5
53 36
23 39
49 10
27 1
27 36
8 2
30 13
0 27
52 2
48 19
18 24
34 9
5 32
9 12
17 37
21 6
8 23
41 9
0 38
5 25
57 28
33 19
41 2
43 16
32 24
20 10
36 33
30 17
42 25
29 22
44 32
56 35
18 37
9 36
44 14
51 26
11 39
14 4
4 22
37 12
25 31
38 38
29 13
1 1
35 37
0 39
19 15
17 38
36 26
27 5
45 18
47 31
9 26
5 3
33 1
6 23
51 27
44 5
5 15
