60 40 120
5 8 10 18 19
32 14
20 29
37 15
1 11
8 32
14 13
1 17
29 21
0 36
47 1
13 11
34 10
20 22
17 31
2 21
58 36
55 1
18 0
44 15
58 21
42 3
36 21
6 4
49 27
7 3
30 7
58 5
16 21
20 21
5 32
53 15
10 34
25 17
52 12
23 26
29 6
45 36
30 30
14 28
30 33
31 13
39 35
9 7
6 38
38 27
24 37
7 32
35 37
39 17
4 3
16 27
12 20
35 7
39 27
43 20
13 17
53 28
1 10
34 6
22 19
58 20
39 16
53 4
43 10
15 5
14 35
18 15
33 36
46 0
20 27
48 22
11 12
1 6
49 39
5 38
53 26
55 38
44 36
21 35
27 37
49 16
5 10
1 7
22 6
54 7
39 1
40 15
23 9
51 31
46 27
46 24
37 28
1 20
48 37
10 23
31 6
13 14
47 10
59 26
55 11
0 16
57 35
13 1
21 39
28 0
12 15
34 7
5 26
56 33
40 28
57 17
32 12
15 28
50 0
54 5
47 0
11 7
10 13
39 34
59 30
