60 40 120
5 5 13 15 20
22 34
5 26
40 37
52 22
35 4
41 6
9 8
37 39
6 34
9 9
45 17
32 28
57 12
23 37
59 30
26 24
3 23
11 22
12 0
47 27
53 8
17 24
9 18
51 38
1 12
28 7
37 8
23 34
31 38
46 36
4 15
1 16
3 31
19 16
11 4
50 30
57 28
41 4
57 11
4 28
19 24
53 30
45 26
31 4
51 18
14 16
13 5
18 0
22 8
38 37
1 15
56 6
10 8
55 37
1 4
46 31
26 2
2 8
6 22
34 10
47 32
25 34
52 28
7 30
35 2
46 15
26 16
49 3
6 33
22 0
13 18
4 4
0 0
34 3
6 17
18 38
48 6
56 25
3 22
6 38
5 1
31 2
12 18
20 34
45 9
4 9
23 32
43 31
6 28
34 33
11 23
52 26
47 13
51 30
36 7
36 24
48 28
14 27
43 4
50 11
52 9
57 21
40 7
40 0
22 7
55 7
3 1
49 4
3 26
58 24
57 30
58 2
29 1
17 28
38 20
29 23
17 6
6 25
13 22
38 3
