60 40 120
5 7 9 15 19
23 3
47 9
15 0
57 23
6 13
14 30
30 1
14 4
50 23
31 14
5 24
4 21
31 30
59 39
15 10
32 25
5 20
55 14
40 35
2 31
0 24
38 10
11 15
5 21
48 8
50 8
38 5
59 20
26 36
21 37
17 31
52 6
57 22
41 34
53 12
38 19
46 13
33 25
28 0
16 6
56 22
12 10
3 28
24 20
29 15
20 29
16 31
16 19
36 21
0 3
41 6
9 25
58 4
54 7
48 21
14 25
57 25
36 6
5 32
12 30
57 35
16 7
24 26
26 14
22 30
17 11
55 24
24 32
1 27
38 23
46 34
25 3
41 32
41 17
5 9
59 25
32 28
35 12
26 3
4 35
30 5
54 33
55 12
57 19
57 30
39 22
51 28
39 38
3 6
0 7
44 33
54 25
26 32
25 1
35 3
1 13
6 26
7 18
12 3
55 21
29 39
30 17
0 11
50 29
21 3
51 20
25 10
39 39
12 9
1 4
0 34
58 34
23 1
14 5
46 29
33 19
28 17
59 22
31 21
49 17
