60 40 120
5 6 14 14 17
59 18
25 14
7 4
59 31
44 15
40 36
25 15
51 27
44 14
9 14
15 14
10 22
2 22
41 3
57 26
56 5
12 0
25 6
8 13
40 25
2 30
13 10
35 27
16 11
38 6
50 27
1 34
8 30
38 4
43 15
10 12
58 13
6 3
19 17
52 34
13 26
44 33
59 11
12 8
40 35
9 36
26 3
13 32
13 18
57 6
24 24
26 17
1 38
45 12
5 1
52 23
33 22
1 6
30 8
2 39
9 4
58 32
32 11
10 33
7 13
38 35
11 23
2 27
22 0
56 3
7 12
4 6
53 33
20 33
20 13
1 5
39 33
36 2
39 2
47 15
36 28
56 24
35 23
40 31
37 13
51 13
16 13
17 11
55 21
29 25
57 9
44 31
48 19
34 35
28 19
3 6
17 10
11 34
23 10
33 8
55 23
14 15
58 23
0 6
26 33
42 28
4 29
6 29
40 0
57 2
32 16
20 23
28 12
14 4
7 37
32 1
59 37
14 20
23 25
11 17
45 25
3 24
44 2
39 38
40 22
