60 40 120
5 5 9 14 22
24 10
11 35
6 15
22 17
28 0
8 6
49 32
3 17
58 10
39 13
30 0
2 34
37 12
9 38
53 0
1 36
34 20
58 22
17 34
41 6
20 5
41 12
28 5
59 25
22 27
34 10
27 21
54 19
5 29
55 16
51 16
6 4
49 6
41 0
22 37
45 10
15 32
40 25
28 6
55 5
17 1
34 28
18 11
40 21
45 8
3 9
24 37
40 20
12 32
12 17
38 16
7 5
28 39
30 10
24 12
8 34
10 0
33 20
52 21
58 14
11 36
7 13
16 19
51 6
56 24
34 31
2 26
45 38
48 17
40 22
26 39
26 29
55 24
16 38
37 8
27 27
7 32
33 4
48 16
48 24
28 19
50 0
4 4
27 3
17 39
5 8
16 23
17 4
21 0
33 28
54 0
53 19
54 2
18 38
18 6
7 26
57 36
44 36
51 13
53 22
21 36
41 2
43 21
33 9
12 3
42 12
27 26
26 34
13 11
26 12
9 30
51 28
43 39
55 34
41 27
14 16
58 37
32 1
2 19
2 5
