60 40 120
5 7 11 16 22
32 31
11 20
36 24
3 25
49 23
15 4
8 14
42 33
11 33
32 20
23 36
6 24
24 31
30 28
2 33
37 37
25 4
34 38
59 22
30 22
55 25
56 37
50 37
29 16
40 14
3 11
12 30
15 30
56 5
21 23
47 3
50 7
0 6
50 17
56 28
16 15
54 1
56 6
23 22
35 5
50 13
53 4
22 21
18 22
12 20
58 36
1 35
13 24
51 22
13 10
43 37
23 15
16 14
12 16
17 37
24 30
45 30
18 29
31 17
52 21
10 24
8 23
36 4
42 13
37 6
58 27
27 37
34 13
8 27
27 34
24 28
17 30
28 21
29 2
10 38
28 34
7 29
5 27
45 12
31 8
59 36
39 20
26 30
35 38
30 35
10 10
36 7
25 6
8 33
29 30
45 22
2 2
44 20
56 39
21 16
13 37
6 39
3 29
52 5
20 15
37 19
18 35
16 8
51 4
21 26
19 36
11 11
7 24
46 22
31 13
53 14
34 39
23 14
36 5
44 10
38 8
0 32
40 11
29 23
4 3
