0
Yes
4 41
5 41
4 40
4 42
5 40
5 42
3 41
6 41
3 40
3 42
6 40
6 42
4 39
4 43
5 39
5 43
2 41
3 39
3 43
6 39
6 43
7 41
2 40
2 42
7 40
7 42
4 38
4 44
5 38
5 44
2 39
2 43
7 39
7 43
3 38
3 44
6 38
6 44
1 41
8 41
1 40
1 42
8 40
8 42
2 38
2 44
7 38
7 44
1 39
1 43
4 37
4 45
5 37
5 45
8 39
8 43
3 37
3 45
6 37
6 45
0 41
0 40
0 42
1 38
1 44
8 38
8 44
2 37
2 45
7 37
7 45
0 39
0 43
4 36
5 36
3 36
6 36
1 37
1 45
8 37
8 45
0 38
0 44
2 36
7 36
0 37
0 45
1 36
8 36
0 36
0
Yes
30 31
31 31
30 30
30 32
31 30
31 32
29 31
32 31
29 30
29 32
32 30
32 32
30 29
31 29
28 31
29 29
32 29
28 30
28 29
0
Yes
12 25
12 26
13 25
13 26
11 25
11 26
12 24
13 24
11 24
0
Yes
25 42
26 42
26 43
27 43
27 42
27 41
27 44
26 44
28 42
28 43
28 41
28 44
26 45
27 45
28 45
25 45
28 40
27 40
26 40
26 39
27 39
28 39
25 39
25 46
26 46
27 46
28 46
24 46
24 45
24 44
23 45
29 41
29 42
29 43
29 44
29 45
29 46
27 38
28 38
30 42
30 43
30 44
30 45
30 41
30 46
24 47
25 47
26 47
27 47
28 47
29 47
30 47
29 38
28 37
27 37
26 37
25 48
26 48
27 48
28 48
29 48
24 48
30 48
26 36
25 36
31 41
31 42
31 43
25 35
26 35
32 42
32 43
24 35
24 49
25 49
26 49
27 49
28 49
29 49
30 49
31 46
31 47
31 48
31 49
27 35
24 34
25 34
26 34
27 34
23 34
23 35
32 47
32 48
32 46
32 49
25 33
24 33
26 33
23 33
27 33
22 33
22 34
33 48
33 47
33 49
24 32
25 32
26 32
23 32
34 47
34 48
34 49
34 46
23 31
24 31
22 31
35 48
35 49
22 30
21 30
21 31
36 49
36 48
37 48
37 49
21 29
20 29
20 30
19 30
19 29
38 49
38 48
38 47
20 28
21 28
19 28
39 47
39 48
39 49
39 46
38 46
38 45
21 27
20 27
19 27
22 27
40 48
0
Yes
2 8
2 9
1 8
1 9
3 8
3 9
2 7
2 10
1 7
1 10
3 7
0 8
0 9
0 7
0 10
2 6
1 6
3 6
0 6
0
Yes
46 28
47 28
46 27
46 29
47 27
47 29
45 28
48 28
45 27
45 29
48 27
48 29
46 26
46 30
47 26
47 30
44 28
45 26
45 30
48 26
48 30
49 28
44 27
44 29
49 27
49 29
46 25
46 31
47 25
47 31
44 26
44 30
49 26
49 30
45 25
45 31
48 25
48 31
43 28
43 27
43 29
44 25
44 31
49 25
49 31
43 26
43 30
46 24
46 32
47 24
47 32
45 24
45 32
48 24
48 32
43 25
43 31
44 24
44 32
49 24
49 32
46 23
47 23
45 23
48 23
43 24
43 32
49 23
0
Yes
33 26
33 27
32 26
32 27
33 25
32 25
0
Yes
0 11
0 12
0 13
0 14
0 15
0 16
0 17
1 11
1 12
1 13
1 14
1 15
1 16
1 17
2 11
2 12
2 13
2 14
2 15
2 16
2 17
3 11
3 12
3 13
3 14
3 15
3 16
3 17
4 11
4 12
4 13
4 14
4 15
4 16
4 17
5 11
5 12
5 13
5 14
5 15
5 16
5 17
6 11
6 12
6 13
6 14
6 15
6 16
6 17
7 11
7 12
7 13
7 14
7 15
7 16
7 17
8 11
8 12
8 13
8 14
8 15
8 16
8 17
9 11
9 12
0
Yes
38 0
38 1
38 2
38 3
38 4
38 5
38 6
38 7
39 0
39 1
39 2
39 3
39 4
39 5
39 6
39 7
40 0
40 1
40 2
40 3
40 4
40 5
40 6
40 7
41 0
41 1
41 2
41 3
41 4
41 5
41 6
41 7
42 0
42 1
42 2
42 3
42 4
42 5
42 6
42 7
43 0
43 1
43 2
43 3
43 4
43 5
43 6
43 7
0
Yes
12 0
12 1
13 1
13 0
14 0
14 1
13 2
12 2
14 2
12 3
13 3
14 3
11 3
15 1
15 2
15 0
15 3
16 0
16 1
16 2
16 3
11 4
12 4
13 4
14 4
15 4
10 4
10 3
9 3
9 4
12 5
11 5
13 5
10 5
9 5
17 1
17 2
17 0
8 4
8 3
8 5
7 3
7 4
7 5
7 2
15 5
18 0
18 1
18 2
11 6
12 6
6 2
6 3
6 4
6 5
18 3
12 7
11 7
13 7
8 6
7 6
6 6
19 2
19 3
5 3
5 4
5 5
5 2
5 6
5 1
4 1
4 2
4 3
4 4
4 5
4 6
4 0
5 0
6 0
11 8
13 8
19 4
18 4
14 8
14 7
15 7
15 8
16 8
20 4
3 0
3 1
3 2
3 3
6 7
5 7
4 7
14 9
15 9
13 9
20 5
19 5
2 1
2 2
2 0
2 3
15 10
5 8
6 8
4 8
6 9
5 9
7 9
1 0
1 1
1 2
7 10
6 10
5 10
8 10
8 9
8 8
9 8
0 1
0 0
0 2
0 3
19 0
20 0
20 2
17 8
20 6
15 11
14 11
14 12
15 12
16 12
0
Yes
45 0
45 1
45 2
45 3
45 4
46 0
46 1
46 2
46 3
46 4
47 0
47 1
47 2
47 3
47 4
48 0
48 1
48 2
48 3
48 4
49 0
49 1
49 2
0
Yes
39 14
38 14
38 13
39 13
38 12
39 12
40 12
40 13
40 14
37 12
37 13
37 14
40 15
39 15
38 15
37 15
41 14
41 13
41 15
41 12
40 11
39 11
38 11
37 11
41 11
36 14
36 13
36 12
36 15
36 11
39 16
38 16
40 16
37 16
41 16
36 16
42 13
42 14
42 15
42 12
42 16
42 11
39 10
38 10
40 10
37 10
41 10
36 10
42 10
35 13
35 14
35 12
35 15
35 11
35 16
35 10
38 17
39 17
40 17
37 17
41 17
36 17
42 17
35 17
43 14
43 13
43 15
43 12
43 16
43 11
43 17
43 10
38 9
39 9
40 9
37 9
41 9
36 9
42 9
35 9
43 9
34 14
34 15
34 16
34 17
34 12
34 11
34 10
34 9
39 18
38 18
40 18
37 18
41 18
36 18
42 18
35 18
43 18
34 18
44 13
44 14
44 15
44 12
44 16
44 11
44 17
44 10
44 18
44 9
39 8
38 8
40 8
37 8
41 8
36 8
42 8
43 8
44 8
35 8
34 8
33 16
33 17
33 18
33 11
33 10
33 9
33 12
38 19
39 19
40 19
41 19
42 19
43 19
44 19
0
Yes
48 20
48 21
47 20
47 21
49 20
49 21
48 19
48 22
47 19
47 22
49 19
49 22
46 20
46 21
46 19
46 22
48 18
47 18
49 18
46 18
0
Yes
23 8
23 9
22 8
22 9
24 8
23 7
22 7
24 7
21 8
21 9
21 7
0
Yes
35 33
35 34
34 33
34 34
36 33
36 34
35 32
35 35
34 32
34 35
36 32
36 35
33 33
33 34
33 32
33 35
35 31
36 31
33 31
0
Yes
42 2
41 2
41 1
42 1
41 0
42 0
43 0
43 1
43 2
40 0
40 1
40 2
43 3
42 3
41 3
40 3
44 2
44 1
44 3
44 0
39 2
39 1
39 3
39 0
42 4
41 4
43 4
40 4
39 4
38 1
38 2
38 3
38 4
38 0
41 5
40 5
42 5
39 5
43 5
38 5
42 6
41 6
40 6
39 6
43 6
38 6
41 7
40 7
42 7
39 7
38 7
43 7
0
Yes
18 22
17 22
17 21
18 21
17 20
18 20
19 20
19 21
19 22
16 20
16 21
16 22
19 23
18 23
17 23
16 23
20 22
20 21
20 23
20 20
19 19
18 19
17 19
16 19
20 19
15 22
15 21
15 20
15 19
18 24
17 24
19 24
20 24
21 21
21 22
21 20
21 19
18 18
17 18
19 18
16 18
20 18
15 18
21 18
14 21
14 20
14 19
14 18
14 22
22 20
22 21
22 19
22 22
22 18
17 17
18 17
19 17
16 17
20 17
15 17
0
Yes
42 46
43 46
43 47
44 47
44 46
44 45
44 48
45 45
45 44
44 44
43 44
43 43
44 43
42 43
45 48
45 47
42 42
43 42
44 42
41 42
45 49
44 49
41 41
42 41
43 41
44 41
40 41
40 42
40 43
39 42
39 41
42 40
41 40
43 40
40 40
44 40
39 40
38 41
45 40
41 39
42 39
43 39
40 39
44 39
39 39
45 39
42 38
41 38
40 38
38 39
44 38
45 38
38 38
41 37
45 37
46 45
46 48
37 41
46 40
41 36
42 36
40 36
42 35
41 35
40 35
39 35
39 36
41 34
40 34
42 34
42 33
41 33
40 33
43 33
39 33
41 32
42 32
40 32
39 32
38 32
42 31
41 31
39 31
45 36
44 36
46 36
46 35
45 35
47 35
47 36
48 36
48 35
48 37
49 37
49 36
49 35
0
Yes
26 2
27 2
26 1
26 3
27 1
27 3
25 2
28 2
25 1
25 3
28 1
28 3
26 0
27 0
24 2
25 0
28 0
24 1
24 3
24 0
0
Yes
10 29
9 29
9 28
9 30
10 30
8 30
8 29
8 28
8 31
9 31
10 31
7 29
7 30
7 28
7 31
6 28
6 29
6 30
6 31
7 32
8 32
9 32
6 32
5 29
5 30
5 31
5 32
9 33
8 33
7 33
6 33
0
No
0
Yes
26 17
25 17
25 16
26 16
25 15
26 15
24 15
24 16
24 17
23 17
23 16
23 15
24 14
25 14
26 14
23 14
22 16
22 15
22 17
22 14
26 13
25 13
24 13
23 13
22 13
21 17
21 16
21 15
21 14
21 13
25 12
24 12
23 12
22 12
26 12
21 12
20 16
20 15
20 14
20 13
24 11
23 11
22 11
0
No
0
No
0
No
0
Yes
2 13
1 13
1 12
2 12
1 11
2 11
3 11
3 12
3 13
0 11
0 12
0 13
3 14
2 14
1 14
0 14
4 13
4 12
4 14
4 11
2 15
1 15
3 15
0 15
4 15
5 12
5 13
5 14
5 11
5 15
1 16
2 16
3 16
4 16
0 16
5 16
6 13
6 14
6 12
6 15
6 11
6 16
2 17
3 17
4 17
5 17
6 17
1 17
0 17
7 12
7 13
7 14
7 15
7 16
7 11
7 17
3 18
4 18
5 18
6 18
7 18
2 18
8 13
8 14
8 15
8 16
8 12
8 17
8 11
8 18
4 19
5 19
6 19
7 19
8 19
3 19
9 12
9 13
9 14
9 15
9 16
9 17
9 18
9 11
0
No
0
Yes
29 17
30 17
29 16
29 18
30 16
30 18
28 17
28 16
29 15
30 15
28 15
0
Yes
13 34
12 34
12 35
13 35
12 36
13 36
14 36
14 35
14 34
15 34
15 35
15 36
14 37
13 37
12 37
15 37
16 35
16 36
16 37
16 34
13 38
14 38
15 38
12 38
16 38
17 36
17 35
17 37
17 38
11 38
11 37
11 36
15 39
16 39
17 39
18 37
18 36
18 38
18 35
10 36
10 37
10 38
11 39
12 39
13 39
10 39
16 40
17 40
19 35
19 36
19 37
19 38
13 40
12 40
11 40
10 40
11 41
10 41
9 41
9 40
9 39
9 38
9 37
9 36
9 42
10 42
11 42
11 43
10 43
9 43
10 44
11 44
9 44
9 45
10 45
11 45
12 45
12 44
12 43
13 45
13 44
14 45
14 44
0
Yes
10 12
10 11
11 11
11 12
11 10
10 13
10 14
11 14
11 15
10 15
12 15
10 16
11 16
12 16
13 16
11 17
12 17
10 17
13 17
10 18
11 18
12 18
13 18
14 17
14 16
14 15
15 15
15 16
15 14
14 14
14 13
15 13
16 13
16 14
16 15
16 16
11 19
12 19
10 19
13 19
9 19
17 14
17 13
17 12
10 20
11 20
9 20
18 12
18 13
18 14
8 20
18 15
9 21
10 21
8 21
19 13
19 14
19 12
19 15
7 21
7 20
6 20
6 21
19 16
18 16
10 22
9 22
8 22
20 14
20 13
20 15
20 16
6 22
9 23
8 23
21 13
21 14
21 15
21 16
21 12
22 12
22 13
22 14
22 15
22 16
22 11
21 17
22 17
23 11
23 12
23 13
23 14
23 15
23 16
23 17
23 10
22 10
24 12
24 11
24 13
24 14
24 15
24 16
24 10
24 17
25 13
25 12
25 14
25 15
25 16
25 17
26 12
26 13
26 14
26 15
26 16
26 17
27 13
27 12
28 12
28 11
5 20
4 20
6 23
0
No
0
Yes
45 0
45 1
45 2
45 3
45 4
46 0
46 1
46 2
46 3
46 4
47 0
47 1
47 2
47 3
47 4
0
Yes
22 23
22 24
23 24
23 23
24 24
24 23
24 25
23 25
22 25
22 26
23 26
24 26
25 25
25 24
25 23
25 26
23 27
24 27
25 27
25 22
24 22
23 22
26 23
26 24
26 25
26 26
26 22
26 27
23 21
24 21
25 21
26 21
27 22
27 23
27 24
27 25
27 26
27 21
27 27
28 23
28 24
28 25
28 22
28 21
28 26
28 27
0
Yes
2 25
1 25
1 24
2 24
1 26
3 24
2 23
1 23
3 23
0 24
0 25
0 26
0 23
0 27
1 27
4 23
4 24
1 28
0 28
2 28
3 22
2 22
0 22
2 29
1 29
0 29
0 30
5 23
0 21
2 30
3 30
3 31
4 31
4 30
4 32
4 33
3 33
5 33
3 34
4 34
5 34
2 34
6 34
2 35
3 35
4 35
5 35
6 35
1 35
1 34
0 34
0 35
0 33
7 35
7 34
0
No
0
Yes
27 20
28 20
28 19
29 19
29 20
30 19
30 20
29 21
30 21
29 22
30 22
29 23
30 23
29 18
30 18
29 17
30 17
31 21
31 22
28 17
28 16
29 16
30 16
31 16
32 16
32 15
31 15
30 15
29 15
28 15
32 17
29 24
32 18
0
No
0
No
0
No
0
No
0
No
0
Yes
3 0
2 0
2 1
3 1
2 2
3 2
4 2
4 1
4 0
1 2
1 1
1 0
5 0
5 1
5 2
4 3
5 3
3 3
2 3
0 0
0 1
0
No
0
Yes
17 1
16 1
16 0
17 0
16 2
17 2
18 0
18 1
18 2
15 0
15 1
15 2
18 3
19 2
19 3
15 3
16 3
14 1
14 2
14 0
14 3
19 4
18 4
13 0
13 1
13 2
13 3
14 4
15 4
13 4
20 4
15 5
12 1
12 2
12 3
12 0
12 4
20 5
19 5
13 5
12 5
11 3
11 4
11 5
12 6
11 6
10 4
10 5
10 3
9 3
9 4
9 5
11 7
12 7
13 7
13 8
14 8
14 7
15 7
15 8
16 8
15 9
14 9
13 9
8 4
8 3
8 5
7 3
7 4
7 5
7 2
8 6
7 6
6 2
6 3
6 4
6 5
6 6
5 4
5 5
5 6
6 7
5 7
4 5
4 6
4 4
4 7
5 8
6 8
4 8
6 9
5 9
7 9
7 10
6 10
5 10
8 10
8 9
8 8
9 8
19 0
20 0
20 2
20 6
17 8
11 8
15 10
15 11
14 11
14 12
15 12
0
No
0
No
0
Yes
24 4
23 4
23 3
24 3
23 2
24 2
25 3
25 2
26 3
26 2
26 1
25 1
24 1
24 0
25 0
26 0
27 1
27 2
27 3
27 0
28 3
28 2
28 1
28 0
0
No
0
No
0
Yes
48 0
48 1
48 2
48 3
48 4
49 0
49 1
49 2
49 3
49 4
0
No
0
No
0
No
0
Yes
38 11
37 11
38 10
38 12
39 11
37 10
37 12
39 10
39 12
36 11
38 9
38 13
40 11
36 10
36 12
37 9
37 13
39 9
39 13
40 10
40 12
36 9
36 13
40 9
40 13
35 11
38 8
41 11
35 10
35 12
37 8
39 8
41 10
41 12
35 9
35 13
36 8
40 8
41 9
41 13
34 11
34 10
34 12
35 8
41 8
34 9
34 8
0
Yes
12 25
13 25
12 24
12 26
13 24
13 26
11 25
11 24
11 26
0
Yes
39 16
38 16
38 15
39 15
38 17
39 17
40 15
40 16
40 17
39 14
38 14
40 14
39 18
38 18
40 18
41 16
41 15
41 17
41 14
41 18
37 15
37 16
37 17
37 14
37 18
36 16
36 15
36 17
36 14
36 18
38 19
39 19
40 19
37 19
41 19
42 15
42 16
42 17
42 18
42 14
42 19
39 20
40 20
43 16
43 15
43 17
43 18
43 14
43 19
35 15
35 16
35 17
35 14
35 18
42 13
43 13
34 16
34 15
34 17
34 14
34 18
35 19
34 19
44 15
44 16
44 17
44 14
44 18
44 13
44 19
43 12
42 12
44 12
43 20
44 20
42 11
43 11
44 11
33 17
33 16
33 18
33 19
45 17
45 18
45 19
45 20
45 14
45 15
34 20
35 20
33 20
35 21
34 21
33 21
36 21
36 22
35 22
34 22
37 22
44 21
43 21
45 21
43 10
42 10
44 10
45 12
45 11
32 19
42 9
43 9
44 9
35 23
36 23
34 23
45 22
44 22
43 8
42 8
44 8
33 23
0
No
0
No
0
No
0
No
0
Yes
24 0
24 1
24 2
24 3
25 0
25 1
25 2
25 3
26 0
26 1
26 2
26 3
0
No
0
Yes
37 7
37 6
36 6
38 6
38 7
39 7
39 6
36 5
37 5
38 5
39 5
35 5
37 4
36 4
38 4
39 4
40 6
40 5
40 7
40 4
41 7
41 6
41 5
41 4
38 3
39 3
40 3
41 3
42 6
42 5
42 4
42 7
42 3
39 2
40 2
41 2
38 2
42 2
43 7
43 6
43 5
43 4
43 3
43 2
38 1
39 1
40 1
41 1
42 1
43 1
39 0
40 0
41 0
42 0
38 0
43 0
44 3
44 2
44 1
44 0
45 2
45 1
45 3
45 0
45 4
46 4
46 3
46 2
46 1
46 0
47 3
47 2
47 1
47 4
47 0
48 4
48 3
48 2
48 1
48 0
0
No
0
No
0
Yes
34 34
34 35
35 34
35 35
33 34
33 35
34 33
35 33
36 34
36 35
33 33
36 33
32 35
0
No
0
Yes
25 1
25 2
26 1
26 2
24 1
24 2
25 0
26 0
24 0
0
No
0
No
0
No
0
Yes
11 26
11 25
10 25
12 25
12 26
12 24
11 24
10 24
13 24
13 25
13 26
9 25
9 24
14 25
0
No
0
No
0
No
0
No
0
No
0
No
0
Yes
28 3
27 3
27 2
28 2
27 1
28 1
27 0
28 0
27 4
28 4
29 2
29 1
30 2
30 1
26 4
26 3
26 5
27 5
28 5
27 6
28 6
0
No
0
No
0
Yes
48 2
49 2
48 1
48 3
49 1
49 3
47 2
47 1
47 3
48 0
49 0
47 0
0
No
0
No
0
No
0
Yes
38 0
38 1
39 1
39 0
40 1
40 0
40 2
39 2
38 2
38 3
39 3
40 3
41 2
41 1
41 0
41 3
39 4
40 4
38 4
41 4
42 0
42 1
42 2
42 3
42 4
38 5
39 5
40 5
41 5
0
Yes
24 44
24 45
25 45
25 46
24 46
25 47
24 47
26 47
26 46
26 45
26 48
25 48
24 48
27 45
27 46
27 47
27 48
24 49
25 49
26 49
27 49
28 46
28 47
28 48
28 45
28 49
28 44
27 44
26 44
26 43
27 43
28 43
29 44
29 45
29 46
29 47
29 48
29 43
29 49
27 42
28 42
29 42
26 42
30 43
30 44
30 45
30 46
30 47
30 48
30 42
30 49
28 41
27 41
29 41
30 41
0
No
0
Yes
23 35
23 34
22 34
24 34
24 35
24 33
23 33
22 33
25 33
25 34
25 35
26 35
26 34
26 33
25 32
24 32
23 32
26 32
27 34
27 33
27 35
24 31
0
No
0
No
0
No
0
Yes
32 46
31 46
31 47
32 47
31 48
32 48
31 49
32 49
33 49
33 48
33 47
34 47
34 48
34 49
0
No
0
No
0
No
0
No
0
Yes
22 33
22 34
23 34
23 33
24 34
24 33
25 34
25 33
25 32
24 32
23 32
25 35
24 35
23 35
26 32
26 33
26 34
26 35
24 31
23 31
27 33
27 34
27 35
25 36
26 36
22 31
22 30
21 31
21 30
26 37
0
No
0
No
0
No
0
No
0
Yes
36 16
36 17
37 16
37 17
35 16
35 17
36 15
36 18
37 15
37 18
38 16
38 17
35 15
35 18
38 15
38 18
34 16
34 17
36 14
37 14
39 16
39 17
34 15
34 18
35 14
38 14
39 15
39 18
33 16
33 17
34 14
39 14
33 18
0
No
0
No
0
No
0
No
0
No
0
No
0
No
0
Yes
17 19
18 19
17 18
17 20
18 18
18 20
16 19
19 19
16 18
16 20
19 18
19 20
17 17
18 17
15 19
16 17
19 17
20 19
15 18
15 20
20 18
20 20
15 17
20 17
14 19
14 18
14 20
0
No
0
Yes
49 26
48 26
48 25
49 25
48 27
49 27
49 24
48 24
49 28
48 28
47 25
47 26
47 27
47 24
47 28
46 26
46 25
46 27
46 24
46 28
48 23
47 23
49 23
46 23
48 29
47 29
49 29
46 29
49 30
48 30
47 30
46 30
45 25
45 26
45 27
45 24
45 28
45 29
45 23
45 30
44 26
44 25
44 27
44 24
44 28
44 29
44 30
48 31
47 31
46 31
45 31
49 31
44 31
45 22
49 32
48 32
47 32
46 32
45 32
44 32
43 25
43 26
43 27
43 28
43 29
43 30
43 31
43 24
43 32
44 22
44 21
45 21
48 33
47 33
46 33
45 33
44 33
49 33
45 20
44 20
43 21
43 20
49 34
48 34
47 34
46 34
45 34
44 34
42 30
44 19
45 19
43 19
45 18
44 18
43 18
42 19
42 18
44 17
43 17
45 17
42 17
41 18
41 19
41 17
40 19
40 18
40 17
40 20
39 20
39 19
43 16
44 16
42 16
41 16
40 16
44 15
43 15
42 15
41 15
40 15
0
No
0
No
0
No
0
Yes
22 34
22 33
23 33
23 34
23 35
24 34
24 33
24 35
23 32
24 32
25 33
25 34
25 35
25 32
24 31
23 31
22 31
25 36
22 30
26 34
26 33
26 35
26 32
26 36
21 30
21 31
26 37
21 29
27 33
27 34
27 35
20 29
20 30
19 30
19 29
27 37
20 28
21 28
19 28
27 38
21 27
20 27
19 27
22 27
28 38
28 37
28 39
27 39
26 39
26 40
27 40
28 40
18 30
18 31
25 39
17 30
17 29
16 29
21 26
29 38
15 29
0
No
0
Yes
0 3
0 2
1 2
1 1
0 1
1 0
0 0
2 0
2 1
2 2
3 2
3 1
3 0
0
No
0
No
0
Yes
48 2
48 3
47 2
47 3
49 2
49 3
48 1
48 4
47 1
47 4
49 1
49 4
46 2
46 3
46 1
46 4
48 0
47 0
49 0
46 0
0
No
0
Yes
45 4
45 3
44 3
44 2
45 2
44 1
45 1
43 1
43 2
43 3
43 0
44 0
45 0
42 3
42 2
42 1
42 0
41 2
41 1
41 3
41 0
41 4
42 4
43 4
43 5
42 5
41 5
40 4
40 3
40 2
40 1
40 5
40 0
42 6
41 6
43 6
40 6
39 3
39 4
39 2
39 5
39 1
39 6
39 0
43 7
42 7
41 7
40 7
39 7
38 4
38 3
38 5
38 2
38 6
38 7
38 1
38 0
37 5
37 4
37 6
37 7
36 6
36 5
36 4
43 8
42 8
43 9
42 9
44 9
44 8
44 7
45 8
45 7
44 10
43 10
42 10
0
No
0
No
0
Yes
7 15
7 16
6 15
6 16
8 15
8 16
7 14
7 17
6 14
6 17
8 14
8 17
5 15
5 16
9 15
9 16
5 14
5 17
7 13
7 18
9 14
9 17
6 13
6 18
8 13
8 18
4 15
4 16
5 13
5 18
9 13
9 18
4 14
4 17
7 12
7 19
6 12
6 19
8 12
8 19
4 13
4 18
5 12
5 19
9 12
7 11
4 12
4 19
6 11
8 11
5 11
0
Yes
34 20
34 21
35 20
35 21
33 20
33 21
34 19
35 19
33 19
0
No
0
No
0
No
0
Yes
8 45
7 45
7 44
8 44
7 43
8 43
6 43
6 44
6 45
5 45
5 44
5 43
6 42
7 42
8 42
5 42
4 44
4 43
4 45
4 42
8 41
7 41
6 41
5 41
4 41
3 45
3 44
3 43
3 42
3 41
7 40
6 40
5 40
4 40
8 40
3 40
2 44
2 43
2 42
2 41
2 45
2 40
3 46
4 46
5 46
2 46
0
No
0
No
0
No
0
Yes
35 33
35 34
36 33
36 34
34 33
34 34
35 32
35 35
36 32
36 35
34 32
34 35
35 31
36 31
0
No
0
Yes
22 8
22 9
23 8
23 9
21 8
21 9
22 7
23 7
21 7
0
No
0
No
0
No
0
No
0
Yes
5 42
5 43
4 42
4 43
6 42
6 43
5 41
5 44
4 41
4 44
6 41
6 44
3 42
3 43
7 42
7 43
3 41
3 44
5 40
5 45
7 41
7 44
4 40
4 45
6 40
6 45
2 42
2 43
8 42
8 43
3 40
3 45
7 40
7 45
2 41
2 44
8 41
8 44
5 39
4 39
6 39
2 40
2 45
8 40
8 45
1 42
1 43
3 39
7 39
1 41
1 44
2 39
8 39
1 40
1 45
0
No
0
Yes
8 45
7 45
7 44
8 44
7 43
8 43
6 43
6 44
6 45
5 45
5 44
5 43
6 42
7 42
8 42
5 42
4 44
4 43
4 45
4 42
8 41
7 41
6 41
5 41
4 41
3 45
3 44
3 43
3 42
3 41
7 40
6 40
5 40
4 40
8 40
3 40
2 44
2 43
2 42
2 41
2 45
2 40
3 46
4 46
5 46
2 46
0
Yes
0 45
0 44
1 44
1 45
1 43
0 43
0 42
1 42
1 41
0 41
0 40
1 40
1 39
0 39
2 39
0 38
1 38
2 38
3 38
3 39
4 39
4 38
1 37
2 37
3 37
0 37
4 37
5 38
5 39
5 37
6 39
6 38
6 37
0 36
1 36
2 36
3 36
4 36
5 36
6 36
7 38
7 37
7 39
7 36
8 39
8 38
8 37
8 36
1 35
2 35
3 35
4 35
5 35
6 35
7 35
0 35
8 35
0 34
1 34
2 34
3 34
4 34
5 34
6 34
7 34
8 34
3 33
4 33
5 33
0
No
0
No
0
No
0
No
0
Yes
17 21
17 22
17 23
17 24
18 21
18 22
18 23
18 24
19 21
19 22
19 23
19 24
20 21
20 22
20 23
20 24
0
No
0
No
0
Yes
5 42
5 43
6 42
6 43
4 42
4 43
5 41
5 44
6 41
6 44
7 42
7 43
4 41
4 44
7 41
7 44
3 42
3 43
5 40
6 40
8 42
8 43
3 41
3 44
4 40
7 40
8 41
8 44
2 42
2 43
3 40
8 40
2 41
0
No
0
Yes
22 20
22 21
21 20
21 21
22 19
22 22
21 19
21 22
22 18
21 18
0
No
0
No
0
No
0
No
0
No
0
No
0
No
0
Yes
16 41
16 40
17 40
17 39
16 39
17 38
16 38
17 37
16 37
15 37
15 38
15 39
15 36
16 36
17 36
14 36
14 37
14 38
18 36
18 37
18 38
14 35
15 35
16 35
17 35
18 35
13 38
13 37
13 36
13 35
19 38
19 37
19 36
19 35
16 34
15 34
14 34
13 34
12 37
12 36
12 38
12 35
12 34
20 36
20 35
11 38
11 37
11 36
11 39
12 39
13 39
13 40
12 40
11 40
10 40
10 39
10 38
10 37
10 36
11 41
10 41
11 42
10 42
9 42
9 41
9 40
9 39
9 38
9 37
9 36
9 43
10 43
11 43
10 35
9 35
0
No
0
Yes
22 20
22 21
21 20
21 21
22 19
22 22
21 19
21 22
22 18
21 18
0
Yes
4 19
3 19
3 18
4 18
3 17
4 17
5 17
5 18
5 19
6 19
6 18
6 17
5 16
4 16
3 16
6 16
7 18
7 17
7 19
7 16
2 16
2 17
2 18
4 15
5 15
3 15
6 15
2 15
7 15
8 19
8 18
8 17
8 16
8 15
1 15
1 16
1 17
3 14
4 14
5 14
6 14
2 14
7 14
1 14
8 14
9 18
9 17
9 16
9 15
9 14
0 17
0 16
0 15
0 14
4 13
3 13
5 13
2 13
6 13
7 13
1 13
8 13
0 13
9 13
3 12
4 12
5 12
2 12
6 12
7 12
1 12
8 12
0 12
9 12
4 11
3 11
5 11
2 11
6 11
7 11
8 11
1 11
0 11
9 11
5 10
6 10
7 10
8 10
6 9
7 9
0
No
0
Yes
4 43
4 44
5 43
5 44
3 43
3 44
4 42
4 45
5 42
5 45
6 43
6 44
3 42
3 45
6 42
6 45
2 43
2 44
4 41
4 46
5 41
5 46
2 42
2 45
3 41
3 46
6 41
2 41
2 46
4 40
5 40
3 40
6 40
2 40
0
No
0
No
0
No
0
No
0
Yes
15 5
15 4
14 4
14 3
15 3
14 2
15 2
13 2
13 3
13 4
13 1
14 1
15 1
12 4
12 3
12 2
12 1
15 0
14 0
13 0
12 0
16 1
16 2
16 0
16 3
17 0
17 1
17 2
18 2
18 1
18 0
0
No
0
Yes
26 5
26 4
27 4
27 5
28 4
28 5
28 3
27 3
26 3
26 2
27 2
28 2
27 1
26 1
28 1
28 0
27 0
26 0
25 1
25 2
25 3
25 0
24 3
24 2
24 1
24 0
0
Yes
44 13
43 13
43 12
44 12
43 11
44 11
42 11
42 12
42 13
42 14
43 14
44 14
41 13
41 12
41 14
41 11
40 12
40 13
40 14
40 11
39 13
39 12
39 14
39 11
38 12
38 13
38 14
38 11
39 10
40 10
41 10
38 10
37 13
37 12
37 11
37 14
37 10
41 9
40 9
39 9
38 9
37 9
36 12
36 11
36 13
36 10
36 14
36 9
37 15
38 15
39 15
36 15
40 8
39 8
38 8
37 8
36 8
41 8
35 13
35 12
35 11
35 10
35 14
35 9
35 15
35 8
39 16
38 16
37 16
36 16
35 16
34 12
34 11
34 10
34 9
34 8
34 14
34 15
34 16
38 17
37 17
36 17
35 17
39 17
34 17
33 11
33 10
33 9
33 12
39 18
38 18
37 18
36 18
35 18
34 18
0
No
0
No
0
Yes
11 3
10 3
10 4
11 4
11 5
10 5
9 4
9 3
9 5
12 5
8 3
8 4
8 5
12 6
11 6
11 7
12 7
7 4
7 3
7 5
7 2
8 6
7 6
13 7
6 3
6 4
6 5
6 2
6 6
13 8
14 8
14 7
15 7
15 8
5 2
5 3
5 4
5 5
5 6
5 1
6 7
5 7
14 9
13 9
15 9
4 3
4 2
4 4
4 5
4 6
4 1
4 7
16 8
4 0
5 0
6 0
5 8
6 8
4 8
15 10
13 5
11 8
0
No
0
No
0
No
0
No
0
No
0
No
0
No
0
Yes
45 4
45 3
44 3
44 2
45 2
44 1
45 1
43 1
43 2
43 3
43 0
44 0
45 0
42 3
42 2
42 1
42 0
41 2
41 1
41 3
41 0
41 4
42 4
43 4
43 5
42 5
41 5
40 4
40 3
40 2
40 1
40 5
40 0
42 6
41 6
43 6
40 6
39 3
39 4
39 2
39 5
39 1
39 6
39 0
43 7
42 7
41 7
40 7
39 7
38 4
38 3
38 5
38 2
38 6
38 7
38 1
38 0
37 5
37 4
37 6
37 7
36 6
36 5
36 4
43 8
42 8
43 9
42 9
0
Yes
17 37
16 37
16 36
17 36
16 35
17 35
18 35
18 36
18 37
15 35
15 36
15 37
18 38
17 38
16 38
15 38
19 37
19 36
19 35
19 38
14 37
14 36
14 38
14 35
17 39
16 39
15 39
0
No
0
No
0
No
0
No
0
No
0
Yes
27 47
27 48
28 47
28 48
26 47
26 48
27 46
27 49
28 46
28 49
29 47
29 48
26 46
26 49
29 46
29 49
25 47
25 48
27 45
28 45
30 47
30 48
25 46
25 49
26 45
29 45
30 46
30 49
24 47
24 48
25 45
30 45
24 46
24 49
24 45
0
Yes
39 30
38 30
39 29
38 29
0
Yes
15 43
15 44
14 44
16 44
14 45
15 45
16 45
13 45
13 44
17 45
17 44
15 46
14 46
16 46
13 46
12 44
12 45
12 43
11 43
11 44
11 45
11 42
16 47
15 47
13 47
17 47
11 46
10 42
10 43
10 44
10 45
10 46
10 41
11 41
11 40
10 40
12 40
12 39
11 39
10 39
13 39
13 40
13 38
12 38
11 38
10 38
9 43
9 42
9 44
9 41
9 45
9 40
9 39
9 46
9 38
10 47
12 37
11 37
10 37
13 37
9 37
8 42
8 43
8 44
8 41
8 45
8 40
13 36
12 36
11 36
10 36
9 36
7 43
7 42
7 44
7 41
7 45
7 40
12 35
13 35
13 34
12 34
14 34
10 35
9 35
9 34
15 34
15 33
16 34
0
No
0
No
0
No
0
No
0
No
0
No
0
Yes
26 47
25 47
25 46
26 46
25 45
26 45
27 45
27 46
27 47
24 45
24 46
24 47
27 48
26 48
25 48
24 48
28 47
28 46
28 48
28 45
26 49
27 49
28 49
25 49
24 49
29 46
29 47
29 48
29 45
29 49
28 44
27 44
26 44
29 44
30 47
30 46
30 45
30 44
30 48
30 49
26 43
27 43
28 43
29 43
30 43
0
No
0
Yes
15 43
15 44
14 44
16 44
14 45
15 45
16 45
13 45
13 44
17 45
17 44
15 46
14 46
16 46
13 46
12 44
12 45
12 43
11 43
11 44
11 45
11 42
16 47
15 47
13 47
17 47
11 46
10 42
10 43
10 44
10 45
10 46
10 41
11 41
11 40
10 40
12 40
12 39
11 39
10 39
13 39
13 40
13 38
12 38
11 38
10 38
9 43
9 42
9 44
9 41
9 45
9 40
9 39
9 46
9 38
10 47
12 37
11 37
10 37
13 37
9 37
8 42
8 43
8 44
8 41
8 45
8 40
13 36
12 36
11 36
10 36
9 36
7 43
7 42
7 44
7 41
7 45
7 40
12 35
13 35
13 34
12 34
14 34
10 35
9 35
9 34
15 34
15 33
16 34
0
No
0
No
0
No
0
No
0
No
0
No
0
Yes
30 33
30 32
29 32
31 32
31 31
30 31
29 31
30 30
29 30
31 30
31 29
30 29
29 29
32 30
32 31
32 32
32 29
28 29
28 30
28 31
33 31
33 32
33 33
34 33
34 32
0
Yes
28 19
28 20
29 20
29 19
30 20
30 19
29 18
30 18
29 17
30 17
29 16
30 16
29 15
30 15
28 15
28 16
28 17
29 21
30 21
31 16
31 15
32 16
32 15
31 21
31 22
30 22
29 22
32 17
33 17
33 16
33 18
32 18
33 19
32 19
34 19
34 20
33 20
34 21
33 21
35 21
35 20
35 19
35 22
34 22
0
No
0
No
0
No
0
No
0
No
0
No
0
No
0
No
0
No
0
No
0
No
0
No
0
No
0
Yes
2 10
1 10
1 9
2 9
1 8
2 8
0 8
0 9
0 10
0 7
1 7
2 7
2 6
1 6
0 6
3 7
3 8
3 9
0
Yes
49 44
49 45
48 44
48 45
49 43
48 43
0
No
0
No
0
Yes
46 9
46 8
45 8
47 8
45 7
47 7
44 7
44 8
44 9
48 7
48 8
48 9
49 9
49 8
49 7
49 6
44 10
43 10
43 11
44 11
45 11
45 12
44 12
43 12
46 12
42 11
42 10
42 12
44 13
43 13
42 13
41 10
41 11
41 12
41 13
41 9
43 14
42 14
44 14
41 14
45 14
40 9
40 10
40 11
40 12
40 13
40 14
40 8
41 8
45 15
39 8
39 9
39 10
39 11
39 12
39 13
39 14
38 9
38 10
38 11
38 12
38 13
38 8
38 14
37 8
37 9
37 10
37 11
37 12
37 13
37 14
39 15
38 15
37 15
36 9
36 10
36 11
36 12
36 13
36 14
36 8
36 15
38 16
37 16
39 16
36 16
39 17
38 17
37 17
36 17
35 8
35 9
35 10
35 11
35 12
35 13
35 14
35 15
35 16
35 17
34 9
34 10
34 11
34 12
34 8
38 18
37 18
36 18
39 18
35 18
34 14
34 15
34 16
34 17
34 18
33 10
33 9
33 11
33 12
37 19
38 19
48 10
47 6
46 14
49 5
47 14
47 15
0
Yes
5 37
6 37
5 36
5 38
6 36
6 38
4 37
7 37
4 36
4 38
7 36
7 38
5 35
5 39
6 35
6 39
3 37
4 35
4 39
7 35
7 39
8 37
3 36
3 38
8 36
8 38
5 34
6 34
3 35
3 39
8 35
8 39
4 34
7 34
2 37
2 36
2 38
3 34
8 34
2 35
2 39
0
No
0
No
0
No
0
No
0
Yes
1 44
0 44
1 43
1 45
0 43
0 45
1 42
0 42
0
No
0
No
0
Yes
33 26
33 27
32 26
32 27
33 25
32 25
0
No
0
Yes
0 0
0 1
1 1
1 0
2 1
2 0
2 2
1 2
0 2
3 2
3 1
3 0
2 3
3 3
0
No
0
No
0
No
0
Yes
15 22
16 22
15 21
16 21
14 22
14 21
0
No
0
No
0
No
0
Yes
12 0
12 1
12 2
12 3
12 4
13 0
13 1
13 2
13 3
13 4
14 0
14 1
14 2
14 3
14 4
0
Yes
36 6
36 5
37 5
37 6
38 5
38 6
38 4
37 4
36 4
39 4
39 5
39 6
40 6
40 5
40 4
39 7
40 7
38 7
37 7
41 5
41 6
41 7
41 4
40 3
39 3
38 3
41 3
42 6
42 5
42 4
42 7
42 3
38 2
39 2
40 2
41 2
42 2
43 5
43 4
43 6
43 3
43 7
43 2
39 1
40 1
41 1
42 1
38 1
43 1
44 3
44 2
44 1
38 0
39 0
40 0
41 0
42 0
43 0
44 0
45 2
45 1
45 3
45 0
42 8
43 8
42 9
43 9
35 5
45 4
34 5
34 6
0
No
0
No
0
No
0
Yes
6 17
5 17
6 16
6 18
7 17
5 16
5 18
7 16
7 18
4 17
6 15
6 19
8 17
4 16
4 18
5 15
5 19
7 15
7 19
8 16
8 18
4 15
4 19
8 15
8 19
3 17
6 14
9 17
3 16
3 18
5 14
7 14
9 16
9 18
3 15
3 19
4 14
8 14
9 15
2 17
2 16
2 18
3 14
9 14
2 15
2 14
0
Yes
49 39
48 39
49 40
48 40
49 38
0
No
0
Yes
39 30
38 30
39 29
38 29
0
No
0
No
0
Yes
21 41
21 42
21 43
22 41
22 42
0
No
0
Yes
48 20
48 21
49 20
49 21
47 20
47 21
48 19
48 22
49 19
49 22
47 19
47 22
48 18
49 18
47 18
0
No
0
No
0
Yes
9 18
8 18
8 17
9 17
8 16
9 16
7 16
7 17
7 18
6 18
6 17
6 16
7 15
8 15
9 15
6 15
5 17
5 16
5 18
5 15
6 19
5 19
7 19
8 19
9 14
8 14
7 14
6 14
5 14
4 18
4 17
4 16
4 15
4 19
4 14
8 13
7 13
6 13
5 13
9 13
4 13
3 17
3 16
3 15
3 18
3 14
3 13
3 19
9 12
8 12
7 12
6 12
5 12
4 12
3 12
2 18
2 17
2 16
2 15
2 14
2 13
2 12
8 11
7 11
6 11
5 11
4 11
3 11
2 11
9 11
1 17
1 16
1 15
1 14
1 13
0
No
0
No
0
No
0
Yes
2 10
1 10
1 9
2 9
1 8
2 8
0 8
0 9
0 10
0 7
1 7
2 7
2 6
1 6
0 6
3 7
3 8
3 9
3 6
1 11
0 11
0
Yes
13 25
13 26
12 25
12 26
14 25
13 24
12 24
11 25
11 26
11 24
0
Yes
6 15
5 15
6 14
6 16
7 15
5 14
5 16
7 14
7 16
4 15
6 13
6 17
8 15
4 14
4 16
5 13
5 17
7 13
7 17
8 14
8 16
4 13
4 17
8 13
8 17
3 15
6 12
6 18
9 15
3 14
3 16
5 12
5 18
7 12
7 18
9 14
9 16
3 13
3 17
4 12
4 18
8 12
8 18
9 13
9 17
2 15
6 11
2 14
2 16
5 11
7 11
3 12
3 18
9 12
9 18
2 13
2 17
4 11
8 11
2 12
2 18
3 11
9 11
2 11
2
232
38 0
38 1
38 2
38 3
38 4
38 5
38 6
39 0
39 1
39 2
39 3
39 4
39 5
39 6
40 0
40 1
40 2
40 3
40 4
40 5
40 6
41 0
41 1
41 2
41 3
41 4
41 5
41 6
42 0
42 1
42 2
42 3
42 4
42 5
42 6
43 0
43 1
43 2
43 3
43 4
43 5
237
22 7
22 8
22 9
23 7
23 8
23 9
24 7
24 8
Yes
0 34
0 35
0 36
0 37
0 38
0 39
0 40
0 41
0 42
0 43
0 44
0 45
1 34
1 35
1 36
1 37
1 38
1 39
1 40
1 41
1 42
1 43
1 44
1 45
2 34
2 35
2 36
2 37
2 38
2 39
2 40
2 41
2 42
2 43
2 44
2 45
3 34
3 35
3 36
3 37
3 38
3 39
3 40
3 41
3 42
3 43
3 44
3 45
4 34
4 35
4 36
4 37
4 38
4 39
4 40
4 41
4 42
4 43
4 44
4 45
5 34
5 35
5 36
5 37
5 38
5 39
5 40
5 41
5 42
5 43
5 44
5 45
6 34
6 35
6 36
6 37
6 38
6 39
6 40
6 41
6 42
6 43
6 44
6 45
7 34
7 35
7 36
0
No
0
No
0
Yes
6 0
5 0
5 1
4 1
4 0
4 2
5 2
6 2
6 3
5 3
4 3
7 3
7 2
5 4
6 4
7 4
4 4
8 4
8 3
9 3
9 4
6 5
5 5
7 5
8 5
4 5
9 5
10 4
10 3
10 5
11 3
11 4
11 5
5 6
6 6
7 6
8 6
4 6
6 7
5 7
4 7
11 6
12 5
12 6
5 8
6 8
4 8
6 9
5 9
7 9
12 7
11 7
11 8
13 7
5 10
6 10
7 10
8 10
8 9
8 8
9 8
13 8
14 8
14 7
15 7
15 8
14 9
13 9
15 9
16 8
15 10
13 5
17 8
15 11
14 11
14 12
0
No
0
Yes
25 15
26 15
25 14
25 16
26 14
26 16
24 15
24 14
24 16
25 13
25 17
26 13
26 17
24 13
24 17
25 12
26 12
24 12
0
Yes
22 19
21 19
21 18
22 18
21 17
22 17
20 17
20 18
20 19
20 20
21 20
22 20
19 19
19 18
19 20
19 17
20 16
21 16
22 16
19 16
22 21
21 21
20 21
19 21
18 18
18 19
18 20
18 17
18 21
18 16
22 15
21 15
20 15
19 15
18 15
21 22
20 22
19 22
18 22
22 22
17 19
17 20
17 18
17 17
17 21
17 22
21 14
20 14
19 14
22 14
18 14
23 15
23 14
23 16
23 17
17 23
18 23
19 23
20 23
16 18
16 19
16 20
16 17
0
Yes
28 15
28 16
29 16
29 15
30 16
30 15
30 17
29 17
28 17
31 16
31 15
30 18
29 18
0
Yes
14 20
14 19
13 19
15 19
15 20
13 18
14 18
15 18
12 18
12 19
14 17
13 17
15 17
12 17
11 19
11 18
11 17
11 20
10 20
10 19
10 18
10 17
10 21
13 16
14 16
12 16
11 16
15 16
10 16
16 16
14 15
15 15
16 15
9 19
9 20
9 21
9 22
10 22
12 15
11 15
10 15
8 20
8 21
8 19
8 22
15 14
14 14
16 14
8 23
9 23
9 24
10 24
10 25
9 25
11 14
10 14
17 14
14 13
15 13
16 13
17 13
7 19
7 20
7 21
6 20
6 19
6 21
10 13
15 12
16 12
17 12
18 13
18 12
6 22
5 19
5 20
19 12
19 13
20 13
4 20
4 19
3 19
6 23
5 23
10 12
11 12
11 11
10 11
21 13
21 12
22 12
22 13
23 13
23 12
22 11
23 11
23 10
22 10
24 11
24 10
22 9
23 9
21 9
21 8
22 8
23 8
22 7
21 7
23 7
24 8
24 7
23 6
4 23
4 24
3 24
3 23
3 22
2 22
2 23
2 24
2 25
1 23
1 24
1 25
1 26
0 24
0 25
0 23
0 26
0 22
0 27
1 27
1 28
0 28
2 28
2 29
1 29
0 29
0 30
0
No
0
Yes
38 35
39 35
39 36
40 36
40 35
40 34
41 35
41 34
41 36
41 33
40 33
39 33
39 32
40 32
41 32
38 32
41 37
42 34
42 35
42 36
42 33
42 32
41 31
42 31
43 33
39 31
41 38
40 38
40 39
41 39
39 39
42 38
42 39
39 40
40 40
41 40
42 40
40 41
41 41
39 41
42 41
38 41
43 39
43 40
43 41
39 42
40 42
41 42
42 42
43 42
44 40
44 41
44 39
44 42
44 38
45 38
45 39
45 40
45 37
40 43
42 43
43 43
44 43
0
No
0
No
0
No
0
No
0
No
0
No
0
No
0
Yes
16 3
15 3
15 2
16 2
15 1
16 1
14 1
14 2
14 3
13 3
13 2
13 1
14 0
15 0
16 0
13 0
12 2
12 3
12 1
12 0
13 4
14 4
15 4
12 4
17 0
17 1
17 2
0
Yes
19 38
18 38
18 37
19 37
18 36
19 36
17 36
17 37
17 38
16 38
16 37
16 36
17 35
18 35
19 35
16 35
15 37
15 36
15 38
15 35
14 38
14 37
14 36
14 35
15 39
0
Yes
17 40
16 40
16 41
17 39
16 39
0
No
0
No
0
No
0
Yes
41 2
41 3
42 2
42 3
40 2
40 3
41 1
41 4
42 1
42 4
43 2
43 3
40 1
40 4
43 1
43 4
39 2
39 3
41 0
42 0
44 2
44 3
39 1
39 4
40 0
43 0
44 1
38 2
38 3
39 0
44 0
38 1
38 4
38 0
0
Yes
48 26
47 26
48 25
48 27
49 26
47 25
47 27
49 25
49 27
46 26
48 24
48 28
46 25
46 27
47 24
47 28
49 24
49 28
46 24
46 28
48 23
47 23
49 23
46 23
0
No
0
Yes
47 32
46 32
47 31
47 33
48 32
46 31
46 33
48 31
48 33
45 32
47 30
47 34
49 32
45 31
45 33
46 30
46 34
48 30
48 34
49 31
49 33
45 30
45 34
49 30
49 34
44 32
47 29
44 31
44 33
46 29
48 29
44 30
44 34
45 29
49 29
0
Yes
42 19
41 19
41 18
42 18
41 17
42 17
43 17
43 18
43 19
40 17
40 18
40 19
44 19
44 18
44 17
43 16
42 16
41 16
40 16
44 16
45 18
45 19
45 17
42 15
41 15
43 15
40 15
44 15
45 20
44 20
43 20
0
No
0
Yes
30 1
30 2
29 1
29 2
0
No
0
Yes
28 27
27 27
27 26
28 26
27 25
28 25
26 25
26 26
26 27
25 27
25 26
25 25
26 24
27 24
28 24
25 24
24 26
24 25
24 27
24 24
28 23
27 23
26 23
25 23
24 23
23 27
23 26
23 25
23 24
23 23
27 22
26 22
25 22
24 22
28 22
23 22
22 26
22 25
22 24
22 23
0
No
0
No
0
No
0
No
0
Yes
7 15
7 16
6 15
6 16
8 15
8 16
7 14
7 17
6 14
6 17
8 14
8 17
5 15
5 16
9 15
9 16
5 14
5 17
7 13
7 18
9 14
9 17
6 13
6 18
8 13
8 18
4 15
4 16
10 15
10 16
5 13
5 18
9 13
9 18
4 14
4 17
10 14
10 17
7 12
7 19
6 12
6 19
8 12
8 19
4 13
4 18
10 13
10 18
3 15
3 16
5 12
5 19
9 12
9 19
3 14
3 17
7 11
4 12
4 19
6 11
8 11
10 12
10 19
3 13
3 18
5 11
9 11
3 12
3 19
4 11
10 11
3 11
0
No
0
Yes
45 48
45 49
46 48
44 48
44 49
45 47
44 47
0
Yes
46 21
45 21
45 20
46 20
45 19
46 19
44 19
44 20
44 21
44 22
45 22
46 22
43 21
43 20
43 19
44 18
45 18
43 18
46 18
43 17
44 17
45 17
42 17
42 18
42 19
42 16
43 16
44 16
41 19
41 18
41 17
41 16
44 15
43 15
42 15
41 15
40 18
40 17
40 19
40 16
0
No
0
Yes
17 14
16 14
16 13
17 13
16 15
18 13
17 12
16 12
18 12
15 13
15 14
15 15
15 12
15 16
16 16
19 12
19 13
14 14
14 13
14 15
14 16
20 13
14 17
15 17
13 16
13 17
15 18
14 18
13 18
12 17
12 16
12 18
12 15
14 19
13 19
15 19
12 19
11 15
11 16
11 17
11 18
11 19
11 14
15 20
14 20
14 21
15 21
16 21
16 22
15 22
14 22
11 20
10 20
10 21
9 21
9 20
8 20
8 21
9 22
10 22
8 22
7 21
7 20
6 20
6 21
8 23
9 23
9 24
10 24
10 25
9 25
6 22
21 13
21 12
22 12
22 13
22 11
23 13
23 12
23 11
23 10
22 10
22 9
23 9
21 9
21 8
22 8
23 8
24 11
24 10
22 7
21 7
23 7
24 8
24 7
23 6
20 9
16 23
5 20
6 23
5 23
4 20
4 23
4 24
3 24
3 23
3 22
2 22
2 23
2 24
1 23
1 24
2 25
1 25
0 24
0 23
0 25
0 22
1 26
0 26
0 27
1 27
1 28
0 28
2 28
2 29
1 29
0 29
0 30
0 21
2 30
3 30
3 31
4 31
4 30
4 32
0
No
0
No
0
No
0
No
0
No
0
No
0
No
0
No
0
No
0
No
0
No
0
No
0
No
0
No
0
No
0
No
0
No
0
Yes
0 9
0 8
1 8
1 9
2 8
2 9
2 10
1 10
0 10
2 7
1 7
0 7
0 11
1 11
2 11
0 6
1 6
2 6
3 7
3 8
3 6
3 9
1 12
0 12
2 12
4 6
4 7
4 8
5 8
5 7
5 6
6 7
6 8
6 6
6 5
5 5
4 5
4 4
5 4
6 4
5 3
4 3
6 3
7 4
7 5
7 6
7 3
7 2
6 2
5 2
4 2
8 6
8 5
8 3
8 4
5 9
0
No
0
No
0
Yes
33 26
33 27
32 26
32 27
33 25
32 25
0
No
0
No
0
No
0
Yes
11 8
11 7
12 7
12 6
11 6
12 5
11 5
12 4
11 4
10 5
10 4
10 3
11 3
12 3
9 3
9 4
9 5
13 3
13 4
13 5
14 3
14 4
14 2
13 2
12 2
12 1
13 1
14 1
15 2
15 3
15 1
15 4
13 0
14 0
15 0
12 0
16 1
16 2
16 0
16 3
17 0
17 1
17 2
18 2
18 1
18 0
18 3
19 3
19 2
18 4
19 4
19 5
20 4
20 5
15 5
13 7
13 8
14 8
14 7
15 8
15 7
15 9
14 9
13 9
19 0
20 6
20 2
16 8
17 8
20 0
1
298
45 0
45 1
45 2
45 3
45 4
46 0
46 1
46 2
46 3
46 4
47 0
47 1
47 2
47 3
47 4
48 0
48 1
48 2
48 3
48 4
49 0
49 1
49 2
49 3
Yes
43 24
43 25
43 26
43 27
43 28
44 24
44 25
44 26
44 27
44 28
45 24
45 25
45 26
45 27
45 28
46 24
46 25
46 26
46 27
46 28
47 24
47 25
47 26
47 27
47 28
48 24
48 25
48 26
48 27
48 28
0
No
0
No
0
No
0
Yes
14 35
14 36
14 37
14 38
15 35
15 36
15 37
15 38
16 35
16 36
16 37
16 38
17 35
17 36
17 37
17 38
0
No
0
Yes
30 16
30 17
29 16
29 17
31 16
30 15
29 15
31 15
28 16
28 17
28 15
0
Yes
47 31
47 32
48 31
48 32
46 31
46 32
47 30
47 33
48 30
48 33
49 31
49 32
46 30
46 33
49 30
49 33
45 31
45 32
47 29
48 29
45 30
45 33
46 29
49 29
45 29
0
No
0
No
0
Yes
48 37
48 36
47 36
49 36
49 37
49 35
48 35
47 35
48 34
47 34
49 34
46 34
46 35
46 36
0
Yes
45 38
44 38
44 39
45 39
44 40
45 40
43 39
43 40
42 39
42 40
42 41
43 41
44 41
44 42
43 42
42 42
41 41
41 40
41 39
41 42
43 43
44 43
42 43
40 39
40 40
40 41
40 42
40 38
41 38
42 38
39 40
39 39
39 41
39 42
0
No
0
No
0
No
0
Yes
39 31
39 30
38 30
39 29
38 29
39 32
40 32
40 33
39 33
41 33
41 32
42 33
42 32
42 34
41 34
40 34
40 35
41 35
42 35
41 36
40 36
42 36
43 33
43 32
43 31
42 31
41 31
44 31
44 32
44 33
44 30
43 30
42 30
44 29
43 29
39 35
39 36
38 32
44 34
0
No
0
No
0
No
0
No
0
No
0
No
0
No
0
Yes
25 16
25 17
26 16
26 17
24 16
24 17
25 15
26 15
24 15
0
Yes
26 13
26 14
25 13
25 14
27 13
26 12
25 12
27 12
24 13
24 14
24 12
0
Yes
2 15
2 16
3 15
3 16
1 15
1 16
2 14
2 17
3 14
3 17
4 15
4 16
1 14
1 17
4 14
4 17
0 15
0 16
2 13
3 13
0 14
0 17
1 13
4 13
0 13
0
Yes
5 11
5 12
5 13
5 14
5 15
5 16
5 17
5 18
5 19
6 11
6 12
6 13
6 14
6 15
6 16
6 17
6 18
6 19
7 11
7 12
7 13
7 14
7 15
7 16
7 17
7 18
7 19
8 11
8 12
8 13
8 14
8 15
8 16
8 17
8 18
8 19
9 11
9 12
9 13
9 14
9 15
9 16
9 17
9 18
9 19
10 11
10 12
10 13
10 14
10 15
10 16
10 17
10 18
10 19
11 11
11 12
0
Yes
39 48
38 48
39 47
39 49
38 47
38 49
39 46
38 46
0
No
0
No
0
No
0
Yes
9 41
10 41
9 40
9 42
10 40
10 42
8 41
11 41
8 40
8 42
11 40
11 42
9 39
9 43
10 39
10 43
7 41
8 39
8 43
11 39
11 43
7 40
7 42
9 38
9 44
10 38
10 44
7 39
7 43
8 38
8 44
11 38
11 44
7 38
7 44
9 37
9 45
10 37
10 45
8 37
8 45
11 37
11 45
7 37
7 45
9 36
10 36
8 36
11 36
0
No
0
No
0
Yes
2 11
1 11
1 10
2 10
1 12
2 12
3 12
3 11
2 9
1 9
4 11
4 12
0 10
0 11
0 12
0 9
3 9
1 8
2 8
3 8
0 8
4 8
2 7
1 7
3 7
0 7
4 7
5 7
5 8
5 9
5 10
6 10
6 9
6 8
6 7
1 6
2 6
3 6
4 6
5 6
0 6
6 6
7 9
7 10
8 10
8 9
4 5
5 5
6 5
8 8
7 6
7 5
5 4
6 4
4 4
7 4
9 8
4 3
5 3
6 3
7 3
8 5
8 4
8 6
8 3
5 2
6 2
7 2
4 2
9 4
9 5
9 3
0
No
0
Yes
41 6
41 7
40 6
40 7
42 6
42 7
41 5
40 5
42 5
39 6
39 7
43 6
43 7
39 5
43 5
38 6
38 7
38 5
0
No
0
No
0
No
0
Yes
13 5
12 5
12 4
13 4
12 3
13 3
11 3
11 4
11 5
10 5
10 4
10 3
12 2
13 2
14 2
14 3
14 4
0
No
0
No
0
No
0
Yes
15 39
15 38
14 38
16 38
16 39
16 37
15 37
14 37
17 37
17 38
17 39
15 36
16 36
14 36
17 36
13 36
13 37
13 38
14 35
15 35
16 35
13 35
17 35
18 36
18 37
18 38
18 35
12 38
12 37
12 36
12 35
15 34
14 34
16 34
13 34
12 34
19 38
19 37
19 36
19 35
0
No
0
Yes
39 31
39 30
38 30
39 29
38 29
39 32
40 32
40 33
39 33
41 33
41 32
42 33
42 32
42 34
41 34
40 34
40 35
41 35
42 35
41 36
40 36
42 36
43 33
43 32
43 31
42 31
41 31
44 31
44 32
44 33
44 30
43 30
42 30
44 29
43 29
39 35
39 36
38 32
44 34
45 34
0
No
0
No
0
Yes
32 46
31 46
31 47
32 47
31 48
32 48
31 49
32 49
33 49
33 48
33 47
34 47
34 48
34 49
0
No
0
No
0
Yes
49 40
48 40
49 39
48 39
0
No
0
No
0
No
0
Yes
48 8
48 9
49 8
49 9
47 8
48 7
49 7
47 7
0
Yes
44 13
43 13
43 12
44 12
43 11
44 11
42 11
42 12
42 13
42 14
43 14
44 14
41 13
41 12
41 14
41 11
42 10
43 10
44 10
41 10
40 12
40 13
40 11
40 14
40 10
44 9
43 9
42 9
41 9
40 9
39 13
39 12
39 11
39 10
39 14
39 9
43 8
42 8
41 8
40 8
39 8
44 8
38 12
38 11
38 10
38 13
38 9
38 14
38 8
38 15
39 15
40 15
37 13
37 12
37 11
37 10
37 14
37 9
37 15
37 8
37 16
38 16
39 16
36 12
36 13
36 14
36 11
36 10
36 15
36 9
36 16
36 8
39 17
38 17
37 17
36 17
35 13
35 12
35 14
35 11
35 15
35 10
35 16
35 9
35 17
35 8
38 18
37 18
36 18
39 18
35 18
34 12
34 11
34 10
34 9
34 8
34 14
34 15
34 16
34 17
0
No
0
No
0
No
0
No
0
No
0
No
0
No
0
No
0
No
0
No
0
No
0
No
0
Yes
36 21
35 21
35 20
35 22
36 22
34 22
34 21
34 20
34 23
35 23
36 23
33 21
33 20
0
Yes
39 40
39 39
40 39
40 40
41 39
41 40
41 41
40 41
39 41
39 42
40 42
41 42
42 41
42 40
42 39
42 42
42 38
41 38
40 38
43 40
43 39
0
No
0
No
0
Yes
18 4
18 3
19 3
19 4
19 5
20 4
20 5
19 2
18 2
18 1
17 2
17 1
16 2
16 1
16 0
17 0
18 0
15 0
15 1
15 2
14 0
14 1
13 0
13 1
12 0
12 1
16 3
15 3
20 2
20 6
19 0
0
No
0
No
0
Yes
33 48
33 49
32 48
32 49
34 48
34 49
33 47
32 47
34 47
31 48
31 49
31 47
0
Yes
3 43
4 43
3 42
3 44
4 42
4 44
2 43
5 43
2 42
2 44
5 42
5 44
3 41
3 45
4 41
4 45
1 43
2 41
2 45
5 41
5 45
6 43
1 42
1 44
6 42
6 44
3 40
4 40
1 41
1 45
6 41
6 45
2 40
5 40
0 43
0 42
0 44
1 40
6 40
0 41
0 45
0 40
0
Yes
0 33
0 34
1 34
1 35
0 35
1 36
0 36
2 36
2 35
2 34
2 37
1 37
0 37
3 34
3 35
3 36
3 37
0 38
1 38
2 38
3 38
4 35
4 36
4 37
4 34
4 38
1 39
2 39
3 39
4 39
0 39
5 34
5 35
5 36
5 37
5 38
5 39
5 33
4 33
3 33
6 35
6 36
6 37
6 34
6 38
6 39
7 34
7 35
7 36
8 34
8 35
0
No
0
No
0
Yes
26 13
26 14
25 13
25 14
27 13
26 12
25 12
27 12
24 13
24 14
24 12
0
No
0
No
0
Yes
15 43
15 44
14 44
16 44
16 45
15 45
14 45
15 46
14 46
16 46
13 46
13 45
13 44
0
Yes
24 28
23 28
23 27
24 27
23 26
24 26
23 25
24 25
25 25
25 26
25 27
25 24
24 24
23 24
26 27
26 26
26 25
26 24
24 23
25 23
23 23
26 23
22 24
22 25
22 26
22 23
27 26
27 25
27 24
27 27
27 23
23 22
24 22
25 22
26 22
27 22
28 27
28 26
28 25
28 24
28 23
28 22
24 21
25 21
26 21
27 21
23 21
28 21
29 24
29 23
29 22
29 21
27 20
28 20
29 20
2
297
7 37
7 38
7 39
7 40
7 41
7 42
7 43
8 37
8 38
8 39
8 40
8 41
8 42
8 43
9 37
9 38
9 39
9 40
9 41
9 42
9 43
10 37
10 38
10 39
10 40
10 41
10 42
10 43
11 37
11 38
11 39
11 40
11 41
11 42
377
39 40
39 41
39 42
40 40
40 41
40 42
41 40
41 41
41 42
42 40
42 41
42 42
43 40
43 41
43 42
44 40
44 41
44 42
Yes
38 0
38 1
38 2
38 3
38 4
38 5
38 6
38 7
39 0
39 1
39 2
39 3
39 4
39 5
39 6
39 7
40 0
40 1
40 2
40 3
40 4
40 5
40 6
40 7
41 0
41 1
41 2
41 3
41 4
41 5
41 6
41 7
42 0
42 1
42 2
42 3
42 4
42 5
42 6
42 7
43 0
43 1
43 2
43 3
43 4
43 5
43 6
43 7
44 0
44 1
0
Yes
11 45
11 46
10 45
10 46
12 45
11 44
10 44
12 44
9 45
9 46
9 44
0
No
0
Yes
36 31
35 31
35 32
36 32
35 33
36 33
35 34
36 34
35 35
36 35
34 34
34 35
0
No
0
No
0
No
0
No
0
No
0
No
0
No
0
No
0
Yes
25 39
26 39
26 40
27 40
27 39
27 38
27 41
28 39
28 40
28 38
28 41
28 37
27 37
26 37
26 36
25 36
25 35
26 35
24 35
29 38
28 42
27 42
26 42
27 35
29 41
29 42
24 34
25 34
26 34
27 34
23 34
23 35
30 42
30 41
25 33
24 33
26 33
23 33
27 33
31 41
31 42
22 33
22 34
24 32
25 32
26 32
23 32
31 43
32 42
32 43
23 31
24 31
22 31
22 30
21 30
21 31
21 29
20 29
20 30
19 30
19 29
20 28
21 28
19 28
21 27
20 27
19 27
22 27
25 42
18 30
18 31
0
No
0
Yes
0 45
0 44
1 44
1 45
2 44
2 45
2 43
1 43
0 43
0 42
1 42
2 42
3 43
3 44
3 45
3 42
1 41
2 41
0 41
3 41
4 45
4 44
4 43
4 42
4 41
0 40
1 40
2 40
3 40
4 40
4 46
3 46
2 46
5 44
5 43
5 42
5 45
5 41
5 40
5 46
6 45
6 44
6 43
0
No
0
No
0
No
0
Yes
21 41
21 42
21 43
22 41
22 42
0
No
0
Yes
13 9
13 8
14 8
14 9
15 9
15 8
14 7
13 7
15 7
12 7
15 10
12 6
16 8
11 6
11 7
11 8
15 11
14 11
14 12
15 12
16 12
15 13
14 13
16 13
14 14
15 14
16 14
17 13
17 12
17 14
18 12
18 13
15 15
16 15
14 15
14 16
15 16
16 16
13 16
19 13
19 12
13 17
14 17
15 17
12 17
12 16
12 15
11 15
11 16
11 17
11 14
12 18
13 18
14 18
11 18
15 18
13 19
12 19
14 19
11 19
15 19
14 20
15 20
0
No
0
Yes
48 2
48 3
49 2
49 3
47 2
47 3
48 1
48 4
49 1
49 4
47 1
47 4
48 0
49 0
47 0
0
No
0
No
0
No
0
No
0
No
0
No
0
No
0
Yes
23 45
24 45
24 46
25 46
25 45
26 46
26 45
26 47
25 47
24 47
27 47
27 46
27 45
24 48
25 48
26 48
27 48
28 45
28 46
28 47
28 48
25 49
26 49
27 49
28 49
24 49
29 46
29 47
29 48
29 45
29 49
0
Yes
15 22
16 22
16 23
14 22
15 21
16 21
14 21
0
Yes
28 27
27 27
27 26
28 26
27 25
28 25
26 25
26 26
26 27
25 27
25 26
25 25
26 24
27 24
28 24
25 24
24 26
24 25
24 27
24 24
28 23
27 23
26 23
25 23
24 23
23 27
23 26
23 25
23 24
23 23
27 22
26 22
25 22
24 22
28 22
23 22
22 26
22 25
22 24
22 23
29 22
29 23
29 24
28 21
27 21
26 21
25 21
24 21
29 21
23 21
0
No
0
Yes
34 8
34 9
33 9
35 9
35 8
35 10
34 10
33 10
36 10
36 9
36 8
34 11
35 11
33 11
36 11
37 8
37 9
37 10
37 11
33 12
34 12
35 12
36 12
37 12
38 9
38 10
38 11
38 8
38 12
35 13
36 13
37 13
38 13
39 8
39 9
39 10
39 11
39 12
39 13
36 14
37 14
38 14
35 14
39 14
40 9
40 10
40 11
40 12
40 13
40 8
40 14
35 15
36 15
37 15
38 15
39 15
40 15
41 8
41 9
41 10
41 11
41 12
41 13
41 14
36 16
37 16
38 16
39 16
35 16
42 9
42 10
42 11
42 12
42 13
42 8
42 14
34 16
34 15
34 14
35 17
36 17
37 17
38 17
34 17
39 17
43 8
43 9
43 10
43 11
43 12
43 13
43 14
34 18
35 18
36 18
37 18
38 18
39 18
44 9
44 10
44 11
44 12
44 13
44 8
44 14
0
No
0
No
0
No
0
No
0
No
0
No
0
No
0
Yes
49 44
49 45
48 44
48 45
49 43
48 43
0
Yes
2 2
1 2
1 1
2 1
1 0
2 0
3 0
3 1
3 2
0 0
0 1
0 2
4 2
4 1
4 0
5 1
5 2
5 0
4 3
5 3
3 3
2 3
4 4
5 4
6 4
6 3
6 2
7 2
7 3
7 4
6 5
5 5
4 5
7 5
8 3
8 4
8 5
4 6
5 6
6 6
7 6
8 6
9 4
9 5
9 3
5 7
6 7
4 7
4 8
5 8
6 8
3 8
3 7
3 6
2 6
2 7
2 8
1 7
1 6
1 8
0 8
0 7
0 6
1 9
2 9
0 9
3 9
5 9
6 9
0 10
1 10
2 10
2 11
1 11
0 11
1 12
2 12
0 12
0 13
1 13
2 13
3 13
3 12
3 11
4 11
4 12
4 13
5 10
6 10
7 9
7 10
8 9
8 10
0
No
0
Yes
43 17
43 18
42 17
42 18
44 17
44 18
43 16
43 19
42 16
42 19
44 16
44 19
41 17
41 18
41 16
41 19
43 15
42 15
44 15
41 15
0
Yes
8 17
7 17
7 16
8 16
7 15
8 15
9 15
9 16
9 17
6 15
6 16
6 17
9 18
8 18
7 18
6 18
10 17
10 16
10 18
10 15
9 14
8 14
7 14
6 14
10 14
5 17
5 16
5 15
5 18
5 14
8 19
7 19
9 19
6 19
10 19
5 19
8 13
7 13
9 13
6 13
10 13
5 13
4 16
4 17
4 18
4 15
4 14
4 19
7 20
8 20
6 20
9 20
10 20
5 20
4 20
7 12
8 12
9 12
6 12
10 12
5 12
3 17
3 16
3 18
3 15
3 14
3 19
8 21
7 21
9 21
10 21
6 21
8 11
7 11
9 11
10 11
6 11
5 11
2 16
2 17
2 15
2 14
2 18
9 22
8 22
10 22
1 15
1 16
1 17
1 14
0 17
0 16
0 15
0 14
9 23
8 23
11 12
11 11
11 20
6 22
11 10
0
Yes
15 36
15 37
14 36
14 37
16 36
16 37
15 35
15 38
14 35
14 38
16 35
16 38
13 36
13 37
17 36
17 37
13 35
13 38
15 34
17 35
17 38
14 34
16 34
12 36
12 37
13 34
12 35
12 38
12 34
0
No
0
No
0
No
0
Yes
23 8
23 9
22 8
22 9
24 8
23 7
22 7
24 7
21 8
21 9
21 7
0
Yes
29 19
29 20
30 19
30 20
28 19
28 20
29 18
30 18
0
Yes
40 43
40 42
39 42
41 42
39 41
40 41
41 41
38 41
42 41
42 42
42 43
40 40
39 40
41 40
42 40
43 43
43 42
43 41
43 40
43 44
39 39
40 39
41 39
42 39
43 39
44 42
44 43
44 41
44 40
44 44
44 39
38 39
44 45
40 38
41 38
42 38
45 44
45 45
38 38
45 40
45 39
41 37
46 45
44 38
45 38
45 37
37 41
44 46
43 46
43 47
42 46
46 40
45 36
44 36
45 35
0
Yes
7 37
7 38
8 38
8 37
9 38
9 37
9 39
8 39
7 39
7 40
8 40
9 40
10 39
10 38
10 37
10 40
8 41
9 41
7 41
10 41
10 36
9 36
8 36
11 37
11 38
11 39
11 40
11 41
11 36
7 42
8 42
9 42
10 42
11 42
12 39
12 40
8 43
9 43
10 43
7 43
11 43
6 42
6 41
6 40
10 35
9 35
13 39
13 40
0
No
0
Yes
6 34
5 34
5 33
5 35
6 35
4 35
4 34
4 33
4 36
5 36
6 36
3 34
3 35
3 36
3 33
6 37
5 37
4 37
3 37
7 36
7 35
7 34
2 35
2 34
2 36
2 37
5 38
4 38
3 38
6 38
2 38
8 35
8 34
1 36
1 35
1 37
1 34
1 38
6 39
5 39
4 39
3 39
2 39
1 39
0 34
0 35
0 36
0 37
0 38
0 39
4 32
9 34
0 33
4 31
3 31
0
No
0
No
0
Yes
0 33
0 34
1 34
1 35
0 35
1 36
0 36
2 36
2 35
2 34
2 37
1 37
0 37
3 34
3 35
3 36
3 37
0 38
1 38
2 38
3 38
4 35
4 36
4 37
4 34
4 38
1 39
2 39
3 39
4 39
0 39
0
No
0
Yes
37 41
38 41
39 41
39 40
39 42
40 40
40 41
40 42
40 39
39 39
38 39
38 38
40 43
41 41
41 40
41 42
41 39
41 38
40 38
42 40
42 41
42 39
42 42
42 38
42 43
43 41
43 40
43 42
43 39
43 43
43 44
44 40
44 41
44 42
44 43
44 39
44 44
44 38
44 45
45 39
45 40
45 38
45 44
45 45
45 37
46 40
46 45
41 37
44 46
0
No
0
Yes
39 40
39 39
40 39
40 40
41 39
41 40
41 41
40 41
39 41
39 42
40 42
41 42
42 41
42 40
42 39
42 42
42 38
41 38
40 38
43 40
43 39
43 41
43 42
44 41
44 40
44 39
44 42
0
Yes
5 39
5 38
6 38
6 39
7 38
7 39
7 37
6 37
5 37
5 36
6 36
7 36
8 37
8 38
8 39
8 36
6 35
7 35
5 35
8 35
8 40
7 40
6 40
9 39
9 38
9 37
9 36
9 40
9 35
5 34
6 34
7 34
8 34
9 34
6 41
7 41
8 41
9 41
10 38
10 39
10 37
10 40
10 36
10 41
10 35
10 42
9 42
8 42
7 42
6 42
11 39
11 38
11 40
11 41
11 42
11 37
11 36
11 43
10 43
9 43
8 43
0
No
0
No
0
Yes
12 25
12 26
11 25
11 26
13 25
13 26
12 24
11 24
13 24
10 25
10 24
0
Yes
7 17
6 17
7 16
7 18
8 17
6 16
6 18
8 16
8 18
5 17
7 15
7 19
9 17
5 16
5 18
6 15
6 19
8 15
8 19
9 16
9 18
5 15
5 19
9 15
9 19
4 17
7 14
7 20
10 17
4 16
4 18
6 14
6 20
8 14
8 20
10 16
10 18
4 15
4 19
5 14
5 20
9 14
9 20
10 15
10 19
3 17
7 13
3 16
3 18
6 13
8 13
4 14
4 20
10 14
10 20
3 15
3 19
5 13
9 13
3 14
10 13
0
No
0
No
0
Yes
13 5
12 5
12 4
13 4
12 3
13 3
11 3
11 4
11 5
10 5
10 4
10 3
12 2
13 2
0
No
0
No
0
No
0
No
0
No
0
Yes
4 4
4 3
3 3
5 3
5 4
5 2
4 2
3 2
6 2
6 3
6 4
4 1
5 1
3 1
7 4
7 3
7 2
6 5
5 5
4 5
7 5
2 1
2 2
2 3
3 0
4 0
2 0
5 0
4 6
5 6
6 6
7 6
8 5
8 4
8 3
8 6
1 0
1 1
1 2
5 7
6 7
4 7
9 4
9 5
9 3
0 2
0 1
0 0
4 8
5 8
6 8
10 3
10 4
10 5
3 8
3 7
3 6
2 6
2 7
2 8
1 7
1 6
1 8
0 8
0 7
0 6
5 9
6 9
11 4
11 3
11 5
1 9
2 9
0 9
3 9
12 5
12 4
12 3
0 10
1 10
2 10
5 10
6 10
7 9
0
Yes
30 30
30 31
29 30
29 31
31 30
31 31
30 29
29 29
31 29
28 30
28 31
28 29
0
No
0
Yes
3 12
3 13
2 12
2 13
4 12
4 13
3 11
2 11
4 11
1 12
1 13
5 12
1 11
5 11
0 12
0 13
0 11
0
No
0
No
0
No
0
No
0
No
0
Yes
47 24
46 24
46 23
47 23
46 25
47 25
48 25
48 24
48 23
45 25
45 24
45 23
49 24
49 25
49 23
48 26
47 26
46 26
45 26
49 26
44 26
44 25
44 24
47 27
46 27
48 27
45 27
49 27
44 27
43 24
43 25
43 26
43 27
46 28
47 28
45 28
48 28
49 28
44 28
43 28
47 29
46 29
48 29
45 29
49 29
46 30
47 30
48 30
45 30
49 30
47 31
46 31
48 31
45 31
49 31
0
Yes
45 32
45 33
46 33
46 32
47 33
47 32
48 33
48 32
48 34
47 34
46 34
49 34
49 33
49 32
46 35
47 35
48 35
49 35
0
Yes
26 48
25 48
26 47
26 49
27 48
25 47
25 49
27 47
27 49
24 48
26 46
24 47
24 49
25 46
27 46
24 46
0
No
0
No
0
Yes
30 2
30 1
29 2
29 1
0
No
0
No
0
No
0
No
0
No
0
Yes
25 16
25 17
26 16
26 17
24 16
24 17
25 15
26 15
24 15
0
No
0
No
0
Yes
39 40
39 39
40 39
40 40
41 39
41 40
41 41
40 41
39 41
39 42
40 42
41 42
42 41
42 40
42 39
42 42
42 38
41 38
40 38
43 40
43 39
43 41
43 42
44 41
44 40
44 39
44 42
45 40
45 39
44 43
43 43
42 43
44 44
43 44
44 38
45 38
45 44
45 45
44 45
0
Yes
25 16
26 16
25 15
25 17
26 15
26 17
24 16
24 15
24 17
25 14
26 14
24 14
0
No
0
Yes
14 8
14 9
15 8
15 9
13 8
13 9
14 7
15 7
13 7
0
No
0
No
0
No
0
Yes
22 23
22 24
23 24
23 23
24 24
24 23
24 25
23 25
22 25
22 26
23 26
24 26
25 25
25 24
25 23
25 26
23 27
24 27
25 27
25 22
24 22
23 22
26 23
26 24
26 25
26 26
26 22
26 27
23 21
24 21
25 21
26 21
27 22
27 23
27 24
27 25
27 26
27 21
27 27
28 23
28 24
28 25
28 22
28 21
28 26
28 27
0
Yes
49 23
48 23
48 24
49 24
48 25
49 25
47 25
47 24
47 23
46 23
46 24
46 25
47 26
48 26
49 26
46 26
45 24
45 25
45 23
45 26
49 27
48 27
47 27
46 27
45 27
44 25
44 24
44 26
44 27
48 28
47 28
46 28
45 28
49 28
44 28
43 26
43 25
43 27
43 24
43 28
49 29
48 29
47 29
46 29
45 29
0
No
0
No
0
No
0
Yes
3 14
3 15
4 14
4 15
2 14
2 15
3 13
3 16
4 13
4 16
5 14
5 15
2 13
2 16
5 13
5 16
1 14
1 15
3 12
3 17
4 12
4 17
6 14
6 15
1 13
1 16
2 12
2 17
5 12
5 17
6 13
6 16
0 14
0 15
1 12
1 17
3 11
4 11
6 12
6 17
0 13
0 16
2 11
5 11
0 12
0 17
1 11
6 11
0 11
0
No
0
No
0
Yes
12 15
11 15
11 14
11 16
12 16
10 16
10 15
10 14
10 17
11 17
12 17
9 15
9 16
9 14
9 17
12 18
11 18
10 18
9 18
8 14
8 15
8 16
8 17
8 18
11 19
10 19
9 19
12 19
8 19
13 18
13 17
13 16
13 19
8 13
9 13
10 13
7 15
7 16
7 17
7 14
7 18
7 13
0
No
0
Yes
15 45
15 46
16 45
16 46
14 45
14 46
15 44
16 44
17 45
14 44
17 44
13 45
13 46
13 44
0
Yes
14 2
13 2
13 1
14 1
13 0
14 0
15 0
15 1
15 2
12 0
12 1
12 2
15 3
14 3
13 3
16 2
16 1
16 0
16 3
14 4
15 4
0
No
0
Yes
45 20
44 20
45 19
45 21
46 20
44 19
44 21
46 19
46 21
43 20
45 18
45 22
43 19
43 21
44 18
44 22
46 18
46 22
43 18
45 17
44 17
43 17
0
Yes
36 31
35 31
35 32
36 32
35 33
36 33
35 34
36 34
34 34
34 33
34 32
34 35
35 35
36 35
33 32
33 33
33 34
33 35
0
No
0
No
0
No
0
Yes
0 27
0 26
1 26
1 27
1 28
0 28
0 29
1 29
1 25
0 25
2 28
2 29
2 25
0 24
1 24
2 24
2 30
1 23
0 23
2 23
3 24
3 23
3 30
0 22
3 31
2 22
3 22
4 23
4 24
4 31
4 30
4 32
0 30
0 21
5 23
4 33
3 33
5 33
5 34
6 34
6 35
5 35
5 36
6 36
7 35
7 34
7 36
8 34
8 35
8 36
6 37
7 37
5 37
8 37
9 35
9 36
9 34
9 37
5 38
6 38
7 38
8 38
9 38
6 39
7 39
8 39
5 39
9 39
10 36
10 35
10 37
10 38
10 39
7 40
6 40
8 40
9 40
10 40
11 37
11 36
11 38
11 39
11 40
6 41
7 41
8 41
9 41
10 41
11 41
7 42
8 42
9 42
10 42
6 42
11 42
12 39
12 40
8 43
7 43
9 43
10 43
11 43
7 44
8 44
9 44
10 44
11 44
13 40
13 39
8 45
9 45
10 45
7 45
11 45
12 43
12 44
12 45
9 46
10 46
11 46
0
Yes
19 37
19 36
19 38
20 36
18 37
18 36
18 38
19 35
20 35
18 35
0
No
0
Yes
23 8
23 9
22 8
22 9
24 8
23 7
22 7
24 7
21 8
21 9
21 7
0
No
0
Yes
28 46
28 47
28 48
28 49
29 46
29 47
29 48
29 49
30 46
30 47
30 48
30 49
31 46
31 47
31 48
31 49
0
Yes
15 21
16 21
15 20
15 22
16 22
14 21
14 20
14 22
15 19
14 19
0
No
0
No
0
Yes
47 27
46 27
46 26
47 26
46 28
47 28
48 26
48 27
48 28
47 25
46 25
48 25
47 29
46 29
48 29
49 27
49 26
49 28
49 25
49 29
45 26
45 27
45 28
45 25
45 29
44 27
44 26
44 28
44 25
46 24
47 24
48 24
45 24
49 24
44 24
46 30
47 30
48 30
45 30
49 30
47 23
46 23
48 23
45 23
49 23
47 31
46 31
48 31
45 31
49 31
43 26
43 27
43 25
43 28
43 24
46 22
47 22
48 22
45 22
49 22
46 32
47 32
48 32
45 32
49 32
42 25
44 22
47 21
46 21
48 21
45 21
49 21
44 21
47 33
46 33
48 33
45 33
49 33
46 20
47 20
48 20
45 20
49 20
44 20
46 34
47 34
48 34
49 34
0
Yes
30 2
30 1
29 2
29 1
0
Yes
15 21
16 21
15 20
15 22
16 22
14 21
14 20
14 22
15 19
14 19
0
No
0
Yes
49 0
48 0
48 1
49 1
48 2
49 2
47 2
47 1
47 0
46 0
46 1
46 2
47 3
48 3
49 3
46 3
45 1
45 2
45 0
45 3
49 4
48 4
47 4
46 4
45 4
44 0
44 1
44 2
44 3
43 1
43 2
43 0
0
No
0
No
0
No
0
No
0
No
0
No
0
Yes
21 26
22 26
22 25
23 25
23 26
24 25
24 26
24 24
23 24
22 24
25 24
25 25
25 26
22 23
23 23
24 23
25 23
26 26
26 25
26 24
26 23
25 27
24 27
23 27
26 27
23 22
24 22
25 22
26 22
27 25
27 24
27 26
27 23
27 27
27 22
24 28
23 28
24 21
25 21
26 21
23 21
27 21
28 26
28 25
28 24
28 23
28 22
28 21
28 27
29 24
29 23
29 22
29 21
30 23
30 22
30 21
29 20
28 20
30 20
27 20
31 22
31 21
30 19
29 19
28 19
24 20
23 20
30 18
29 18
26 28
27 28
0
No
0
No
0
No
0
Yes
40 7
39 7
39 6
40 6
39 5
40 5
41 5
41 6
41 7
38 5
38 6
38 7
42 7
42 6
42 5
41 4
40 4
39 4
38 4
42 4
37 7
37 6
37 5
37 4
43 6
43 5
43 4
43 7
40 3
41 3
39 3
38 3
42 3
43 3
36 6
36 5
36 4
39 2
40 2
41 2
42 2
38 2
40 1
39 1
41 1
38 1
42 1
39 0
40 0
41 0
38 0
0
No
0
No
0
No
0
Yes
11 26
11 25
10 25
12 25
12 26
13 26
13 25
10 24
11 24
12 24
13 24
9 24
9 25
14 25
9 23
8 23
8 22
9 22
10 22
10 21
9 21
8 21
9 20
10 20
8 20
11 20
7 21
7 20
6 20
6 21
6 22
7 19
6 19
5 19
5 20
4 20
4 19
6 18
5 18
4 18
3 19
3 18
5 17
4 17
6 17
3 17
6 16
5 16
4 16
3 16
2 18
2 17
2 16
5 15
4 15
3 15
6 15
2 15
6 14
5 14
4 14
3 14
2 14
1 17
1 16
1 15
1 14
5 13
4 13
3 13
2 13
6 13
1 13
0 16
0 15
0 14
0 17
0 13
6 12
5 12
4 12
3 12
2 12
1 12
0 12
7 12
7 11
6 11
5 11
4 11
3 11
2 11
1 11
0 11
8 11
8 12
9 12
9 11
10 11
10 12
0
No
0
Yes
23 45
24 45
24 46
25 46
25 45
26 46
26 45
26 47
25 47
24 47
27 47
27 46
27 45
24 48
25 48
26 48
27 48
28 45
28 46
28 47
28 48
25 49
26 49
27 49
28 49
24 49
29 46
29 47
29 48
29 45
29 49
0
No
0
Yes
21 12
21 13
20 13
22 13
22 12
22 11
23 12
23 11
23 13
23 10
22 10
24 11
24 12
24 13
24 10
24 14
25 12
25 13
25 14
25 15
24 15
24 16
25 16
26 13
26 14
26 15
26 12
26 16
27 12
27 13
25 17
24 17
26 17
19 13
19 12
18 12
18 13
17 13
17 12
17 14
16 12
16 13
16 14
16 15
15 13
15 14
15 12
15 15
15 11
14 12
14 13
14 14
0
No
0
No
0
No
0
No
0
No
0
Yes
20 24
19 24
19 23
20 23
19 22
20 22
18 22
18 23
18 24
17 24
17 23
17 22
18 21
19 21
20 21
17 21
16 23
16 22
16 21
20 20
19 20
18 20
17 20
16 20
0
Yes
23 17
22 17
22 16
23 16
22 15
23 15
21 15
21 16
21 17
20 17
20 16
20 15
21 14
20 14
22 14
23 14
19 16
19 15
19 17
19 14
20 18
21 18
22 18
19 18
18 17
18 16
18 18
18 15
18 14
22 19
21 19
20 19
19 19
18 19
17 19
17 18
17 17
0
Yes
33 48
33 49
32 48
32 49
34 48
34 49
33 47
32 47
34 47
31 48
31 49
35 48
35 49
31 47
30 48
30 49
30 47
0
Yes
12 7
11 7
11 8
12 6
11 6
0
No
0
No
0
Yes
18 35
18 36
19 35
19 36
20 35
20 36
21 35
0
Yes
12 0
12 1
13 1
13 0
14 1
14 0
14 2
13 2
12 2
15 2
15 1
15 0
16 0
16 1
0
No
0
Yes
28 27
27 27
27 26
28 26
27 28
28 25
27 25
26 26
26 27
26 28
26 25
25 27
25 26
25 25
27 24
26 24
28 24
25 24
29 24
28 23
27 23
26 23
29 23
25 23
24 26
24 25
24 24
24 27
24 23
24 28
30 23
23 27
23 26
23 25
23 24
23 28
23 23
27 22
28 22
29 22
26 22
25 22
24 22
30 22
23 22
31 22
28 21
27 21
29 21
26 21
30 21
25 21
24 21
31 21
23 21
22 26
22 25
22 24
22 23
22 22
22 21
27 20
28 20
29 20
30 20
28 19
29 19
30 19
24 20
23 20
22 20
21 22
21 21
21 20
29 18
30 18
22 19
21 19
20 19
21 18
22 18
20 18
22 17
21 17
20 17
23 17
23 16
22 16
21 16
20 16
19 18
19 17
19 19
19 16
18 19
18 18
18 17
18 16
22 15
21 15
20 15
19 15
23 15
18 15
23 14
22 14
21 14
20 14
19 14
18 14
17 18
17 17
17 19
16 19
16 18
16 17
15 18
15 19
15 17
15 20
14 20
14 19
14 18
0
Yes
5 36
5 35
6 35
6 36
7 35
7 36
7 37
6 37
5 37
7 34
6 34
5 34
5 38
6 38
7 38
8 37
8 36
8 35
8 34
8 38
6 39
7 39
8 39
5 39
9 36
9 37
9 35
9 38
9 39
9 34
7 40
6 40
8 40
9 40
10 35
10 36
10 37
10 38
10 39
10 40
8 41
7 41
9 41
6 41
10 41
11 36
11 37
11 38
11 39
11 40
11 41
6 42
7 42
8 42
9 42
10 42
0
No
0
No
0
No
0
No
0
Yes
36 4
36 5
37 5
37 4
38 5
38 4
38 6
37 6
36 6
39 6
39 5
39 4
40 4
40 5
40 6
39 7
40 7
38 7
37 7
41 5
41 6
41 4
41 7
40 3
39 3
38 3
41 3
42 4
42 5
42 6
42 3
42 7
38 2
39 2
40 2
41 2
42 2
43 3
43 4
43 5
43 6
43 7
39 1
40 1
41 1
38 1
42 1
38 0
39 0
40 0
41 0
42 0
35 5
0
No
0
No
0
No
0
No
0
No
0
Yes
23 35
23 34
22 34
24 34
24 35
24 33
23 33
22 33
25 33
25 34
25 35
26 35
26 34
26 33
25 32
24 32
23 32
26 32
27 34
27 33
27 35
0
No
0
Yes
49 25
48 25
48 24
49 24
48 26
49 26
49 23
48 23
49 27
48 27
47 24
47 25
47 26
47 23
47 27
46 25
46 24
46 26
46 23
46 27
48 22
47 22
49 22
46 22
48 28
47 28
49 28
46 28
49 21
48 21
47 21
46 21
49 29
48 29
47 29
46 29
45 24
45 25
45 26
45 23
45 27
45 22
45 28
45 21
45 29
44 25
44 24
44 26
44 27
44 28
48 20
47 20
46 20
49 20
45 20
48 30
47 30
46 30
49 30
45 30
44 22
44 21
44 20
49 19
48 19
47 19
46 19
45 19
44 19
49 31
48 31
47 31
46 31
45 31
43 24
43 25
43 26
43 27
43 28
42 25
48 18
47 18
46 18
45 18
49 18
44 18
48 32
47 32
46 32
49 32
45 32
43 21
43 20
43 19
43 18
49 17
49 33
48 33
47 33
46 33
45 33
45 17
44 17
43 17
48 34
47 34
46 34
49 34
42 19
42 18
42 17
49 35
48 35
47 35
46 35
44 16
43 16
42 16
41 18
41 17
41 19
41 16
45 35
40 19
40 18
40 17
40 16
40 20
48 36
47 36
46 36
49 36
45 36
39 20
39 19
43 15
42 15
41 15
44 15
45 15
0
No
0
Yes
5 20
4 20
4 19
5 19
4 18
5 18
6 18
6 19
6 20
7 19
7 20
6 17
5 17
4 17
3 17
3 18
3 19
5 16
4 16
6 16
3 16
2 16
2 17
2 18
4 15
5 15
3 15
6 15
2 15
5 14
4 14
3 14
6 14
2 14
1 15
1 16
1 17
1 14
4 13
3 13
5 13
2 13
6 13
1 13
0 17
0 16
0 15
0 14
0 13
5 12
4 12
3 12
2 12
1 12
6 12
0 12
4 11
3 11
2 11
5 11
1 11
6 11
0 11
5 10
6 10
7 10
7 11
7 12
2 10
1 10
0 10
0
Yes
2 7
1 7
1 6
2 6
1 8
2 8
3 8
3 7
3 6
0 8
0 7
0 6
4 7
4 6
4 8
3 9
2 9
1 9
0 9
5 8
5 7
5 6
6 7
6 6
6 8
6 5
5 5
4 5
4 4
5 4
6 4
7 4
7 5
7 6
5 3
6 3
4 3
7 3
8 6
8 5
8 4
8 3
4 2
5 2
6 2
7 2
9 5
9 4
9 3
10 4
10 5
10 3
4 1
5 1
3 1
3 2
3 3
2 3
2 2
2 1
1 2
1 1
2 0
3 0
4 0
1 0
5 0
0 0
0 1
0 2
5 9
6 9
0 3
7 9
6 0
0
No
0
No
0
No
0
No
0
No
0
Yes
49 44
49 45
48 44
48 45
49 43
48 43
49 42
0
Yes
13 25
13 26
12 25
12 26
14 25
13 24
12 24
11 25
11 26
11 24
0
No
0
Yes
25 15
25 16
26 15
26 16
24 15
24 16
25 14
25 17
26 14
26 17
24 14
24 17
25 13
26 13
24 13
0
Yes
21 41
21 42
21 43
22 41
22 42
0
Yes
0 3
0 2
1 2
1 1
0 1
1 0
0 0
2 0
2 1
2 2
0
No
0
Yes
28 17
28 16
29 16
29 17
30 16
30 17
30 15
29 15
28 15
31 15
31 16
32 15
32 16
0
No
0
No
0
Yes
11 10
11 11
10 11
10 12
11 12
9 12
9 11
8 11
8 12
8 10
8 9
7 9
8 8
9 8
6 9
6 8
5 8
5 9
5 7
6 7
6 6
5 6
7 6
7 5
6 5
5 5
8 5
8 6
8 4
7 4
6 4
5 4
9 4
9 5
10 5
10 4
11 4
11 5
11 6
12 6
12 5
12 4
12 7
11 7
11 8
13 5
13 4
14 4
11 3
10 3
12 3
9 3
13 3
8 3
7 3
6 3
14 3
5 3
4 7
4 8
4 6
4 5
4 4
4 3
15 3
15 4
15 5
3 8
3 7
3 6
3 9
7 2
6 2
5 2
4 2
2 9
2 8
2 7
2 6
1 8
1 7
1 9
1 6
3 3
3 2
5 1
4 1
3 1
0 9
0 8
0 7
0 6
4 0
5 0
3 0
6 0
16 3
16 2
17 2
17 1
18 1
18 2
18 3
19 3
19 2
19 4
18 4
20 4
20 5
19 5
20 2
0
Yes
38 49
37 49
38 48
39 49
37 48
39 48
36 49
36 48
0
No
0
No
0
Yes
0 33
0 34
1 34
1 35
0 35
2 35
2 34
0 36
1 36
2 36
3 34
3 35
3 36
3 33
4 33
4 34
4 35
4 36
1 37
2 37
3 37
0 37
4 37
4 32
0 38
1 38
2 38
3 38
4 38
1 39
2 39
3 39
0 39
4 39
4 31
3 31
3 30
4 30
2 30
2 29
1 29
1 28
2 28
0 28
0 29
0 30
0 27
1 27
1 26
0 26
0 25
1 25
2 25
1 24
0 24
2 24
3 24
0 23
1 23
2 23
0
No
0
No
0
No
0
No
0
No
0
No
0
No
0
Yes
14 12
14 11
15 11
15 12
15 13
14 13
15 14
14 14
16 14
16 13
16 12
16 15
15 15
14 15
17 12
17 13
17 14
14 16
15 16
16 16
18 13
18 12
18 14
15 17
14 17
16 17
19 14
19 13
19 12
16 18
15 18
14 18
14 19
15 19
16 19
17 19
17 18
17 17
18 17
18 18
18 19
18 16
18 15
19 15
19 16
19 17
19 18
19 19
20 15
20 16
20 17
20 14
20 13
20 18
20 19
21 13
21 14
21 15
21 16
21 17
21 18
21 19
22 14
22 15
22 16
22 17
22 18
22 13
22 19
23 13
23 14
23 15
23 16
23 17
0
Yes
29 24
28 24
28 23
29 23
28 22
29 22
27 22
27 23
27 24
26 24
26 23
26 22
27 21
28 21
29 21
26 21
25 23
25 22
25 24
25 21
26 25
27 25
28 25
25 25
30 21
30 22
30 23
29 20
28 20
30 20
27 20
24 24
24 23
24 22
24 25
24 21
28 26
27 26
26 26
25 26
24 26
30 19
29 19
28 19
23 23
23 24
23 25
23 22
23 26
23 21
27 27
26 27
25 27
24 27
23 27
28 27
22 24
22 23
22 25
22 22
22 26
22 21
22 27
24 28
23 28
22 20
23 20
24 20
21 22
21 21
21 20
21 26
21 27
31 21
31 22
30 18
29 18
27 28
26 28
21 28
20 27
0
Yes
24 49
24 48
25 48
25 49
26 48
26 49
26 47
25 47
24 47
24 46
25 46
26 46
27 47
27 48
27 49
27 46
25 45
26 45
27 45
24 45
28 49
28 48
28 47
28 46
28 45
26 44
27 44
28 44
29 48
29 47
29 46
29 45
29 44
29 49
27 43
28 43
26 43
29 43
30 46
30 45
30 44
30 43
26 42
27 42
0
No
0
No
0
Yes
10 44
10 45
9 44
9 45
11 44
11 45
10 43
9 43
11 43
8 44
8 45
12 44
12 45
8 43
12 43
7 44
7 45
0
No
0
No
0
Yes
12 25
12 26
11 25
11 26
13 25
13 26
12 24
11 24
13 24
10 25
10 24
0
No
0
No
0
No
0
No
0
No
0
No
0
No
0
Yes
15 45
15 46
16 45
16 46
14 45
14 46
15 44
16 44
17 45
14 44
17 44
13 45
13 46
13 44
0
No
0
No
0
No
0
No
0
No
0
No
0
No
0
No
0
No
0
No
0
No
0
No
0
No
0
Yes
39 46
39 47
38 46
38 47
38 45
0
No
0
Yes
12 32
13 32
14 32
15 32
15 31
15 33
15 30
15 29
14 29
14 28
15 28
16 29
14 27
17 29
17 30
18 30
18 31
19 30
19 29
20 29
20 30
20 28
19 28
19 27
20 27
21 30
21 29
21 28
21 27
21 31
22 31
22 30
21 26
22 27
22 26
22 25
23 26
23 27
23 25
23 28
24 28
24 27
24 26
24 25
23 24
22 24
24 24
22 23
23 23
24 23
25 27
25 26
25 25
25 24
25 23
23 22
24 22
22 22
25 22
21 22
21 21
22 21
23 21
24 21
25 21
26 26
26 25
26 24
26 23
26 22
26 27
26 21
26 28
27 28
27 27
27 26
27 25
27 24
27 23
27 22
27 21
22 20
23 20
24 20
21 20
28 27
28 26
28 25
28 24
28 23
28 22
28 21
29 24
29 23
29 22
29 21
27 20
28 20
29 20
30 23
30 22
30 21
30 20
28 19
29 19
30 19
31 22
31 21
29 18
30 18
23 31
0
No
0
Yes
44 22
44 21
43 21
45 21
45 22
45 20
44 20
43 20
46 20
46 21
46 22
44 19
45 19
43 19
46 19
47 22
47 21
47 20
47 19
43 18
44 18
45 18
46 18
47 18
48 21
48 20
48 19
48 22
48 18
47 23
46 23
45 23
48 23
44 17
43 17
45 17
49 22
49 21
49 20
49 19
49 23
49 18
45 24
46 24
47 24
48 24
49 24
0
Yes
41 41
40 41
40 40
41 40
40 42
41 42
42 40
42 41
42 42
41 39
40 39
42 39
43 41
43 40
43 42
43 39
39 40
39 41
39 42
39 39
42 43
43 43
38 41
40 38
41 38
42 38
44 40
44 41
44 42
44 39
44 43
38 39
43 44
44 44
41 37
38 38
44 38
45 39
45 40
45 38
44 45
45 44
45 45
46 40
45 37
46 45
40 43
37 41
44 46
43 46
43 47
44 47
45 47
44 48
45 48
46 48
45 49
44 49
42 46
45 36
44 36
46 36
46 35
45 35
47 35
47 36
48 36
48 35
48 37
49 37
49 36
49 35
49 38
47 34
46 34
48 34
49 34
46 33
47 33
48 33
49 33
45 33
45 32
46 32
47 32
48 32
49 32
46 31
47 31
48 31
45 31
49 31
45 30
46 30
47 30
48 30
49 30
46 29
47 29
48 29
45 29
49 29
45 28
46 28
47 28
48 28
49 28
44 28
44 27
45 27
46 27
47 27
48 27
49 27
43 27
43 28
43 26
44 26
45 26
46 26
47 26
48 26
49 26
44 25
45 25
46 25
47 25
48 25
43 25
49 25
42 25
43 24
44 24
49 39
0
Yes
3 33
3 34
2 34
4 34
4 33
4 35
3 35
2 35
5 35
5 34
5 33
3 36
4 36
2 36
5 36
1 36
1 35
1 34
2 37
3 37
4 37
1 37
5 37
6 36
6 35
6 34
6 37
0 34
0 35
0 36
0 37
3 38
2 38
4 38
1 38
5 38
0 38
6 38
7 34
7 35
7 36
7 37
7 38
2 39
3 39
4 39
5 39
6 39
7 39
1 39
0 39
8 35
8 36
8 37
8 38
8 34
8 39
6 40
7 40
8 40
9 34
9 35
9 36
9 37
9 38
9 39
9 40
7 41
8 41
6 41
9 41
10 35
10 36
10 37
10 38
10 39
10 40
0
No
0
Yes
21 12
21 13
20 13
22 13
22 12
22 14
21 14
20 14
23 14
23 13
23 12
21 15
22 15
20 15
23 15
24 12
24 13
24 14
24 15
19 15
19 14
19 13
20 16
21 16
22 16
23 16
19 16
24 16
25 13
25 14
25 15
25 12
25 16
24 11
23 11
22 11
18 13
18 14
18 15
18 16
21 17
20 17
22 17
23 17
19 17
24 17
18 17
25 17
26 12
26 13
26 14
26 15
26 16
26 17
22 10
23 10
24 10
20 18
21 18
22 18
19 18
18 18
21 19
20 19
19 19
18 19
22 19
17 19
17 18
17 17
16 17
16 18
16 19
15 18
15 17
15 19
14 19
14 18
14 17
14 16
15 16
16 16
16 15
15 15
14 15
15 14
16 14
17 14
17 13
16 13
15 13
14 14
14 13
0
No
0
Yes
6 22
6 21
7 21
6 23
5 23
4 23
4 24
3 24
3 23
3 22
2 22
2 23
2 24
2 25
1 23
1 24
1 25
0 24
0 23
0 25
0 22
1 26
0 26
0 27
1 27
1 28
0 28
2 28
2 29
1 29
0 29
0 30
8 21
8 22
8 20
9 22
9 21
9 20
9 23
8 23
10 21
10 22
10 20
9 19
8 19
10 19
8 18
9 18
10 18
7 18
7 17
8 17
9 17
10 17
11 20
11 19
11 18
11 17
8 16
9 16
10 16
7 16
11 16
12 19
12 18
12 17
12 16
7 15
8 15
9 15
10 15
11 15
12 15
13 18
13 17
13 16
13 19
8 14
9 14
10 14
11 14
7 14
7 13
8 13
9 13
10 13
0
No
0
No
0
No
0
Yes
30 30
30 31
31 30
31 31
29 30
29 31
30 29
31 29
32 30
32 31
29 29
32 29
28 30
28 31
28 29
0
No
0
No
0
No
0
Yes
47 22
46 22
46 21
47 21
46 20
47 20
48 20
48 21
48 22
45 20
45 21
45 22
48 23
47 23
46 23
45 23
49 22
49 21
49 23
49 20
48 19
47 19
46 19
45 19
49 19
44 22
44 21
44 20
44 19
47 24
46 24
48 24
45 24
49 24
47 18
46 18
48 18
45 18
44 18
49 18
43 21
43 20
43 19
43 18
45 17
44 17
43 17
0
No
0
No
0
No
0
Yes
29 17
30 17
29 16
30 16
28 17
28 16
29 15
30 15
28 15
0
No
0
Yes
35 34
34 34
35 33
35 35
36 34
34 33
34 35
36 33
36 35
33 34
35 32
33 33
33 35
34 32
36 32
0
Yes
33 26
33 27
32 26
32 27
33 25
32 25
33 24
0
Yes
40 8
39 8
39 9
40 9
39 10
40 10
41 10
41 9
41 8
38 10
38 9
38 8
42 8
42 9
42 10
41 11
40 11
39 11
38 11
42 11
37 8
37 9
37 10
37 11
43 9
43 10
43 8
43 11
40 12
39 12
41 12
38 12
42 12
37 12
43 12
36 9
36 10
36 11
36 8
36 12
44 8
44 9
44 10
44 11
44 12
39 13
40 13
41 13
38 13
42 13
37 13
43 13
36 13
44 13
35 8
35 9
35 10
35 11
35 12
35 13
40 14
39 14
41 14
38 14
42 14
37 14
43 14
36 14
44 14
35 14
39 15
40 15
41 15
38 15
42 15
37 15
43 15
36 15
44 15
35 15
40 16
39 16
41 16
38 16
42 16
37 16
36 16
35 16
43 16
44 16
34 16
34 15
34 14
0
No
0
No
0
No
0
Yes
37 22
36 22
36 21
36 23
35 21
35 22
35 23
35 20
34 22
34 21
34 23
34 20
34 24
33 21
33 20
33 23
34 19
35 19
33 19
35 18
34 18
33 18
36 18
36 17
35 17
34 17
33 17
37 17
37 18
37 19
38 19
38 18
38 17
39 18
39 19
39 17
39 20
40 20
40 19
40 18
40 17
41 19
41 18
41 17
32 19
32 18
32 17
42 18
42 19
42 17
33 16
32 16
31 16
32 15
31 15
0
No
0
No
0
No
0
No
0
No
0
Yes
47 2
47 3
46 2
46 3
48 2
48 3
47 1
47 4
46 1
46 4
48 1
48 4
45 2
45 3
49 2
49 3
45 1
45 4
47 0
49 1
49 4
46 0
48 0
44 2
44 3
45 0
49 0
44 1
44 0
0
Yes
4 15
3 15
4 14
4 16
5 15
3 14
3 16
5 14
5 16
2 15
4 13
4 17
6 15
2 14
2 16
3 13
3 17
5 13
5 17
6 14
6 16
2 13
2 17
6 13
6 17
1 15
4 12
4 18
7 15
1 14
1 16
3 12
3 18
5 12
5 18
7 14
7 16
1 13
1 17
2 12
2 18
6 12
6 18
7 13
7 17
0 15
4 11
0 14
0 16
3 11
5 11
1 12
7 12
7 18
0 13
0 17
2 11
6 11
0 12
1 11
7 11
0 11
0
Yes
49 20
48 20
48 19
49 19
48 21
49 21
49 18
48 18
49 22
48 22
47 19
47 20
47 21
47 18
47 22
46 20
46 19
46 21
46 18
46 22
48 23
47 23
49 23
46 23
49 24
48 24
47 24
46 24
45 19
45 20
45 21
45 22
45 23
45 18
45 24
44 20
44 19
44 21
44 22
44 18
45 17
44 17
43 19
43 20
43 21
43 18
43 17
42 18
42 19
42 17
41 19
41 18
41 17
40 18
40 19
40 17
40 20
39 20
39 19
39 18
39 17
38 19
38 18
38 17
37 18
37 19
37 17
36 17
36 18
35 18
35 17
35 19
34 19
34 18
34 17
34 20
35 20
35 21
34 21
36 21
36 22
35 22
34 22
37 22
35 23
36 23
0
No
0
Yes
6 22
6 21
7 21
7 20
6 20
5 20
8 20
8 21
8 22
6 19
7 19
5 19
8 19
9 22
9 21
9 20
9 19
9 23
8 23
4 19
4 20
10 21
10 22
10 20
10 19
8 18
9 18
10 18
11 20
11 19
11 18
9 17
10 17
8 17
11 17
8 16
9 16
10 16
11 16
12 19
12 18
12 17
12 16
9 15
10 15
11 15
8 15
12 15
13 18
13 17
13 16
13 19
8 14
9 14
10 14
11 14
9 13
10 13
8 13
6 23
5 23
4 23
4 24
3 24
3 23
3 22
2 22
2 23
2 24
2 25
1 23
1 24
1 25
0 24
0 23
0 25
0 22
1 26
0 26
0
Yes
27 48
26 48
26 47
27 47
26 49
27 49
28 47
28 48
28 49
27 46
26 46
28 46
29 48
29 47
29 49
29 46
25 47
25 48
25 49
25 46
24 48
24 47
24 49
24 46
26 45
27 45
28 45
25 45
29 45
24 45
30 47
30 48
30 46
30 49
30 45
27 44
26 44
28 44
29 44
30 44
31 48
31 47
31 46
31 49
23 45
24 44
26 43
27 43
28 43
29 43
30 43
32 47
32 48
32 49
32 46
27 42
28 42
29 42
26 42
30 42
33 48
33 47
33 49
25 42
31 43
31 42
28 41
27 41
29 41
30 41
31 41
34 47
34 48
34 49
34 46
32 42
32 43
27 40
28 40
35 48
35 49
26 40
26 39
27 39
28 39
36 49
36 48
25 39
27 38
28 38
37 48
37 49
29 38
28 37
27 37
0
No
0
No
0
Yes
5 46
4 46
4 45
5 45
4 44
5 44
3 44
3 45
3 46
2 46
2 45
2 44
3 43
4 43
5 43
2 43
1 45
1 44
1 43
6 43
6 44
6 45
5 42
4 42
3 42
2 42
6 42
1 42
0 44
0 43
0 42
0 45
4 41
3 41
2 41
5 41
1 41
0 41
5 40
4 40
3 40
2 40
1 40
0 40
4 47
3 47
7 43
7 42
8 42
9 42
0
No
0
No
0
No
0
No
0
No
0
No
0
Yes
23 32
23 33
23 34
23 35
24 32
24 33
24 34
24 35
25 32
25 33
25 34
25 35
26 32
26 33
26 34
26 35
0
Yes
5 16
4 16
5 15
5 17
6 16
4 15
4 17
6 15
6 17
3 16
5 14
5 18
7 16
3 15
3 17
4 14
4 18
6 14
6 18
7 15
7 17
3 14
3 18
7 14
7 18
2 16
5 13
2 15
2 17
4 13
6 13
2 14
2 18
3 13
7 13
0
No
0
No
0
Yes
15 45
15 46
16 45
16 46
14 45
14 46
15 44
16 44
17 45
14 44
17 44
13 45
13 46
13 44
0
No
0
No
0
Yes
2 18
2 17
1 17
3 17
3 18
3 16
2 16
1 16
4 16
4 17
4 18
2 15
3 15
1 15
4 15
5 18
5 17
5 16
5 15
0 15
0 16
0 17
1 14
2 14
3 14
4 14
0 14
5 14
6 17
6 16
6 15
6 18
6 14
2 13
3 13
4 13
1 13
5 13
0 13
6 13
7 18
7 17
7 16
7 15
7 14
7 13
1 12
2 12
3 12
4 12
5 12
6 12
0 12
7 12
2 11
3 11
4 11
5 11
1 11
6 11
0 11
7 11
1 10
2 10
0
No
0
No
0
No
0
Yes
49 2
48 2
48 1
49 1
48 0
49 0
47 0
47 1
47 2
47 3
48 3
49 3
46 2
46 1
46 3
46 0
49 4
48 4
47 4
46 4
45 1
45 2
45 3
45 0
45 4
44 2
44 1
0
Yes
36 13
35 13
35 12
36 12
35 11
36 11
37 11
37 12
37 13
37 14
36 14
35 14
38 13
38 12
38 14
38 11
37 10
36 10
35 10
38 10
36 15
37 15
35 15
38 15
39 12
39 13
39 14
39 11
39 15
39 10
36 9
37 9
38 9
35 9
39 9
34 10
34 11
34 12
34 9
35 16
36 16
37 16
38 16
39 16
40 13
40 12
40 14
40 11
40 15
40 10
40 16
40 9
35 8
36 8
37 8
38 8
39 8
40 8
34 8
34 16
34 15
34 14
33 12
33 11
33 10
33 9
41 12
41 13
41 14
41 11
41 10
41 15
41 9
41 16
41 8
42 13
42 12
42 14
42 11
42 10
42 15
42 9
42 16
42 8
43 12
43 13
43 14
43 11
43 10
43 15
43 9
43 16
43 8
44 13
44 12
44 14
44 11
44 10
44 15
44 9
44 8
44 16
45 12
45 11
45 14
45 15
45 8
44 7
45 7
33 16
33 17
32 17
32 16
32 15
31 15
31 16
0
Yes
28 27
27 27
27 26
28 26
27 25
28 25
26 25
26 26
26 27
25 27
25 26
25 25
26 24
27 24
28 24
25 24
24 26
24 25
24 27
24 24
28 23
27 23
26 23
25 23
24 23
23 27
23 26
23 25
23 24
23 23
27 22
26 22
25 22
24 22
28 22
23 22
22 26
22 25
22 24
22 23
22 27
22 22
29 22
29 23
29 24
28 21
27 21
26 21
25 21
24 21
23 21
29 21
22 21
30 21
30 22
30 23
29 20
28 20
30 20
27 20
24 20
23 20
22 20
30 19
29 19
28 19
21 20
21 21
21 22
21 26
21 27
31 21
31 22
30 18
29 18
27 28
26 28
30 17
29 17
24 28
23 28
30 16
29 16
30 15
29 15
28 15
28 16
28 17
22 19
21 19
22 18
21 18
22 17
21 17
20 17
20 18
20 19
20 16
21 16
22 16
22 15
21 15
20 15
23 15
23 16
23 17
24 17
24 16
24 15
25 16
25 17
25 15
26 15
26 16
26 17
26 14
25 14
24 14
23 14
22 14
21 14
20 14
19 19
19 18
19 17
19 16
19 15
19 14
25 13
24 13
23 13
22 13
21 13
20 13
26 13
19 13
18 18
18 17
18 16
18 15
18 14
18 19
18 13
26 12
25 12
0
No
0
Yes
0 10
0 9
1 9
1 8
0 8
1 7
0 7
2 7
2 8
2 9
2 6
1 6
0 6
3 9
3 8
3 7
3 6
4 8
4 7
4 6
5 7
5 8
5 6
6 6
6 7
6 8
6 5
5 5
4 5
4 4
5 4
6 4
5 3
4 3
6 3
7 4
7 5
7 6
7 3
6 2
5 2
4 2
7 2
8 6
8 5
8 4
8 3
5 1
4 1
3 1
3 2
3 3
9 5
9 4
9 3
3 0
4 0
5 0
10 4
10 3
10 5
5 9
6 9
2 3
6 0
0
No
0
Yes
23 11
23 12
22 11
22 12
24 11
24 12
23 10
22 10
24 10
21 12
0
No
0
No
0
No
0
No
0
Yes
19 22
18 22
18 21
19 21
18 23
19 23
20 21
20 22
20 23
19 20
18 20
20 20
19 24
18 24
20 24
17 21
17 22
17 23
17 20
17 24
16 22
16 21
16 23
16 20
17 19
16 19
15 21
15 22
15 20
15 19
14 22
14 21
14 20
14 19
16 18
15 18
17 18
14 18
17 17
16 17
15 17
14 17
16 16
15 16
14 16
15 15
16 15
14 15
16 14
15 14
14 14
17 14
0
No
0
No
0
No
0
Yes
21 31
21 30
20 30
22 30
22 31
23 31
20 29
21 29
23 32
19 29
19 30
21 28
20 28
19 28
18 30
18 31
24 32
24 31
24 33
23 33
22 33
22 34
23 34
24 34
20 27
19 27
23 35
24 35
25 33
25 32
25 34
25 35
26 32
26 33
26 34
26 35
27 33
27 34
27 35
25 36
26 36
26 37
17 30
17 29
16 29
15 29
0
No
0
Yes
49 43
49 44
48 43
48 44
49 42
49 45
48 45
0
No
0
No
0
No
0
Yes
33 26
33 27
32 26
32 27
33 25
32 25
0
No
0
No
0
Yes
11 42
10 42
10 41
11 41
11 40
12 40
12 39
11 39
13 39
13 40
11 38
12 38
13 38
14 38
12 37
13 37
11 37
14 37
11 36
12 36
13 36
14 36
15 37
15 38
15 36
15 39
16 39
16 38
16 37
16 36
16 40
17 40
17 39
17 38
17 37
17 36
12 35
13 35
14 35
15 35
16 35
17 35
18 38
18 37
13 34
14 34
15 34
16 34
12 34
19 37
19 38
0
No
0
Yes
42 4
41 4
42 3
42 5
43 4
41 3
41 5
43 3
43 5
40 4
42 2
42 6
40 3
40 5
41 2
41 6
43 2
43 6
40 2
40 6
42 1
42 7
41 1
41 7
43 1
43 7
40 1
40 7
42 0
41 0
43 0
40 0
0
No
0
No
0
Yes
20 14
19 14
19 13
20 13
19 15
20 15
21 15
21 14
21 13
18 15
18 14
18 13
22 14
22 13
22 15
21 16
20 16
19 16
18 16
22 16
23 15
23 14
23 13
23 16
20 17
21 17
19 17
22 17
18 17
23 17
24 14
24 15
24 16
24 13
24 17
19 18
20 18
21 18
22 18
18 18
25 13
25 14
25 15
25 16
25 17
20 19
21 19
22 19
19 19
18 19
26 14
26 15
26 13
26 16
26 17
21 20
22 20
21 21
22 21
21 22
22 22
23 22
23 21
23 20
24 20
24 21
24 22
25 21
25 22
24 23
23 23
22 23
25 23
26 23
26 22
26 21
22 24
23 24
24 24
25 24
26 24
27 21
27 22
27 23
27 24
23 25
24 25
25 25
26 25
22 25
27 25
28 22
28 23
28 24
28 21
28 25
22 26
23 26
24 26
0
No
0
Yes
28 17
28 16
29 16
29 17
30 16
30 17
30 15
29 15
28 15
29 18
30 18
0
No
0
Yes
44 29
43 29
43 30
44 30
43 31
44 31
43 32
44 32
42 32
42 31
42 30
42 33
43 33
44 33
0
No
0
Yes
49 44
48 44
49 43
49 45
48 43
48 45
49 42
0
No
0
No
0
Yes
15 39
15 38
14 38
16 38
16 39
16 37
15 37
14 37
17 37
17 38
17 39
15 36
16 36
14 36
17 36
13 36
13 37
13 38
14 35
15 35
16 35
13 35
17 35
18 36
18 37
18 38
18 35
12 38
12 37
12 36
12 35
15 34
14 34
16 34
13 34
12 34
19 38
19 37
19 36
19 35
11 37
11 38
11 36
0
Yes
10 22
9 22
9 21
10 21
9 23
10 20
9 20
8 21
8 22
8 23
8 20
11 20
9 19
10 19
11 19
8 19
7 20
7 21
7 19
12 19
10 18
9 18
11 18
8 18
12 18
6 21
6 20
6 19
6 22
13 18
13 19
9 17
10 17
11 17
12 17
8 17
13 17
5 20
5 19
10 16
9 16
11 16
12 16
8 16
13 16
4 19
4 20
9 15
10 15
11 15
12 15
8 15
10 14
9 14
11 14
8 14
9 13
10 13
8 13
10 12
9 12
8 12
11 12
9 11
10 11
11 11
8 11
11 10
0
No
0
Yes
9 46
9 45
8 45
10 45
10 46
10 44
9 44
8 44
11 44
11 45
11 46
9 43
10 43
11 43
8 43
10 42
11 42
12 43
12 44
12 45
13 44
13 45
10 41
11 41
14 44
14 45
15 44
15 45
15 46
14 46
13 46
16 46
16 45
16 44
7 45
15 47
10 47
7 44
0
No
0
No
0
No
0
Yes
0 17
0 16
1 16
1 17
2 16
2 17
2 15
1 15
0 15
0 14
1 14
2 14
3 15
3 16
3 17
3 14
1 13
2 13
0 13
3 13
4 17
4 16
4 15
4 14
4 13
0 12
1 12
2 12
3 12
4 12
4 18
3 18
2 18
5 16
5 15
5 14
5 17
5 13
5 18
5 12
1 11
2 11
3 11
4 11
5 11
0 11
6 17
6 16
6 15
6 14
0
Yes
13 5
12 5
12 4
13 4
12 3
13 3
11 3
11 4
11 5
12 2
13 2
14 2
14 3
14 4
15 4
15 3
15 2
14 1
13 1
12 1
15 1
16 3
16 2
16 1
13 0
14 0
15 0
16 0
12 0
17 2
17 1
17 0
18 1
18 2
18 0
0
No
0
No
0
No
0
Yes
38 0
38 1
39 1
39 0
40 1
40 0
40 2
39 2
38 2
38 3
39 3
40 3
41 2
41 1
41 0
41 3
39 4
40 4
38 4
41 4
42 0
42 1
42 2
42 3
42 4
38 5
39 5
40 5
41 5
42 5
43 1
43 2
43 3
43 4
43 5
43 0
39 6
40 6
41 6
42 6
38 6
43 6
38 7
39 7
40 7
41 7
0
Yes
49 25
48 25
48 26
49 26
48 27
49 27
47 27
47 26
47 25
46 25
46 26
46 27
47 28
48 28
49 28
46 28
45 26
45 27
45 25
45 28
49 29
48 29
47 29
46 29
45 29
44 25
44 26
44 27
44 28
44 29
48 30
47 30
46 30
45 30
49 30
44 30
43 26
43 27
43 28
43 29
43 25
43 30
49 31
48 31
0
No
0
No
0
No
0
Yes
34 8
34 9
33 9
35 9
35 8
36 8
36 9
33 10
34 10
35 10
36 10
34 11
35 11
33 11
36 11
37 9
37 10
37 8
37 11
37 7
38 8
38 9
38 10
38 11
33 12
34 12
35 12
36 12
37 12
38 12
35 13
36 13
37 13
38 13
39 9
39 10
39 11
39 12
39 8
39 13
40 8
40 9
40 10
40 11
40 12
40 13
36 14
37 14
38 14
39 14
35 14
40 14
34 14
34 15
35 15
36 15
37 15
38 15
39 15
40 15
41 9
41 10
41 11
41 12
41 13
41 14
41 8
41 15
42 8
42 9
42 10
42 11
42 12
42 13
42 14
42 15
35 16
36 16
37 16
38 16
39 16
40 16
41 16
34 16
42 16
33 16
42 7
33 17
43 7
43 8
43 9
43 10
43 11
43 12
43 13
43 14
43 15
43 16
32 17
32 16
32 15
31 15
31 16
30 16
30 15
29 15
29 16
30 17
29 17
28 16
28 15
28 17
44 8
44 9
44 10
44 11
44 12
44 13
44 14
44 15
44 7
44 16
32 18
33 18
33 19
32 19
45 7
45 8
0
No
0
No
0
No
0
Yes
30 29
29 29
29 30
30 30
29 31
30 31
31 31
31 30
31 29
28 31
28 30
28 29
32 29
32 30
0
No
0
Yes
20 24
19 24
19 23
20 23
19 22
20 22
18 22
18 23
18 24
17 24
17 23
17 22
18 21
19 21
20 21
17 21
16 23
16 22
16 21
20 20
19 20
18 20
17 20
16 20
0
Yes
44 36
45 36
45 35
46 35
46 36
47 35
47 36
47 34
46 34
45 34
48 34
48 35
48 36
45 33
46 33
47 33
48 33
49 36
49 35
49 34
49 33
46 32
47 32
45 32
48 32
49 32
44 32
44 33
44 34
44 31
45 31
46 31
47 31
43 31
43 32
43 33
42 33
42 32
42 31
41 32
41 33
41 31
48 37
49 37
42 34
41 34
40 34
40 33
40 32
0
No
0
No
0
No
0
No
0
No
0
Yes
11 25
11 26
12 25
12 26
10 25
11 24
12 24
13 25
13 26
10 24
13 24
9 25
9 24
0
No
0
Yes
14 22
14 21
15 21
15 22
15 20
14 20
15 19
14 19
15 18
14 18
15 17
14 17
13 17
13 18
13 19
16 17
16 18
16 19
13 16
14 16
15 16
16 16
12 19
12 18
12 17
12 16
17 19
17 18
17 17
14 15
15 15
16 15
11 18
11 17
11 19
11 16
15 14
14 14
16 14
10 19
10 18
10 17
10 16
16 13
15 13
14 13
10 15
11 15
12 15
9 18
9 17
9 16
9 19
9 15
9 20
10 20
11 20
14 12
15 12
16 12
9 14
10 14
11 14
8 20
8 19
8 18
8 17
8 16
8 15
8 14
17 12
17 13
17 14
8 21
9 21
10 21
10 22
9 22
8 22
8 13
9 13
10 13
10 12
9 12
8 12
9 23
8 23
7 21
7 20
7 19
7 18
7 17
7 16
7 15
7 14
7 13
7 12
9 11
8 11
10 11
7 11
6 20
6 19
6 21
6 18
6 13
6 12
6 11
8 10
7 10
6 10
0
Yes
12 0
12 1
12 2
12 3
13 0
13 1
13 2
13 3
14 0
14 1
14 2
14 3
15 0
15 1
15 2
15 3
16 0
16 1
16 2
16 3
17 0
17 1
17 2
0
Yes
35 33
35 34
36 33
36 34
34 33
34 34
35 32
35 35
36 32
36 35
34 32
34 35
35 31
36 31
0
No
0
No
0
No
0
No
0
No
0
No
0
No
0
Yes
19 27
19 28
20 28
20 27
21 28
21 27
21 29
20 29
19 29
19 30
20 30
0
No
0
No
0
No
0
Yes
4 5
4 4
5 4
5 5
5 6
4 6
3 6
4 7
3 7
5 7
6 5
6 6
6 4
6 7
5 3
4 3
6 3
3 3
2 7
2 6
4 2
5 2
3 2
6 2
1 6
1 7
3 8
4 8
5 8
2 8
6 8
1 8
7 4
7 5
7 6
7 3
7 2
8 5
8 4
8 3
8 6
3 1
4 1
5 1
5 9
6 9
0 7
0 6
0 8
2 9
3 9
1 9
0 9
4 0
3 0
5 0
7 9
9 4
9 5
9 3
6 0
1 10
2 10
0 10
10 5
10 4
10 3
11 4
11 5
11 3
11 6
0
No
0
No
0
Yes
33 26
33 27
32 26
32 27
33 25
32 25
0
Yes
17 35
17 36
17 37
17 38
18 35
18 36
18 37
18 38
19 35
19 36
19 37
19 38
20 35
20 36
0
Yes
44 36
45 36
45 35
46 35
46 36
47 35
47 36
47 34
46 34
45 34
48 34
48 35
48 36
45 33
46 33
47 33
48 33
49 36
49 35
49 34
49 33
46 32
47 32
45 32
48 32
49 32
44 32
44 33
44 34
44 31
45 31
46 31
47 31
43 31
43 32
43 33
42 33
42 32
42 31
41 32
41 33
41 31
48 37
49 37
42 34
41 34
40 34
40 33
40 32
40 35
41 35
42 35
42 36
41 36
40 36
0
Yes
27 27
27 28
26 27
26 28
28 27
27 26
26 26
28 26
25 27
25 26
0
Yes
0 45
0 44
1 44
1 45
2 44
2 45
2 43
1 43
0 43
0 42
1 42
2 42
3 43
3 44
3 45
3 42
1 41
2 41
0 41
3 41
4 45
4 44
4 43
4 42
4 41
0 40
1 40
2 40
3 40
4 40
4 46
3 46
2 46
5 44
5 43
5 42
5 45
5 41
5 46
5 40
6 45
6 44
0
No
0
No
0
Yes
9 28
8 28
8 29
9 29
10 29
9 30
8 30
10 30
7 29
7 28
7 30
7 27
11 30
6 28
6 29
6 27
6 30
8 31
9 31
10 31
7 31
6 31
9 32
8 32
7 32
6 32
5 27
5 29
5 30
5 31
5 32
8 33
7 33
6 33
9 33
4 30
4 31
4 32
3 31
3 30
2 30
2 29
1 29
1 28
2 28
0 28
0 29
0 27
1 27
1 26
0 26
0 30
0 25
1 25
2 25
2 24
1 24
0 24
0
Yes
42 25
43 25
43 24
43 26
44 26
44 25
44 24
45 26
45 25
45 27
44 27
43 27
43 28
44 28
45 28
46 27
46 26
46 25
46 28
44 29
45 29
43 29
46 29
47 25
47 26
47 27
47 28
47 29
43 30
44 30
45 30
46 30
47 30
48 26
48 27
48 28
48 29
48 25
48 30
49 25
49 26
49 27
49 28
49 29
49 30
0
No
0
No
0
No
0
No
0
No
0
Yes
46 45
45 45
45 44
44 44
44 45
44 46
44 43
43 46
43 43
43 44
43 47
44 47
45 47
45 48
44 48
46 48
43 42
44 42
44 41
43 41
44 49
45 49
42 42
42 43
42 41
43 40
44 40
42 40
45 40
45 39
44 39
43 39
42 39
41 41
41 42
41 40
41 39
40 42
40 41
40 40
40 39
40 43
44 38
45 38
39 41
39 42
39 40
39 39
42 38
41 38
40 38
45 37
41 37
38 39
38 38
42 46
46 40
0
No
0
No
0
Yes
48 2
48 3
47 2
47 3
49 2
49 3
48 1
48 4
47 1
47 4
49 1
49 4
46 2
46 3
46 1
46 4
48 0
47 0
49 0
46 0
0
Yes
12 34
12 35
12 36
12 37
12 38
13 34
13 35
13 36
13 37
13 38
14 34
14 35
14 36
14 37
14 38
15 34
15 35
15 36
15 37
15 38
16 34
16 35
16 36
16 37
16 38
0
Yes
40 2
41 2
40 1
40 3
41 1
41 3
39 2
42 2
39 1
39 3
42 1
42 3
40 0
41 0
38 2
39 0
42 0
38 1
38 3
38 0
0
No
0
No
0
Yes
2 15
3 15
2 14
2 16
3 14
3 16
1 15
4 15
1 14
1 16
4 14
4 16
2 13
2 17
3 13
3 17
0 15
1 13
1 17
4 13
4 17
0 14
0 16
2 12
2 18
3 12
3 18
0 13
0 17
1 12
4 12
4 18
0 12
2 11
3 11
1 11
4 11
0 11
0
Yes
25 34
26 34
25 33
25 35
26 33
26 35
24 34
27 34
24 33
24 35
27 33
27 35
25 32
26 32
23 34
24 32
23 33
23 35
23 32
0
No
0
No
0
No
0
No
0
No
0
No
0
Yes
42 43
42 42
41 42
43 42
43 43
43 41
42 41
41 41
44 41
44 42
44 43
42 40
43 40
41 40
44 40
40 40
40 41
40 42
41 39
42 39
43 39
40 39
44 39
39 42
39 41
39 40
39 39
40 38
41 38
42 38
43 44
44 44
0
No
0
No
0
No
0
Yes
33 2
33 3
33 4
34 4
34 5
35 5
34 6
36 5
36 4
37 4
37 5
36 6
37 6
38 5
38 4
38 6
39 4
39 5
39 6
38 7
39 7
40 5
40 6
40 4
40 7
41 4
41 5
41 6
41 7
42 5
42 6
42 4
43 4
43 5
43 6
43 3
44 3
44 2
43 2
43 1
44 1
44 0
43 0
45 2
45 1
45 3
45 0
45 4
46 1
46 2
46 3
46 0
46 4
47 2
47 1
47 3
47 0
47 4
48 1
48 2
48 3
48 0
48 4
49 2
49 1
49 3
49 0
49 4
0
Yes
8 31
7 31
8 30
8 32
9 31
7 30
7 32
9 30
9 32
6 31
8 29
8 33
6 30
6 32
7 29
7 33
9 29
9 33
6 29
6 33
8 28
7 28
9 28
6 28
0
Yes
28 47
28 48
29 47
29 48
27 47
27 48
28 46
28 49
29 46
29 49
30 47
30 48
27 46
27 49
30 46
30 49
26 47
26 48
28 45
29 45
31 47
31 48
26 46
26 49
27 45
30 45
31 46
31 49
25 47
25 48
26 45
32 47
32 48
25 46
25 49
32 46
32 49
25 45
24 47
24 48
24 46
24 49
24 45
0
Yes
11 25
11 26
12 25
12 26
10 25
11 24
12 24
13 25
13 26
10 24
13 24
9 25
9 24
0
Yes
14 36
14 37
13 36
13 37
15 36
15 37
14 35
14 38
13 35
13 38
15 35
15 38
12 36
12 37
16 36
16 37
12 35
12 38
14 34
16 35
16 38
13 34
15 34
11 36
11 37
12 34
16 34
11 38
0
No
0
No
0
No
0
No
0
No
0
No
0
Yes
41 7
40 7
40 6
41 6
42 6
41 5
40 5
42 5
39 6
39 7
39 5
43 5
43 6
38 7
38 6
38 5
40 4
41 4
42 4
39 4
43 4
38 4
37 6
37 5
37 4
43 3
44 3
36 5
36 6
36 4
44 2
43 2
43 1
44 1
45 2
45 3
45 1
45 4
46 4
46 3
46 2
46 1
47 3
47 2
47 4
47 1
44 0
45 0
46 0
43 0
47 0
48 4
48 3
48 2
48 1
48 0
49 3
49 2
0
No
0
Yes
17 17
16 17
16 16
16 18
17 18
15 18
15 17
15 16
15 19
16 19
17 19
14 17
14 18
14 16
14 19
17 20
16 20
15 20
14 20
14 15
15 15
16 15
13 16
13 17
13 18
13 19
16 21
15 21
17 21
14 21
16 14
15 14
14 14
12 17
12 18
12 16
12 19
17 22
16 22
15 22
14 22
15 13
16 13
14 13
11 16
11 17
11 18
11 19
18 22
18 21
18 20
14 12
15 12
16 12
10 17
10 18
10 16
10 19
17 12
17 13
17 14
18 23
17 23
16 23
19 20
19 21
19 22
19 23
10 15
11 15
12 15
9 16
9 17
9 18
9 15
9 19
19 24
18 24
17 24
20 21
20 22
20 23
20 20
20 24
9 14
10 14
11 14
9 20
10 20
11 20
8 17
8 16
8 18
8 15
8 19
8 14
8 20
8 13
9 13
10 13
10 12
9 12
8 12
8 21
9 21
10 21
10 22
9 22
8 22
9 23
8 23
14 11
15 11
9 11
10 11
8 11
7 16
7 17
7 18
7 15
7 19
7 14
7 13
7 20
7 21
7 12
7 11
6 17
6 16
6 18
6 15
6 19
6 14
6 13
6 20
6 12
6 11
6 21
5 16
5 17
5 18
5 15
5 14
5 13
0
No
0
No
0
No
0
No
0
No
0
Yes
9 44
10 44
9 43
9 45
10 43
10 45
8 44
11 44
8 43
8 45
11 43
11 45
9 42
10 42
7 44
8 42
11 42
7 43
7 45
7 42
0
No
0
Yes
29 43
28 43
29 42
29 44
30 43
28 42
28 44
30 42
30 44
27 43
29 41
31 43
27 42
27 44
28 41
30 41
31 42
27 41
31 41
26 43
26 42
26 44
0
No
0
No
0
Yes
49 44
49 45
48 44
48 45
49 43
48 43
49 42
0
No
0
Yes
28 31
28 30
29 30
29 31
30 30
30 31
30 29
29 29
28 29
31 29
31 30
31 31
32 31
32 30
32 29
31 32
32 32
0
No
0
No
0
Yes
42 30
43 30
43 29
44 29
44 30
44 28
43 28
45 30
45 29
45 28
43 27
44 27
45 27
46 29
46 28
46 30
46 27
44 26
45 26
43 26
46 26
47 30
47 29
47 28
47 27
47 26
43 25
44 25
45 25
46 25
47 25
42 25
48 29
48 28
48 27
48 26
48 30
48 25
48 31
44 24
43 24
45 24
46 24
47 24
48 24
49 30
49 29
49 28
49 27
49 26
49 25
49 31
49 24
45 23
46 23
47 23
48 23
49 23
46 22
47 22
48 22
45 22
49 22
44 22
44 21
45 21
46 21
47 21
48 21
49 21
43 21
43 20
44 20
45 20
46 20
47 20
48 20
49 20
44 19
45 19
46 19
47 19
48 19
43 19
49 19
42 19
42 18
43 18
44 18
45 18
46 18
47 18
48 18
49 18
41 18
41 19
40 19
40 18
40 20
39 20
39 19
39 18
38 19
38 18
37 18
37 19
41 17
42 17
43 17
40 17
44 17
39 17
45 17
38 17
37 17
36 17
36 18
35 18
35 17
35 19
34 19
34 18
34 17
34 20
35 20
35 21
34 21
36 21
36 22
35 22
34 22
37 22
35 23
36 23
34 23
34 24
33 24
33 23
33 25
32 25
32 26
33 26
33 27
32 27
33 21
33 20
0
Yes
28 0
27 0
27 1
28 1
27 2
28 2
26 2
26 1
26 0
25 0
25 1
25 2
26 3
27 3
28 3
25 3
24 1
24 2
24 3
24 0
28 4
27 4
26 4
0
No
0
No
0
Yes
32 35
33 35
33 34
34 34
34 35
35 34
35 35
35 33
34 33
33 33
36 33
36 34
36 35
33 32
34 32
35 32
36 32
0
No
0
No
0
No
0
No
0
Yes
30 34
30 33
30 32
29 32
31 32
31 31
30 31
29 31
30 30
29 30
31 30
31 29
30 29
29 29
32 30
32 31
32 32
32 29
28 29
28 30
28 31
0
No
0
No
0
No
0
No
0
No
0
No
0
No
0
Yes
1 2
0 2
0 1
1 1
0 0
1 0
2 0
2 1
2 2
0 3
0
No
0
No
0
No
0
Yes
27 27
27 28
26 27
26 28
28 27
27 26
26 26
28 26
25 27
25 26
0
Yes
32 42
31 42
31 41
31 43
32 43
30 43
30 42
30 41
29 42
29 41
29 43
28 43
28 42
28 41
27 42
27 41
27 43
28 44
27 44
29 44
30 44
0
Yes
2 16
3 16
2 15
2 17
3 15
3 17
1 16
4 16
1 15
1 17
4 15
4 17
2 14
2 18
3 14
3 18
0 16
1 14
4 14
4 18
0 15
0 17
2 13
3 13
0 14
1 13
4 13
0 13
0
Yes
42 7
42 8
41 8
43 8
43 7
44 7
44 8
41 9
42 9
43 9
44 9
40 9
40 8
42 10
41 10
43 10
40 10
44 10
39 8
39 9
39 10
45 8
45 7
41 11
42 11
43 11
40 11
44 11
39 11
38 9
38 10
38 8
38 11
42 12
41 12
43 12
40 12
39 12
44 12
38 12
45 11
45 12
37 8
37 9
37 10
37 11
37 12
37 7
41 13
42 13
43 13
40 13
44 13
39 13
38 13
37 13
36 9
36 8
36 10
36 11
36 12
36 13
46 12
42 14
41 14
43 14
40 14
39 14
38 14
37 14
44 14
36 14
35 8
35 9
35 10
35 11
35 12
35 13
35 14
45 14
41 15
42 15
43 15
40 15
44 15
39 15
38 15
37 15
36 15
45 15
35 15
34 9
34 10
34 11
34 12
34 8
42 16
41 16
43 16
40 16
44 16
39 16
38 16
37 16
36 16
35 16
33 10
33 9
33 11
33 12
34 14
34 15
34 16
33 16
33 17
32 17
32 16
32 15
31 15
31 16
32 18
33 18
30 16
30 15
33 19
32 19
29 15
29 16
30 17
29 17
28 16
28 15
28 17
29 18
30 18
0
No
0
No
0
No
0
No
0
No
0
No
0
No
0
No
0
No
0
No
0
Yes
2 15
2 16
3 15
3 16
1 15
1 16
2 14
2 17
3 14
3 17
4 15
4 16
1 14
1 17
4 14
4 17
0 15
0 16
2 13
2 18
3 13
3 18
0 14
0 17
1 13
4 13
4 18
0 13
2 12
3 12
1 12
4 12
0 12
0
No
0
No
0
Yes
19 15
20 15
19 14
19 16
20 14
20 16
18 15
18 14
18 16
19 13
19 17
20 13
20 17
18 13
18 17
19 12
18 12
0
No
0
No
0
Yes
24 16
23 16
24 15
24 17
25 16
23 15
23 17
25 15
25 17
22 16
24 14
26 16
22 15
22 17
23 14
25 14
26 15
26 17
22 14
26 14
21 16
21 15
21 17
21 14
0
Yes
27 20
27 21
26 21
28 21
28 20
28 22
27 22
26 22
29 22
29 21
29 20
27 23
28 23
26 23
29 23
30 20
30 21
30 22
30 23
25 23
25 22
25 21
26 24
27 24
28 24
25 24
29 24
31 21
31 22
30 19
29 19
28 19
24 21
24 22
24 23
24 24
27 25
26 25
28 25
25 25
24 25
23 22
23 23
23 24
23 21
23 25
26 26
25 26
27 26
24 26
28 26
23 26
22 21
22 22
22 23
22 24
22 25
22 26
22 20
23 20
24 20
27 27
26 27
25 27
24 27
23 27
22 27
28 27
21 20
21 21
21 22
24 28
23 28
27 28
26 28
21 26
0
Yes
12 30
11 30
10 30
10 29
10 31
9 29
9 30
9 31
9 28
9 32
8 30
8 29
8 31
8 28
8 32
8 33
9 33
7 29
7 30
7 31
7 32
7 28
7 33
7 27
6 30
6 29
6 31
6 28
6 32
6 27
6 33
5 29
5 30
5 31
5 32
5 27
4 30
4 31
4 32
3 31
3 30
2 30
2 29
1 29
1 28
2 28
0 28
0 29
0 30
0 27
1 27
1 26
0 26
0 25
1 25
2 25
2 24
1 24
0 24
3 24
3 23
2 23
1 23
0 23
4 23
4 24
2 22
3 22
0
No
0
No
0
No
0
No
0
No
0
No
0
Yes
21 19
20 19
21 18
22 19
20 18
22 18
19 19
19 18
0
Yes
47 6
47 7
48 7
48 8
47 8
46 8
49 8
49 7
49 6
46 9
49 9
48 9
48 10
49 5
49 4
48 4
48 3
49 3
47 3
47 4
46 4
46 3
45 3
45 4
47 2
46 2
48 2
45 2
49 2
44 2
44 3
43 3
43 2
43 4
46 1
47 1
48 1
45 1
44 1
49 1
43 1
42 4
42 5
43 5
43 6
42 6
41 6
41 5
41 4
47 0
46 0
48 0
45 0
44 0
49 0
43 0
41 7
40 5
40 6
40 7
40 4
39 6
39 5
39 7
39 4
38 5
38 6
38 7
38 4
37 6
37 5
37 4
36 5
36 6
36 4
35 5
34 5
0
Yes
12 40
13 40
11 40
11 41
12 39
13 39
11 39
0
No
0
No
0
Yes
25 25
26 25
25 24
25 26
26 24
26 26
24 25
27 25
24 24
24 26
27 24
27 26
25 23
25 27
26 23
26 27
23 25
24 23
24 27
27 23
27 27
28 25
23 24
23 26
28 24
28 26
25 22
26 22
23 23
23 27
28 23
28 27
24 22
27 22
22 25
22 24
22 26
23 22
28 22
22 23
22 27
0
No
0
Yes
0 11
0 12
1 12
1 11
2 12
2 11
2 13
1 13
0 13
0 14
1 14
2 14
3 13
3 12
3 11
3 14
1 15
2 15
0 15
3 15
4 11
4 12
4 13
4 14
4 15
0 16
1 16
2 16
3 16
4 16
5 12
5 13
5 14
5 15
5 11
5 16
1 17
2 17
3 17
4 17
5 17
0 17
6 11
6 12
6 13
6 14
6 15
6 16
6 17
2 18
3 18
4 18
5 18
6 18
7 12
7 13
7 14
7 15
7 16
7 17
7 11
7 18
3 19
4 19
5 19
6 19
7 19
7 10
6 10
5 10
8 11
8 12
8 13
8 14
8 15
8 16
8 17
8 18
8 19
8 10
4 20
5 20
6 20
7 20
8 20
9 12
9 13
9 14
9 15
9 16
9 17
9 18
9 11
9 19
9 20
6 21
7 21
8 21
9 21
10 11
10 12
10 13
10 14
10 15
10 16
10 17
10 18
10 19
10 20
10 21
8 22
9 22
10 22
11 14
11 15
11 16
11 17
11 18
11 19
11 20
12 15
12 16
12 17
12 18
12 19
0
No
0
No
0
No
0
Yes
40 13
40 14
39 13
39 14
41 13
41 14
40 12
40 15
39 12
39 15
41 12
41 15
38 13
38 14
42 13
42 14
38 12
38 15
40 11
40 16
42 12
42 15
39 11
39 16
41 11
41 16
37 13
37 14
43 13
43 14
38 11
38 16
42 11
42 16
37 12
37 15
43 12
43 15
40 10
39 10
41 10
37 11
37 16
43 11
43 16
36 13
36 14
38 10
42 10
44 13
44 14
36 12
36 15
44 12
44 15
37 10
43 10
36 11
36 16
44 11
44 16
35 13
35 14
35 12
35 15
36 10
44 10
0
No
0
Yes
16 20
15 20
15 19
16 19
15 21
16 21
17 19
17 20
17 21
16 18
15 18
17 18
16 22
15 22
17 22
18 20
18 19
18 21
18 18
18 22
14 19
14 20
14 21
14 18
14 22
15 17
16 17
17 17
14 17
17 23
16 23
18 23
19 21
19 20
19 22
19 23
13 18
13 19
13 17
16 16
15 16
14 16
13 16
20 20
20 21
20 22
20 23
18 24
17 24
19 24
20 24
15 15
14 15
16 15
21 21
21 22
21 20
16 14
15 14
14 14
22 20
22 21
22 22
17 14
15 13
16 13
17 13
14 13
23 21
23 20
16 12
15 12
17 12
14 12
24 20
24 21
15 11
14 11
25 21
15 10
26 21
15 9
14 9
14 8
15 8
16 8
13 8
13 9
15 7
14 7
13 7
0
No
0
No
0
No
0
Yes
39 14
38 14
38 13
39 13
38 12
39 12
40 12
40 13
40 14
37 12
37 13
37 14
40 15
39 15
38 15
37 15
41 14
41 13
41 15
41 12
40 11
39 11
38 11
37 11
41 11
36 14
36 13
36 12
36 15
36 11
39 16
38 16
40 16
37 16
41 16
36 16
42 13
42 14
42 15
42 12
42 16
42 11
39 10
38 10
40 10
37 10
41 10
36 10
42 10
35 13
35 14
35 12
35 15
35 11
35 16
35 10
43 14
43 13
43 12
43 15
43 11
43 16
43 10
38 9
39 9
40 9
37 9
41 9
36 9
42 9
35 9
43 9
34 14
34 15
34 16
34 12
34 11
34 10
34 9
44 13
44 14
44 12
44 11
44 15
44 10
44 9
44 16
39 8
38 8
40 8
37 8
41 8
36 8
42 8
43 8
44 8
35 8
34 8
33 11
33 10
33 9
33 12
45 14
45 15
45 12
45 11
42 7
43 7
44 7
45 8
45 7
33 16
33 17
32 17
32 16
32 15
31 15
31 16
0
No
0
No
0
Yes
24 15
23 15
24 14
24 16
25 15
23 14
23 16
25 14
25 16
22 15
24 13
24 17
26 15
22 14
22 16
23 13
23 17
25 13
25 17
26 14
26 16
22 13
22 17
26 13
26 17
21 15
24 12
21 14
21 16
23 12
25 12
21 13
21 17
22 12
26 12
21 12
0
No
0
Yes
10 41
9 41
9 40
10 40
9 39
10 39
8 39
8 40
8 41
7 41
7 40
7 39
8 38
9 38
10 38
7 38
6 40
6 39
6 38
6 41
10 37
9 37
8 37
7 37
6 37
5 39
5 38
5 37
9 36
8 36
7 36
6 36
10 36
5 36
4 38
4 37
4 39
4 36
10 35
9 35
8 35
7 35
6 35
5 35
4 35
3 39
3 38
3 37
3 36
3 35
9 34
8 34
7 34
6 34
5 34
4 34
3 34
2 38
2 37
2 36
2 35
2 39
2 34
8 33
7 33
6 33
5 33
4 33
9 33
3 33
1 39
0
Yes
17 35
17 36
17 37
17 38
18 35
18 36
18 37
18 38
19 35
19 36
19 37
19 38
20 35
20 36
0
Yes
23 28
23 27
22 27
24 27
24 28
24 26
23 26
22 26
23 25
22 25
24 25
24 24
23 24
22 24
25 25
25 26
25 27
25 24
23 23
24 23
25 23
22 23
26 27
26 26
26 25
26 24
26 23
24 22
25 22
26 22
23 22
27 26
27 25
27 24
27 23
27 27
27 22
28 27
28 26
28 25
28 24
28 23
28 22
29 24
29 23
29 22
30 23
30 22
29 21
28 21
27 21
30 21
27 20
28 20
29 20
30 20
28 19
29 19
30 19
0
Yes
3 9
2 9
2 8
3 8
2 10
4 8
3 7
2 7
4 7
1 8
1 9
1 10
1 7
5 7
5 8
5 9
0 9
0 8
0 10
0 7
6 9
6 8
6 7
2 6
3 6
4 6
1 6
5 6
0 6
6 6
4 5
5 5
6 5
7 6
7 5
5 4
6 4
4 4
7 4
4 3
5 3
6 3
7 3
3 3
8 5
8 4
8 6
8 3
3 2
4 2
5 2
6 2
7 2
2 2
2 3
9 4
9 5
9 3
2 1
3 1
4 1
5 1
10 5
10 4
10 3
1 1
1 2
0 2
0 1
0 3
3 0
2 0
4 0
1 0
5 0
0 0
11 4
11 5
11 3
11 6
6 0
12 6
12 5
12 4
12 3
12 7
11 7
11 8
13 5
13 4
13 3
12 2
13 2
14 4
14 3
14 2
13 1
12 1
14 1
12 0
13 0
14 0
15 3
15 2
15 1
15 4
15 0
15 5
16 2
16 3
16 1
16 0
17 1
17 2
17 0
18 2
18 1
18 0
18 3
19 3
19 2
19 4
18 4
20 4
0
No
0
No
0
Yes
49 44
49 45
48 44
48 45
49 43
48 43
0
No
0
Yes
34 8
34 9
33 9
35 9
35 8
36 8
36 9
33 10
34 10
35 10
36 10
34 11
35 11
33 11
36 11
37 9
37 10
37 8
37 11
37 7
38 8
38 9
38 10
38 11
33 12
34 12
35 12
36 12
37 12
38 12
35 13
36 13
37 13
38 13
39 9
39 10
39 11
39 12
39 8
39 13
40 8
40 9
40 10
40 11
40 12
40 13
36 14
37 14
38 14
39 14
35 14
40 14
34 14
34 15
35 15
36 15
37 15
38 15
39 15
40 15
41 9
41 10
41 11
41 12
41 13
41 14
41 8
41 15
42 8
42 9
42 10
42 11
42 12
42 13
42 14
42 15
35 16
36 16
37 16
38 16
39 16
40 16
41 16
34 16
42 16
33 16
42 7
33 17
43 7
43 8
43 9
43 10
43 11
43 12
43 13
43 14
43 15
43 16
32 17
32 16
32 15
31 15
31 16
30 16
30 15
29 15
29 16
30 17
29 17
28 16
28 15
28 17
44 8
44 9
44 10
44 11
44 12
44 13
44 14
44 15
44 7
44 16
32 18
33 18
33 19
32 19
45 7
45 8
29 18
30 18
0
No
0
Yes
7 30
6 30
6 29
7 29
6 28
7 28
8 28
8 29
8 30
8 31
7 31
6 31
9 30
9 29
9 31
9 28
7 32
6 32
8 32
9 32
5 31
5 30
5 32
5 29
0
No
0
No
0
Yes
25 42
26 42
26 43
27 43
27 42
27 41
27 44
26 44
28 42
28 43
28 41
28 44
28 40
27 40
26 40
26 39
27 39
28 39
25 39
29 41
29 42
29 43
29 44
27 38
28 38
30 42
30 43
30 41
30 44
29 38
28 37
27 37
26 37
26 36
25 36
31 41
31 42
31 43
25 35
26 35
32 42
32 43
24 35
27 35
24 34
25 34
26 34
27 34
23 34
23 35
25 33
24 33
26 33
23 33
27 33
22 33
22 34
24 32
25 32
26 32
23 32
23 31
24 31
22 31
22 30
21 30
21 31
21 29
20 29
20 30
0
Yes
10 41
9 41
9 40
10 40
9 39
10 39
8 39
8 40
8 41
7 41
7 40
7 39
8 38
9 38
10 38
7 38
6 40
6 39
6 38
6 41
10 37
9 37
8 37
7 37
6 37
5 39
5 38
5 37
9 36
8 36
7 36
6 36
10 36
5 36
4 38
4 37
4 39
4 36
10 35
9 35
8 35
7 35
6 35
5 35
4 35
3 39
3 38
3 37
3 36
3 35
9 34
8 34
7 34
6 34
5 34
4 34
3 34
2 38
2 37
2 36
2 35
2 39
2 34
8 33
7 33
6 33
5 33
4 33
3 33
9 33
1 39
1 38
1 37
1 36
0
Yes
34 49
33 49
33 48
34 48
33 47
34 47
35 48
35 49
0
No
0
No
0
Yes
26 2
27 2
26 1
26 3
27 1
27 3
25 2
28 2
25 1
25 3
28 1
28 3
26 0
27 0
24 2
25 0
28 0
24 1
24 3
24 0
0
No
0
Yes
17 20
18 20
17 19
17 21
18 19
18 21
16 20
19 20
16 19
16 21
19 19
19 21
17 18
17 22
18 18
18 22
15 20
16 18
16 22
19 18
19 22
20 20
15 19
15 21
20 19
20 21
17 17
18 17
15 18
15 22
20 18
20 22
16 17
19 17
14 20
14 19
14 21
15 17
20 17
14 18
14 22
14 17
0
Yes
0 42
0 41
1 41
1 42
2 41
2 42
2 43
1 43
0 43
2 40
1 40
0 40
0 44
1 44
2 44
3 43
3 42
3 41
3 40
3 44
1 45
2 45
3 45
0 45
4 42
4 43
4 41
4 44
4 40
4 45
2 46
3 46
4 46
5 41
5 42
5 43
5 44
5 45
5 40
5 46
3 47
4 47
6 42
6 43
6 44
6 45
7 43
7 44
7 42
0
No
0
No
0
No
0
No
0
Yes
10 31
9 31
9 30
10 30
9 29
10 29
8 29
8 30
8 31
7 31
7 30
7 29
6 30
6 31
6 29
7 32
6 32
8 32
9 32
7 28
6 28
8 28
9 28
5 29
5 30
0
Yes
30 30
30 31
31 30
31 31
29 30
29 31
30 29
31 29
32 30
32 31
29 29
32 29
28 30
28 31
28 29
0
Yes
13 7
13 8
13 9
14 7
14 8
14 9
15 7
15 8
15 9
0
Yes
40 43
40 42
39 42
41 42
41 41
40 41
39 41
40 40
39 40
41 40
41 39
40 39
39 39
42 40
42 41
42 42
42 39
42 38
41 38
40 38
43 42
43 41
43 40
43 39
44 41
44 40
44 42
44 39
44 43
43 43
42 43
45 40
45 39
44 44
43 44
44 38
45 38
45 44
45 45
44 45
38 41
38 39
41 37
45 37
44 46
43 46
43 47
44 47
45 47
38 38
46 45
46 40
37 41
42 46
0
Yes
14 14
14 13
15 13
15 14
16 13
16 14
16 15
15 15
14 15
16 12
15 12
14 12
14 16
15 16
16 16
15 11
14 11
17 12
17 13
17 14
18 14
18 13
18 12
19 13
19 14
19 12
20 13
20 14
20 15
19 15
18 15
18 16
19 16
0
No
0
No
0
No
0
Yes
12 25
13 25
12 24
12 26
13 24
13 26
11 25
11 24
11 26
0
Yes
19 24
18 24
19 23
20 24
18 23
20 23
17 24
17 23
0
Yes
17 44
16 44
16 45
17 45
15 45
15 44
15 43
15 46
16 46
14 44
14 45
14 46
16 47
15 47
17 47
13 45
13 44
13 46
12 44
12 45
13 47
12 43
11 43
11 44
11 45
11 42
11 46
10 44
10 43
10 45
10 42
10 46
10 41
11 41
11 40
10 40
12 40
12 39
11 39
10 39
13 39
13 40
10 47
9 43
9 44
9 45
9 42
9 46
9 41
9 40
9 39
8 44
8 43
8 45
8 42
8 41
8 40
8 39
10 38
9 38
8 38
7 45
7 41
7 40
7 39
7 38
9 37
8 37
10 37
7 37
10 36
9 36
8 36
7 36
6 40
6 39
6 38
6 37
6 41
6 36
9 35
8 35
7 35
10 35
6 35
5 39
5 38
5 37
5 36
5 35
8 34
9 34
7 34
6 34
5 34
9 33
8 33
7 33
6 33
5 33
4 38
4 37
4 36
4 35
4 34
4 39
4 33
3 39
3 38
3 37
3 36
3 35
3 34
3 33
2 38
2 37
2 36
2 35
2 34
2 39
1 39
1 38
1 37
1 36
1 35
1 34
5 32
4 32
0 38
0 37
0 36
0 35
0 39
0 34
4 31
5 31
3 31
3 30
4 30
0 33
0
Yes
35 16
34 16
34 15
35 15
34 14
35 14
36 14
36 15
36 16
37 16
37 15
37 14
38 15
38 16
38 14
37 13
36 13
35 13
38 13
39 14
39 15
39 16
39 13
35 12
36 12
37 12
38 12
39 12
40 16
40 15
40 14
40 13
40 12
36 11
37 11
38 11
39 11
35 11
40 11
41 15
41 14
41 13
41 12
41 16
41 11
35 10
36 10
37 10
38 10
39 10
40 10
41 10
42 16
42 15
42 14
42 13
42 12
42 11
42 10
34 10
34 11
34 12
36 9
37 9
38 9
39 9
40 9
35 9
41 9
34 9
42 9
33 12
33 11
33 10
33 9
43 15
43 14
43 13
43 12
43 11
43 10
43 16
43 9
35 8
36 8
37 8
38 8
39 8
40 8
41 8
42 8
43 8
34 8
44 16
44 15
44 14
44 13
44 12
44 11
44 10
0
Yes
45 0
45 1
45 2
45 3
45 4
46 0
46 1
46 2
46 3
46 4
47 0
47 1
47 2
47 3
47 4
48 0
48 1
48 2
48 3
48 4
49 0
49 1
49 2
0
Yes
37 10
36 10
36 9
37 9
36 8
37 8
38 8
38 9
38 10
35 8
35 9
35 10
38 11
37 11
36 11
35 11
39 10
39 9
39 11
39 8
34 10
34 9
34 11
34 8
37 12
36 12
38 12
35 12
39 12
34 12
40 9
40 10
40 11
40 8
40 12
39 7
38 7
37 7
40 7
33 11
33 10
33 9
33 12
36 13
37 13
38 13
35 13
39 13
40 13
41 10
41 9
41 11
41 8
41 12
41 7
41 13
37 6
38 6
39 6
40 6
41 6
37 14
38 14
39 14
36 14
40 14
35 14
41 14
42 9
42 10
42 11
42 8
42 12
42 7
42 13
42 6
42 14
38 5
39 5
40 5
41 5
37 5
42 5
36 15
37 15
38 15
39 15
40 15
41 15
35 15
42 15
43 10
43 9
43 11
43 8
43 12
43 7
43 13
43 6
43 14
43 5
43 15
37 4
38 4
39 4
40 4
41 4
42 4
43 4
37 16
38 16
39 16
40 16
41 16
36 16
42 16
35 16
43 16
36 4
36 5
36 6
44 9
44 10
44 11
44 12
44 13
44 14
44 8
44 7
44 15
44 16
0
Yes
45 29
44 29
44 28
45 28
44 27
45 27
46 27
46 28
46 29
43 27
43 28
43 29
46 30
45 30
44 30
43 30
47 29
47 28
47 30
47 27
46 26
45 26
44 26
43 26
47 26
45 31
44 31
46 31
43 31
47 31
48 28
48 29
48 30
48 27
48 31
48 26
45 25
46 25
44 25
47 25
43 25
48 25
44 32
45 32
46 32
47 32
43 32
48 32
49 29
49 28
49 30
49 27
49 31
49 26
49 32
49 25
44 24
45 24
46 24
47 24
48 24
49 24
43 24
45 33
46 33
47 33
44 33
48 33
43 33
49 33
42 32
42 31
42 33
42 30
45 23
46 23
47 23
48 23
49 23
44 34
45 34
46 34
47 34
48 34
49 34
41 33
41 32
41 31
46 22
