50 1000 0.099
..........................#.#.##.##...............
..........................########................
..........................#####...#.##............
....#....................#####....#.##............
...##....................##.#.....####........###.
..####...................#.........####........##.
#####............................####.#........#..
#########........................########..##.####
######.###.............#.........###..##....#..###
##########.......###..##..........##..##...##.####
.#.###.#.###.....######...............##....###.##
######..###........#####....................###.##
#.##.##..####......#####.....................##..#
########.####......####.#..#.....................#
..##########.......##########.....................
...#########..##........####............#.###.....
..#######...####.......#.#..............#####.....
...#####....##.........####..............####.....
...###########........#####.............#..####...
...#####.######.......#####.............#####.....
....#####.#.#.........#.###..............####.....
....####...#.#........###................##.#.....
....##.#...####.......#.##......................#.
....#.....########..........................#####.
...........#.#####...........................#####
............######.#........................#####.
...............#####................#......#####..
...............###.#............#..###....#####...
.............#####.####........#######.#...####...
...............#######.........##########...#.....
............#.#######.###........#########........
............###..#.####.#..........##.#####.......
............###..###..#............#...###........
.....#.......###..#....................##.........
....###.#....##........................#..........
..#####.####......................................
...########.#....##...............................
....#######.##.###.##.............................
....###.######.######.............#.#.............
...#########..####.###...........####.............
.......###..###########.........####..............
......##...###.########....###..####..............
.......#...#.#..#.#.##..#..###.....###..........##
...................######.######...#####....##.###
....................#..########.....##.......#####
.......................#######......#.#....####...
..........................##......######....###...
..........................###.....####...#####....
..........................#........#.#...#.##.....
...................................#..............
0 165 931 86 25614
1 222 7139 49 332324
2 377 3397 9 10418
3 405 14024 35 851461
4 543 3683 17 34332
5 797 2134 9 7201
6 920 19260 148 1543261
7 993 2910 47 42546
8 1023 30552 6 42655
9 1170 2762 104 67274
10 1190 6944 142 189957
11 1301 2295 25 6369
12 1582 6703 96 474334
13 1628 3115 65 61310
14 1692 24331 73 340550
15 1761 10913 85 403127
16 1803 3316 4 3637
17 1844 4061 143 154484
18 1975 17031 11 46031
19 2144 8754 28 61489
20 2443 6694 131 192289
21 2661 7128 136 142395
22 2688 44711 21 497548
23 2721 3478 22 6556
24 2733 16205 7 31847
25 2734 5880 85 41551
26 2927 14395 54 239991
27 3179 3694 70 47635
28 3193 4583 14 5510
29 3201 9573 25 81152
30 3356 4089 29 3455
31 3412 37124 7 131999
32 3457 4847 8 3211
33 3503 20694 45 339473
34 3521 13294 29 70324
35 3609 7626 77 164072
36 3615 5840 130 262966
37 3698 19234 4 66660
38 3753 4380 4 1574
39 3785 6584 24 47455
40 3788 16530 140 546235
41 3839 4548 57 5424
42 3984 17151 36 77325
43 4167 18307 26 173383
44 4295 27567 135 526587
45 4397 6753 74 41561
46 4469 10666 33 125761
47 4731 7888 17 10640
48 4751 7796 10 15819
49 4779 22400 106 560174
50 4829 55058 119 1724812
51 4851 6282 57 29667
52 4871 12978 31 27654
53 4921 7574 49 49094
54 4931 21161 66 201922
55 5082 7463 100 164541
56 5261 5421 91 24239
57 5301 17837 40 103097
58 5344 15255 14 30395
59 5384 8735 124 288750
60 5499 10058 57 91921
61 5532 10939 53 65537
62 5759 7987 62 81762
63 5798 6583 68 15029
64 5933 6450 24 5287
65 5951 19616 72 258525
66 5980 6745 146 73739
67 6127 6586 20 1309
68 6162 7918 137 97086
69 6194 19645 127 681801
70 6469 12934 8 15707
71 6511 10921 17 34475
72 6605 9353 76 35433
73 6698 14369 53 260892
74 6734 11299 33 58749
75 6737 7973 6 6480
76 6767 6933 145 16999
77 6776 13903 33 175603
78 6974 8502 128 65896
79 7000 9973 102 146113
80 7153 24976 67 559263
81 7163 13158 31 128283
82 7392 23776 150 1695806
83 7427 12836 43 75599
84 7455 8054 131 53784
85 7495 7804 24 3641
86 7588 8374 8 2817
87 8152 23446 56 323692
88 8191 11975 73 306136
89 8230 20875 117 878352
90 8361 14510 142 262664
91 8382 17838 25 149105
92 8560 11034 80 67393
93 8567 18774 100 543833
94 8642 11896 69 168977
95 8644 23315 9 66973
96 8720 25539 26 612081
97 9053 10443 31 13942
98 9069 10245 57 35494
99 9108 9359 8 1662
100 9112 10852 37 57228
101 9184 14141 144 300900
102 9607 15039 47 112033
103 9630 21160 119 437523
104 9657 9812 134 6221
105 9693 12494 6 10389
106 9700 16737 43 136076
107 9843 15858 102 286680
108 9932 14463 32 49467
109 10002 18308 70 362750
110 10088 27092 10 16568
111 10177 14313 10 6854
112 10477 14965 89 157187
113 10505 24662 129 1026499
114 10563 40513 93 650204
115 10622 18371 14 55566
116 10812 33211 10 70971
117 10937 12259 145 86599
118 10964 19557 15 100734
119 11101 11572 134 12830
120 11235 21935 46 255331
121 11263 15203 13 8909
122 11647 15863 50 58453
123 11721 26110 109 438719
124 11736 25008 85 238228
125 11758 29393 117 682387
126 11780 22062 133 367134
127 11965 12321 48 5056
128 12126 13819 55 94881
129 12251 18980 15 45938
130 12787 17925 9 33165
131 12921 14774 24 9673
132 13049 14760 42 61004
133 13059 28088 17 45519
134 13106 19683 43 168686
135 13112 15817 115 229151
136 13318 19103 32 35315
137 13388 14096 56 41782
138 13392 15462 24 12188
139 13397 13823 149 30928
140 13420 19410 7 12634
141 13425 16980 15 14602
142 13451 19851 150 464582
143 13632 20259 97 205981
144 13826 15870 76 84473
145 13857 25570 44 130537
146 13988 32374 73 1212542
147 14084 19561 22 41085
148 14097 20108 9 19342
149 14171 14940 73 38807
150 14204 27487 64 1010067
151 14226 14879 12 4672
152 14307 28199 110 992283
153 14337 22344 112 261233
154 14466 26561 78 298225
155 14767 24904 12 155871
156 15014 24179 40 164475
157 15062 16712 83 63669
158 15072 18016 109 146675
159 15078 19706 136 163860
160 15100 18803 32 31106
161 15193 24600 19 112460
162 15227 15567 108 27825
163 15464 18230 76 117828
164 15478 21087 16 60581
165 15506 45789 116 903094
166 15685 15844 12 705
167 15739 17235 144 172682
168 15742 15840 53 12161
169 15999 24147 33 95799
170 16169 19404 4 12216
171 16240 35297 96 285840
172 16301 29483 89 419044
173 16318 34057 40 118752
174 16494 17697 127 79686
175 16528 16867 40 28144
176 16542 23683 9 27591
177 16600 32547 54 395926
178 16750 22873 116 264077
179 16789 52346 23 197787
180 16871 24366 101 359347
181 16938 19810 107 137534
182 17032 29370 148 449267
183 17091 20826 81 123016
184 17404 31635 108 307731
185 17527 18820 12 2513
186 17811 26359 18 175469
187 17844 20568 8 30391
188 18010 18178 15 1706
189 18137 21149 41 40022
190 18147 20160 115 171518
191 18210 19409 90 55662
192 18328 31475 88 1074923
193 18348 37905 131 2063143
194 18365 26972 82 301646
195 18623 27770 46 156620
196 18695 20397 40 52032
197 18706 18757 4 82
198 18835 36531 7 28230
199 18837 20065 63 70342
200 18977 22796 39 58061
201 19072 23559 14 17477
202 19350 20429 48 32525
203 19369 23689 46 81655
204 19491 32168 5 21456
205 19690 23611 17 70946
206 19746 26563 17 106497
207 19750 21606 67 82460
208 19937 26857 137 226000
209 19956 31368 23 180608
210 20031 20424 56 21023
211 20204 23375 47 129431
212 20292 36412 38 196822
213 20349 24894 10 23143
214 20434 21064 56 19694
215 20511 27922 7 31619
216 20594 31504 94 257087
217 20810 26921 6 40188
218 20840 32924 130 879913
219 20900 33756 53 119364
220 21035 28628 100 562733
221 21085 24579 133 143538
222 21185 30544 12 49504
223 21212 67214 120 2028511
224 21272 23086 23 23695
225 21326 28258 7 15286
226 21330 40952 36 509051
227 21434 21999 112 37182
228 21487 21868 28 6752
229 21663 25833 20 46381
230 21708 24526 10 17592
231 21830 22714 6 904
232 21850 35395 49 228676
233 22143 30928 39 245850
234 22158 23480 5 4381
235 22226 33522 31 346234
236 22285 26937 79 430821
237 22398 31040 107 204678
238 22587 23256 18 7235
239 22620 30373 139 725104
240 22756 24016 43 46616
241 22762 24305 23 51305
242 22804 35633 45 206784
243 22921 23111 73 7658
244 23063 25078 79 133266
245 23096 35931 4 30564
246 23153 31055 45 105502
247 23180 33486 126 380219
248 23269 30549 70 130040
249 23285 41601 19 55771
250 23291 29658 21 131626
251 23292 25448 66 43669
252 23295 33761 53 448924
253 23508 27667 25 82194
254 23749 25449 22 33614
255 23810 25969 21 36634
256 23823 26458 37 58291
257 23947 26507 82 194673
258 23994 29019 59 66887
259 24091 33415 84 420016
260 24119 32012 96 374238
261 24304 39429 105 888796
262 24423 34790 17 89016
263 24437 33400 90 466900
264 24445 25789 7 4633
265 24584 33506 25 86892
266 24587 32278 54 228404
267 24838 25028 132 13994
268 24955 30100 124 213110
269 24959 40839 121 597705
270 25053 33794 24 256245
271 25277 30701 61 82285
272 25290 42586 127 311307
273 25841 26369 18 7667
274 25992 38586 10 86950
275 26027 38466 47 183905
276 26065 26791 32 18901
277 26172 37247 23 146375
278 26275 40349 85 914828
279 26493 28865 28 45916
280 26630 28417 25 36558
281 26758 31074 98 117419
282 26816 26922 97 12970
283 26920 34902 139 477088
284 26977 34056 104 304855
285 27002 38651 124 310471
286 27082 37927 6 27434
287 27113 31453 50 101422
288 27125 62994 17 240446
289 27448 44915 31 238293
290 27532 27984 12 1144
291 27558 30934 25 22889
292 27564 57204 60 305663
293 27675 42746 6 34186
294 27715 31474 50 55899
295 27763 29897 120 370033
296 27768 67391 10 244715
297 27831 50393 76 826743
298 28043 35734 83 403387
299 28047 29111 72 47173
300 28141 30779 74 117785
301 28149 28793 19 3128
302 28170 49294 81 469896
303 28254 28399 47 2899
304 28275 30109 53 38650
305 28381 36051 54 550955
306 28443 41053 45 198031
307 28490 28901 61 14148
308 28540 34324 53 170958
309 28815 30093 84 61114
310 29026 38408 117 520012
311 29121 33449 65 86086
312 29170 34063 136 262070
313 29329 30750 71 59831
314 29500 37322 12 20607
315 29723 42706 97 661510
316 29735 32287 50 68043
317 29801 31893 113 78770
318 29844 31256 21 10058
319 29900 32272 49 73664
320 29912 56766 14 115074
321 29937 31846 39 52160
322 29961 32517 125 217649
323 30060 51684 38 225829
324 30301 38036 18 70194
325 30678 42738 120 479249
326 30729 45475 25 114246
327 31048 33061 30 59833
328 31114 52401 150 4506172
329 31281 32462 22 19642
330 31312 39053 136 223058
331 31313 41604 44 80052
332 31314 35915 19 48406
333 31353 47346 66 272489
334 31375 33795 5 14103
335 31397 32636 84 43739
336 31402 45770 11 59187
337 31711 47376 4 14376
338 31725 33533 92 135005
339 31743 38334 41 113534
340 31764 32874 121 110683
341 31785 41563 43 342660
342 31822 32339 123 43887
343 31857 32695 82 43106
344 31953 36781 51 82569
345 31975 35414 10 19465
346 32217 43565 19 43745
347 32522 38611 47 86006
348 32551 33337 113 50704
349 32603 32818 13 1011
350 32745 35488 137 184390
351 32748 45035 130 1180908
352 32904 37929 41 85603
353 32909 46445 5 20361
354 33135 34334 68 23990
355 33221 54522 30 347959
356 33256 45428 99 398093
357 33299 41058 29 85314
358 33338 44119 9 28591
359 33371 36606 65 79152
360 33422 35448 94 73561
361 33462 34211 8 1009
362 33530 48010 119 185551
363 33639 34165 10 661
364 33952 39550 18 74203
365 33963 46981 24 52970
366 34005 52794 78 291388
367 34047 35434 96 67386
368 34080 42159 110 273392
369 34186 34688 61 6941
370 34302 37765 40 89842
371 34403 50900 54 418241
372 34448 44779 85 730741
373 34451 41834 61 162440
374 34562 36126 37 11946
375 34629 42630 88 178046
376 34704 36906 29 21596
377 34762 49836 144 451815
378 34945 40312 16 30563
379 34965 38061 143 250225
380 34968 44705 61 187837
381 34971 39207 100 129991
382 35103 43905 124 570709
383 35472 43900 66 230881
384 35610 42156 45 107564
385 35736 35983 23 3707
386 35980 60146 10 31770
387 36140 43809 135 364278
388 36228 36420 71 7363
389 36322 48564 10 21089
390 36335 37777 36 18916
391 36490 44216 14 25189
392 36579 52825 64 559826
393 36712 38978 23 49085
394 37011 43859 40 68254
395 37143 59789 66 763173
396 37197 40177 141 67494
397 37499 52941 128 669473
398 37530 55014 11 69764
399 37637 48517 15 99958
400 37652 39648 133 93705
401 37669 38080 136 56417
402 37881 47020 147 848227
403 37925 48748 140 540069
404 38056 46472 128 542206
405 38483 38778 74 6470
406 38504 44495 93 181912
407 38547 39590 29 21985
408 38583 49157 7 37849
409 38706 39878 142 76150
410 38965 41629 22 62408
411 39063 39980 15 13489
412 39117 61688 9 113190
413 39184 41534 29 25038
414 39205 56697 21 659489
415 39226 41353 24 44246
416 39295 39895 8 2074
417 39321 46149 46 249020
418 39386 44321 80 218291
419 39510 42678 61 109312
420 39589 43092 57 137583
421 39701 40068 125 22439
422 39860 44063 133 286912
423 39892 44165 55 99779
424 40142 52293 138 476904
425 40168 41438 4 1906
426 40243 50023 37 92165
427 40270 40968 15 7179
428 40375 41697 32 51055
429 40429 46830 18 38097
430 40624 41513 11 6618
431 40759 49453 13 41867
432 40857 46298 142 297619
433 41041 69034 96 1867849
434 41044 62600 19 126601
435 41354 42421 37 17359
436 41384 65152 29 549697
437 41386 46686 43 108691
438 41468 52535 117 588651
439 41501 41716 103 14697
440 41565 55696 55 290145
441 41856 60156 80 288650
442 41863 53060 57 185258
443 42039 43142 128 182146
444 42548 46047 128 907147
445 42561 42976 13 4028
446 42664 52307 12 23556
447 42671 44564 7 2854
448 42682 49677 135 261194
449 42711 51898 65 261163
450 42862 42897 76 5358
451 42887 43154 12 2504
452 42964 61856 14 73495
453 43070 51076 9 37639
454 43207 54276 44 267781
455 43250 48042 30 119351
456 43407 59269 110 658497
457 43436 56324 144 1192419
458 43499 49322 70 157007
459 43566 44943 6 2874
460 43577 62682 108 1079517
461 43618 61731 89 584849
462 43623 51757 21 26982
463 43638 48011 137 593302
464 43680 50603 4 18849
465 43760 43934 135 15039
466 43781 43823 16 148
467 43783 53626 93 228692
468 43861 51410 62 157594
469 43946 48861 98 156992
470 43992 45698 45 40434
471 44066 46458 44 41405
472 44176 54466 54 255962
473 44504 44904 21 1787
474 44547 79632 70 957851
475 44583 46253 18 14017
476 44622 51393 7 90073
477 44782 61832 24 86011
478 44873 45026 31 3786
479 45092 51280 58 91303
480 45251 58551 135 385397
481 45266 55171 28 54291
482 45313 47252 54 95651
483 45402 45705 130 31237
484 45483 45579 59 3333
485 45598 52474 12 39417
486 45779 50922 118 371111
487 46023 49244 51 115056
488 46087 54449 24 130183
489 46267 50458 23 14678
490 46302 50058 10 10090
491 46320 46933 6 1320
492 46323 49134 72 122709
493 46442 88078 13 178372
494 46518 48278 23 30246
495 46555 62389 27 72081
496 46681 47569 92 23045
497 46688 54927 5 16853
498 46701 77937 74 515583
499 46814 53784 28 42169
500 46937 56071 8 14401
501 47051 66999 93 1014651
502 47553 49042 10 6700
503 47763 55881 16 12330
504 47805 50116 76 79276
505 47844 73761 74 824300
506 48105 52044 15 25697
507 48221 54362 19 55588
508 48231 63187 65 493160
509 48300 75521 22 116077
510 48388 62364 50 252279
511 48522 52402 37 45209
512 48577 51559 121 34701
513 48816 49256 70 13906
514 48832 56377 6 52353
515 48869 48907 10 116
516 48870 55819 62 325832
517 48922 50105 105 79810
518 48965 52132 109 177206
519 48989 51409 129 239155
520 49115 54562 60 166161
521 49195 56480 20 75658
522 49263 57777 38 211917
523 49300 56341 38 157066
524 49657 64311 148 883082
525 49726 55588 91 216589
526 49942 60027 110 470839
527 49977 52769 37 117298
528 50039 52553 15 28328
529 50055 52721 67 35736
530 50059 71033 96 385744
531 50387 59146 56 215142
532 50467 64845 24 62631
533 50491 51103 11 5471
534 50517 65883 61 753044
535 50761 51390 84 13935
536 50970 52845 66 116187
537 51012 53450 16 21353
538 51041 57125 5 44874
539 51054 60967 121 241310
540 51077 72152 5 54135
541 51211 51254 8 426
542 51256 52702 5 4981
543 51333 55609 147 269423
544 51567 64602 66 356690
545 51575 63785 57 498693
546 51593 55124 71 68490
547 51594 52807 12 5146
548 51843 62213 127 1390932
549 51865 53919 23 11637
550 52081 56562 14 49067
551 52204 56454 143 414249
552 52315 54359 90 128852
553 52383 63359 32 103726
554 52493 56948 55 91486
555 52519 63623 62 344964
556 52548 55702 37 43604
557 52676 56036 6 15449
558 52824 60180 13 71091
559 52836 62089 9 62517
560 52930 56718 16 26119
561 52960 62223 65 92317
562 53292 59170 29 80710
563 53360 57235 37 75754
564 53427 80892 98 629824
565 53553 66441 8 31745
566 53568 56689 116 266928
567 53582 58306 72 98668
568 53624 59329 83 137483
569 53632 60864 139 511318
570 53680 60916 103 580913
571 53698 61738 32 123008
572 53714 64511 8 26996
573 53769 67996 87 547025
574 53829 62560 8 22135
575 53997 58260 13 27091
576 54018 55356 111 33882
577 54062 54664 50 40009
578 54155 67582 6 85591
579 54173 55539 41 37948
580 54262 63120 24 67538
581 54315 58148 124 85678
582 54457 55370 23 6766
583 54480 73077 138 1207335
584 54489 57256 9 14983
585 54513 57880 147 246198
586 54578 55879 22 14204
587 54750 59180 135 176131
588 54974 71654 140 313439
589 55150 63505 103 455196
590 55187 58057 29 33614
591 55327 73493 84 350409
592 55454 58406 5 5163
593 55502 57674 30 39912
594 55504 58686 39 38461
595 55532 66332 142 435955
596 55556 59656 82 298473
597 55576 57154 115 39061
598 55619 70357 11 49896
599 55682 58962 44 175118
600 55685 65989 66 160359
601 55689 59896 135 206307
602 55708 59857 26 73084
603 55714 71079 136 561335
604 55930 59799 66 155045
605 56031 57914 145 104987
606 56289 77798 9 41601
607 56544 62013 9 17764
608 56584 61554 11 18810
609 56643 68297 11 72759
610 56664 63844 17 30957
611 56667 59661 26 39237
612 56674 60836 7 12532
613 56683 57124 77 5425
614 56820 63440 26 29877
615 56845 57057 65 6290
616 56867 57027 15 656
617 56991 57182 13 1420
618 57050 63307 23 109625
619 57146 59777 95 114784
620 57209 57271 127 8230
621 57213 66117 141 369944
622 57292 63118 29 60262
623 57406 62736 36 89477
624 57664 59627 64 42329
625 57800 71536 84 554006
626 57948 59793 108 79306
627 57984 61575 69 100038
628 58153 61339 24 25928
629 58169 59322 5 2014
630 58392 58604 16 1527
631 58624 61871 66 64700
632 58636 71855 22 93312
633 58732 59563 90 21401
634 58784 72547 46 301584
635 58878 69792 8 23286
636 59242 64040 8 10163
637 59410 77009 11 90000
638 59442 74854 15 72826
639 59472 69622 90 260747
640 59513 59640 101 5759
641 59559 61596 52 43247
642 59700 60069 8 3128
643 59729 64407 20 33436
644 59887 63794 43 59418
645 60079 62776 75 80017
646 60451 69938 60 214576
647 60606 70822 138 1245719
648 60693 61853 139 28492
649 60730 78327 130 1898059
650 60794 64813 30 35534
651 60936 64770 142 292120
652 61026 65228 126 176263
653 61038 62021 54 15291
654 61111 62167 9 4382
655 61153 61413 51 25061
656 61229 68749 22 54413
657 61491 66872 62 116930
658 61503 62415 13 4775
659 61557 67428 122 219172
660 61626 61973 146 25899
661 61756 78546 49 383542
662 61830 89028 53 301192
663 61902 65087 32 26407
664 61921 67201 145 267793
665 61929 75529 15 121204
666 61964 89399 42 268267
667 61987 66206 58 161050
668 62105 77675 13 56338
669 62112 62551 137 26515
670 62120 64046 51 23991
671 62186 73709 45 102288
672 62269 71375 50 224058
673 62348 68586 75 223453
674 62630 81133 4 38945
675 62647 67781 29 48213
676 62832 63598 11 7128
677 62882 65979 82 69002
678 62900 63171 61 6946
679 62924 64005 132 74439
680 62934 63096 28 1618
681 62981 81521 117 625514
682 63313 65618 38 37454
683 63455 67371 7 15178
684 63918 65199 77 48878
685 63996 69988 33 54783
686 64054 65510 53 16943
687 64135 66811 74 40850
688 64176 85681 21 274960
689 64216 79067 40 396982
690 64275 74465 48 137665
691 64532 73593 57 255222
692 64542 65269 17 8508
693 64565 67714 54 83354
694 64604 89679 29 197422
695 64764 72971 10 23233
696 64769 65683 41 16109
697 64772 82088 33 141648
698 64775 66741 74 18210
699 64879 68676 66 84197
700 64937 79729 7 36574
701 64995 77417 18 73452
702 65213 74893 46 170174
703 65300 67467 76 56606
704 65326 68479 149 199737
705 65382 65822 65 6870
706 65666 69380 120 221360
707 65761 66969 80 59877
708 65803 70219 8 16584
709 65920 66708 72 20573
710 66080 66570 58 6966
711 66123 69433 143 392494
712 66309 69574 49 80838
713 66364 78279 61 239075
714 66575 71422 11 20521
715 66683 74020 18 121051
716 66887 74949 9 58565
717 66939 70086 135 147734
718 67095 67340 18 1846
719 67152 72308 37 26322
720 67520 70516 116 203086
721 67599 69987 6 4885
722 67655 85295 19 55283
723 67724 74858 13 41987
724 67732 77323 52 279410
725 67735 71123 58 81563
726 67740 69318 56 50866
727 67818 73978 30 84517
728 67831 68171 72 4710
729 67890 74013 55 103062
730 67902 73339 38 58665
731 67954 75430 18 47332
732 68060 78238 97 433889
733 68202 70472 13 15173
734 68347 79431 80 233642
735 68386 72764 123 336816
736 68402 72226 55 236966
737 68627 68814 5 690
738 68719 78123 37 82971
739 69036 84531 23 231971
740 69078 70406 99 66034
741 69085 82237 75 486136
742 69358 73846 111 280729
743 69381 86547 132 735168
744 69578 72443 137 420863
745 69631 84266 74 347604
746 69660 71585 148 75231
747 69784 75827 16 38913
748 69805 76281 34 49230
749 69929 94068 7 72608
750 69981 78556 22 34776
751 70098 91270 35 127908
752 70260 75255 36 114415
753 70305 71325 21 11623
754 70345 80331 145 653054
755 70437 70461 48 542
756 70506 73223 5 5480
757 70560 72794 130 60688
758 70670 91245 13 52936
759 70747 85503 15 49203
760 70778 74985 28 75963
761 70907 75015 36 71143
762 70932 77435 113 277444
763 70978 75984 9 3838
764 71010 74788 119 231816
765 71167 78955 73 278013
766 71405 71942 7 2290
767 71522 97179 60 619574
768 71583 74196 14 16476
769 71704 81677 5 42616
770 71932 91889 101 763984
771 71945 72825 10 4838
772 71965 78876 9 27039
773 71997 76679 90 133445
774 72054 73924 109 163343
775 72067 76480 16 13957
776 72235 83137 10 23220
777 72366 78404 88 78174
778 72444 79444 9 21093
779 72512 78807 122 207943
780 72637 76339 134 147012
781 72735 87748 27 214199
782 72803 76995 132 251428
783 72822 74755 97 88633
784 73074 79099 18 102628
785 73076 73781 105 36361
786 73112 73640 12 1754
787 73113 88322 129 1855148
788 73191 77325 12 29596
789 73289 76325 6 9749
790 73427 74185 64 17524
791 73442 73995 25 8896
792 73458 73659 17 1759
793 73472 77465 103 97605
794 73577 75271 27 15843
795 73619 78585 132 730665
796 73785 78437 8 9920
797 73856 78050 50 119889
798 73938 75069 52 136291
799 74031 90894 56 100580
800 74065 99519 6 103238
801 74099 84083 4 8012
802 74103 95445 7 35693
803 74118 75152 19 5914
804 74215 75680 46 19107
805 74274 84347 82 956908
806 74354 89623 72 340242
807 74419 75938 26 36964
808 74424 76641 37 23297
809 74529 80452 38 61709
810 74580 89130 53 585922
811 74624 79105 41 39119
812 74781 75446 48 18180
813 74839 78419 17 26914
814 74884 83019 102 522915
815 74990 75733 81 24374
816 75212 87200 27 60642
817 75234 88456 10 60684
818 75309 78846 45 57077
819 75334 87320 124 538991
820 75516 75910 82 22695
821 75592 85880 11 65253
822 75612 75956 5 630
823 75679 93708 147 727989
824 75694 78545 77 140148
825 75921 88729 55 286539
826 76019 77359 46 26774
827 76121 92174 140 1096320
828 76366 82889 40 76161
829 76397 81271 93 248448
830 76699 84514 104 882309
831 76740 77552 130 34089
832 76846 78581 40 13638
833 77113 79200 10 15169
834 77126 79160 87 39009
835 77128 85035 109 1270866
836 77218 94853 72 233017
837 77298 77938 41 25748
838 77310 85104 57 248858
839 77311 78363 93 70075
840 77754 92408 27 113130
841 77771 82651 7 18486
842 77879 87392 6 27674
843 78014 89664 15 74486
844 78053 84654 44 101478
845 78066 91169 143 1137101
846 78195 83148 69 214260
847 78316 80604 79 54403
848 78369 79943 92 75520
849 78415 80709 10 20788
850 78416 78498 29 659
851 78485 89851 26 204644
852 78617 95462 53 407305
853 78657 80365 142 252491
854 78690 86456 149 620426
855 78735 88896 150 836469
856 78761 81766 36 45596
857 78826 79204 102 54804
858 78895 88601 137 283621
859 78973 79651 12 3454
860 79244 88991 35 238220
861 79548 81777 64 91120
862 79621 80758 23 17753
863 79628 81112 40 21464
864 79660 87596 10 48999
865 79731 90244 28 53418
866 79932 83696 61 40010
867 79968 87055 119 86505
868 80018 82558 24 58302
869 80054 88519 125 648378
870 80083 83266 35 40294
871 80109 81029 55 26902
872 80154 88585 4 11955
873 80351 82895 32 124335
874 80444 89115 124 1077320
875 80469 83049 56 44908
876 80574 81208 90 28995
877 80594 82530 25 34154
878 80656 82904 55 91813
879 80693 83118 20 38889
880 80732 82059 12 5544
881 80871 81992 134 72065
882 81030 91902 31 88761
883 81183 85657 148 263246
884 81251 87111 59 63702
885 81269 82919 52 33746
886 81288 82968 127 165948
887 81307 87609 22 44924
888 81366 83493 9 4862
889 81519 83178 46 10543
890 81574 93898 28 177290
891 81705 89629 142 1208896
892 81718 84065 12 12511
893 81800 87466 11 62082
894 81816 87956 26 43564
895 81917 85684 54 121252
896 81922 92725 4 7141
897 82138 91263 38 132231
898 82216 89743 25 35453
899 82304 91269 129 615216
900 82324 89217 131 579355
901 82326 83790 145 126961
902 82374 92536 12 42864
903 82389 95258 29 233719
904 82421 89194 83 124751
905 82593 85031 57 55739
906 82662 83617 10 8541
907 82664 92197 6 21965
908 82760 85418 35 17356
909 82795 89855 57 128773
910 82830 93556 119 340698
911 82851 85990 8 2003
912 82862 91610 48 282221
913 83020 90486 9 47708
914 83476 83797 112 21166
915 83506 97269 29 118216
916 83604 84141 13 4044
917 83635 88407 16 57192
918 83729 83976 144 20796
919 83902 86639 84 332884
920 84219 88570 19 29674
921 84388 87991 30 189269
922 84408 90865 79 216090
923 84436 94538 11 26221
924 84564 99989 6 40567
925 84603 97522 5 12736
926 84636 87893 17 46823
927 84712 94716 6 21291
928 84815 88797 18 35696
929 84856 85369 70 17404
930 84878 87662 53 77386
931 84949 96265 8 29777
932 85171 88447 91 59553
933 85173 85859 92 19890
934 85176 97191 50 326215
935 85270 89673 14 73711
936 85286 91725 58 118234
937 85447 94212 77 159431
938 85686 89616 123 464133
939 85798 90718 146 303788
940 86082 86620 114 130492
941 86427 90464 59 60655
942 86621 90539 109 216454
943 86696 94635 115 263040
944 86700 87752 49 39354
945 87092 93347 27 65996
946 87269 96123 9 15479
947 87418 95543 5 18375
948 87440 88003 46 21403
949 87659 95322 13 45179
950 87712 95081 42 86084
951 88000 96990 18 37788
952 88137 94184 6 22965
953 88177 93910 43 67991
954 88234 95782 126 635174
955 88419 91738 66 47776
956 88501 95723 135 516355
957 88667 98121 11 67027
958 88757 89434 41 13336
959 88788 91110 4 3269
960 88821 92405 93 185250
961 89038 89147 63 5389
962 89350 91783 42 109619
963 89380 91404 23 44838
964 89445 89494 18 994
965 89545 95276 101 223129
966 89702 91167 149 81998
967 89718 92214 17 11446
968 90060 97090 134 107006
969 90588 93990 46 113771
970 90931 91336 17 4451
971 91299 93640 87 490072
972 91327 94711 79 151103
973 91342 94551 23 34244
974 91488 91650 149 12256
975 91588 93294 138 66625
976 91916 95229 75 114844
977 91917 98844 137 398328
978 92448 96107 30 55024
979 92465 98542 32 167957
980 92726 97455 9 5574
981 93210 97942 80 162291
982 93421 99750 114 275857
983 93582 93879 18 1951
984 93618 99068 58 211026
985 93853 97785 100 304923
986 93926 98929 95 200176
987 94920 96250 83 25425
988 94985 98151 30 27145
989 95017 96899 60 63743
990 95252 98068 80 59421
991 95454 96908 44 21212
992 95769 99484 135 221704
993 95966 96580 109 49999
994 96409 96433 51 873
995 96507 99003 100 164435
996 96562 97007 92 27332
997 96848 97862 76 80574
998 97694 99230 14 7512
999 98219 98455 14 4595
