50 1000 0.019
..........##..#########................####...####
.........###..##.########.............##.##...#.##
##.###...###..###########........###.########.####
####.#..####...#.#.#..####........##########...#.#
#######...######.########..........#########...##.
#########.#####.###.##.#...........#.####.##...#..
########..#########................#...###.###.#..
#######..##########..##................##.##......
####.#....############..................####......
####.#...############...................#.#.......
..##.......######.###.............................
.##......######.######............................
..#........####.##..#####.........................
...........##...##..###....##.....................
................##...###.#.#......................
...............####.##..####.....##...............
.................#.###.#####.....###..............
..................###########.....##..............
..................#########...##.####...#.........
..................#########...#########.###.......
...................#######.....######.####........
...................#..####...########.#####...###.
..................##..##......#####.###########.##
....................####.......###.##...##########
........................#...####.##############.##
......................#.##.#.###########.##.####.#
.....................#########.#########.#..######
......................###...##.#####.##..#########
......................#####.#.##.######.#..###.###
......................######....#########..###.###
....................#.########.#########......###.
....................####################....######
.......................#####.###.#.#.#####.#.#.#..
........................#####........###.#.######.
........................########......#..########.
..........................##..............#.######
.........................####.............##.###..
........................###.#.............########
.......................###.................#######
......................#.#.#.................#..###
.....................#########....................
.....................#####.###....................
......................#########...................
........................#.###.....................
........................#.#.#.....................
..................................................
..................................................
..................................................
..................................................
..................................................
0 5 5309 52 103794
1 141 2555 112 189955
2 194 725 17 4855
3 283 753 132 43007
4 296 580 115 54687
5 392 501 21 1646
6 417 3503 30 18648
7 507 8063 24 137036
8 664 7218 26 82715
9 666 2277 60 91355
10 963 8187 19 41670
11 1042 14252 32 402424
12 1199 10345 15 52050
13 1241 4081 78 164614
14 1342 2526 4 3345
15 1369 4676 117 230804
16 1387 4296 43 40496
17 1555 1915 32 19883
18 1880 10347 7 37965
19 1918 2519 61 8722
20 1940 5958 8 10361
21 1979 2447 13 4756
22 1984 2565 20 13617
23 2250 5777 17 61912
24 2375 18893 20 127259
25 2465 5595 74 140317
26 2471 5618 113 138544
27 2531 3814 80 83445
28 2534 3713 140 57441
29 3080 3950 139 76746
30 3284 5258 9 15732
31 3392 17013 46 411497
32 3523 4530 16 7124
33 3550 4861 130 82805
34 3743 6058 29 27376
35 3828 4682 22 9841
36 3904 8450 69 160555
37 4149 7764 6 12565
38 4220 5670 79 80833
39 4221 19979 43 176331
40 4364 4552 25 3107
41 4369 10518 113 223867
42 4478 7425 93 67401
43 4634 9404 46 73174
44 4689 20615 74 861939
45 4817 5574 40 10615
46 4851 4944 142 20668
47 4891 6652 102 97168
48 5001 6755 128 93250
49 5044 5605 140 22529
50 5056 7741 144 73109
51 5116 5693 5 1511
52 5170 9104 89 409354
53 5221 7976 58 325851
54 5278 6477 31 14627
55 5326 10201 119 388746
56 5462 5848 19 4551
57 5465 8443 132 215078
58 5563 6968 66 60356
59 5750 6148 75 9469
60 5937 8941 17 29584
61 6091 6517 104 11475
62 6118 17407 12 48583
63 6181 6184 74 206
64 6241 10142 19 51373
65 6290 6838 22 15182
66 6358 6809 83 18954
67 6433 9007 33 63673
68 6452 13042 55 129854
69 6457 9452 25 27739
70 6619 7145 7 1948
71 6735 13643 104 154492
72 6799 15223 36 55452
73 6880 8184 55 16044
74 6962 8525 132 137609
75 6986 7358 34 7522
76 7058 13191 17 48371
77 7120 7351 147 86233
78 7169 13318 113 219769
79 7382 12549 71 231505
80 7424 7794 139 14970
81 7486 13213 100 132929
82 7531 8578 117 53575
83 7580 16950 19 158122
84 7604 8759 69 170436
85 7607 13809 69 205375
86 7661 10011 63 24418
87 7755 8968 23 13595
88 7761 9278 36 21195
89 7907 12482 90 514955
90 7948 8802 133 58956
91 8101 10533 73 52094
92 8424 10094 132 236040
93 8461 18870 34 270187
94 8553 11084 67 82745
95 8667 9805 121 55675
96 8758 15364 103 213255
97 8761 9025 128 18008
98 8785 9905 15 8635
99 8906 15014 38 154877
100 8923 17722 110 131838
101 8924 12120 46 74265
102 8938 9892 15 5026
103 8963 10856 41 27913
104 8976 9164 23 1807
105 8986 10080 47 41051
106 9209 11965 44 39150
107 9252 10265 135 78073
108 9423 10490 117 52175
109 9567 14081 13 39008
110 9610 10060 85 17683
111 9780 14678 18 28494
112 9797 11782 10 4450
113 9870 12637 32 15336
114 9877 11834 125 85647
115 9994 10464 99 11815
116 10091 19621 102 1473890
117 10249 10499 6 863
118 10272 10795 105 21000
119 10296 10648 77 31284
120 10323 10393 56 1582
121 10475 13058 114 524236
122 10514 17371 80 505131
123 10598 13954 115 227064
124 10718 12216 28 17653
125 10747 15373 51 178767
126 10811 18932 14 42178
127 10923 14587 60 264776
128 10994 14466 99 115233
129 11024 15179 9 15772
130 11031 11753 6 1493
131 11083 12560 68 17331
132 11086 15697 11 12058
133 11139 14474 60 82143
134 11149 11676 34 19744
135 11275 16074 112 509677
136 11298 12823 87 47914
137 11317 14243 99 110080
138 11392 21163 53 129535
139 11483 12162 6 2048
140 11554 16618 62 157571
141 11624 12283 35 5298
142 11896 25684 50 229000
143 11958 14027 68 90138
144 11968 17258 10 25045
145 12175 13477 20 4572
146 12318 28232 5 20991
147 12412 14220 35 37068
148 12707 15260 57 355025
149 12740 14322 66 64260
150 12907 19832 42 243302
151 12971 22472 5 49308
152 13007 16030 35 43620
153 13020 13506 14 2813
154 13021 16985 64 46098
155 13099 13824 133 15602
156 13214 15044 49 37898
157 13225 14237 53 20528
158 13332 15250 63 28011
159 13626 15100 149 107098
160 13676 17618 4 10200
161 13700 17505 9 33674
162 13727 21507 59 298906
163 13795 14089 59 10083
164 14129 22494 117 203095
165 14142 18459 57 246349
166 14155 23636 26 50101
167 14210 14554 77 11660
168 14245 15773 20 7002
169 14547 17082 108 239842
170 14605 15387 8 1210
171 14668 20056 123 234550
172 15016 16363 19 10581
173 15119 19960 136 268297
174 15172 18320 43 30201
175 15197 22344 4 13967
176 15233 16288 132 33184
177 15261 20961 15 50777
178 15319 18434 21 55620
179 15361 26600 8 13493
180 15544 17902 145 362106
181 15590 17128 147 145962
182 15787 18473 50 107862
183 15858 16491 126 30016
184 15893 18844 71 131211
185 15973 16530 25 8906
186 16051 16586 144 43270
187 16168 16704 83 18284
188 16262 18344 29 20460
189 16303 23201 17 87927
190 16311 21827 14 24136
191 16326 20068 8 16172
192 16352 24760 15 61290
193 16389 16706 68 10353
194 16459 18347 79 31859
195 16566 21858 23 34773
196 16668 21493 14 30146
197 16788 25809 117 305740
198 16871 18021 61 13034
199 17068 17109 65 1445
200 17186 19292 98 157505
201 17262 25384 98 226625
202 17271 20661 58 113591
203 17281 33570 46 193210
204 17402 17586 110 9185
205 17717 20270 25 46571
206 17732 22197 33 85315
207 17906 25615 51 125065
208 17953 20706 120 104061
209 18138 31232 23 32868
210 18164 20185 72 65662
211 18310 18343 43 1838
212 18391 21119 17 19199
213 18423 23483 128 125550
214 18451 18804 68 15268
215 18499 27431 9 14610
216 18563 20708 71 92723
217 18682 21456 41 32137
218 18773 19502 10 1781
219 18814 20604 48 35979
220 18983 21324 9 8596
221 19012 21617 10 19236
222 19069 21502 145 64687
223 19170 28412 113 183176
224 19184 25978 15 24460
225 19253 21678 53 51408
226 19426 22676 48 43615
227 19437 21926 63 197632
228 19501 25836 133 614884
229 19580 21437 13 19012
230 19765 26190 7 11624
231 19873 20739 10 3798
232 20082 25078 91 82831
233 20171 20212 25 1064
234 20267 27438 137 623750
235 20299 24429 58 233198
236 20327 20541 91 11132
237 20507 27282 110 232136
238 20562 21487 97 31990
239 20652 25389 111 279670
240 20989 29742 36 239999
241 21059 22940 93 90258
242 21072 24005 101 122126
243 21198 22609 126 151564
244 21220 21723 6 878
245 21235 24423 109 101254
246 21383 23993 140 111283
247 21387 24415 36 48970
248 21407 25305 19 21725
249 21472 21826 68 59890
250 21529 24944 42 88357
251 21664 27619 24 34359
252 21749 21960 15 1564
253 21776 23837 26 16683
254 21819 26975 135 872535
255 21880 21949 16 1209
256 21892 27328 64 384974
257 21908 23840 11 11138
258 21963 22155 116 26605
259 22021 22430 27 7002
260 22056 23834 131 91230
261 22121 24522 134 90329
262 22230 25092 8 7238
263 22362 23320 104 65356
264 22367 23708 31 13553
265 22502 27350 23 20383
266 22518 23987 76 69621
267 22612 27457 36 66124
268 22629 25025 71 52897
269 22684 29284 135 362153
270 22748 22982 80 12840
271 22770 33375 89 171090
272 22781 23377 34 5531
273 22833 25083 6 14718
274 22985 24215 14 17329
275 23023 24417 30 24162
276 23093 29894 24 55743
277 23140 25206 93 174549
278 23231 27062 86 231952
279 23246 23789 15 4444
280 23257 23338 7 620
281 23306 26689 32 29408
282 23313 30491 49 129299
283 23336 25527 117 46987
284 23496 24427 91 25063
285 23542 29317 126 244726
286 23616 25625 54 39175
287 23827 34317 57 429555
288 23832 41764 149 517233
289 24082 24104 74 1493
290 24122 24795 52 8529
291 24325 30251 25 18975
292 24502 26839 6 7525
293 24762 26218 12 17288
294 24872 26063 35 28385
295 25173 30887 34 36688
296 25220 26350 128 108193
297 25438 33195 48 171729
298 25512 29961 7 8157
299 25611 27322 120 276835
300 25735 29179 72 210607
301 25750 32888 17 36459
302 25931 28740 115 301903
303 26122 29440 42 63389
304 26131 34485 136 148180
305 26149 27593 56 39418
306 26261 26340 74 4339
307 26292 27212 139 71022
308 26299 26867 53 32799
309 26366 30249 57 235866
310 26389 26723 83 10821
311 26422 33607 125 271259
312 26430 30414 137 158534
313 26783 27897 46 25256
314 26810 30631 133 155775
315 26880 28478 13 2930
316 27047 28248 142 143040
317 27061 30352 126 423770
318 27119 32632 34 68285
319 27245 29217 13 16057
320 27302 31013 126 97861
321 27335 35746 101 294035
322 27406 27439 46 1097
323 27421 35270 97 661275
324 27470 28850 62 57470
325 27475 31237 31 92881
326 27654 40175 31 89169
327 27670 35558 35 79029
328 27792 38312 20 59811
329 27818 29924 65 77873
330 28052 31125 43 27371
331 28142 47694 128 1310881
332 28190 29559 89 29121
333 28197 30085 93 125939
334 28364 31743 82 130145
335 28444 28602 144 8637
336 28450 30749 10 8403
337 28735 42678 20 104340
338 28764 40312 55 165608
339 28865 36221 132 428660
340 28885 29412 142 52380
341 28890 33063 85 450716
342 29137 29242 47 7266
343 29174 31266 69 26256
344 29188 38768 42 116651
345 29214 31483 125 77178
346 29314 36104 61 113952
347 29563 38826 82 262791
348 29708 30113 56 7274
349 29910 32977 80 54685
350 29912 31739 19 7587
351 29954 30413 22 4386
352 30194 34363 119 138443
353 30310 31963 55 122079
354 30390 40138 62 635724
355 30505 35968 6 15306
356 30557 33562 68 62539
357 30703 31187 8 2133
358 30750 31293 81 28676
359 30961 40132 16 105050
360 30972 40121 105 574100
361 31272 35084 57 47776
362 31314 32244 62 13688
363 31339 38121 140 484510
364 31461 35171 81 104494
365 31621 43097 13 17612
366 31860 40237 120 449524
367 31941 42881 43 107460
368 31966 38905 5 4096
369 32205 35283 49 32653
370 32431 33845 44 49566
371 32673 34837 8 2681
372 32756 41664 62 202245
373 32855 43818 126 470261
374 32861 32940 4 94
375 33004 33236 10 2916
376 33138 36300 75 103978
377 33403 34048 54 13387
378 33411 33425 32 160
379 33424 35848 42 27302
380 33441 34654 98 60430
381 33455 33807 99 13389
382 33492 35335 104 62201
383 33513 34660 13 10998
384 33550 35348 86 117463
385 33700 34056 117 19136
386 33812 44885 74 240058
387 33856 34637 96 46694
388 33917 37372 146 192163
389 34405 36280 50 35053
390 34478 36311 10 4213
391 34565 35125 55 31820
392 34590 51624 28 233669
393 34744 34822 61 1731
394 35007 39137 147 250357
395 35243 36609 114 101505
396 35245 35735 59 25545
397 35428 35689 54 6324
398 35436 49332 72 327387
399 35462 46094 18 49075
400 35599 41421 48 66608
401 35752 36439 108 40944
402 35979 38299 55 134451
403 36020 39571 118 92071
404 36046 37663 5 4081
405 36118 36636 71 17552
406 36168 36297 15 2156
407 36182 36526 55 25520
408 36264 39721 80 43477
409 36343 38446 18 7515
410 36376 36813 14 2375
411 36399 37179 7 906
412 36428 37676 98 172665
413 36467 40624 61 188674
414 36520 44319 109 316436
415 36522 39463 8 5642
416 36539 39080 149 155901
417 36643 37603 73 42938
418 36644 40740 60 50522
419 36681 36865 4 481
420 36707 50477 45 169892
421 36727 37857 130 76889
422 36870 43187 64 139164
423 36880 42920 73 234343
424 36932 43953 69 354895
425 37102 39796 34 21567
426 37203 39399 44 42895
427 37246 42097 47 71480
428 37367 48739 54 150972
429 37395 37631 100 11112
430 37461 37489 17 90
431 37627 54909 28 236414
432 37674 37881 78 11807
433 37675 41317 5 7615
434 38135 43306 67 159528
435 38159 40252 130 201855
436 38178 38928 80 19479
437 38358 39224 132 111542
438 38417 40477 59 23849
439 38518 49242 88 222610
440 38558 41925 31 41756
441 38640 39492 58 38440
442 38693 38699 53 537
443 39292 42192 51 92205
444 39332 44144 25 101151
445 39398 44522 50 44319
446 39499 44137 88 131924
447 39553 41498 6 7225
448 39590 49469 7 15813
449 39862 41218 15 15537
450 39979 41587 115 73961
451 39984 40899 24 15470
452 40032 43343 14 29470
453 40119 42366 125 99324
454 40141 40438 69 12495
455 40420 46063 134 390946
456 40541 43112 82 293469
457 40693 41838 103 24149
458 40793 51469 106 273761
459 40820 41065 10 1023
460 40852 42224 53 33540
461 40917 41405 4 910
462 40919 41541 140 76699
463 40952 41411 12 2671
464 40992 43988 27 47644
465 41107 45861 15 37278
466 41129 47403 29 59269
467 41359 45285 22 57089
468 41386 41749 144 18182
469 41417 45327 92 246374
470 41477 54077 93 583359
471 41615 42589 85 40292
472 41646 42667 23 10407
473 41739 42802 19 25097
474 41870 48557 84 294551
475 41913 42049 9 3132
476 41965 48105 26 62315
477 42050 49703 20 44472
478 42059 43876 19 14225
479 42118 44570 23 45866
480 42134 42463 75 8612
481 42294 42537 70 8923
482 42556 46382 58 204701
483 42562 46839 17 18638
484 42590 45925 14 15557
485 42782 43736 20 8730
486 42870 43018 61 5800
487 43059 47619 5 18033
488 43105 45171 41 18896
489 43146 48753 19 24205
490 43511 44772 25 33341
491 43556 59853 66 411304
492 43579 46445 96 177134
493 43614 45800 58 31202
494 43632 46896 7 7739
495 43704 44470 56 34305
496 43827 46151 8 4805
497 43860 47605 13 16142
498 43861 60348 27 341672
499 43864 46515 128 255535
500 43921 47172 32 42485
501 44135 45011 121 45303
502 44287 49423 148 634902
503 44330 55013 5 17473
504 44360 49241 35 85498
505 44481 48329 50 141101
506 44760 58523 11 64406
507 44809 46432 74 61468
508 44870 48301 125 274487
509 45151 47150 31 39625
510 45272 46101 51 32898
511 45362 56790 36 117553
512 45394 47964 14 30631
513 45399 48523 34 150708
514 45630 47196 72 49703
515 45638 46275 31 23846
516 45719 48902 88 116710
517 46112 47471 65 18567
518 46160 63696 124 712422
519 46347 50973 53 25837
520 46540 49234 8 4928
521 46657 53425 5 17254
522 46662 48565 19 63623
523 46674 47030 112 76244
524 46677 50026 77 85440
525 46684 51381 109 198763
526 46708 51148 46 87363
527 46818 47198 16 1814
528 46825 54743 36 124714
529 46946 55584 32 82452
530 46971 53825 20 31750
531 46999 47690 17 16350
532 47018 49898 145 133125
533 47082 47307 75 10629
534 47285 49938 40 22265
535 47405 48630 67 22175
536 47758 52447 21 18477
537 47806 48100 57 8881
538 47937 49655 6 6773
539 47955 52105 67 86790
540 48018 60290 50 507624
541 48123 50042 111 52234
542 48321 55252 42 127935
543 48365 56280 21 66060
544 48693 52392 14 36831
545 48755 51981 75 70074
546 48762 49696 73 16030
547 48828 51532 121 93176
548 48867 51411 101 57976
549 48940 51267 100 111126
550 48995 50978 125 75053
551 49030 52644 129 578369
552 49313 49565 25 5521
553 49400 55732 110 92323
554 49451 49710 149 16418
555 49580 50961 18 19744
556 49683 54171 45 76594
557 49813 51105 27 9702
558 49958 53510 120 104017
559 50267 51072 63 28014
560 50394 51258 87 85404
561 50438 53462 20 41052
562 50517 53011 107 159560
563 50553 66768 24 294230
564 50675 54114 15 16769
565 50722 53671 70 82207
566 50743 51458 4 748
567 50754 59112 107 507721
568 50841 56858 37 80889
569 50860 51899 6 1933
570 50869 54566 12 5340
571 50877 52212 71 21597
572 50890 52838 104 80651
573 51028 55155 90 129312
574 51241 51682 17 4468
575 51432 64699 147 661880
576 51495 60610 96 265029
577 51599 53861 144 194407
578 51683 53736 20 7028
579 51694 52022 77 20344
580 51789 51833 71 1099
581 51993 52920 15 3848
582 51996 54098 149 256377
583 52399 65731 27 181291
584 52424 53042 140 27802
585 52493 56732 149 334762
586 52544 57325 52 122749
587 52657 54688 13 19347
588 52678 53320 65 21637
589 52765 52817 9 394
590 52902 53268 12 2335
591 53043 64876 91 557473
592 53061 58099 45 60531
593 53258 57476 50 89208
594 53331 57413 30 30054
595 53456 55341 4 13488
596 53701 54150 146 38489
597 54068 54271 102 7443
598 54223 56563 89 102268
599 54405 62446 38 87118
600 54442 54486 39 785
601 54460 59560 83 177665
602 54507 55245 8 4809
603 54518 55486 22 18129
604 54621 57318 7 6912
605 54638 60820 8 23142
606 54711 55940 42 33910
607 54815 56444 38 18667
608 54877 60064 39 54318
609 54896 55507 41 24880
610 54911 55756 11 4431
611 54925 56660 12 11794
612 55125 81235 42 667356
613 55150 62584 7 21711
614 55290 64624 13 38911
615 55467 67939 133 424236
616 55604 55791 130 17747
617 55633 56036 37 9481
618 55757 60623 44 210864
619 55784 62386 22 37743
620 56080 62208 20 130129
621 56111 60664 39 111322
622 56112 58736 144 316368
623 56158 56254 34 2056
624 56176 63728 74 281927
625 56196 62376 92 192039
626 56617 59907 86 93668
627 56620 64415 21 52943
628 56709 60186 29 72194
629 56816 57246 10 3371
630 56839 57397 91 19805
631 56890 58074 146 69203
632 56960 62069 95 134767
633 57062 60292 28 31634
634 57139 57956 18 7977
635 57235 57866 33 11841
636 57322 57369 104 11231
637 57330 58359 77 42100
638 57342 66352 72 301009
639 57511 59177 90 101597
640 57522 61296 95 145696
641 57562 59241 54 35342
642 57768 60309 78 88230
643 58009 58556 126 28317
644 58069 58198 133 6275
645 58133 59358 22 8513
646 58187 58621 75 34817
647 58261 61066 21 28440
648 58370 66757 35 125680
649 58408 61711 112 156090
650 58498 60198 79 36546
651 58969 61409 100 125628
652 59471 59727 93 14289
653 59494 63330 51 43885
654 59544 64984 23 56370
655 59856 60803 40 40541
656 60123 60445 5 1242
657 60474 61859 18 31908
658 60616 62348 80 70740
659 60808 61746 120 59017
660 60878 61252 5 3606
661 60954 63919 34 56988
662 61096 65994 57 56630
663 61233 66430 72 85537
664 61305 62549 100 75038
665 61389 65763 126 315868
666 61421 65715 133 200045
667 61531 65728 110 197632
668 61541 68606 5 9284
669 61692 65007 29 79091
670 61900 63734 10 6749
671 61991 63400 25 13274
672 61997 62997 31 11976
673 62032 66353 4 4834
674 62131 64495 30 18742
675 62328 63665 5 2146
676 62419 63313 103 40497
677 62442 63032 124 41225
678 62454 81384 57 1026932
679 62704 63220 41 11815
680 62759 69126 106 574440
681 62860 63143 52 5171
682 63051 67530 7 19322
683 63142 64911 6 10125
684 63307 63627 19 5681
685 63397 67471 8 16665
686 63413 63421 31 119
687 63792 65267 117 60908
688 64077 66344 86 105961
689 64216 78446 15 47853
690 64223 64295 18 692
691 64263 65900 27 23491
692 64323 69652 27 46132
693 64341 66441 139 70006
694 64479 70078 8 37702
695 64725 65047 20 3331
696 64854 65569 111 54957
697 64871 65656 20 5435
698 64999 66789 121 80919
699 65261 73277 51 127743
700 65409 68916 92 173163
701 65534 68744 5 6793
702 65631 65845 10 1177
703 65680 70301 83 717794
704 65838 69436 24 13837
705 65855 67278 33 18345
706 65952 66363 86 10948
707 66128 74947 8 19246
708 66140 66995 126 36008
709 66445 67000 35 7450
710 66527 68519 108 93267
711 66566 66688 81 6434
712 66583 68905 137 82922
713 66633 70252 11 24295
714 66681 67757 57 61983
715 66705 69446 146 197014
716 66894 70203 117 381100
717 66900 68325 41 15960
718 66929 76719 34 226609
719 66933 69928 7 5025
720 66936 67603 59 48116
721 67234 71014 6 7051
722 67263 70559 28 63002
723 67503 67613 15 2050
724 67665 71272 120 215538
725 67726 71290 17 45524
726 67777 68352 125 34615
727 67797 68328 8 1067
728 67802 70190 66 131397
729 67806 74186 39 122643
730 67819 68012 25 6090
731 68380 75649 12 31566
732 68492 72945 23 56688
733 68614 74568 6 16387
734 68694 75087 150 220265
735 68722 70508 55 36018
736 68914 69761 28 30243
737 69021 69168 137 5459
738 69278 75855 124 286058
739 69498 70216 31 8398
740 69516 70955 19 10760
741 69663 70255 23 5583
742 69878 71173 127 157141
743 70023 75036 9 33170
744 70241 79105 6 47312
745 70304 79394 61 325520
746 70414 73519 46 80815
747 70778 72772 74 186396
748 70861 73790 5 4499
749 71180 74625 129 132794
750 71423 73720 66 213593
751 71660 72736 96 161175
752 71698 78632 40 213514
753 71735 80740 130 239935
754 71827 78479 7 9872
755 71865 79216 93 357149
756 71969 72327 108 30732
757 72064 72894 123 120747
758 72145 72241 99 4757
759 72257 72548 148 38999
760 72265 75264 110 182034
761 72335 72961 73 47571
762 72459 73154 16 4144
763 72516 75002 85 91021
764 72518 74395 68 37489
765 72638 75525 141 242485
766 72701 73188 27 3604
767 72885 73056 54 18270
768 73029 74091 18 7088
769 73122 79230 52 489641
770 73177 77421 82 62727
771 73201 73513 14 3256
772 73680 82168 32 97179
773 73724 73938 50 7306
774 73746 74500 108 44790
775 73769 77280 15 34106
776 73837 83014 28 213102
777 74204 78269 78 70923
778 74383 77707 67 208604
779 74559 75198 24 9100
780 74578 78150 15 19674
781 74605 75669 78 47609
782 74617 76999 120 368598
783 74786 77898 113 176466
784 74809 77921 110 228311
785 74983 75180 119 15142
786 74992 76768 125 93973
787 75026 77406 12 14529
788 75147 78795 70 70855
789 75261 75689 45 8552
790 75471 77590 14 26838
791 75501 78231 73 179159
792 75508 77452 40 63132
793 75621 79183 7 11750
794 75674 81912 16 15098
795 75703 84441 20 37924
796 75725 80107 69 103245
797 75777 80196 27 73358
798 75881 76611 74 40509
799 75886 80719 119 408003
800 75904 79165 25 12902
801 76093 88927 145 423266
802 76204 76832 60 31187
803 76289 79200 111 142962
804 76347 76464 40 6378
805 76407 79588 32 82674
806 76528 79458 150 73010
807 76560 78739 70 46021
808 76732 81538 19 57360
809 77093 78853 101 101252
810 77116 79351 116 113916
811 77292 78648 98 31287
812 77388 77843 45 4235
813 77603 77812 73 4646
814 77651 83521 11 30729
815 77736 81986 113 164438
816 77743 79300 6 8692
817 77871 83865 77 47365
818 78008 81965 100 87522
819 78019 84726 60 147782
820 78204 81347 86 74633
821 78306 83976 120 373923
822 78337 82813 5 17594
823 78484 78536 33 536
824 78581 80421 89 35547
825 78779 82651 114 76250
826 78827 79238 102 20831
827 78875 79507 38 8716
828 79024 80790 119 210469
829 79036 84856 60 128456
830 79093 83989 88 147583
831 79283 80505 117 33811
832 79474 79520 61 3710
833 79513 81943 41 17634
834 79990 80564 72 16374
835 80038 82336 142 116231
836 80146 82523 20 25300
837 80198 85181 20 21963
838 80319 90503 86 607153
839 80527 85273 47 43402
840 80552 82206 114 180114
841 80611 81639 142 80307
842 80686 81631 116 43093
843 80880 83554 33 26212
844 81002 83078 56 17483
845 81337 84133 31 34283
846 81370 81935 56 12812
847 81623 81729 54 1459
848 81826 84878 15 14352
849 82026 82443 14 6088
850 82085 82249 75 5129
851 82142 86552 22 46720
852 82144 83493 148 65501
853 82302 83236 48 16951
854 82485 83720 54 67270
855 82593 85717 26 36012
856 82710 82797 22 911
857 82711 88717 74 234890
858 82850 82991 87 52568
859 82920 88760 20 24078
860 83074 83740 5 1905
861 83343 86491 15 56097
862 83372 83766 112 66238
863 83416 87508 99 937298
864 83450 84722 65 14534
865 83473 90056 96 407429
866 83573 84751 126 56231
867 83577 85468 47 95566
868 83610 84976 140 113935
869 83620 85233 122 170685
870 83636 85154 84 44343
871 83714 84326 121 21389
872 83715 85177 94 98496
873 83839 85663 21 12064
874 83899 87648 53 53952
875 83909 85802 23 15668
876 84262 87707 58 53675
877 84504 90806 45 118087
878 84506 88972 61 122319
879 84531 85890 5 3513
880 84734 86648 35 26307
881 84853 87369 54 140803
882 84891 85664 44 32370
883 84936 86908 79 16216
884 85054 85179 88 14182
885 85107 87131 127 123548
886 85250 91993 21 90599
887 85315 92571 11 68837
888 85607 86924 74 18455
889 85688 88120 16 14490
890 85871 93359 67 100992
891 86074 87041 83 32659
892 86155 86452 74 8621
893 86190 89950 126 491718
894 86419 87212 72 49681
895 86615 95622 63 89699
896 86636 88128 35 29332
897 86694 89817 149 150449
898 86852 94342 49 117304
899 86919 90566 18 27894
900 87006 94961 143 270418
901 87111 89689 6 6388
902 87124 90732 131 119106
903 87362 89013 124 52575
904 87432 92460 113 328183
905 87467 87669 109 11419
906 87489 92130 142 441834
907 87542 90149 134 225938
908 87681 90739 17 15792
909 87773 90274 149 201504
910 87831 92591 21 45657
911 87852 88199 35 25486
912 87894 90788 115 160235
913 87947 88687 87 50845
914 88154 88168 111 2018
915 88313 91222 115 460229
916 88394 89321 70 14684
917 88473 91362 143 100058
918 88500 89186 8 2533
919 88522 94408 93 605237
920 88628 94367 46 201820
921 88829 97812 79 164078
922 88879 92577 32 68842
923 88944 90363 108 64209
924 88986 89308 87 20218
925 89148 90813 18 9241
926 89159 92980 86 131968
927 89304 89752 23 4896
928 89325 95971 91 199760
929 89385 90054 76 53037
930 89392 89934 36 12084
931 89438 91936 35 31989
932 89743 90694 44 32268
933 89786 90215 16 3155
934 89799 92413 24 22455
935 89803 90589 14 3837
936 89832 92744 99 381724
937 90100 95451 15 22304
938 90252 91177 11 5012
939 90656 94317 10 12034
940 90824 99853 98 321021
941 90928 94168 59 278343
942 91032 95376 136 156305
943 91077 93391 42 21396
944 91110 94696 132 331094
945 91565 98627 139 131279
946 91622 98306 16 110125
947 91625 92825 26 18559
948 91632 91945 41 5099
949 91740 97711 37 115430
950 91755 97179 8 21242
951 91760 96012 118 158382
952 92338 94224 148 176507
953 92455 93062 108 20291
954 92542 94772 88 106826
955 92543 93881 88 103025
956 92939 98246 79 219834
957 93041 98137 7 11145
958 93183 98265 93 235427
959 93191 95315 44 62005
960 93342 94734 75 30555
961 93365 95932 40 27452
962 93518 93989 51 17662
963 93601 96210 142 51446
964 93693 94407 70 12810
965 93954 95637 147 606008
966 94103 96181 11 15203
967 94117 95394 51 41884
968 94138 94485 60 14769
969 94281 97966 149 127377
970 94399 98807 73 195789
971 94601 99369 26 31390
972 94934 98233 64 100313
973 95017 97064 97 120948
974 95019 96468 111 116601
975 95227 97977 25 63542
976 95324 97587 41 30565
977 95552 98422 55 14804
978 95600 99212 133 641272
979 96006 98859 18 23649
980 96043 97235 95 55794
981 96135 97982 104 86024
982 96136 97737 19 11085
983 96206 98792 41 49021
984 96270 97830 58 30395
985 96320 98572 113 110698
986 96368 99171 18 18533
987 96502 99766 73 77444
988 96638 99765 25 25148
989 96709 98217 25 20973
990 96726 99946 110 84642
991 96878 97182 108 13649
992 97558 97634 12 420
993 97664 99170 109 179121
994 97776 98381 4 6109
995 98042 99504 7 3115
996 98272 98978 97 34574
997 98775 99232 9 2421
998 98916 99346 100 25170
999 98967 99753 5 1396
