50 1000 0.016
###............####..####...........#.............
###..............####.###.#....##.###.............
.###...........#############....#####.............
................##.###.##..#.....#######..........
................##.#...#####....#.####.##.........
...................#....#.......#####.#...........
...............................##.######..........
.................................#####.##.........
................................###.##.##.........
.................................##..###..........
................................##..###...........
.................................#...##...#.......
.....................................######.......
.......................................#..........
.......................................####.......
.....................................#..#...#.....
.....................................########.....
....................................###.######....
.....................................########.....
......................................####.####...
....................................######.###....
...................................##..#####......
....................................##.#.#........
.................................#..####..........
.................................#.#####..........
................................#########.........
................................#..######.....#.#.
.....................................####....####.
....................................#####.#..#####
....................................##.##.########
....................................##############
...................................#########.#####
....................................##############
...................................####.#.########
.........................#............##########.#
........................##............#.#####.#..#
........................###...........#.....#.....
.....................#######......................
....................#######.......................
.....................####.........................
......................####........................
......................###.#.......................
.......................#.##.......................
......................######......................
....................######........................
..................##########......................
..................#.##########....................
..................#######.#..#....................
.................#######..........................
..................####............................
0 36 12961 63 132400
1 147 3103 12 15648
2 192 1762 123 107475
3 303 9879 132 493956
4 346 5879 7 19307
5 450 1179 7 2142
6 546 3419 98 112366
7 915 6156 80 224653
8 1059 1996 6 3661
9 1186 3452 5 3508
10 1208 2968 51 73260
11 1290 18515 11 149527
12 1392 3567 22 27565
13 1398 4231 112 240430
14 1690 2143 50 13377
15 1942 10089 43 72870
16 1949 8297 144 161903
17 1998 8661 124 894331
18 2247 3934 145 132526
19 2399 5869 122 117027
20 2420 3081 97 25154
21 2537 4165 42 28224
22 2654 4070 35 14759
23 2762 3097 15 4021
24 2806 16824 65 470230
25 2836 4478 62 55800
26 2956 4299 101 453772
27 2979 7555 83 173296
28 2984 17053 15 63024
29 3122 3411 95 36728
30 3145 5822 30 34704
31 3157 4645 81 33115
32 3211 4136 39 32778
33 3308 7300 17 13749
34 3317 13032 29 160620
35 3435 11414 119 493326
36 3506 4224 64 15175
37 3512 16636 50 269407
38 3669 6995 148 268569
39 3801 4633 122 35756
40 3864 4195 26 5742
41 4189 7278 63 60750
42 4317 7299 116 96089
43 4318 10614 7 6769
44 4429 5911 45 16155
45 4590 11075 131 289504
46 4667 8825 58 379939
47 4746 10268 26 53765
48 4777 11467 9 35881
49 5043 6320 33 22958
50 5090 23507 19 195188
51 5097 5620 123 102585
52 5207 6693 133 132281
53 5505 11881 35 281353
54 5812 10211 23 31402
55 5833 5838 57 235
56 5868 6105 7 569
57 5887 7682 126 104897
58 5968 10834 95 190583
59 5980 6342 55 22065
60 6148 10154 82 52575
61 6329 6447 79 11701
62 6347 7532 14 4332
63 6379 11385 89 147146
64 6500 12014 14 17654
65 6549 9978 69 95984
66 6640 12415 83 292154
67 6685 14837 96 571231
68 6859 7045 34 8600
69 6885 12367 8 11851
70 7128 11585 54 130763
71 7228 8055 10 6880
72 7398 9872 71 128181
73 7404 18369 49 282333
74 7534 9510 76 69669
75 7612 11518 104 122197
76 7865 14080 67 145984
77 7869 13174 35 56141
78 7951 11547 122 88056
79 8334 10239 131 103227
80 8448 19917 65 224495
81 8794 10943 15 17058
82 8850 17086 64 198979
83 8877 24200 9 42659
84 8935 17167 45 102672
85 8966 15675 104 567160
86 8976 9734 5 661
87 8978 9028 27 1081
88 8988 18492 141 467527
89 9059 21552 77 945626
90 9142 9144 72 154
91 9349 11111 70 97927
92 9564 14178 144 125519
93 9629 15766 97 278303
94 9667 17509 14 44186
95 9707 11692 22 37776
96 9769 16268 41 173487
97 9914 12452 14 37144
98 9924 15411 11 18153
99 10001 11233 13 9978
100 10074 22896 27 171785
101 10144 14540 26 95271
102 10370 12050 62 37311
103 10385 15057 46 44072
104 10433 10956 4 1236
105 10596 19508 33 135286
106 10600 11462 15 11264
107 10637 17030 145 318925
108 10673 25495 40 403890
109 10765 34568 24 231804
110 10840 18025 4 31140
111 11081 19070 93 142480
112 11102 11594 131 25686
113 11186 14495 100 76878
114 11253 11457 110 3870
115 11336 11888 93 16216
116 11411 22136 6 12115
117 11439 18598 39 163826
118 11504 16980 83 123794
119 11531 13835 109 293045
120 11762 16778 71 207755
121 12031 12106 85 5769
122 12156 16358 10 19410
123 12290 36536 55 556847
124 12334 12726 76 14102
125 12353 12781 101 23252
126 12363 15737 10 12291
127 12370 17966 16 34251
128 12455 13792 47 33017
129 12866 15063 28 75214
130 13128 17296 109 170739
131 13179 13850 13 5050
132 13204 14792 11 8807
133 13240 51941 30 323367
134 13297 26950 78 235708
135 13366 16543 13 20471
136 13467 17988 26 108726
137 13559 17953 51 37185
138 13645 25284 20 184712
139 13802 14940 135 73616
140 13827 16843 41 68019
141 13955 16763 24 16242
142 14061 15576 31 16030
143 14123 15952 119 139882
144 14152 15746 83 21107
145 14169 15732 116 86104
146 14173 20319 26 125521
147 14271 31819 147 1543012
148 14341 46189 120 1158489
149 14525 16746 59 18336
150 14928 21098 101 375527
151 14961 16844 132 217675
152 15177 19615 38 105677
153 15365 17394 10 7433
154 15557 15562 53 204
155 15626 18834 82 108746
156 15750 17709 34 59718
157 15801 20265 5 3815
158 15811 15972 8 3437
159 15868 19940 21 37509
160 15969 16491 43 6259
161 16001 16351 15 5703
162 16152 18249 11 12371
163 16515 43492 70 670068
164 17040 27895 17 56811
165 17051 18670 84 28772
166 17126 20002 10 15681
167 17178 23287 17 57555
168 17197 29020 23 92545
169 17338 26651 38 64531
170 17512 22444 72 225537
171 17538 29749 132 886950
172 17716 19798 24 23358
173 17780 18150 63 5897
174 17784 18152 139 35861
175 17812 18518 48 26238
176 17849 18141 10 1393
177 17867 18290 60 3003
178 17884 23094 5 3680
179 17920 27530 28 201116
180 17965 22213 9 9450
181 18582 39534 5 53649
182 18708 21137 15 19078
183 18776 37829 22 113100
184 18786 19336 5 2070
185 18844 22463 34 17369
186 18893 25893 108 206782
187 18930 19273 63 7013
188 19058 32545 5 26108
189 19089 22597 51 94351
190 19136 19719 4 855
191 19203 35644 119 471338
192 19482 27325 52 160622
193 19656 23430 11 19953
194 19807 25138 24 72018
195 19818 21255 118 90299
196 19827 23240 36 95156
197 19854 24277 110 208286
198 19856 23678 122 84407
199 19904 26646 104 136202
200 20189 23812 89 141631
201 20197 30529 14 60889
202 20207 25394 26 28068
203 20249 25413 51 278307
204 20344 24348 14 29323
205 20379 27948 124 221000
206 20414 26603 51 38220
207 20491 27516 29 47648
208 20501 37390 61 542834
209 20584 23730 24 20028
210 20715 29024 19 55040
211 20744 20967 52 13875
212 20771 48171 41 394006
213 20858 29855 38 230849
214 20903 22417 104 60557
215 20929 20989 100 6095
216 20961 34997 57 159980
217 21013 22335 108 53666
218 21130 42718 76 688294
219 21157 22982 53 36304
220 21449 22205 91 39157
221 21483 23028 28 9081
222 21588 22593 96 104715
223 21698 23382 36 23865
224 22020 22508 107 45314
225 22155 23565 17 10046
226 22369 37270 14 30007
227 22491 31051 47 224650
228 22503 29327 17 64794
229 22620 31227 68 306778
230 22623 24926 43 39947
231 22826 24038 18 16189
232 22902 30182 11 22066
233 22951 56666 34 366888
234 23105 24803 21 20141
235 23168 26633 41 70482
236 23206 33659 41 128417
237 23221 35855 52 370634
238 23407 25239 126 45934
239 23424 24053 70 9940
240 23436 24158 6 3837
241 23473 25227 135 31637
242 23504 29172 68 212560
243 23601 32411 8 43677
244 23781 24830 15 15289
245 23833 29920 29 132106
246 23938 28293 9 19275
247 24013 27105 93 162642
248 24044 30539 14 55100
249 24049 28298 21 38930
250 24096 31755 41 296346
251 24131 25218 72 47474
252 24212 25984 64 40761
253 24358 33018 5 12618
254 24402 29584 76 133988
255 24466 30955 14 61657
256 24476 24730 17 5264
257 24606 32315 6 39444
258 24677 28400 30 52188
259 24692 26049 16 14066
260 24720 26749 143 215548
261 24817 25715 15 3392
262 24924 34269 109 503122
263 24977 28557 37 23563
264 25020 28321 47 56373
265 25052 34144 16 55428
266 25100 35613 139 951883
267 25143 25460 32 3144
268 25213 31262 79 241998
269 25421 25762 47 10619
270 25441 29187 26 36968
271 25467 43381 58 789348
272 25487 29112 7 6825
273 25558 26509 6 2621
274 25643 27816 30 16385
275 25720 26064 143 26106
276 25721 26263 115 30020
277 25738 28181 22 14523
278 25775 46408 13 38534
279 25777 27463 112 76402
280 25888 26326 8 632
281 25890 27181 124 77687
282 26250 31315 17 80704
283 26345 27205 15 2815
284 26367 26541 74 7395
285 26401 31958 26 38963
286 26404 27852 105 81314
287 26770 30316 90 118750
288 26785 36023 32 98784
289 26809 28279 20 10266
290 26814 37376 6 113127
291 27034 43573 141 990714
292 27120 28590 19 8700
293 27206 31271 101 280991
294 27378 30605 50 43455
295 27420 34695 19 113550
296 27469 43670 33 229046
297 27473 30899 107 214633
298 27536 36328 145 436579
299 27685 30445 92 64353
300 27765 29928 10 4399
301 27960 30870 5 7040
302 27974 43413 59 484534
303 28072 31937 6 4364
304 28226 35927 12 41078
305 28299 28516 86 8269
306 28347 47950 11 168103
307 28359 48604 83 1266654
308 28471 33848 26 58104
309 28536 29563 137 81344
310 28755 56775 59 1459927
311 28854 46780 21 171960
312 29104 30372 15 3597
313 29267 34747 63 53948
314 29322 33573 78 328627
315 29403 39582 18 174632
316 29571 30970 8 13683
317 29644 40823 15 92170
318 29734 30712 6 2911
319 29784 35507 18 65555
320 29819 32391 136 158580
321 29845 38620 24 58953
322 29950 31172 8 4240
323 30355 39826 15 35961
324 30437 35632 10 18150
325 30531 34670 34 55442
326 30553 32790 29 22705
327 30737 30908 69 3281
328 30788 30837 122 2548
329 30812 33061 107 129191
330 30872 33969 10 9298
331 30896 31009 23 1490
332 30897 32178 4 1120
333 30907 35426 37 45105
334 30989 49561 13 104344
335 31025 33128 30 25441
336 31071 32571 38 14985
337 31281 40112 91 556759
338 31438 46497 63 888574
339 31459 42685 97 436710
340 31476 40125 130 181677
341 31503 41881 46 525981
342 31658 32530 114 85815
343 31704 40088 106 271945
344 31726 33778 12 22690
345 31745 36176 116 181977
346 31749 36467 117 306262
347 31828 31886 102 1306
348 31919 39144 38 198033
349 31953 33674 55 40462
350 31964 32138 30 5748
351 31982 33730 45 79832
352 32081 50512 16 107392
353 32132 47545 72 292424
354 32190 32506 122 20906
355 32314 44928 7 47618
356 32415 37015 27 107037
357 32685 35863 79 133097
358 32744 32766 19 451
359 32749 32920 45 2963
360 32923 45002 43 182509
361 33105 39401 10 37789
362 33151 33870 69 13727
363 33191 39134 73 167249
364 33259 33541 65 27221
365 33282 38736 9 20242
366 33661 39754 49 46458
367 33739 61209 5 53125
368 33929 49757 92 533064
369 34243 37959 92 53104
370 34392 36055 127 116919
371 34490 38043 133 123526
372 34584 37290 53 47648
373 34742 36389 106 65216
374 34782 38535 45 26689
375 34861 37209 137 220662
376 34923 49554 109 981553
377 34926 49356 68 202685
378 34942 47347 13 65916
379 34967 37714 8 6506
380 34987 38814 4 10940
381 35318 37623 54 48309
382 35394 44943 65 111712
383 35399 40990 46 125690
384 35671 39310 34 43836
385 35945 38594 35 143169
386 35974 43103 144 792983
387 36130 38303 63 44474
388 36350 39440 49 36401
389 36466 44554 40 68104
390 36588 40698 121 42825
391 36618 41728 11 38490
392 36624 39924 107 332553
393 36702 39763 90 102066
394 36969 43264 96 491361
395 36985 43476 105 216152
396 36997 67238 115 1373786
397 37196 38028 110 55172
398 37488 47289 7 66595
399 37548 47265 96 599189
400 37699 38927 22 4087
401 37729 39822 11 22675
402 37753 44375 13 12795
403 37771 44782 6 8701
404 37797 42573 145 457511
405 37870 42479 94 48267
406 37986 49109 91 278319
407 38630 48961 136 224551
408 38667 59820 97 610537
409 38741 38811 26 3166
410 38749 43943 72 230604
411 38768 42643 10 19185
412 38775 43908 56 52101
413 38801 50168 124 402580
414 38915 41670 97 139218
415 38943 42018 134 184938
416 38964 42446 42 30609
417 39019 43286 115 549979
418 39131 39162 86 740
419 39147 39461 12 2272
420 39157 44329 20 42180
421 39238 42497 101 144918
422 39242 44795 123 133505
423 39277 63663 142 622046
424 39576 39679 76 6100
425 39585 40993 104 41866
426 39598 44740 24 82938
427 39776 41217 128 47048
428 40014 43355 15 31560
429 40252 43082 5 6623
430 40382 46663 19 60327
431 40410 49106 8 64947
432 40448 41043 44 8953
433 40659 42244 29 20133
434 40667 46290 79 695976
435 40728 42788 47 84016
436 40840 58364 141 1518536
437 41088 41177 92 10048
438 41102 45293 99 244357
439 41238 54976 95 510320
440 41285 42001 12 5223
441 41488 43258 51 41148
442 41600 47781 33 117286
443 41615 45072 106 514547
444 41802 46583 22 69954
445 41838 42222 120 6508
446 41899 47771 58 179174
447 41940 45975 137 258031
448 42081 53063 20 47787
449 42083 46492 77 159773
450 42126 43642 36 14986
451 42253 47618 51 50288
452 42405 43893 13 11412
453 42417 50134 51 386035
454 42522 50905 7 35690
455 42691 44708 55 76597
456 42751 59192 5 12423
457 42774 43714 30 18733
458 42828 61318 34 299399
459 43040 47012 11 31877
460 43111 48888 9 19837
461 43204 45403 85 94111
462 43343 43874 147 127228
463 43434 44763 102 33125
464 43469 43889 100 16599
465 43509 45437 11 11982
466 43533 50685 54 140022
467 43559 48632 16 36281
468 43568 44275 32 15753
469 43601 44042 115 28255
470 43715 46845 19 35717
471 43722 44059 78 8574
472 43819 46928 133 171019
473 43892 52354 25 289458
474 43956 50723 40 125191
475 44001 48377 32 62128
476 44004 47886 8 21473
477 44041 46785 127 214564
478 44075 46950 108 119631
479 44206 46284 150 193522
480 44217 46322 121 122427
481 44463 50003 51 22186
482 44525 47466 36 66816
483 44663 48140 15 43949
484 44675 46774 11 7261
485 44711 45327 11 2226
486 44787 47542 67 119405
487 44835 50710 93 236032
488 45091 50199 19 24972
489 45101 46001 127 23136
490 45129 46777 80 56389
491 45214 49896 32 114929
492 45434 47687 31 31291
493 45480 46761 125 40563
494 45535 48476 25 38816
495 45581 46892 67 37578
496 45628 47842 75 64178
497 45640 46750 13 6036
498 45687 54312 42 180474
499 45757 47102 89 114757
500 45872 60637 10 71644
501 45972 49394 35 21075
502 46453 52535 131 470860
503 46525 47375 26 20838
504 46664 48447 90 44957
505 46718 51333 146 561317
506 46859 48508 39 27121
507 46913 48460 6 2151
508 46993 50649 44 111459
509 47067 48205 116 74146
510 47237 65819 142 447134
511 47316 52710 8 7863
512 47348 53429 9 85895
513 47397 60368 70 358289
514 47470 48170 47 17036
515 47516 50953 5 6481
516 47562 53222 44 55177
517 47597 50432 71 164740
518 47651 55981 15 31295
519 47663 60920 59 142341
520 47683 50692 8 6024
521 47871 48479 47 5476
522 47914 49439 9 4928
523 48042 50749 123 248025
524 48080 59993 82 253567
525 48290 51682 117 122748
526 48411 51953 108 161292
527 48428 51595 44 43289
528 48510 54653 112 110927
529 48603 50049 78 54782
530 48609 51163 19 20792
531 48636 51663 26 21166
532 48894 63597 84 534886
533 49370 49536 139 26844
534 49405 50736 8 7572
535 49418 64206 7 31538
536 49719 74354 52 325733
537 49726 55696 74 222668
538 49727 53162 63 29976
539 49882 55404 46 401887
540 49883 60278 21 122589
541 49927 66671 17 75595
542 50573 64512 103 321304
543 50595 52918 122 93784
544 50642 52061 11 7479
545 50704 79067 40 1060275
546 50728 56960 108 313766
547 50758 51192 86 36482
548 50859 54623 68 87035
549 50911 69583 111 2022394
550 51330 81203 60 213333
551 51632 51914 8 1322
552 51689 57302 11 36896
553 51702 55468 131 154046
554 51744 57731 49 187404
555 51780 58134 13 60046
556 51869 53605 12 11881
557 51931 67517 129 793603
558 52054 56310 57 31893
559 52459 60348 61 148059
560 52560 63659 83 408837
561 52665 53757 79 44382
562 52722 58552 89 116254
563 52787 54211 5 1057
564 52843 97176 54 632015
565 52858 61536 94 405845
566 52865 61206 37 264238
567 52919 53448 27 7787
568 53085 55317 37 52261
569 53190 57389 8 7108
570 53278 58399 38 139759
571 53287 62838 124 646156
572 53315 55475 93 42640
573 53557 66982 45 60865
574 53793 64612 91 321119
575 53862 57194 44 40079
576 54084 61754 30 108938
577 54143 61758 77 195809
578 54225 61898 68 332676
579 54278 57157 97 231583
580 54672 63563 51 424892
581 54730 57293 76 66699
582 55013 60128 63 297340
583 55055 63832 49 102677
584 55087 61722 5 10856
585 55141 61540 98 471883
586 55204 57586 16 10679
587 55356 66092 31 132710
588 55367 58440 5 14267
589 55418 62506 114 466832
590 55539 56931 42 37723
591 55839 71841 9 42774
592 55877 61224 8 27558
593 55950 59806 4 2408
594 56167 57671 69 60891
595 56236 57997 7 3372
596 56291 69646 54 398219
597 56351 61699 137 342551
598 56715 58854 13 9157
599 56829 59590 32 30020
600 56935 57612 133 71858
601 56958 63390 84 154526
602 57126 59156 130 86186
603 57158 59404 69 178654
604 57226 57538 12 2112
605 57320 61490 77 156282
606 57421 85807 140 1220375
607 57438 59871 59 63203
608 57473 89899 56 894366
609 57509 65591 35 87644
610 57693 69436 42 181232
611 57917 57981 125 3211
612 57921 73303 14 34563
613 57990 65604 28 62831
614 58095 60525 69 79216
615 58158 71953 40 354638
616 58165 58686 28 6455
617 58233 58976 51 12291
618 58269 59722 104 84068
619 58294 64329 34 134564
620 58404 73566 149 1185696
621 58432 60369 6 8017
622 58563 65288 34 120923
623 58718 60441 74 87439
624 58759 62571 7 40881
625 58843 67374 8 22920
626 58902 64534 96 375519
627 58970 67508 9 10222
628 59042 61730 126 455400
629 59125 63481 78 148773
630 59131 62336 11 6967
631 59194 75755 53 376338
632 59387 64146 50 118982
633 59525 74658 119 295088
634 59581 59764 146 31856
635 59866 69631 96 341883
636 59900 64037 113 232408
637 59940 60996 13 7706
638 60036 62076 6 10867
639 60141 63945 44 104157
640 60290 66161 5 21729
641 60366 60506 52 9630
642 60461 63079 36 8698
643 60649 62000 40 24743
644 60797 61413 76 18244
645 60938 61265 36 6391
646 60999 61328 142 15492
647 61099 61927 9 8211
648 61132 74232 146 683706
649 61217 68944 100 531818
650 61241 63896 78 90978
651 61245 76073 55 487103
652 61256 62001 44 22040
653 61319 65209 71 74094
654 61515 65229 23 17803
655 61764 65150 110 182638
656 61846 61980 40 2495
657 61883 61946 35 721
658 62072 68635 136 514445
659 62408 75030 52 362672
660 62439 64703 34 22520
661 62445 84606 22 287826
662 62473 77600 117 1030923
663 62579 67121 15 37598
664 62633 77543 59 555838
665 62683 72775 99 667839
666 62814 65435 79 114848
667 63046 68764 113 962935
668 63140 68401 20 58500
669 63154 65147 118 164722
670 63413 64438 21 7958
671 63520 75044 76 479420
672 63650 67185 83 225842
673 63748 69333 23 54387
674 63977 71590 43 98364
675 64015 69605 139 191055
676 64029 67091 38 84667
677 64088 66597 22 101733
678 64218 68157 57 184508
679 64312 72198 105 341807
680 64331 66848 86 99139
681 64647 65754 92 50218
682 64688 72366 62 104594
683 64721 89258 20 85280
684 64728 65272 29 4844
685 64781 65270 25 14015
686 64799 66621 47 86891
687 64919 65562 70 98496
688 65053 84395 15 67534
689 65218 66275 41 46076
690 65305 66214 86 19486
691 65329 66273 84 65033
692 65354 81022 110 236285
693 65436 70645 12 29106
694 65507 68039 125 65507
695 65543 68692 74 72145
696 65678 77219 97 722352
697 65686 78298 45 385380
698 65940 66915 12 4627
699 65970 72922 9 70733
700 66115 68606 70 107034
701 66253 68337 122 70808
702 66390 67053 110 40488
703 66842 93182 14 108813
704 66881 75040 30 60813
705 66906 72138 118 285619
706 66997 73609 40 93770
707 67125 77205 126 221572
708 67155 74417 114 169449
709 67489 74206 110 258732
710 67789 70602 136 196099
711 67804 78434 106 342979
712 67930 72992 9 16482
713 67950 84436 46 120134
714 68123 68280 46 4884
715 68139 71845 56 95818
716 68381 74411 31 91113
717 68449 71665 75 124599
718 68576 77822 11 58723
719 68592 82968 105 733746
720 68634 73127 138 206311
721 68655 73867 90 343734
722 68734 76280 30 139704
723 68829 74700 19 28558
724 68892 77954 36 238093
725 68909 75563 16 32672
726 68919 73347 24 31100
727 68950 69516 91 22987
728 68971 78740 11 68750
729 69126 77383 43 175517
730 69147 69550 86 54196
731 69196 72336 66 114684
732 69363 72181 13 15544
733 69614 71570 146 71756
734 69734 75385 68 276111
735 69748 71230 11 25567
736 69815 69849 73 2066
737 69879 79308 136 1087549
738 69917 78078 114 381956
739 70134 78292 42 115386
740 70298 77125 87 726275
741 70339 97667 53 566431
742 70345 77653 14 60745
743 70363 79723 75 174402
744 70476 87377 119 578804
745 70510 78193 11 50723
746 70556 76374 79 447498
747 70665 78282 123 374863
748 70683 73247 88 35725
749 70708 85047 11 48997
750 70868 77199 10 15555
751 70885 87903 144 756633
752 70906 80418 149 436305
753 71030 71429 137 26309
754 71133 73655 14 3767
755 71179 73213 128 109454
756 71351 73377 104 118396
757 71382 77882 136 374869
758 71403 75626 102 465438
759 71424 81235 15 70570
760 71486 73842 89 231499
761 71625 75070 65 103476
762 71725 83842 12 85083
763 71784 72341 39 12478
764 71786 97405 87 405001
765 71792 81273 18 107514
766 71801 79068 122 439267
767 71912 73013 8 4409
768 72026 74656 128 126730
769 72071 73194 5 1503
770 72084 77675 15 35877
771 72228 74501 95 94758
772 72334 74416 83 48280
773 72384 73694 16 15232
774 72407 80110 97 699234
775 72413 78424 37 99210
776 72437 94734 5 22687
777 72442 72917 30 6472
778 72475 75393 5 10072
779 72564 79674 6 8222
780 72683 80555 7 24303
781 72700 75671 135 264894
782 72706 72792 26 656
783 72827 77580 128 133478
784 72982 74600 7 2013
785 73035 96730 5 87235
786 73046 80312 55 164583
787 73166 75965 60 51057
788 73387 77985 91 160399
789 73388 74675 120 51668
790 73587 81592 47 102797
791 73613 75210 74 55312
792 73689 74047 16 6737
793 73878 77149 139 200772
794 74208 87615 29 150100
795 74230 88655 35 394307
796 74329 80880 100 420826
797 74330 80500 16 70314
798 74499 81754 78 223535
799 74703 80103 65 68309
800 74784 78481 27 54810
801 74854 75635 115 54406
802 74878 80518 35 81110
803 74917 75135 120 9422
804 74919 81005 126 261821
805 74920 76841 101 180981
806 74997 79928 48 154203
807 75092 75359 43 3261
808 75201 76983 11 10443
809 75341 82067 27 170178
810 75368 83634 30 269971
811 75544 78406 52 129449
812 75568 80207 97 298428
813 75678 79837 26 23554
814 76252 77978 19 16559
815 76327 87603 125 333646
816 76598 80579 24 75482
817 76622 76957 86 6709
818 76798 78983 72 111372
819 76935 82679 69 230636
820 77033 79877 15 14412
821 77148 79244 47 94508
822 77214 80462 30 38186
823 77290 77582 107 15633
824 77442 77695 32 3149
825 77496 80575 124 360067
826 77501 80368 16 21517
827 77840 92879 109 200385
828 77999 80830 65 224957
829 78012 80567 10 8206
830 78493 90685 16 60965
831 78654 81988 101 151321
832 79020 88007 68 562370
833 79075 80386 48 34454
834 79101 79850 138 129645
835 79205 85861 130 922964
836 79253 79427 75 7514
837 79272 80404 45 11408
838 79342 81304 90 44631
839 79628 83362 142 271774
840 79752 84048 68 444369
841 79756 88466 131 527702
842 79769 85907 16 28717
843 79819 80743 24 19724
844 79894 83052 57 170767
845 80092 86670 132 214909
846 80094 81120 141 31976
847 80144 82052 7 5470
848 80170 85396 35 73176
849 80209 83623 60 121348
850 80494 84899 145 219110
851 80527 83097 9 10086
852 80704 86745 80 274597
853 80714 89745 49 132043
854 80730 90635 44 518868
855 80747 84847 29 57045
856 80751 84331 38 82839
857 80833 87863 24 32426
858 81108 83560 96 208887
859 81113 91137 88 1046091
860 81147 81697 30 18092
861 81266 81464 90 13668
862 81333 89404 130 365692
863 81391 83698 121 149868
864 81413 87076 114 217205
865 81544 85544 70 58907
866 81573 82487 9 1836
867 81603 92772 14 32368
868 81619 84773 4 3383
869 81784 81842 80 10942
870 82080 83943 61 38833
871 82156 85178 84 94019
872 82162 83387 31 34011
873 82347 84086 75 38756
874 82546 82860 50 10205
875 82614 88647 71 185435
876 82623 87960 49 102071
877 82656 88428 29 52607
878 82798 85067 79 62718
879 83004 86256 141 85279
880 83016 86225 44 46426
881 83073 87932 137 366141
882 83266 86102 8 12150
883 83322 94198 141 261447
884 83914 87074 56 49401
885 84127 93644 31 75843
886 84217 84289 52 6163
887 84551 86089 16 11677
888 84581 86163 23 8493
889 84634 90282 63 213940
890 84706 92347 9 46613
891 84790 86567 101 112018
892 84819 86012 4 1804
893 84851 89876 16 54566
894 84902 89789 14 27153
895 84988 89782 8 38773
896 85098 85208 74 7174
897 85150 88717 40 98722
898 85157 93712 31 222198
899 85336 91234 122 126519
900 85610 91093 88 441810
901 85647 94644 89 592884
902 85650 87299 87 76371
903 85791 89209 12 11741
904 85826 86957 112 65127
905 85829 86250 50 11071
906 85884 88456 68 73219
907 85968 87713 47 63681
908 85978 95461 118 793732
909 86019 96103 119 471527
910 86244 86601 55 4555
911 86249 95330 17 57344
912 86262 90320 6 5000
913 86384 87547 98 35612
914 86424 96897 15 49007
915 86519 94728 50 137597
916 86782 88224 87 34141
917 86949 88105 126 52571
918 86960 87111 138 9313
919 87019 94228 58 126710
920 87431 95263 106 135227
921 87449 95430 40 126714
922 87550 94087 135 792806
923 87712 88097 21 5491
924 87718 93836 25 105564
925 87847 90851 7 4427
926 87856 91663 10 34957
927 88106 88834 50 39662
928 88113 88449 78 16430
929 88289 94546 126 611322
930 88471 94814 4 13512
931 88701 93881 124 846945
932 88880 93374 137 94662
933 89432 96220 121 221878
934 89503 92313 18 40349
935 89608 90793 15 4142
936 89633 93583 47 48775
937 89729 97225 65 130705
938 89891 97529 8 20586
939 90205 94702 67 129409
940 90238 99282 71 212582
941 90275 93245 59 83143
942 90306 91919 76 174699
943 90315 92938 7 4390
944 90407 91594 65 48142
945 90619 92648 129 106080
946 90673 92195 127 103350
947 90822 98981 93 353871
948 90895 92387 50 69939
949 90904 91228 25 3476
950 90971 92633 60 16575
951 91001 98157 12 54149
952 91125 91218 30 1003
953 91170 95641 8 4797
954 91428 91470 41 1091
955 91566 91825 27 4658
956 91597 95109 17 53137
957 91863 97588 17 53711
958 92187 94128 99 56758
959 92215 95484 27 42861
960 92428 96799 67 62185
961 92565 94061 91 60851
962 92621 96341 78 66188
963 92664 94028 42 12362
964 92842 92925 88 16912
965 92908 94444 135 102686
966 92942 96573 8 25356
967 93022 93768 28 10158
968 93781 95662 80 106365
969 93864 97768 31 113907
970 93877 97826 49 36972
971 94105 96793 57 35967
972 94137 99827 24 87589
973 94192 94504 46 13575
974 94208 94973 140 45261
975 94321 96619 96 316410
976 94480 94656 70 13208
977 94493 96671 47 31278
978 94711 96147 13 5133
979 95126 97259 7 9327
980 95548 96252 94 20051
981 95637 97563 47 42704
982 95652 99898 39 59891
983 95727 96835 72 31537
984 96153 98372 59 56998
985 96160 99657 57 37550
986 96516 96909 22 5458
987 96544 98494 5 2043
988 96688 98837 66 54007
989 96888 99650 44 27568
990 96893 98531 36 46358
991 97062 99971 129 346500
992 97267 97985 104 25443
993 97902 99272 76 63563
994 98011 99521 63 69783
995 98222 98681 76 21163
996 98573 99208 45 21207
997 98700 98902 108 14718
998 99021 99554 7 2639
999 99306 99356 32 762
