50 1000 0.079
##########.#############.....#######..............
#.##########.####.#####........######..........#.#
#.###..########.####.#....#...##..#.#........#####
####...#.####....##.......#.######...........#####
#####..##.######.#.......##########............###
####.###...#####........##.#########.....#########
####..#######.#............##########......#######
###....####..##............##..##.###......#######
#####..#####.#..............#.#####.#......######.
#####...######.........#....#.##...##.......#.####
######.######.........##.......#####.#........####
.##.###...##........######........##.##.#.....#.##
.##.##.....#.........####........#########....#...
#####......##....##...##...........###.###........
.####.........##..#######...........###..##.......
...#.........###...######...........#.............
..........#.#.#.##..####..........................
..........###.###.#######................##......#
...........#######.######...............####..####
...........##################..........#.####.####
..........#################............###########
..........##.############............#############
.......#.##############................###########
.......##.########.##..................#.#########
........##############..............##########.#..
........#########..##................#######...##.
.........##....#...##................######...###.
..........##.......#..................#.##.....##.
.........................................#........
..................................................
..................................................
.....#...#..................................#...#.
.....#...##...............................###.####
.....##.##..............................##########
###########..............................#########
....#..###.#..............................########
..##########.............................#########
.###########..............................########
#############........................#....##.#####
#.##########........................##.##.#######.
###.###.###.........................####...#.#....
###......#.......................#####.#.##..#....
#.....#.##........................########........
......####.#......................#..#.######.....
.....#######........................##########....
......#####..........................#####...#....
.....###.#....#.......................#.####......
.....#####..###.......................#.#####.....
......#########.......................######......
........######........................####........
0 2 247 96 5468
1 27 17268 5 20467
2 87 1515 12 6385
3 195 1538 21 12649
4 386 5462 24 45802
5 419 1821 135 94310
6 463 6864 27 56387
7 563 3416 23 54758
8 693 2922 63 37530
9 754 5267 108 138495
10 820 3117 34 69844
11 973 6464 58 67507
12 996 5214 59 87216
13 1038 4506 81 116534
14 1236 2711 38 30290
15 1255 1490 52 11877
16 1266 2544 55 18593
17 1413 17508 55 509766
18 1497 3893 59 48257
19 1520 2023 73 17915
20 1567 1998 24 1517
21 1711 3504 39 22951
22 1735 1825 11 1144
23 1785 2269 13 3260
24 1815 12156 7 40662
25 1826 2916 43 20200
26 1845 2531 27 2657
27 1999 8563 92 284889
28 2063 9153 8 17907
29 2094 8630 36 73791
30 2192 6393 8 7420
31 2397 12896 38 147674
32 2426 8869 130 326464
33 2463 3782 7 5519
34 2494 7349 48 88427
35 2626 5751 16 11491
36 3142 6422 55 37405
37 3247 4691 30 18399
38 3327 5663 26 38211
39 3336 5060 41 24713
40 3358 8162 42 65694
41 3635 5687 136 85073
42 3787 4174 41 9370
43 3838 4539 122 23687
44 3923 8105 61 136769
45 4169 4211 37 755
46 4250 5441 34 6361
47 4371 4855 119 35094
48 4425 21731 70 583038
49 4442 10339 62 93582
50 4461 7096 64 66550
51 4572 13699 117 599970
52 4606 11774 6 12988
53 4712 5081 12 9157
54 4745 10447 75 342139
55 4847 5605 62 25287
56 4859 4939 57 2344
57 4891 5794 85 36066
58 4944 5979 85 116486
59 4981 5677 130 25908
60 5046 17005 4 6770
61 5070 6753 81 73491
62 5124 9433 101 135063
63 5427 8535 55 77085
64 5476 6874 122 54640
65 5641 6463 67 11716
66 5686 11286 72 111290
67 5714 11716 5 19035
68 5805 11264 149 199387
69 5831 6243 44 18565
70 5861 19492 11 81662
71 5907 6767 39 22359
72 6292 7363 45 14278
73 6373 6383 4 30
74 6457 6805 98 22639
75 6485 7728 5 1603
76 6655 7975 57 19158
77 6793 8086 45 62037
78 7157 10652 7 15937
79 7403 7859 17 2401
80 7461 12909 8 55221
81 7563 11193 106 206549
82 7635 11705 20 29793
83 7803 11155 76 81003
84 7866 15347 150 464256
85 8037 9272 33 12152
86 8055 9541 42 26591
87 8075 14842 111 599130
88 8173 15080 59 382746
89 8189 8656 27 11900
90 8254 8372 98 4860
91 8323 16425 129 478247
92 8483 12467 10 17078
93 8515 10414 24 36067
94 8548 16089 30 196438
95 8570 15434 11 38991
96 8613 8651 10 312
97 8713 16633 84 557389
98 8864 13118 88 179452
99 8980 10602 13 10557
100 9111 10975 121 62511
101 9149 9471 27 4226
102 9254 18478 20 128167
103 9620 9968 64 12345
104 9690 18380 99 329348
105 9835 14039 53 49925
106 9927 11415 71 30818
107 9988 10206 29 3244
108 10034 15716 65 67051
109 10060 13275 24 23275
110 10067 10609 101 20413
111 10109 12073 27 37982
112 10183 11159 12 4232
113 10399 10662 94 17848
114 10502 14562 8 8844
115 10559 16490 99 539161
116 10918 19854 42 103836
117 10985 11579 5 1926
118 11208 13848 15 15342
119 11297 13329 8 4927
120 11337 13921 33 14807
121 11504 14623 24 50347
122 11530 13739 19 24584
123 11567 16022 22 67027
124 11791 12928 55 24109
125 11921 15890 49 43319
126 11953 24565 113 537549
127 11998 16971 137 205982
128 12173 14454 42 57390
129 12204 13139 87 16307
130 12251 13826 117 447486
131 12450 14755 41 52591
132 12532 26755 91 497917
133 12576 14238 119 17622
134 12639 13894 56 55051
135 12762 20683 75 188640
136 12773 14837 47 50138
137 12812 20471 46 171133
138 12848 16802 10 8834
139 12902 14730 8 3910
140 12985 20420 149 525496
141 13082 13385 121 15126
142 13101 14530 86 64195
143 13145 14590 13 52786
144 13234 20486 15 218266
145 13247 14732 16 25212
146 13358 16387 97 48366
147 13382 13762 72 20344
148 13426 15989 58 69800
149 13580 14845 110 84079
150 13599 15952 41 23818
151 13727 14877 45 19841
152 13767 16069 103 53847
153 13865 15615 48 45069
154 13886 23921 20 270714
155 13964 14327 7 2242
156 14110 23105 66 306353
157 14179 16459 52 60601
158 14374 15487 49 12738
159 14472 21915 110 211456
160 14567 15891 36 26701
161 14586 14676 34 2534
162 14702 16945 32 19925
163 14741 15275 69 32658
164 14821 20130 52 53736
165 14951 19078 13 119367
166 14976 16259 15 5242
167 15050 25832 79 525777
168 15067 16465 57 32797
169 15240 18425 14 8704
170 15276 19364 122 514220
171 15301 21535 25 116979
172 15451 16162 44 17888
173 15456 16352 9 5494
174 15504 23788 139 265543
175 15875 16264 135 23711
176 15919 16617 129 30704
177 15954 16138 47 6458
178 16309 16583 8 2243
179 16416 19575 15 39628
180 16496 18810 5 1847
181 16699 20305 16 30705
182 16779 22333 7 29617
183 16815 18249 14 4837
184 16878 19382 5 5476
185 16932 31852 75 1214921
186 17012 30252 8 29513
187 17381 19340 29 16080
188 17745 19803 6 2951
189 17757 22059 76 153978
190 18108 18221 43 5796
191 18216 18793 137 71775
192 18241 19339 62 31748
193 18279 20911 43 64332
194 18292 19445 11 5514
195 18401 19748 103 70302
196 18439 20065 91 49283
197 18686 21665 100 193294
198 18696 25110 101 372943
199 18766 24668 56 121959
200 18980 26211 51 227046
201 19041 21812 6 13514
202 19194 20086 95 22300
203 19296 23098 17 35729
204 19441 22679 42 59369
205 19467 21376 25 21382
206 19898 20572 144 47664
207 19914 22602 124 206203
208 20358 25546 52 215147
209 20430 20833 79 27650
210 20480 24059 31 36329
211 20501 20536 13 417
212 20567 26549 35 108214
213 20698 31045 9 34468
214 20732 21920 55 37903
215 20848 21259 129 29479
216 20966 23973 19 83152
217 20985 27300 86 223756
218 21095 28736 9 19060
219 21206 27526 93 319501
220 21303 23258 134 99189
221 21393 22858 49 37833
222 21527 21835 74 12667
223 21789 23304 100 72234
224 21828 26899 8 17598
225 21930 24997 56 38249
226 21999 26360 53 252537
227 22004 27004 15 30938
228 22115 24237 144 77115
229 22166 24732 11 22228
230 22267 22420 39 14508
231 22399 29574 12 40309
232 22408 23031 59 8748
233 22556 24485 44 61703
234 22565 26241 48 134040
235 22604 27342 57 101108
236 22621 26809 116 549314
237 22648 39548 128 532271
238 22662 23941 55 22680
239 23028 23429 31 12435
240 23042 23279 29 3258
241 23077 23870 125 42882
242 23153 23300 120 22937
243 23192 23461 24 5406
244 23261 30063 128 356924
245 23350 31070 51 74681
246 23398 38520 8 29257
247 23433 28638 47 149638
248 23490 25040 41 49337
249 23690 26747 15 18748
250 23745 27340 59 86111
251 23796 24721 121 144875
252 23802 24039 144 25177
253 23880 29528 97 249193
254 23901 28049 122 153012
255 24001 28442 68 109423
256 24044 24325 87 28759
257 24094 24302 26 2403
258 24667 29953 99 111013
259 24673 27895 132 121316
260 24742 31386 19 80731
261 24805 29180 20 31382
262 24960 27021 102 93511
263 25076 27479 65 55322
264 25123 34961 40 145057
265 25132 33532 69 177869
266 25134 26418 64 147625
267 25253 25816 31 12156
268 25388 29394 62 27741
269 25503 27961 94 128749
270 25599 27018 59 34674
271 25620 31371 81 149082
272 25723 29634 37 44418
273 25776 39352 47 246544
274 25783 26813 59 14502
275 25802 28825 116 98874
276 25804 31338 32 159471
277 26083 26845 118 29328
278 26199 27091 50 22317
279 26219 26574 100 9280
280 26391 28847 90 131163
281 26444 31001 12 22375
282 26482 29925 8 10686
283 26556 26686 93 6301
284 26579 37250 59 503315
285 26673 32474 62 87847
286 26704 29127 72 126492
287 26757 35586 122 413796
288 26924 33705 82 80293
289 26939 34556 36 71049
290 27061 30729 27 76855
291 27142 40860 94 324676
292 27191 28982 85 73494
293 27709 34621 38 139825
294 28004 29433 86 132218
295 28096 33105 12 38078
296 28161 36801 11 58508
297 28204 30983 87 349142
298 28370 28469 58 1590
299 28388 38909 7 14119
300 28458 28945 72 13127
301 28578 31551 51 109995
302 28705 35993 126 107762
303 28810 32683 6 6298
304 28908 31255 36 35304
305 29054 29383 72 9530
306 29148 30841 40 23062
307 29322 29976 104 29780
308 29378 31829 27 34062
309 29479 30296 5 825
310 29596 31801 79 92436
311 29684 31373 49 103492
312 29897 35219 105 200845
313 30033 30995 22 6671
314 30054 38266 137 91539
315 30125 33919 105 318827
316 30301 30580 43 10756
317 30306 35391 33 80993
318 30347 35727 7 12212
319 30371 36980 114 446958
320 30397 32925 5 4297
321 30790 30850 11 758
322 30816 38068 54 117054
323 30874 30997 4 535
324 30902 32670 127 77977
325 31281 38898 142 420690
326 31305 35028 41 67614
327 31603 32358 48 31300
328 31647 36458 10 11388
329 31809 36437 80 117837
330 31880 32893 50 72144
331 32064 34566 95 106195
332 32157 34414 120 81132
333 32343 32880 9 2238
334 32530 35915 79 111193
335 32587 34696 149 97503
336 32759 34290 56 35326
337 32827 34728 39 24684
338 32958 33796 61 40349
339 32969 37390 52 236323
340 33094 39470 36 80789
341 33213 42095 129 1027571
342 33368 35525 61 41165
343 33395 44109 37 164397
344 33445 33509 146 3315
345 33729 33886 145 23585
346 33876 42900 147 973489
347 33950 34530 85 17102
348 34410 35978 123 254457
349 34587 34754 124 13883
350 34693 35567 6 6123
351 35021 37603 10 14864
352 35123 35811 6 3769
353 35251 37900 27 24125
354 35443 42084 38 106643
355 35540 42867 113 288565
356 35698 65563 130 2966266
357 35715 38382 47 121906
358 35786 36122 61 13557
359 35948 37863 21 14260
360 35981 36644 18 5909
361 36021 48648 21 69059
362 36085 41700 81 488651
363 36264 42856 45 148491
364 36417 43842 10 58324
365 36423 42871 83 212231
366 36484 37620 64 23669
367 36952 42488 147 496090
368 37011 46115 129 290878
369 37021 41159 46 275146
370 37091 40456 91 225381
371 37148 37264 60 4639
372 37188 42564 31 27785
373 37248 41397 83 170285
374 37321 37946 54 32900
375 37707 39773 18 9076
376 37896 38489 107 38551
377 38253 40773 129 176462
378 38326 46984 8 30455
379 38437 41624 13 29901
380 38586 38622 23 1082
381 38774 43721 53 139982
382 38809 40039 48 28549
383 39036 39480 134 16620
384 39055 43359 37 42601
385 39080 41809 12 18651
386 39244 45279 139 521880
387 39308 64620 30 320252
388 39497 40002 116 67099
389 39585 46821 9 25345
390 39587 40697 39 7646
391 39602 42762 103 274232
392 39608 39621 149 2221
393 39682 40171 42 18421
394 39720 40622 54 24467
395 39799 43191 107 158602
396 39963 48409 38 217551
397 39966 47170 14 36879
398 39988 43902 87 117286
399 40038 40572 75 36573
400 40192 40985 45 11691
401 40449 45723 72 26341
402 40455 45079 4 6007
403 40472 42035 38 23031
404 40494 44064 29 57658
405 40497 49847 63 658098
406 40706 41600 47 14159
407 40793 41196 129 31496
408 40820 42369 6 4119
409 41015 46758 10 23047
410 41124 48117 74 318937
411 41216 41623 97 37488
412 41274 43538 134 55066
413 41286 43612 96 197575
414 41287 42122 59 18447
415 41434 58346 108 1176552
416 41547 45231 14 23394
417 41803 46901 92 152736
418 41846 43413 61 67849
419 41952 69829 5 64141
420 42002 44549 93 64431
421 42117 47331 84 323248
422 42150 46149 11 17670
423 42157 42262 25 1592
424 42305 42317 94 673
425 42325 44628 47 72050
426 42354 46147 35 107338
427 42492 57848 22 101690
428 43037 44346 100 101341
429 43197 44232 23 15372
430 43342 43396 13 289
431 43607 44695 92 21534
432 43704 47004 119 222111
433 43755 46175 11 18450
434 43761 48007 5 10239
435 43815 44318 13 9248
436 43819 46842 6 13216
437 43838 48260 29 75844
438 43843 60458 101 1272773
439 43889 46326 91 153837
440 43896 51395 70 220587
441 43956 44359 10 1954
442 43977 44591 127 57948
443 44053 51554 27 104006
444 44079 52238 15 28609
445 44087 45218 108 88606
446 44201 46374 143 283118
447 44234 49026 90 75749
448 44595 46244 13 8773
449 44617 45076 50 18238
450 44693 49174 39 75171
451 44764 46413 25 7514
452 44765 46167 37 17067
453 44964 46298 88 78191
454 45023 45165 17 780
455 45108 45772 55 8274
456 45120 45328 107 7447
457 45181 47269 34 102859
458 45202 46230 14 4042
459 45244 50118 20 79140
460 45461 48197 22 45665
461 45467 50931 76 154084
462 45557 45629 127 7007
463 45606 50315 5 30936
464 45621 48349 70 103373
465 45692 45964 103 6911
466 45800 48046 11 21341
467 46001 48216 38 20353
468 46126 48492 16 8583
469 46156 46732 85 22206
470 46324 46402 22 722
471 46358 49197 97 190807
472 46446 48843 8 10828
473 46462 49760 98 228864
474 46472 48158 27 12629
475 46651 61015 33 151080
476 46686 51016 83 132763
477 46691 50268 9 14865
478 46739 50899 62 143960
479 46755 47431 140 100471
480 46807 49376 132 127445
481 46813 47121 10 1142
482 46814 50142 135 298237
483 46849 49584 51 32060
484 46879 50485 11 18166
485 46882 47361 130 46753
486 47082 47820 148 42857
487 47169 47865 55 27190
488 47190 47362 30 2241
489 47763 59097 34 128686
490 47768 54862 8 3386
491 47822 49519 25 20750
492 47846 52787 7 14150
493 48170 52827 47 94587
494 48217 48712 102 12363
495 48336 56832 100 309480
496 48478 50374 100 42031
497 48620 48924 21 4768
498 48652 53327 45 66712
499 48735 52410 145 141115
500 48863 58670 33 107089
501 49127 52700 108 123964
502 49301 52063 19 44034
503 49331 58390 91 698371
504 49470 61357 6 12340
505 49779 51210 14 6982
506 49800 49920 108 7585
507 49871 53033 50 110150
508 49904 51160 35 20503
509 49945 61506 92 619969
510 50160 50674 12 4584
511 50349 55408 11 39843
512 50510 55617 94 112089
513 50517 52119 4 1583
514 50576 56621 4 19823
515 50698 51089 111 37189
516 50700 51170 136 23685
517 50782 51014 146 45207
518 50805 51790 42 11762
519 50863 60520 25 86407
520 51141 51732 33 15259
521 51143 54778 104 175289
522 51206 53174 121 154241
523 51258 51697 112 31143
524 51295 55373 104 154894
525 51382 55961 101 151526
526 51470 55425 45 108878
527 51560 52528 84 27897
528 51667 54077 8 5638
529 51731 52890 80 34457
530 51785 59000 9 35285
531 51837 56136 27 36757
532 52160 54287 71 125038
533 52190 54147 9 10912
534 52198 61836 6 18078
535 52247 53543 9 3203
536 52299 52963 96 82480
537 52302 54611 9 15603
538 52456 53777 14 15514
539 52482 60753 21 64998
540 52783 57351 17 17867
541 53006 56331 48 23629
542 53041 54128 19 11097
543 53072 55323 32 17381
544 53310 54474 73 43605
545 53323 56501 76 55878
546 53470 62953 88 278093
547 53472 57143 29 38070
548 53640 58950 70 303061
549 53645 54665 70 21848
550 53803 56648 70 94653
551 54066 65615 4 10227
552 54142 54379 91 14964
553 54204 56453 36 54229
554 54301 54594 5 1601
555 54364 54882 79 21626
556 54513 54681 52 3869
557 54524 57066 44 52580
558 54541 57171 101 92404
559 54573 56271 73 229355
560 54615 59226 42 133378
561 54662 57396 22 35145
562 54775 56149 100 25436
563 54803 65319 6 8124
564 54832 55710 129 126467
565 54851 57755 35 73660
566 54950 62324 62 300706
567 54984 61625 123 367971
568 55003 60371 58 118298
569 55140 55179 25 1017
570 55265 57255 45 52409
571 55363 55786 5 3010
572 55534 56100 93 58405
573 55541 59713 144 106306
574 55714 58215 102 243767
575 55859 56447 41 19108
576 55893 60457 9 34474
577 55896 61151 6 9902
578 56076 65759 40 93002
579 56169 58662 10 6196
580 56221 56777 134 45767
581 56257 57964 142 46101
582 56261 56659 145 38279
583 56275 57018 12 2371
584 56450 59846 52 146886
585 56557 58228 92 60307
586 56633 60772 102 283638
587 56749 58370 31 31616
588 57111 58295 10 7051
589 57127 65252 110 127408
590 57197 68798 9 28984
591 57350 59986 21 22082
592 57472 62990 144 560198
593 57639 60154 37 23814
594 57916 61355 46 55055
595 58049 62292 6 7606
596 58065 59753 13 13269
597 58068 66280 67 432754
598 58164 74461 103 608331
599 58190 58977 11 1749
600 58338 66001 38 76806
601 58351 58393 47 2648
602 58482 61117 86 83932
603 58548 61152 31 45701
604 58549 63619 40 91530
605 58615 59705 47 21754
606 58635 59238 6 2814
607 58765 59085 18 2727
608 58807 60107 127 58587
609 58810 60975 8 7380
610 58838 66824 101 298992
611 59202 62467 42 150016
612 59273 63949 10 38961
613 59289 64086 50 180650
614 59356 60422 66 110082
615 59525 60897 42 22230
616 59533 60295 129 37266
617 59695 60388 7 1215
618 59968 67912 21 110810
619 60007 63360 141 193731
620 60027 67073 121 736024
621 60167 63166 9 18211
622 60169 68049 11 14978
623 60345 63470 5 11831
624 60400 63944 7 8635
625 60454 70303 120 333436
626 60482 65330 131 286840
627 60574 61703 8 5278
628 60671 71990 93 690146
629 60729 62666 31 9902
630 60813 62050 7 6390
631 61103 72565 55 215277
632 61193 62341 51 30657
633 61327 63030 71 30655
634 61329 62654 120 96270
635 61603 62181 56 20763
636 61812 72295 9 44765
637 61865 68046 5 9103
638 61869 72088 7 20023
639 61962 62815 39 65626
640 62000 69003 52 123462
641 62094 66346 7 23716
642 62126 65596 144 182531
643 62145 63332 11 12742
644 62245 67573 7 16739
645 62436 68218 60 399487
646 62512 62515 31 113
647 62530 65396 9 15220
648 62574 71446 92 563535
649 62623 67557 98 257723
650 62703 63341 34 14186
651 62747 75006 40 157609
652 62762 72069 18 104902
653 62805 69082 102 156971
654 62909 66191 55 104576
655 63185 67673 134 492801
656 63288 74181 41 492970
657 63356 64454 59 25501
658 63417 71745 81 524984
659 63526 65371 14 18962
660 63645 64277 36 20537
661 63655 76462 24 62393
662 63763 65869 39 35952
663 63967 64813 36 7485
664 63984 64452 34 10131
665 63993 65030 64 83608
666 64247 65585 93 79531
667 64365 64975 36 18897
668 64408 68236 5 4877
669 64470 65550 55 28009
670 64501 68911 28 133643
671 64797 68755 80 244311
672 64828 65168 37 9229
673 65234 67173 61 32577
674 65250 68628 20 35699
675 65278 76298 67 995690
676 65359 67322 129 104689
677 65375 68727 112 244372
678 65377 67040 39 40574
679 65525 65695 34 4310
680 65674 71312 104 700871
681 65681 68876 9 2596
682 65967 70438 34 98523
683 66197 67593 39 20061
684 66276 68801 5 12684
685 66288 69012 45 32563
686 66293 79222 92 118338
687 66306 72517 28 81490
688 66344 76609 25 178088
689 66365 70540 98 192207
690 66406 67973 108 66790
691 66444 67391 59 31473
692 66453 66684 4 432
693 66457 66533 127 3364
694 66568 71893 114 385517
695 66746 68095 39 15821
696 66775 67449 119 29853
697 66828 67187 137 17761
698 66883 68275 115 119507
699 67018 74216 54 83592
700 67215 73667 18 37995
701 67517 74449 97 354874
702 67587 70703 135 236587
703 67700 68855 112 207399
704 67805 68532 137 43236
705 67832 67954 66 1581
706 67941 73797 70 99956
707 67964 68781 142 92125
708 68089 74016 4 13381
709 68217 69206 57 22790
710 68410 69440 98 23064
711 68477 68985 69 25632
712 68545 76223 16 27281
713 68546 71008 79 176203
714 68597 69941 94 100511
715 68736 75258 48 114271
716 68783 69136 44 4881
717 68824 69671 54 34745
718 68922 68928 116 918
719 68995 69841 104 61974
720 69084 72479 78 78624
721 69178 72050 113 43831
722 69191 78725 97 559710
723 69257 73868 62 398874
724 69291 88727 58 332617
725 69453 73055 51 148740
726 69582 76465 56 65596
727 69604 69723 72 3871
728 69818 72724 56 80313
729 69856 72679 28 50984
730 70113 74811 28 29979
731 70116 80507 83 484752
732 70192 71708 135 67489
733 70281 76746 78 102667
734 70334 71719 95 50258
735 70361 73524 41 30643
736 70379 76300 88 171178
737 70408 77146 93 97652
738 70422 75970 100 579718
739 70501 74770 50 76379
740 70810 77827 78 266255
741 70907 74431 8 17977
742 70938 72125 109 34899
743 70952 71127 22 4818
744 70973 72836 106 187257
745 71258 74658 5 23851
746 71355 71689 67 11333
747 71395 71553 98 38157
748 71552 77011 145 242874
749 71579 72136 147 49758
750 71637 73362 61 37555
751 71753 72102 48 9578
752 71808 71865 136 4171
753 71851 73894 14 19596
754 71905 73888 30 15139
755 71987 74515 66 42251
756 72163 74964 35 23538
757 72367 74199 69 46776
758 72427 80388 38 50382
759 72527 83489 132 180710
760 72544 78826 19 40361
761 72574 74423 149 99462
762 72856 76317 18 31361
763 72875 73881 93 32405
764 72931 76790 13 37127
765 72934 73926 124 68349
766 73011 73193 32 3098
767 73072 76803 12 44059
768 73280 79366 50 53550
769 73382 80714 83 194697
770 73429 74321 85 62714
771 73437 95373 13 94923
772 73710 75190 10 7834
773 73785 75917 14 18536
774 73794 73977 44 2945
775 73832 75812 48 80979
776 73835 73958 7 211
777 74173 75292 104 72511
778 74239 79144 42 97976
779 74242 77692 107 81695
780 74343 76915 115 108047
781 74414 79511 131 279371
782 74420 74650 4 528
783 74517 75973 122 130109
784 74571 75458 75 52484
785 74585 74672 39 2237
786 74611 79661 8 10512
787 74924 76981 146 184314
788 75123 78088 76 95873
789 75164 85053 60 418557
790 75257 76645 130 71707
791 75551 76382 19 6846
792 75649 76309 37 17685
793 75653 80179 69 69878
794 75849 77518 9 3554
795 75920 75981 19 1049
796 75941 80259 20 32906
797 76055 78096 6 24434
798 76124 78548 25 13545
799 76146 76173 4 185
800 76157 79846 49 51259
801 76250 80153 66 87376
802 76571 78170 54 45067
803 76608 79157 65 87524
804 76629 81913 13 41015
805 76669 86830 119 514315
806 76678 78032 77 68269
807 76679 86728 49 201991
808 76818 78894 11 7010
809 76824 84554 29 107890
810 76919 84125 19 52082
811 76973 84809 131 293107
812 77022 80707 109 307068
813 77068 92221 149 290692
814 77129 79437 112 275225
815 77155 81868 57 216989
816 77158 78702 40 13136
817 77235 81753 138 201085
818 77430 84802 6 4261
819 77517 77823 130 28845
820 77780 78497 75 12658
821 77797 78268 52 26617
822 77850 83584 33 122873
823 77878 82046 6 10004
824 78191 79695 48 34071
825 78260 80096 7 4456
826 78319 82965 15 14360
827 78741 83653 8 27623
828 78822 83522 145 217417
829 78832 79555 5 1233
830 78865 81912 9 13935
831 78944 84685 98 462123
832 79090 86995 104 275550
833 79154 80876 126 27762
834 79319 87284 24 93632
835 79433 81522 101 142366
836 79468 79641 47 3776
837 79531 83125 69 111434
838 79537 82969 130 310638
839 79540 84695 88 110277
840 79916 83943 44 114880
841 79945 81221 100 100608
842 79980 89159 45 116405
843 80315 81580 45 29889
844 80346 80521 7 484
845 80522 84634 111 257764
846 80901 81468 23 4624
847 81089 81279 79 15078
848 81106 88851 127 266024
849 81130 82158 28 15254
850 81300 82318 32 23570
851 81446 88092 62 101905
852 81513 89040 7 34723
853 81611 81967 64 6257
854 81669 81748 51 2345
855 82032 86148 57 53493
856 82056 84493 48 41080
857 82089 86043 5 3058
858 82145 91461 9 17575
859 82173 83597 124 117094
860 82191 82311 13 1050
861 82236 85177 100 133028
862 82260 92902 101 484370
863 82364 89620 69 212096
864 82560 90645 110 300810
865 82628 87251 57 141482
866 82701 84113 119 86188
867 82783 87282 140 220870
868 82810 83218 59 11494
869 82873 84120 114 37556
870 83106 84185 61 27451
871 83198 84138 5 4325
872 83208 83661 106 25433
873 83222 83265 71 849
874 83266 84622 135 101937
875 83324 85145 21 9503
876 83379 87064 105 118906
877 83694 88397 120 247586
878 83839 87623 99 145311
879 83843 86707 49 30901
880 83860 86636 27 16903
881 84221 92475 94 143640
882 84271 84648 23 6072
883 84344 87901 23 37518
884 84411 86899 46 74155
885 84651 96040 62 423620
886 85013 89951 32 51039
887 85210 85518 9 1642
888 85370 87510 102 205499
889 85397 90763 84 618972
890 85590 91644 8 20718
891 85669 88323 125 92171
892 85825 86176 15 1761
893 86056 87222 95 23648
894 86492 86970 14 10758
895 87142 90983 74 72163
896 87260 89625 18 19179
897 87341 89839 143 78896
898 87342 97723 10 73352
899 87356 88128 150 48081
900 87521 88547 104 45189
901 87588 88746 14 18736
902 87605 93477 66 84852
903 87672 90018 52 133824
904 87689 94686 31 61036
905 87766 87890 92 3575
906 87771 88280 58 13686
907 87930 89671 29 6162
908 87937 88316 25 8855
909 87964 90083 46 38737
910 87986 89045 17 7258
911 88203 88627 34 7236
912 88228 90558 71 42883
913 88324 89811 27 45110
914 88756 91027 39 162292
915 88859 94203 20 21734
916 88966 89464 23 7526
917 88993 91809 142 82440
918 89023 92074 4 4440
919 89075 90199 6 4322
920 89210 90606 131 141284
921 89256 89802 14 17492
922 89420 95054 105 279062
923 89519 92051 111 113309
924 89529 90635 106 72664
925 89788 93720 8 18474
926 89837 90944 96 69858
927 90016 94992 138 442969
928 90020 92289 21 23578
929 90135 94259 44 67609
930 90164 93635 33 39019
931 90356 91606 70 33677
932 90370 92600 15 10508
933 90480 91158 59 9706
934 90650 90942 7 357
935 90746 92117 17 9597
936 90765 93997 144 190574
937 90886 92931 115 48525
938 90894 93866 123 225661
939 90955 91343 26 3698
940 91003 91203 92 11381
941 91070 95739 28 27910
942 91208 95406 20 137130
943 91214 95037 13 11189
944 91386 91603 55 7336
945 91406 92687 132 123145
946 91413 93415 93 94355
947 91476 94315 142 345342
948 91530 93912 51 99498
949 91634 93942 53 46014
950 91678 91699 31 308
951 91689 95162 116 123198
952 91733 97218 4 18498
953 91989 93377 99 153241
954 92019 92156 39 4738
955 92190 92611 53 25802
956 92197 97873 11 19375
957 92382 94122 28 23926
958 92832 97064 108 395534
959 93015 94213 94 30943
960 93021 94329 22 18503
961 93127 96199 47 59193
962 93194 96177 46 58896
963 93267 97231 142 357113
964 93328 95177 145 297157
965 93463 95078 116 32271
966 93578 96596 100 157992
967 93736 94154 18 2526
968 93820 96088 8 11505
969 93897 95447 13 15096
970 94002 99476 41 107107
971 94400 96073 39 72479
972 94428 98379 142 217903
973 94601 95194 68 20032
974 94923 95757 13 10640
975 95173 97545 22 24969
976 95233 96646 45 58959
977 95409 99701 22 37120
978 95443 98883 141 322301
979 95680 97629 18 11672
980 95908 97340 25 14663
981 96097 97110 16 8745
982 96495 98449 83 112760
983 96615 96801 5 343
984 96767 98277 62 42283
985 96941 96984 39 643
986 97007 97113 100 2475
987 97090 99812 69 256448
988 97370 97770 62 22129
989 97459 98287 81 29024
990 97526 98832 114 183790
991 97959 99528 16 19984
992 97960 98127 50 1812
993 98075 99743 8 14998
994 98236 99445 34 36592
995 98530 99678 135 54903
996 98673 99505 86 26940
997 98783 99780 76 64725
998 99146 99931 27 6675
999 99873 99897 75 2341
