50 1000 0.082
.....................###..........................
......................#...........................
...................#..#...........................
..................#####...........................
.................##..###..........................
.....................##...........................
....................###...........................
.....................###..........................
..................................................
..................................................
..................................................
.................................................#
...............................................###
.................................................#
..................................................
..................................................
..................................................
..................................................
..................................##..............
..................................###.............
...................................#..............
...................................#..............
..................................................
..................................................
..................................................
..................................................
..................................................
..................................................
..................................................
..................................................
..................................................
...............###................................
...............#####..#...........................
................###...#...........................
...............###....#...........................
................#...#####.........................
......................##..........................
......................###.........................
.......................#..........................
..................................................
..................................................
...........................................##.....
........................................#..###....
........................................######....
.......................................##.##......
..........................................#.......
..................................................
..................................................
..................................................
..................................................
0 194 3528 25 11129
1 326 5804 22 39988
2 331 1826 83 46570
3 349 12159 48 594776
4 357 768 113 21861
5 553 5359 137 462222
6 557 2639 15 11353
7 629 4825 86 130810
8 691 1814 9 4035
9 755 1675 35 27888
10 851 3141 110 42893
11 1037 14367 61 342286
12 1077 6620 115 232392
13 1308 7770 103 284625
14 1327 1756 4 635
15 1414 5146 20 32710
16 1422 20852 17 80174
17 1565 3894 132 125532
18 1610 2540 12 5566
19 1626 15752 27 270204
20 1694 3347 78 22507
21 1836 2159 106 43978
22 1897 27440 48 302616
23 1978 2095 86 4122
24 1986 25679 82 659454
25 2221 6938 133 239979
26 2296 23539 88 492126
27 2319 13473 34 228563
28 2394 3725 23 13536
29 2562 8557 12 24695
30 2653 7450 26 38979
31 2683 3451 123 48536
32 2739 13417 24 138050
33 2818 10289 38 118967
34 2882 5298 41 17774
35 3002 14050 19 97639
36 3161 4906 50 23660
37 3316 3535 7 709
38 3367 4659 68 32027
39 3447 7037 107 128728
40 3511 4052 25 9203
41 3708 34867 28 280332
42 3938 5875 90 231451
43 4102 8583 17 69031
44 4113 6348 18 30071
45 4202 11408 63 235179
46 4446 9755 5 8448
47 4477 10369 29 243605
48 4533 6758 39 38380
49 4634 5054 53 10182
50 4655 6858 32 11795
51 4776 23508 148 1301532
52 4995 12381 22 41607
53 5015 17194 130 288028
54 5214 9763 56 145626
55 5290 7798 24 36741
56 5566 7763 112 106791
57 5595 8248 84 40987
58 5598 9252 14 42387
59 5647 6046 5 606
60 5783 13867 28 80359
61 5844 13496 18 37444
62 5848 31768 69 1311479
63 5884 7248 127 45319
64 6005 7074 28 7109
65 6164 17320 9 39625
66 6172 10172 24 30352
67 6186 6861 90 42782
68 6224 16027 11 43046
69 6341 6372 73 968
70 6411 15254 25 88008
71 6516 21064 114 459977
72 6534 15415 87 284294
73 6539 14512 146 416230
74 6656 10480 70 123622
75 6689 14246 10 25932
76 6890 9354 23 10718
77 6936 11666 12 15274
78 7151 10182 19 46000
79 7216 7452 12 2287
80 7325 9693 135 139295
81 7350 16747 93 295795
82 7362 7421 139 5396
83 7443 8884 95 40385
84 7528 7633 30 2225
85 7614 28720 31 410543
86 7793 10569 13 13050
87 7868 10303 16 12213
88 8009 9260 75 28472
89 8272 18693 82 246399
90 8310 20017 67 292005
91 8311 13150 35 25993
92 8324 29305 106 2033225
93 8399 19224 101 663546
94 8427 10736 108 118648
95 8747 13455 87 324877
96 8790 14100 37 100141
97 8793 23702 128 657233
98 8960 34002 57 601711
99 8995 9407 4 514
100 9058 12948 8 12746
101 9084 9268 97 11795
102 9304 15269 24 47282
103 9474 13719 120 198770
104 9507 16457 146 446715
105 9698 10560 63 19029
106 9879 12349 54 28899
107 9902 10419 143 78124
108 10005 13315 43 37515
109 10025 19823 6 21585
110 10042 11486 84 41463
111 10095 11597 65 26172
112 10315 16820 75 692640
113 10394 10849 121 38389
114 10405 27793 69 419816
115 10536 14137 138 110071
116 10712 14215 24 35648
117 10753 12470 24 13112
118 10757 11176 149 17311
119 10810 16785 25 70274
120 11091 19188 56 166773
121 11098 20500 137 285603
122 11202 17440 10 7307
123 11237 12858 44 90005
124 11327 29384 120 1131964
125 11372 17459 19 33500
126 11423 15100 97 167628
127 11768 15888 42 64794
128 11835 20513 8 32432
129 12105 20167 75 427523
130 12154 18334 43 124334
131 12582 18451 102 164497
132 12611 16345 146 323309
133 12835 13013 105 11204
134 12869 13571 108 23827
135 12957 13156 148 47709
136 13211 29259 96 513332
137 13357 28970 27 133508
138 13584 19568 94 569571
139 13676 14285 87 23383
140 13686 18841 125 551276
141 13691 17114 44 83587
142 13747 33388 132 2113200
143 13751 15176 64 59131
144 13878 15831 126 148487
145 13984 17857 22 94091
146 14068 18584 110 133999
147 14253 19770 5 8319
148 14353 24775 32 234786
149 14447 15676 89 32411
150 14482 20498 62 226215
151 14540 24666 31 79286
152 14629 26519 134 981137
153 14646 34759 74 875112
154 14690 15066 150 26978
155 14721 22074 29 50561
156 14773 14779 113 1015
157 14782 15072 86 15783
158 14798 21778 113 167016
159 14847 15059 66 3425
160 14852 16616 143 64135
161 14957 15385 111 8917
162 15056 22412 7 37977
163 15071 17233 12 9819
164 15211 17293 50 37194
165 15362 34986 18 235884
166 15755 17310 87 151781
167 15832 19664 122 327253
168 15907 17096 5 2399
169 15916 19220 23 18937
170 16002 27618 19 46194
171 16037 18979 16 20148
172 16158 16371 15 2105
173 16270 21400 72 383974
174 16331 17437 127 38364
175 16511 17300 150 54472
176 16530 22034 17 38636
177 16592 21108 120 289411
178 16739 22550 75 559610
179 16849 18277 77 57882
180 16879 27161 36 200044
181 16946 19848 6 15748
182 17002 22796 69 195966
183 17024 39010 72 480976
184 17333 18374 47 30895
185 17363 25849 43 205854
186 17434 26067 39 190018
187 17794 22621 23 19469
188 17894 22196 25 18595
189 17928 24341 82 172498
190 18035 24682 144 424148
191 18067 21498 9 13726
192 18147 29962 60 276792
193 18359 25445 35 159189
194 18366 48875 48 155256
195 18445 26456 77 167766
196 18699 19273 115 81857
197 18811 19336 12 2522
198 19129 21117 69 58930
199 19175 25005 42 45150
200 19258 20242 146 115010
201 19277 41200 13 125992
202 19280 25400 42 47006
203 19295 22624 144 113697
204 19379 20534 56 28379
205 19400 30248 94 305499
206 19462 31759 54 114595
207 19588 28291 11 84436
208 19644 30108 12 63062
209 19708 35509 54 1020891
210 19833 20485 104 20338
211 20155 29571 36 239388
212 20199 48307 10 281833
213 20253 26376 121 528853
214 20322 25655 83 177619
215 20359 23848 60 130072
216 20382 20715 64 7556
217 20532 21481 73 65317
218 20580 50909 9 101617
219 20695 22641 95 207024
220 20810 21408 141 40125
221 20968 25911 10 17338
222 20970 25101 40 60967
223 21060 21765 4 1318
224 21249 23297 132 48742
225 21301 24631 62 74819
226 21390 27430 38 66778
227 21441 22161 20 23586
228 21483 39869 10 39150
229 21490 34692 26 121925
230 21590 36908 6 38926
231 21893 22779 16 10694
232 21932 29121 142 486999
233 22362 40484 10 73612
234 22623 22650 110 2398
235 22832 31388 29 63175
236 22846 24750 101 46979
237 22957 37713 25 252833
238 23000 33378 135 319209
239 23051 30941 10 35693
240 23248 30250 110 135444
241 23271 28274 62 72461
242 23285 35809 6 81084
243 23362 26240 113 142767
244 23382 27196 84 56233
245 23589 23867 134 31333
246 23631 26001 25 11698
247 23646 26515 115 180522
248 23688 27562 68 75508
249 23718 36341 69 537510
250 23770 32607 35 40426
251 23884 26566 103 131725
252 23963 24573 101 27455
253 23997 27179 43 36688
254 24006 40927 11 36576
255 24264 28086 26 68231
256 24385 26873 85 117321
257 24443 26030 52 48231
258 24587 27627 12 75738
259 24919 26619 27 23035
260 24950 26509 107 34855
261 24966 30421 12 35570
262 25122 42899 74 327595
263 25173 25462 65 39512
264 25216 27338 60 109098
265 25241 29852 5 11107
266 25428 26993 150 72203
267 25442 39880 72 324803
268 25638 60069 20 394773
269 25701 31564 119 242440
270 25797 44666 118 1756323
271 25857 37301 64 140850
272 25942 26766 109 125801
273 25951 29334 23 7856
274 26061 46668 32 276452
275 26073 30579 9 18467
276 26075 35300 35 137077
277 26299 30397 34 37328
278 26315 27184 27 19465
279 26373 29807 9 11364
280 26431 35935 74 79370
281 26464 38701 21 44797
282 26552 29591 59 76911
283 26740 37054 19 112668
284 26905 27204 66 13538
285 27006 51475 123 1413534
286 27027 27834 85 25779
287 27032 28104 102 22598
288 27063 30760 24 40103
289 27155 28542 70 39401
290 27277 29379 28 14825
291 27342 34570 103 320837
292 27715 31189 78 248248
293 27794 46511 54 219608
294 27809 41942 125 497307
295 27852 28571 22 8485
296 27918 28862 11 3892
297 27930 32092 20 36110
298 27954 43128 26 131341
299 27989 35422 137 317068
300 28136 28895 5 2355
301 28318 40127 82 192878
302 28400 34502 76 136744
303 28462 43049 146 239926
304 28516 36489 104 310814
305 28532 29476 30 6063
306 28704 29382 8 2407
307 28718 40032 73 261815
308 28784 37203 10 27218
309 28807 32829 13 25121
310 28856 33364 50 114142
311 29034 30016 58 17553
312 29329 32461 24 12213
313 29356 29434 5 180
314 29450 30161 16 6112
315 29606 33972 12 46151
316 29675 29937 44 11582
317 29733 32654 35 14244
318 29830 30057 127 18047
319 29855 32147 76 47597
320 29920 49131 21 70739
321 30007 30916 140 57662
322 30283 41795 137 720311
323 30429 32695 88 167452
324 30724 32843 103 141926
325 30748 31504 114 48826
326 31097 33310 19 10902
327 31161 32501 59 37728
328 31197 36663 32 65442
329 31370 44672 24 77645
330 31393 33589 23 17720
331 31434 34314 21 24113
332 31483 37434 63 130185
333 31829 32821 94 36940
334 31882 32131 30 6384
335 31988 39701 4 18075
336 32055 33372 81 31098
337 32058 39863 135 480348
338 32128 42209 16 31231
339 32370 34192 16 7776
340 32488 35535 10 12813
341 32937 38365 102 243725
342 32940 45902 18 39984
343 33220 43390 14 93168
344 33322 34828 5 4851
345 33348 40045 117 777354
346 33358 33953 81 21385
347 33486 46038 147 345765
348 33633 39190 7 17040
349 33728 43255 17 51000
350 33809 44745 29 201435
351 33868 33912 74 3790
352 33914 41039 136 293146
353 33940 59955 41 242996
354 34298 40677 56 100410
355 34469 38285 98 101563
356 34524 38853 133 196738
357 34621 43737 75 205127
358 34670 59775 5 41024
359 34777 53992 136 2016548
360 34781 37572 48 108114
361 34853 37952 134 311445
362 35027 40895 83 334384
363 35110 52022 53 318212
364 35112 35456 81 20071
365 35195 39415 16 34939
366 35229 36570 101 15597
367 35440 39625 95 162956
368 35446 46508 75 263679
369 35550 39066 70 74673
370 35556 39950 109 436291
371 35748 41368 115 300341
372 35814 42118 20 103304
373 35985 43224 130 308541
374 36037 50269 52 277238
375 36208 39468 97 95269
376 36262 49096 7 29493
377 36293 47906 12 24695
378 36355 40989 21 31204
379 36438 53088 124 764254
380 36479 39722 4 960
381 36625 39249 106 254732
382 36634 38388 115 122790
383 36673 42633 33 73293
384 36754 43001 41 93165
385 36886 40472 8 10832
386 36936 40955 5 10440
387 36963 42641 86 374373
388 37135 52768 70 553207
389 37359 41834 26 40634
390 37418 47252 9 58956
391 37423 40060 54 47510
392 37551 51023 36 192117
393 37571 40951 4 2314
394 37612 38719 12 7902
395 37676 39440 22 23403
396 37712 55671 39 161848
397 37801 42915 37 97876
398 37823 47304 47 123412
399 37903 57194 123 576966
400 37916 45413 44 311588
401 37923 52794 10 52261
402 37977 43422 113 499010
403 38055 44622 89 582168
404 38064 41236 36 79941
405 38088 43184 25 112338
406 38155 41616 121 142952
407 38178 45976 88 208316
408 38218 43665 52 78751
409 38384 42914 48 62889
410 38436 40195 49 23915
411 38568 52877 43 233438
412 38581 38732 41 2527
413 38593 44370 71 137340
414 38840 48146 4 28846
415 38899 40036 34 9312
416 38997 48718 34 49181
417 39003 45806 9 159839
418 39045 52832 54 250513
419 39138 41778 8 12883
420 39256 52086 12 38554
421 39317 42139 5 6610
422 39359 41128 42 29269
423 39444 40841 133 27084
424 39561 43276 52 43044
425 39562 46981 7 24743
426 39609 39818 12 1420
427 39613 43647 41 184056
428 39626 43572 19 14016
429 39679 41144 22 30790
430 39721 46898 32 143844
431 39775 49228 17 57889
432 39975 52899 142 1391265
433 40348 44395 88 97621
434 40531 50600 43 179383
435 40744 44036 40 28062
436 40816 41355 13 7845
437 40929 41459 20 8353
438 40962 53863 15 70957
439 41188 46584 50 82604
440 41193 42904 89 103530
441 41197 45344 69 364273
442 41221 45549 91 331807
443 41325 43725 28 13373
444 41392 51482 118 445036
445 41514 44576 12 34450
446 41633 52917 93 649412
447 41697 41999 20 3378
448 41766 41902 23 1686
449 41833 56581 56 183480
450 42023 45072 136 241609
451 42090 42392 121 53734
452 42101 46380 121 105490
453 42226 53704 68 146611
454 42249 47454 38 107066
455 42282 48157 121 397724
456 42514 44767 52 66571
457 42603 56453 44 774999
458 42620 47931 147 273792
459 42670 48046 86 170173
460 42763 47247 65 125025
461 42818 42834 81 492
462 42895 42985 68 4078
463 43035 49956 125 322374
464 43076 58667 5 62549
465 43166 44375 94 80174
466 43195 45523 14 22239
467 43302 54531 22 120512
468 43574 46973 88 207245
469 43592 65209 36 339390
470 43655 63826 68 296516
471 43853 52706 50 283043
472 44015 54557 38 413746
473 44248 47341 20 68744
474 44297 48551 29 110124
475 44378 62687 128 944860
476 44494 48966 134 107942
477 44715 45460 24 5821
478 44974 47722 28 29379
479 45068 70394 146 1163578
480 45076 72768 63 471561
481 45079 63531 137 1064947
482 45120 45733 36 10153
483 45165 49353 73 117709
484 45186 60826 18 121906
485 45262 56728 67 215415
486 45358 62560 13 78926
487 45392 51930 146 306931
488 45636 49654 11 10607
489 45871 50973 109 369958
490 46000 58937 49 226103
491 46020 49439 70 67820
492 46059 55847 69 554720
493 46189 52112 141 147714
494 46289 51247 6 6924
495 46296 72651 5 79064
496 46650 52098 87 476744
497 46737 58856 4 8054
498 46863 65168 84 387343
499 46926 54333 6 26093
500 46956 47255 26 5126
501 46969 55812 10 21820
502 47178 81750 42 1229883
503 47249 49092 126 158738
504 47315 47431 20 1009
505 47377 47943 9 2021
506 47427 56101 11 35971
507 47436 49340 149 99870
508 47514 55041 108 219343
509 47564 48297 136 96861
510 47823 54367 149 460619
511 47826 50933 109 108071
512 47863 56366 12 59964
513 47940 58772 94 443652
514 48031 48130 67 2075
515 48044 54952 138 700907
516 48263 54831 45 69549
517 48281 58756 84 939591
518 48389 49160 70 49904
519 48420 50771 52 17679
520 48435 48628 29 996
521 48464 49922 37 29205
522 48604 48623 19 522
523 48695 48984 27 1829
524 48709 50510 49 20759
525 48714 53948 77 147792
526 48775 50496 29 49959
527 48797 49880 9 2293
528 49182 51738 4 7692
529 49266 49897 92 48584
530 49338 59312 85 548837
531 49604 64920 39 63905
532 49792 60884 13 72757
533 49811 54279 98 175399
534 49932 81583 29 176999
535 49994 57839 103 145341
536 50210 51318 115 29586
537 50612 51511 54 25698
538 50774 55186 13 22423
539 50936 55667 76 129292
540 51068 56988 63 124680
541 51151 55182 16 35136
542 51281 55845 5 6587
543 51292 53015 126 24502
544 51315 65328 6 27544
545 51354 61820 131 513901
546 51403 51408 44 194
547 51577 63557 31 129321
548 51589 51813 114 9664
549 51618 52837 60 89703
550 51683 52111 14 11615
551 51752 56946 76 121358
552 51891 62000 25 152022
553 52027 54218 61 78386
554 52149 66396 7 60409
555 52174 52434 26 4067
556 52216 59491 104 282533
557 52394 57270 58 137895
558 52437 60660 130 270294
559 52565 62880 35 151766
560 52746 70144 19 51083
561 53124 55151 65 57804
562 53160 75134 105 1399126
563 53175 55613 145 177196
564 53178 66371 38 124233
565 53251 54753 15 14776
566 53343 54856 51 13329
567 53372 73984 56 563627
568 53413 56018 72 44950
569 53533 54272 91 39892
570 53577 55833 113 150924
571 53654 55254 76 66987
572 53698 62197 20 31998
573 53913 55878 66 114791
574 54191 54507 109 9753
575 54212 61120 11 43889
576 54291 66637 52 159350
577 54370 56238 7 5305
578 54411 61037 20 74667
579 54413 57390 98 100672
580 54436 57941 9 18922
581 54716 57236 46 45673
582 54772 68007 5 52904
583 54774 63974 4 48598
584 54828 62347 42 137313
585 54867 59384 69 175394
586 55208 58417 55 47368
587 55228 63862 44 76808
588 55236 55471 83 3023
589 55249 55920 5 2219
590 55350 64745 66 282584
591 55455 60957 77 65394
592 55530 59595 49 58702
593 55858 63241 82 115188
594 55873 59664 30 58385
595 55925 67375 32 94357
596 56047 56878 84 44494
597 56166 59613 75 123568
598 56193 62562 21 76297
599 56214 57336 21 10530
600 56364 60678 98 204487
601 56413 59021 143 93693
602 56761 62519 147 203113
603 56841 77439 84 1136426
604 57373 58343 131 134368
605 57410 60961 81 132496
606 57435 68995 121 201425
607 57461 58100 24 11849
608 57491 58658 95 40622
609 57526 58176 17 10955
610 57644 72067 82 363176
611 57668 67425 19 85453
612 57986 61425 9 22325
613 58111 61910 114 403385
614 58174 71246 22 118753
615 58296 58912 6 6549
616 58323 61819 20 49190
617 58340 91884 18 239612
618 58361 59240 115 42561
619 58372 65020 149 301723
620 58387 59860 7 6114
621 58457 67267 119 199894
622 58539 59804 74 29502
623 58600 61766 80 109713
624 58637 65364 141 200032
625 58694 78264 55 238331
626 59168 68770 7 26883
627 59179 63281 25 18747
628 59187 83685 111 822865
629 59327 61483 19 25375
630 59719 60393 19 5828
631 59763 68722 81 202031
632 59987 60836 102 85825
633 60000 63499 62 215501
634 60111 68335 7 60390
635 60146 61109 104 98616
636 60204 61460 21 15741
637 60216 60702 74 16015
638 60263 63904 12 15076
639 60315 64019 40 342864
640 60406 62650 38 36298
641 60426 77400 26 79590
642 60535 62606 10 3935
643 60542 74371 109 292065
644 60572 65404 36 89705
645 60582 66462 67 195292
646 60675 66467 67 131287
647 60743 63402 49 60149
648 60747 65214 43 55506
649 60772 77451 27 72745
650 60788 63700 4 12999
651 60901 69346 61 139005
652 60908 64047 41 60643
653 61147 70481 120 531657
654 61157 68436 16 35796
655 61289 76200 109 1517941
656 61347 76743 9 71475
657 61385 63220 86 189323
658 61621 63494 16 11749
659 61782 72055 77 361057
660 61808 75645 66 276421
661 61861 68899 86 369718
662 61893 81172 32 123003
663 61900 62709 30 15758
664 61928 74178 126 467742
665 61962 69580 27 76972
666 62016 66372 139 290869
667 62042 66424 111 201778
668 62060 63405 6 4671
669 62119 63177 141 143537
670 62345 78368 17 159489
671 62483 66571 25 67887
672 62603 72763 119 2100471
673 62637 72650 78 216709
674 62719 78353 108 302912
675 62729 64320 11 8335
676 62818 84205 31 116931
677 62900 64929 58 81539
678 62928 73327 77 159758
679 62981 64770 56 28204
680 63037 76098 60 585975
681 63134 67914 67 130277
682 63187 73217 125 821379
683 63254 73298 100 178844
684 63400 68687 96 89939
685 63528 68214 109 239955
686 63625 66269 38 62888
687 63748 70135 100 281893
688 63810 69759 28 46521
689 63918 67845 135 468826
690 64066 79709 49 626620
691 64191 65985 146 78050
692 64232 70405 22 69665
693 64235 71485 90 148065
694 64304 68918 149 177931
695 64317 67385 52 66796
696 64515 83336 18 365016
697 64536 65876 10 13270
698 64612 74704 111 536812
699 64710 69004 16 18230
700 64805 70033 68 129216
701 64900 65592 88 93651
702 65071 85680 35 286642
703 65200 73824 66 214564
704 65207 65473 17 893
705 65412 68410 12 24686
706 65518 92786 53 492280
707 65571 66516 29 10750
708 65690 69240 104 193027
709 65697 71763 13 30464
710 65817 80097 105 416545
711 65889 71640 112 117135
712 65894 72022 106 982937
713 66047 66084 5 117
714 66048 83155 10 41782
715 66103 70118 94 239535
716 66177 68171 38 47400
717 66308 69855 30 82880
718 66418 69478 83 112709
719 66577 82471 103 556402
720 66647 72719 9 8919
721 66651 67388 55 28980
722 66741 68832 147 154552
723 66850 81848 37 145514
724 66861 68198 37 12744
725 66934 71126 89 145778
726 67188 76174 149 323004
727 67277 67938 137 44864
728 67344 76121 97 622072
729 67465 82346 19 167726
730 67603 77461 11 87433
731 67654 70965 26 64829
732 67684 77887 138 962563
733 67817 92675 63 369084
734 67838 87581 105 596596
735 67992 70589 51 33556
736 68054 71020 91 242922
737 68181 74185 130 449938
738 68213 74052 114 177833
739 68360 70034 15 8656
740 68474 74390 62 196789
741 68541 70715 88 67795
742 68633 95090 107 1215806
743 68660 70749 27 14059
744 68933 74848 22 67224
745 69329 73942 5 8822
746 69385 77074 15 61958
747 69425 76836 28 40083
748 69554 70296 16 10223
749 69671 78934 65 170665
750 69798 75945 33 180685
751 69930 78648 67 231107
752 70003 73388 24 66895
753 70084 73318 86 272347
754 70161 70545 23 9094
755 70248 72678 45 26803
756 70349 75474 85 226089
757 70376 74569 26 139256
758 70472 76294 142 595270
759 70477 84900 22 185177
760 70602 75378 108 157486
761 70629 77324 22 208427
762 70714 83994 127 438191
763 70897 77252 18 53426
764 71094 73963 16 36247
765 71213 76837 42 138994
766 71293 72197 17 13334
767 71393 73905 81 91654
768 71460 90131 130 2210287
769 71584 72250 8 4437
770 71728 74804 29 25056
771 71808 73846 56 32276
772 71840 71951 54 2100
773 71948 75306 106 91523
774 72000 72710 82 23838
775 72093 81109 132 463981
776 72175 72782 116 64635
777 72176 74065 5 6184
778 72396 75276 142 253123
779 72537 73356 96 57895
780 72574 75865 45 147026
781 72616 79051 89 65883
782 72673 81885 26 66138
783 72745 83185 5 46852
784 72865 85261 63 491321
785 73060 83790 144 778630
786 73107 78550 5 20276
787 73249 78212 66 181687
788 73386 77060 39 154368
789 73413 73632 19 1961
790 73428 73802 104 12608
791 73520 80487 60 252585
792 73626 74967 65 47860
793 73785 80687 26 72976
794 73901 75909 46 52905
795 74206 76390 134 331424
796 74331 79738 101 224117
797 74407 79263 39 70519
798 74445 79767 83 140953
799 74853 77732 56 157089
800 74960 75599 132 28515
801 75098 75653 126 33583
802 75222 77076 33 51738
803 75237 96951 5 69792
804 75335 77344 46 106100
805 75468 81089 77 368032
806 75994 96834 94 522550
807 76025 87835 70 184404
808 76142 81665 114 277191
809 76144 84702 128 571642
810 76178 96851 71 754549
811 76213 83287 8 24054
812 76214 86168 49 337141
813 76222 85591 47 70289
814 76437 79691 125 239365
815 76573 78458 10 9616
816 76694 84664 60 177279
817 76839 84001 35 127235
818 76870 82751 37 88178
819 76884 82680 34 82941
820 76909 88855 129 1714452
821 77104 83285 32 30748
822 77164 78253 120 81448
823 77212 77481 111 4420
824 77248 81930 33 62107
825 77403 83136 111 429862
826 77432 80545 92 171147
827 77703 78295 132 33205
828 77798 79860 31 6459
829 77822 81857 93 145761
830 77850 91954 72 109799
831 77956 79601 146 120347
832 78041 82219 55 254917
833 78119 90301 118 714646
834 78169 82002 108 358951
835 78208 82220 11 12291
836 78373 81965 57 253674
837 78382 80001 9 4786
838 78432 83438 43 169362
839 78617 80561 129 162774
840 78659 86436 51 133253
841 78689 87570 121 586323
842 78728 96708 15 79799
843 78748 89969 99 589796
844 78762 86422 52 225634
845 78791 83302 12 28640
846 78840 82330 80 78997
847 78901 92765 60 810908
848 78993 80125 118 44338
849 79159 81612 81 210665
850 79302 84838 35 29273
851 79328 83346 46 30602
852 79494 85062 129 332940
853 79619 82426 4 5301
854 79797 81510 6 4660
855 79877 82388 56 61017
856 80036 80039 15 39
857 80101 93422 39 110724
858 80110 86237 84 110084
859 80205 80597 120 19405
860 80360 95017 10 95079
861 80424 87369 117 398560
862 80449 86345 45 111769
863 80478 83144 98 622490
864 80519 85487 124 479029
865 80630 88175 54 169926
866 80671 81041 5 234
867 80677 85136 11 68866
868 80699 83039 129 184680
869 80784 83517 111 50878
870 80896 85088 101 447102
871 80932 81467 5 4668
872 80951 81967 106 74126
873 81057 82038 6 1105
874 81173 83610 14 11411
875 81389 88166 57 60482
876 81532 92689 137 1272794
877 81701 93737 130 659815
878 81748 89784 34 43064
879 82072 88781 38 105034
880 82119 90316 101 92539
881 82145 85324 112 175789
882 82262 85253 89 116653
883 82375 83479 6 4643
884 82502 89542 134 261862
885 82605 99567 133 1764622
886 82767 85327 93 270134
887 82858 84256 116 63467
888 82927 83160 20 3993
889 83066 97689 63 289509
890 83273 86004 80 93235
891 83415 85849 44 49105
892 83503 84456 97 77238
893 83767 85477 23 18783
894 83773 87043 34 98879
895 83808 84048 134 27611
896 83863 89189 51 23497
897 84130 89307 21 62568
898 84289 84906 96 51126
899 84318 87045 116 85676
900 84634 89076 95 74887
901 84786 89917 10 9464
902 84905 85054 104 3371
903 85076 88363 22 9619
904 85126 98716 92 737664
905 85127 99136 47 258370
906 85135 89160 114 347787
907 85143 87480 36 43246
908 85259 87758 145 94134
909 85349 96877 32 214466
910 85354 87199 106 62403
911 85705 91562 67 246091
912 85711 94416 6 9894
913 85712 87329 36 27098
914 85720 88465 47 35543
915 85731 97131 7 13973
916 85897 96872 59 285024
917 86094 86878 102 81951
918 86165 88325 5 6857
919 86206 87110 10 2205
920 86447 91587 144 463988
921 86479 98603 70 229696
922 86561 89967 34 101183
923 86696 86971 30 6931
924 86751 87609 8 3189
925 86909 89623 12 20675
926 86925 89789 120 100168
927 87093 87623 24 3151
928 87211 88668 134 172548
929 87316 92125 142 234064
930 87386 87735 82 5003
931 87646 90860 11 15143
932 87676 93519 6 4501
933 87962 90533 5 4650
934 88002 91853 129 146147
935 88016 88295 85 16161
936 88254 92878 16 26562
937 88273 88895 43 26337
938 88323 93797 91 125462
939 88386 88430 133 5149
940 88433 92704 21 21909
941 88489 94485 68 681456
942 88618 91483 136 264007
943 88871 89392 23 12792
944 88970 89921 14 10808
945 89156 90232 107 87722
946 89231 89627 108 35349
947 89338 93449 137 559153
948 89504 91155 51 31882
949 89536 95608 50 103756
950 89563 98212 80 300405
951 89584 95921 141 135383
952 89998 96808 118 292634
953 90234 92885 97 174572
954 90431 92449 70 214043
955 90744 95450 48 104223
956 90845 91119 88 14427
957 90890 92613 18 23897
958 91117 95766 85 208384
959 91774 94243 80 130431
960 91792 93475 26 17557
961 91841 93944 24 22239
962 92003 93056 16 3706
963 92165 99661 53 158761
964 92766 99990 10 36606
965 92827 93510 95 34755
966 92879 99891 118 313571
967 92880 93572 145 68018
968 92917 93095 107 10100
969 93165 98989 41 135658
970 93230 94499 42 13184
971 93460 97018 56 453256
972 93496 96631 21 39052
973 93768 94110 21 4816
974 93850 96230 13 9286
975 94181 98499 62 34997
976 94284 95301 8 4547
977 94500 94698 148 10931
978 94776 95780 125 50079
979 95137 98258 44 104581
980 95316 99369 68 94762
981 95475 96675 82 83509
982 95580 97939 51 77638
983 95657 96032 13 1029
984 95711 96402 66 29020
985 95924 98682 102 113083
986 96017 97899 47 49647
987 96129 96628 29 7347
988 96207 99731 11 32866
989 96817 99175 106 157222
990 97129 99276 13 10355
991 97151 99003 31 59672
992 97236 97730 50 25355
993 97272 97440 138 14326
994 97363 99885 68 133745
995 97384 97869 95 27626
996 97551 98124 41 8847
997 98270 98946 78 18811
998 98295 99090 59 34915
999 98581 98964 88 18742
