50 1000 0.068
..#..#..#........#....#.........#....#............
#...##..#........#....##...................#......
#....#............#....................#..........
..............................#........#......#..#
.#...#..........##.##.#.#................#.......#
...##......#........#.##..#.........#.............
...........#.....#................................
...#.##...#...........##..........................
##.#.....#...#.....#...............#......##..##..
#..............................................#.#
..#................##..#.....#.#.....#....#.......
.......#........#............#.........#.........#
.#........................#....#.#................
.........#................##...........#..........
....#.........................#..........#..#.....
...........................#.......#..........##..
....##................#............#..........#...
.#.......................##...................##..
.#..............##..............#................#
.#........#....#........##....................#...
#.........#..................................#....
....................##.....#......................
..................................#...............
................................##............##..
................#..#..................#........#..
..#.......##.......##...............#....#........
..#......#........#.#........................##...
....#.......................#...###...............
............................#.#.#.......##........
..............##.##.............#.................
.....##..................#.........#..........#...
..........................#......#.##.............
............................#...................#.
###.......#......##.............................##
..##................................#...#.......##
...##.....................#.........#...#...#.#...
...........#..............#..#...#................
....#..................#.....#...#......#.....#...
.......#.........................##..........##...
#..........##........#....................#......#
.#.........#..#.......#.................##........
.....#................###.#..#..........#.##...##.
...................#..#......#....................
##..............#.......................##........
....##..#..............#.................#........
#..#...................#....#.........#....#......
.#...#.##.............##....#.......#..#...#......
.........#.#................###........##.#.......
.........#................#..#..........#..##.....
.........#....#...........#......#................
0 48 11840 40 118753
1 139 1041 135 107468
2 210 16251 91 499617
3 239 3872 56 73407
4 338 787 13 6577
5 351 4032 61 156267
6 653 7729 59 150603
7 750 785 18 352
8 825 7148 68 101267
9 907 1718 27 10348
10 908 2384 20 24281
11 1035 2287 16 10556
12 1121 4463 116 232082
13 1242 10241 146 447270
14 1274 9841 48 101821
15 1358 2693 111 104929
16 1454 1695 81 2690
17 1463 1645 91 2716
18 1532 3544 131 39940
19 1612 7378 12 53767
20 1662 4490 109 363688
21 1830 26945 91 669109
22 1906 8228 55 205429
23 1966 7106 30 41807
24 2374 25336 91 972707
25 2431 11453 146 341187
26 2714 9023 63 201238
27 2942 4970 61 24996
28 2980 9847 91 129275
29 3211 4434 142 52247
30 3307 8371 5 11046
31 3314 18623 27 167707
32 3318 15356 98 382528
33 3406 9822 104 316506
34 3511 4456 51 13209
35 3594 5575 26 17801
36 3648 11386 64 73288
37 3666 3702 99 7518
38 3695 13122 32 158457
39 3871 6225 25 17465
40 3925 7908 42 72018
41 3938 11636 8 28241
42 3940 4912 8 1536
43 3960 12471 130 326514
44 3986 10623 18 84038
45 4009 4040 95 2439
46 4182 7952 17 39282
47 4217 5561 124 52714
48 4292 19057 6 20284
49 4301 4864 18 8104
50 4441 8656 83 78988
51 4534 20984 8 101056
52 4569 8367 64 58921
53 4633 12464 119 1000812
54 4756 13486 27 29139
55 4934 5801 100 35854
56 4953 5957 118 38510
57 5070 7613 108 120031
58 5126 11942 107 200383
59 5150 17489 17 123736
60 5181 9927 81 220745
61 5220 5772 24 14607
62 5228 18632 17 114390
63 5350 7466 9 7785
64 5360 30154 67 1449878
65 5536 18213 21 74170
66 5637 17585 95 504412
67 5657 9289 21 43080
68 5991 10280 96 292152
69 6137 19819 53 201248
70 6146 8919 50 38395
71 6282 18945 41 184222
72 6344 31414 92 828367
73 6351 10764 62 139849
74 6412 10804 12 34301
75 6469 14970 78 592824
76 6520 11016 6 7285
77 6563 9345 27 124987
78 6575 10425 85 118354
79 6756 25804 78 470452
80 6952 7806 21 4948
81 7016 21976 85 524915
82 7102 9460 134 140476
83 7130 26228 113 438674
84 7294 8505 116 57085
85 7355 8321 33 11820
86 7395 17110 121 832649
87 7665 20383 4 13637
88 7954 9125 122 49089
89 8110 9406 11 5340
90 8141 9153 7 699
91 8158 12610 81 79374
92 8324 16750 72 74523
93 8590 16403 16 122769
94 8612 14774 95 130584
95 8642 15587 80 301954
96 8729 11143 45 33994
97 8813 11618 54 120168
98 8846 10204 60 68911
99 8869 13929 44 112103
100 9012 14846 88 274363
101 9024 17119 48 213618
102 9215 20010 21 153621
103 9268 10157 46 18451
104 9361 14284 117 277583
105 9414 15375 25 67519
106 9449 14394 68 269176
107 9508 12449 43 50133
108 9679 12533 9 5967
109 9812 10938 59 74301
110 9895 13045 66 80314
111 9953 11572 31 17114
112 10028 10813 11 2293
113 10033 13227 15 25793
114 10064 14161 107 212249
115 10083 12276 57 44613
116 10119 20062 62 166428
117 10181 19876 28 58816
118 10407 23829 68 235647
119 10605 16176 47 54770
120 10725 14676 41 46744
121 10928 11788 79 28302
122 11465 12132 28 4842
123 11536 25837 102 1543334
124 11738 12775 5 3642
125 11999 21804 111 362598
126 12045 28804 16 60347
127 12175 12915 13 6743
128 12272 21857 33 147888
129 12390 13570 144 99212
130 12532 18373 23 15559
131 12754 14266 49 27147
132 12800 14069 78 31436
133 12865 20293 110 493985
134 12907 29012 40 1981619
135 13032 13452 73 18720
136 13315 14073 11 8554
137 13352 25616 37 282773
138 13439 16520 71 139803
139 13481 28222 9 127056
140 14279 19384 130 247466
141 14321 19995 17 49756
142 14383 35663 29 474089
143 14727 15759 79 56982
144 14831 22964 148 745089
145 14940 18971 33 76621
146 15081 16962 10 10546
147 15098 15534 38 7280
148 15232 36499 37 335215
149 15235 22342 16 24564
150 15289 15878 78 36368
151 15542 20460 85 164744
152 15620 16796 16 15577
153 15632 20462 93 748990
154 15782 33061 112 234722
155 15790 21550 66 293807
156 15946 25720 31 41882
157 16026 24142 8 49715
158 16122 22539 116 189948
159 16133 27558 126 273616
160 16158 17726 94 46531
161 16233 23262 84 214202
162 16256 19982 43 91211
163 16421 28709 147 939763
164 16441 20081 72 198896
165 16479 32333 48 137480
166 16784 19600 89 41973
167 16871 21502 20 85658
168 16921 28035 121 826170
169 16995 21658 144 341483
170 17021 17042 71 652
171 17095 21212 22 51592
172 17101 20139 94 37023
173 17321 25703 129 506380
174 17511 19327 102 30807
175 17541 18742 84 53766
176 17560 23319 13 37130
177 17612 18430 137 76370
178 17821 22512 105 419835
179 17918 30945 69 517882
180 18079 22229 72 72946
181 18086 20328 56 55573
182 18399 21430 26 49834
183 18402 21648 12 24516
184 18585 21406 29 26892
185 18603 24308 10 8505
186 18651 27483 54 149158
187 18699 30390 22 134166
188 18784 19403 56 17288
189 18867 20592 11 5864
190 18869 23858 80 401704
191 18950 32647 114 416088
192 19332 21896 113 97001
193 19479 21072 121 158368
194 19739 20807 116 111177
195 19834 20594 76 21090
196 19980 23494 123 557557
197 20107 22501 16 19566
198 20170 26467 8 40412
199 20200 36572 117 595766
200 20552 22269 8 6309
201 20573 24438 58 161995
202 20678 33454 64 490622
203 20702 30033 97 425134
204 20733 24579 142 473863
205 20764 23077 37 50937
206 20895 35066 130 1015838
207 20920 22582 19 7592
208 21044 21559 19 19581
209 21086 22649 123 85791
210 21101 27456 115 298591
211 21233 26790 108 303837
212 21262 21489 38 19614
213 21301 22281 9 2364
214 21584 25462 134 119649
215 21644 28758 15 86845
216 21650 23348 51 66185
217 21749 26254 7 14252
218 21756 25855 112 141705
219 21811 24561 27 51917
220 21812 29968 26 160898
221 21971 25155 83 169446
222 21977 26381 31 97963
223 22053 24238 19 22460
224 22257 29376 98 240799
225 22312 26749 101 544453
226 22410 25663 8 7522
227 22449 24018 95 80393
228 22460 27201 19 43135
229 22500 33631 16 65448
230 22637 23767 69 29868
231 22839 35578 113 1127409
232 22860 23085 82 14762
233 22894 27174 32 60999
234 22897 24455 39 44244
235 22927 34750 10 60994
236 22954 23182 139 19563
237 22967 26136 8 7672
238 23004 26214 98 109352
239 23081 25785 13 12864
240 23091 24722 61 29405
241 23184 25630 117 298102
242 23373 26466 6 3627
243 23375 28469 41 60139
244 23525 26877 101 124478
245 23538 36798 125 543444
246 23683 25203 40 34078
247 23762 29315 10 40249
248 23887 25334 50 33154
249 23981 34940 146 692947
250 24174 28937 6 8243
251 24281 24709 65 28759
252 24429 24711 75 27154
253 24636 29408 4 14655
254 24868 27001 127 80916
255 25106 34820 34 65114
256 25322 32004 9 53477
257 25479 31916 18 62016
258 25612 26212 7 5587
259 25695 36825 33 101384
260 25730 26660 4 1376
261 25789 26289 96 107489
262 25809 28836 61 47156
263 25884 26791 69 31965
264 25906 32945 100 354564
265 25983 26401 8 2202
266 26087 41730 24 57162
267 26096 36584 15 63880
268 26119 31294 110 110732
269 26184 31234 50 201019
270 26318 27893 5 3122
271 26328 31940 29 32090
272 26330 33859 12 13522
273 26390 32235 26 74589
274 26802 28058 19 10604
275 26936 28264 26 29559
276 26980 27373 20 2745
277 27204 33549 5 8072
278 27246 28829 45 28986
279 27248 55935 86 1045731
280 27255 28204 17 13398
281 27461 33447 32 77009
282 27822 27951 141 6803
283 28038 28372 11 1603
284 28042 28979 107 29174
285 28070 31246 126 141390
286 28210 29505 56 31192
287 28453 33144 144 389210
288 28508 31666 97 69257
289 28573 32237 15 25312
290 28586 30200 54 36736
291 28729 29761 34 33452
292 28778 29636 111 43221
293 28916 46961 15 88620
294 28985 43974 23 152831
295 29102 41865 17 57176
296 29114 31768 5 5728
297 29127 36674 26 75055
298 29161 29584 106 18991
299 29168 33765 141 128510
300 29199 29425 75 4344
301 29217 32943 71 85183
302 29223 36363 13 17068
303 29242 29963 118 46401
304 29263 38674 42 133174
305 29418 39167 46 390834
306 29449 33794 93 126511
307 29512 32294 118 303971
308 29662 41889 40 460972
309 29705 31459 73 38659
310 29840 46650 117 755948
311 29844 30550 24 10178
312 30084 43963 8 56648
313 30087 34107 14 18089
314 30229 31569 61 124135
315 30323 32256 137 85850
316 30331 33066 64 40213
317 30339 38442 72 428900
318 30397 39379 114 258658
319 30579 32202 126 223309
320 30623 35517 21 129517
321 30696 34843 71 57550
322 30732 39274 95 178555
323 30830 30953 51 7380
324 30964 46559 135 239045
325 30994 31425 14 2968
326 30998 31024 108 1752
327 31036 36126 82 149919
328 31098 32445 114 60594
329 31121 36463 120 218697
330 31143 36958 11 54640
331 31208 48380 131 1132191
332 31308 33077 13 4448
333 31342 39817 62 243228
334 31603 35154 79 195549
335 31657 32211 30 22894
336 31933 44106 46 194487
337 31938 33897 88 36476
338 32028 36013 56 130604
339 32046 32879 92 55748
340 32077 47357 78 579550
341 32088 32847 114 43911
342 32091 34048 8 8143
343 32510 36242 147 348350
344 32587 33573 8 6463
345 32640 41491 51 129670
346 32778 32930 30 2633
347 32899 32921 5 68
348 33036 34411 84 56321
349 33116 41278 9 26116
350 33437 34543 19 6568
351 33479 34385 27 38998
352 33589 35054 7 3917
353 33591 40994 96 335956
354 33658 36383 149 105816
355 33724 37568 8 26371
356 33814 34553 43 25273
357 33836 43477 80 656981
358 33904 35845 96 224430
359 33998 44123 21 296738
360 34199 49267 132 217668
361 34207 36815 73 183721
362 34377 61385 35 227090
363 34426 43987 77 826747
364 34577 43824 115 366421
365 34760 46860 9 36206
366 34822 41264 78 409995
367 34859 39321 30 51003
368 35050 48305 43 133016
369 35135 44325 62 287196
370 35165 35439 14 1508
371 35212 39983 20 26967
372 35220 36905 65 27941
373 35264 45894 145 220129
374 35297 39159 79 181990
375 35328 48812 42 227410
376 35360 37068 139 166759
377 35375 36158 121 54303
378 35527 38698 52 86975
379 35628 52066 9 56143
380 35685 40446 40 54391
381 35750 42006 17 51391
382 35804 40993 27 65754
383 35848 39721 13 29014
384 35886 36937 55 22877
385 35953 65803 23 150576
386 35967 40422 110 113472
387 36070 45578 32 129342
388 36278 38433 80 88100
389 36416 37182 16 9833
390 36773 44361 9 17993
391 36906 39403 57 34890
392 36967 38755 126 127966
393 37330 49329 63 537697
394 37404 37805 10 1983
395 37418 37913 34 5765
396 37535 37943 84 32518
397 37757 39471 65 56016
398 37833 53593 93 368043
399 37889 43061 4 14528
400 37934 40910 31 40173
401 37963 39119 36 30922
402 38054 38756 144 33154
403 38188 43704 80 212923
404 38208 39170 119 57617
405 38275 42562 32 50962
406 38363 42703 23 16373
407 38552 45365 18 40614
408 38630 45359 22 53199
409 38763 39418 95 63048
410 38847 44808 7 14336
411 38862 44064 114 329033
412 38867 45973 9 18079
413 38929 47562 94 164290
414 39017 40625 28 13336
415 39108 42176 7 8041
416 39175 46428 40 197585
417 39296 43880 84 80591
418 39299 46790 134 710845
419 39323 41319 79 26035
420 39382 43741 6 16284
421 39469 53081 148 1564032
422 39485 43874 81 274298
423 39494 40954 124 86049
424 39543 42460 5 5989
425 39550 46344 87 293212
426 39672 45023 11 19845
427 39778 42135 8 14473
428 39976 43695 37 23547
429 40041 43412 29 40952
430 40085 41619 27 21154
431 40377 42764 62 260524
432 40379 40599 88 28729
433 40406 58504 37 302642
434 40474 56471 35 199688
435 40547 54310 78 491237
436 40586 46835 6 47516
437 40655 42357 9 19964
438 40689 40902 39 14861
439 40728 41150 23 7893
440 40854 50237 32 257336
441 40899 46294 4 19738
442 40956 41330 89 28549
443 40982 72719 100 1270548
444 41006 42813 24 20126
445 41082 43307 50 77066
446 41156 50373 107 218923
447 41207 41783 14 6184
448 41261 47659 100 223617
449 41354 44448 124 139359
450 41578 41724 131 4991
451 41661 46583 8 8684
452 41750 51214 83 170833
453 41770 50279 41 97017
454 41855 57334 26 56370
455 41876 43496 108 57970
456 42025 46658 45 148966
457 42059 43071 27 16750
458 42275 52330 120 390474
459 42291 42407 36 2743
460 42368 45857 5 3433
461 42415 42587 44 6067
462 42861 49062 124 158098
463 42872 53158 5 16451
464 42887 43560 13 3847
465 42967 59414 62 380856
466 43043 44848 138 67860
467 43080 46592 9 14511
468 43104 47414 16 12155
469 43490 51300 5 9756
470 43536 43777 93 21131
471 43545 64501 41 269583
472 43764 51142 99 190133
473 43803 48890 56 79253
474 43825 44097 14 1539
475 43935 52780 25 83347
476 43949 61602 136 1610310
477 44036 47880 6 12764
478 44108 48981 12 20150
479 44164 46780 26 31546
480 44185 48562 12 33552
481 44342 46421 33 42724
482 44555 46242 39 49618
483 44592 51328 32 98708
484 44606 48972 47 117702
485 44637 51037 49 187208
486 44697 56298 40 155186
487 44944 54427 22 46566
488 45165 50309 85 409006
489 45211 51303 82 248178
490 45264 52191 48 96700
491 45270 47307 27 37841
492 45297 48253 6 5152
493 45393 57942 102 793372
494 45530 45639 115 7533
495 45606 60840 53 196168
496 45620 56941 17 45108
497 45642 46227 87 39111
498 45699 49826 79 95401
499 45922 47542 131 213995
500 45924 53939 132 316927
501 46017 46060 38 736
502 46122 53027 61 100598
503 46171 60699 23 94349
504 46230 48167 5 9303
505 46269 51760 119 230211
506 46274 50219 130 100478
507 46334 47857 49 57776
508 46510 49147 7 12625
509 46527 46531 51 483
510 46535 59323 9 86012
511 46608 48434 73 65571
512 46868 56906 83 248973
513 46940 47134 5 425
514 47001 48563 87 46297
515 47239 50160 70 85600
516 47487 54249 11 27516
517 47600 66614 134 459896
518 47692 48117 52 14678
519 47926 52753 88 194268
520 48162 53634 26 30967
521 48325 48783 133 32856
522 48331 49762 54 15993
523 48418 52997 30 33327
524 48427 53479 9 15227
525 48444 56320 8 17785
526 48588 52223 24 54203
527 48674 60493 100 776239
528 48797 48903 20 2776
529 48852 49513 47 28527
530 49054 63768 138 854596
531 49159 51433 144 93221
532 49179 56733 18 92510
533 49261 57219 58 138427
534 49324 57780 83 215163
535 49529 50463 48 53147
536 49587 50596 107 78336
537 49688 62451 24 177403
538 49728 62697 110 632545
539 49899 50209 108 14619
540 49933 57493 37 95278
541 50034 50090 10 546
542 50064 52593 23 16285
543 50152 50365 66 4129
544 50175 54933 5 5168
545 50289 52375 97 46334
546 50417 56036 122 472011
547 50674 51292 97 56549
548 50677 76499 28 345533
549 50765 53049 112 122174
550 50901 62644 28 103483
551 51022 55409 11 4409
552 51028 63917 6 11259
553 51047 52773 24 18219
554 51055 52291 44 24761
555 51283 51317 90 1285
556 51299 61577 34 115494
557 51301 54800 37 65971
558 51381 56991 124 316024
559 51438 54004 7 6022
560 51450 51639 67 1706
561 51626 59958 15 26788
562 51643 54620 137 365576
563 51681 64055 108 515166
564 51703 56831 18 35032
565 51914 64661 83 447758
566 51981 54396 27 64120
567 52053 53003 62 48901
568 52300 56829 18 96063
569 52471 62839 99 468241
570 52473 55106 25 47754
571 52518 54690 64 29065
572 52556 68087 36 212858
573 52562 53486 94 32996
574 52579 70220 96 651212
575 52716 61633 63 99152
576 52768 54383 40 44398
577 52792 54873 101 67844
578 52817 61807 27 150143
579 52822 58408 51 129732
580 52826 72639 16 150989
581 52832 58852 13 13517
582 52898 61999 77 152806
583 52959 56507 132 237717
584 53055 55920 37 30852
585 53087 61283 120 430754
586 53193 65753 60 190229
587 53195 61717 62 99753
588 53270 57059 8 21673
589 53307 71107 36 1184070
590 53582 69492 78 750773
591 53645 55458 112 151356
592 53792 55053 11 7542
593 53860 57073 4 14122
594 53917 61026 109 590033
595 53957 59443 21 97636
596 54022 55751 24 6318
597 54282 58157 140 182733
598 54291 54629 115 13490
599 54545 59523 21 39065
600 54614 68032 81 478740
601 55251 62017 52 93173
602 55481 60487 110 190679
603 55685 66453 55 204405
604 55743 63681 9 29242
605 55868 57666 140 166541
606 55976 58495 46 63969
607 55977 60562 137 102960
608 56063 59836 132 223638
609 56210 67002 72 352071
610 56348 80836 34 169136
611 56356 57379 75 58013
612 56493 64777 22 78739
613 56527 62375 30 99529
614 56639 67431 7 8069
615 56653 60305 118 180093
616 56708 62364 114 212162
617 56805 62001 46 110034
618 57296 58836 22 17718
619 57434 59758 102 185365
620 57435 60616 147 169665
621 57490 58635 129 129496
622 57857 59102 7 4121
623 57900 62561 37 31965
624 57948 59838 12 11630
625 58072 63846 58 159261
626 58125 60990 5 5173
627 58174 58251 70 4008
628 58185 59239 82 35060
629 58385 65946 51 145189
630 58457 60019 38 18541
631 58491 59618 125 118058
632 58525 65814 82 134752
633 58914 62556 140 605250
634 58935 63903 133 538755
635 58958 60256 87 44815
636 58978 60074 130 182720
637 59064 62905 25 96231
638 59200 61960 47 61692
639 59366 62351 41 135791
640 59491 67232 121 160977
641 59570 65600 11 33042
642 59837 60659 6 2909
643 59888 63771 5 11875
644 59895 62358 31 82790
645 59996 61277 134 67762
646 60157 74072 55 758025
647 60213 64493 35 57295
648 60315 61053 7 3228
649 60330 75107 30 208753
650 60358 63445 62 40515
651 60423 62848 37 89106
652 60788 61600 5 4143
653 60810 61109 40 11294
654 60930 68945 11 39801
655 60932 68877 22 76043
656 61077 63706 108 229829
657 61217 62381 21 33987
658 61229 62645 37 15913
659 61234 68047 97 387807
660 61323 63027 18 11143
661 61394 61511 4 495
662 61433 65907 6 8013
663 61455 82190 13 94384
664 61521 65072 31 53396
665 61553 62092 55 27085
666 61573 63087 28 16120
667 61584 65534 57 47772
668 61599 69593 147 367025
669 61689 64717 19 31805
670 61708 65403 69 97519
671 61854 67249 29 85489
672 61859 67616 59 187993
673 61884 65173 68 98394
674 61943 69425 50 155928
675 62486 69299 137 358853
676 62684 66958 77 171605
677 62716 62938 49 4207
678 63267 65030 122 267534
679 63311 64535 58 27344
680 63349 66818 26 123500
681 63354 79609 26 143229
682 63504 64542 109 44741
683 63511 64275 130 54575
684 63688 64683 95 57606
685 63742 76797 58 663982
686 63746 65797 48 39372
687 63812 63968 9 889
688 63856 65054 47 37239
689 63923 76098 73 159760
690 63949 66416 46 80616
691 64113 64766 62 11954
692 64169 75231 123 932670
693 64310 67937 81 184353
694 64733 66404 135 73984
695 64802 76913 95 675445
696 65122 77201 68 379608
697 65251 73440 53 163360
698 65350 69150 67 133620
699 65492 66674 128 37724
700 65856 66041 133 23350
701 65872 78401 146 696706
702 65965 66068 149 14942
703 66026 66229 7 617
704 66061 68729 45 73502
705 66310 67419 12 9629
706 66454 72536 8 18412
707 66624 67279 37 8685
708 66643 67836 7 8928
709 66874 79334 18 31849
710 66923 73026 15 47312
711 67060 69106 91 88071
712 67077 68708 73 44802
713 67280 71250 45 84982
714 67437 74390 70 136168
715 67529 68851 28 8337
716 67599 68011 39 11096
717 67610 80839 6 27947
718 67713 76496 85 597943
719 67748 69585 84 69431
720 68064 77099 109 177298
721 68152 69172 33 13641
722 68182 69473 58 39616
723 68208 70669 47 29435
724 68451 70415 19 36090
725 68535 68818 8 3366
726 68548 78271 53 196949
727 68635 70457 53 35362
728 68694 70201 101 63888
729 68724 76974 102 448037
730 68739 70684 32 17041
731 68746 70304 16 15153
732 68807 71175 113 174301
733 68909 74196 36 270411
734 68984 79742 59 188880
735 69002 71989 131 160045
736 69006 72855 52 70613
737 69212 69599 21 5551
738 69290 73138 23 76850
739 69297 82646 41 220631
740 69308 70233 18 4635
741 69416 71675 30 34657
742 69455 70507 14 17377
743 69483 70375 89 58394
744 69542 79979 30 101968
745 69601 70646 23 28439
746 69931 72400 6 6974
747 69940 74118 141 214793
748 69959 78837 40 123315
749 70327 73729 108 202991
750 70630 75727 77 74034
751 70647 74242 49 48045
752 70687 81210 107 265297
753 70691 74348 84 144895
754 70698 73958 40 108644
755 70820 71266 131 35219
756 70884 84719 17 259648
757 70910 78911 32 64894
758 71076 72277 82 50900
759 71086 76064 32 154066
760 71301 76709 10 13935
761 71392 79754 99 210358
762 71573 75110 31 88243
763 71686 73804 44 21037
764 71698 78339 103 276538
765 71769 72071 23 1597
766 71793 75431 94 342674
767 71887 73041 17 4558
768 71929 78025 125 308689
769 71962 73575 80 67850
770 72218 79994 111 444834
771 72222 73509 29 27106
772 72601 77174 134 257618
773 72822 73723 52 21387
774 72870 80038 5 33479
775 72907 73388 31 14440
776 72910 75260 44 45247
777 72966 80664 14 48788
778 73079 73789 97 20756
779 73131 73638 109 11878
780 73135 75609 11 20963
781 73162 73894 98 17803
782 73335 83065 16 48478
783 73351 80571 36 77454
784 73689 91075 74 531893
785 73716 78536 17 13994
786 74001 81758 19 135270
787 74101 75940 47 37805
788 74244 74352 36 3237
789 74389 96533 32 373459
790 74408 78181 139 87884
791 74419 79166 32 105320
792 74500 79416 78 128324
793 74503 78087 25 71595
794 74590 77344 140 215882
795 74660 74859 30 4564
796 74680 74910 44 13803
797 74755 80460 57 148548
798 74801 76393 72 85112
799 74820 99483 15 317496
800 74962 76973 41 18717
801 74997 87185 54 944334
802 75111 80130 47 146119
803 75132 79029 47 23051
804 75464 81820 93 196217
805 75843 84859 10 24862
806 75886 90500 100 512710
807 75901 79421 65 248289
808 75916 84193 18 82434
809 75955 77865 62 63304
810 76370 94667 87 1298613
811 76603 77922 68 32959
812 76616 96544 66 250934
813 76752 89346 29 191919
814 76864 88665 14 45653
815 76890 84834 80 76407
816 77195 80771 103 59739
817 77282 77322 109 3487
818 77326 82028 8 30504
819 77327 81405 130 141992
820 77494 81096 42 23713
821 78054 79802 41 38232
822 78068 79856 71 43906
823 78131 78565 32 10187
824 78211 90183 136 719821
825 78266 81854 51 134973
826 78295 86757 98 513372
827 78329 80387 117 115727
828 78504 78619 8 886
829 78695 83205 82 124637
830 78743 86946 14 35026
831 78981 80669 48 35598
832 79017 79411 10 683
833 79114 80534 100 48569
834 79135 82695 107 176861
835 79139 94775 6 24847
836 79649 81886 127 114033
837 79699 82078 19 22793
838 79782 87219 97 327612
839 79793 82084 30 9501
840 79813 80417 8 2946
841 79907 80527 40 1862
842 80126 92897 30 233305
843 80189 89088 80 190293
844 80376 87310 7 34625
845 80389 89598 11 44714
846 80476 93106 57 162422
847 80763 83051 67 43074
848 80820 81560 75 27908
849 80843 87428 7 121941
850 81021 86668 84 140082
851 81392 98479 68 731598
852 81523 87732 55 102461
853 81539 84176 100 150467
854 81542 91411 132 307831
855 81700 83738 108 230418
856 81736 85614 18 22410
857 81762 82582 136 65170
858 81807 86181 38 29261
859 81905 82157 5 470
860 81953 85668 52 51402
861 82294 92566 13 5987
862 82336 94982 46 289496
863 82386 96129 113 249915
864 82429 85200 39 61542
865 82508 86065 21 46998
866 82510 90591 5 16006
867 82519 89874 35 61869
868 82526 90163 75 460506
869 82877 90798 48 189348
870 83237 86309 61 83349
871 83364 95927 6 16841
872 83434 96772 34 124276
873 83459 84591 16 10516
874 83497 91609 142 374664
875 83646 84963 38 4949
876 83678 85981 31 35642
877 83680 95206 84 163111
878 83684 91032 46 67892
879 83706 92822 73 395656
880 83954 84110 132 18405
881 84026 88842 15 34501
882 84028 87666 49 51401
883 84030 86097 38 70538
884 84169 87987 79 217879
885 84175 85223 82 47968
886 84407 87350 14 18099
887 84512 90073 80 207730
888 84552 92688 132 222232
889 84563 90720 19 44927
890 84587 87197 23 87462
891 84632 94856 9 27213
892 84758 84808 118 5124
893 84950 86281 9 9295
894 84958 87168 27 97327
895 84992 85096 45 6685
896 85020 91177 27 102431
897 85082 86638 78 37106
898 85279 86578 145 60233
899 85323 88523 114 65108
900 85382 85991 52 8952
901 85733 86363 37 17108
902 85848 86969 7 3436
903 85855 96602 44 296070
904 85947 86711 25 11930
905 85971 86013 52 829
906 85977 86447 65 10169
907 85983 88828 30 31582
908 86061 90889 60 124141
909 86069 89424 14 43756
910 86119 97642 118 779033
911 86146 95450 98 636239
912 86468 88263 6 2959
913 86661 87304 77 30287
914 86664 89068 150 231587
915 86915 88661 82 187805
916 86921 95591 40 60783
917 86933 96148 116 1089472
918 86984 89833 91 178990
919 87005 87141 9 923
920 87014 89021 87 73299
921 87018 88702 106 51587
922 87030 93558 9 13145
923 87052 92540 76 104389
924 87216 88391 142 124275
925 87276 88392 47 20718
926 87358 96331 41 30168
927 87831 99347 92 252776
928 87898 93203 17 72884
929 87917 92258 118 241920
930 88074 88261 20 3491
931 88084 88563 84 22372
932 88264 95183 26 58520
933 88270 89772 16 15694
934 88471 89937 115 86001
935 88525 97015 25 111940
936 88732 91929 85 63829
937 88920 92175 13 19286
938 89019 91993 42 59817
939 89075 89357 5 2242
940 89210 98040 13 89281
941 89386 90102 105 27018
942 89497 94071 30 50259
943 89531 94156 127 142875
944 89587 89617 65 2038
945 89662 97134 33 51690
946 89719 94754 22 53502
947 89835 93137 89 72504
948 90000 95564 123 317820
949 90132 98509 121 163772
950 90144 91431 14 12376
951 90311 94373 78 181023
952 90450 92888 40 99941
953 90699 95042 21 91908
954 90731 92079 15 6272
955 90797 94060 80 89520
956 91018 91167 112 9872
957 91127 92042 16 23701
958 91152 92996 140 148020
959 91571 91736 17 2696
960 91917 96758 140 655690
961 92340 99303 107 264811
962 92376 92504 139 14022
963 92577 92751 9 1003
964 92699 95566 130 194190
965 92895 94340 44 52754
966 93021 96909 24 147132
967 93036 97230 19 48686
968 93115 93674 132 40891
969 93154 93766 92 23830
970 93305 93978 118 43905
971 93379 99123 79 504498
972 93411 99742 63 176980
973 93485 98270 13 31616
974 93891 99395 5 6565
975 94075 98198 54 194853
976 94305 94398 114 5598
977 94327 98672 146 64545
978 94526 98347 134 392453
979 94790 94854 9 358
980 95046 96591 31 34127
981 95135 99166 79 169355
982 95395 97044 75 58368
983 95641 96412 39 20710
984 95723 97396 83 75310
985 95765 96253 139 28585
986 95897 96770 105 24078
987 95935 99144 63 57754
988 95994 97805 58 26516
989 96058 98392 113 151853
990 96379 96900 107 58518
991 96649 97538 54 18580
992 96720 98098 61 34036
993 96750 96992 72 6719
994 97383 98453 22 15163
995 97386 97648 24 3163
996 97614 98815 64 71639
997 97670 99848 95 98141
998 98346 99997 104 107055
999 98953 99320 105 24622
