50 1000 0.060
..................................................
.........#........................................
......#.###.......................................
...#########......................................
......###.#.......................................
........#.........................................
........#.........................................
###...............................................
###......#.#........................#.............
#.##....######......................##............
..#......#####....#.................##............
.........###......#.................###...........
.........#..#.....##................#.............
...........###.....##..###........................
...........#.##........#.............#............
...........###.......................###..........
............####......................#...........
............###...................................
..............#...................................
..............#...................................
..............#...................................
..................................................
..................#....#..........................
.................#######..........................
.................#####.#......#...................
...............#..#..#.......###..................
...............####..........###..................
...............######.............................
.................####............#................
................#####......##....#................
..................##.......#.....##...............
...................#.......#...#.#................
.........................####..####...............
........................######.##..#.#............
..............##......######.#..##.####...........
...............##......####..####.#####...........
..............##.......##......#######............
.............###.....##...#....##....####.........
.............#.##.....#####....................#..
...............#.........###......................
..........................##......................
..................................................
..................................................
#.................................................
#.................................................
#..............................#..................
###...........................##..................
##............................###.................
.#.............................##.................
..............................####................
0 62 214 17 1745
1 139 18704 30 1078460
2 177 7094 23 53828
3 270 6631 76 352385
4 275 3100 55 72333
5 372 464 8 515
6 381 18745 48 563195
7 515 8062 78 575625
8 579 1941 63 40688
9 781 4029 20 13360
10 906 6188 57 90231
11 1121 1988 5 2270
12 1147 3955 20 24282
13 1155 7033 110 223103
14 1278 3465 27 15014
15 1368 7128 119 509909
16 1975 2092 83 8106
17 1989 4298 128 98514
18 2144 8494 40 73338
19 2320 3082 9 6132
20 2349 12438 11 39006
21 2388 12492 10 25553
22 2505 8547 134 496616
23 2626 5829 65 39099
24 2795 6255 10 23933
25 2851 21042 12 103580
26 2991 3596 51 6264
27 3044 6317 11 12674
28 3785 5447 116 52902
29 3967 6665 17 42697
30 4030 8088 104 108419
31 4116 12793 17 52434
32 4399 9487 63 222013
33 4584 4707 131 5508
34 4587 13992 149 608287
35 4612 6156 105 87776
36 4653 5128 98 41155
37 4763 14468 32 124065
38 4878 8075 14 13303
39 4949 11630 52 211479
40 4993 6598 43 34055
41 5008 19041 21 50611
42 5232 5597 42 6767
43 5278 13617 32 270734
44 5413 12099 6 17031
45 5428 15497 94 938948
46 5843 13994 13 29249
47 5925 21524 28 94048
48 5983 13314 107 211812
49 5998 14252 23 63494
50 6353 7111 133 47944
51 6360 13708 141 219877
52 6399 7480 91 21648
53 6411 17602 69 1123706
54 6707 8453 69 74044
55 6734 10568 130 491866
56 6764 8379 105 66040
57 6788 8104 42 58467
58 6852 18068 20 280363
59 6867 7070 61 10342
60 7104 16461 31 189508
61 7331 8017 6 1058
62 7427 11686 86 415184
63 7434 11258 24 30199
64 7675 20345 58 289220
65 7705 20211 105 583185
66 7731 11781 80 383934
67 7738 8388 113 69190
68 7911 8641 61 12765
69 7935 26107 112 394858
70 8034 10329 59 34358
71 8079 29358 104 1264926
72 8325 20025 50 248562
73 8678 15112 11 21805
74 8693 10194 115 125130
75 8782 10633 68 29622
76 9008 14366 18 36377
77 9037 15570 5 36818
78 9065 31732 48 738157
79 9164 9572 50 9402
80 9229 10338 145 52362
81 9372 11776 7 2487
82 9400 15118 24 47556
83 9482 20254 57 306083
84 9517 12928 16 64782
85 9547 12740 6 15643
86 10055 11459 27 15560
87 10114 12672 87 140274
88 10122 13422 98 101423
89 10179 21114 4 18460
90 10270 11999 64 100264
91 10744 25627 58 345963
92 10759 11192 115 17838
93 10941 15465 21 24527
94 11017 15764 12 6813
95 11259 15511 55 92328
96 11490 14564 29 29713
97 11545 15808 106 83450
98 11653 20744 29 138381
99 11688 12552 33 20108
100 11732 30146 9 18376
101 11774 14880 34 39027
102 11792 18859 31 139151
103 11798 24570 114 304669
104 11816 28550 86 1226097
105 11850 15052 96 67727
106 11909 31496 37 217733
107 11953 14521 15 20761
108 12086 24082 109 412379
109 12176 15330 84 97149
110 12281 18404 26 106978
111 12433 18016 47 65128
112 12723 17718 6 5450
113 12813 14230 82 89903
114 12818 21962 94 538464
115 12857 36256 36 225580
116 12877 13748 104 28180
117 13119 19371 8 16479
118 13165 31789 16 64024
119 13280 25411 41 194285
120 13298 15025 108 174153
121 13335 15296 94 140912
122 13390 13665 6 1252
123 13427 17250 41 47606
124 13478 16590 54 61488
125 13592 25558 57 192393
126 13630 16335 93 211202
127 13704 19454 6 9923
128 13917 17000 96 121897
129 14268 14874 45 15216
130 14291 15053 101 126287
131 14292 15802 59 16450
132 14307 18405 26 63318
133 14356 16312 94 84757
134 14487 18959 131 97174
135 14780 19470 6 10812
136 14839 22545 36 76415
137 14867 15846 6 2818
138 14920 24251 132 225972
139 15014 18812 50 115867
140 15056 16399 9 4162
141 15246 16521 26 10142
142 15689 17682 32 23596
143 15826 17345 71 52658
144 15918 27719 109 155726
145 15958 16836 143 71399
146 15962 17110 12 5894
147 15989 39502 66 233539
148 16419 18913 99 150100
149 16474 18276 5 4544
150 16581 19167 145 232322
151 16636 18853 75 51017
152 16637 21740 40 139038
153 16705 31585 18 108040
154 16765 20152 17 44255
155 16792 32722 5 34669
156 16797 17685 10 17006
157 16923 18349 56 27426
158 16968 17101 88 8170
159 17029 24774 68 311871
160 17070 17858 46 19200
161 17118 23077 121 728024
162 17155 18127 67 53389
163 17346 31160 44 353194
164 17392 17618 105 26784
165 17428 41272 10 40647
166 17429 19141 69 36781
167 17530 21084 50 80675
168 17558 19534 107 58262
169 17802 23032 7 17144
170 17837 20908 7 10398
171 17964 18380 9 2831
172 18111 25204 61 99621
173 18152 19639 102 83292
174 18161 22184 101 133046
175 18217 23650 30 81167
176 18475 20006 75 119702
177 18688 25148 39 123232
178 18719 19735 48 29627
179 18961 21261 113 77911
180 18990 25301 110 382801
181 19002 19952 124 41750
182 19005 20278 16 10805
183 19010 26661 136 188909
184 19091 40789 58 935728
185 19173 21880 61 40368
186 19239 19353 133 6180
187 19286 22779 18 35859
188 19299 22290 20 17698
189 19368 40912 79 476274
190 19447 31233 91 232146
191 19469 22163 13 10099
192 19711 19963 11 1425
193 19742 27102 64 159378
194 19763 25823 38 27444
195 19908 28858 72 286943
196 20334 32476 23 51267
197 20376 28345 7 11359
198 20475 21929 79 100896
199 20551 32053 23 155303
200 20582 31003 47 313678
201 20595 21833 22 27627
202 20678 35505 119 2588496
203 20748 26915 11 81579
204 20770 23475 73 245752
205 20893 23892 51 64228
206 20973 32765 67 234858
207 20979 24684 7 20966
208 21043 22322 99 103048
209 21296 21325 133 4886
210 21343 22382 22 13906
211 21451 24333 52 30427
212 21526 27516 57 145532
213 21631 27451 111 208346
214 21806 24819 10 16598
215 21882 29745 5 8781
216 21963 22572 133 31601
217 22237 34344 14 116645
218 22247 28836 118 406642
219 22383 31071 38 96070
220 22424 24143 47 44651
221 22593 24232 97 37340
222 22714 24603 111 85304
223 22717 30047 105 411436
224 22784 28332 64 197722
225 22791 30745 40 48155
226 22804 27437 26 14380
227 22828 30912 21 100938
228 22952 25031 42 32292
229 23158 30535 35 475726
230 23224 27177 9 12817
231 23258 25775 18 28212
232 23263 32573 149 673059
233 23361 36629 148 501465
234 23667 29412 89 421611
235 23706 40441 85 563569
236 23893 24524 36 9274
237 23915 27622 35 94533
238 23994 55323 92 1658410
239 24062 45334 56 322572
240 24172 41729 88 757680
241 24176 36961 56 282132
242 24255 33119 141 932834
243 24277 30220 76 89321
244 24681 40790 139 348561
245 24716 30152 149 781706
246 24745 29215 29 68584
247 24861 26126 104 39591
248 24871 28270 17 30017
249 24920 29823 52 292371
250 25373 29116 7 5327
251 25537 28133 81 46599
252 25545 27011 79 53690
253 25598 26793 49 37942
254 25682 26886 103 55650
255 25734 25804 66 1453
256 25842 33431 21 39363
257 25897 26806 17 13564
258 25993 27894 15 8349
259 26088 27058 7 10900
260 26094 27319 81 22373
261 26143 28083 141 86958
262 26180 28838 19 22512
263 26243 31257 94 156163
264 26335 27014 142 42244
265 26387 27147 26 11182
266 26642 32046 61 129983
267 26646 31978 135 170002
268 26671 33462 90 540406
269 26721 34035 62 306748
270 26837 28422 72 134813
271 26848 28605 62 32618
272 27008 36318 54 794354
273 27125 39211 11 30405
274 27140 28124 56 43723
275 27149 38676 101 588627
276 27164 27238 38 3687
277 27206 32844 144 381484
278 27510 37488 91 343651
279 27543 36582 130 596711
280 27547 28078 39 27048
281 27595 32231 80 129338
282 27617 31356 5 6071
283 27620 34029 131 269535
284 27647 27799 23 4505
285 27897 29952 58 34305
286 28052 30727 9 4047
287 28108 47881 67 157141
288 28233 34764 31 98350
289 28271 43882 51 198786
290 28314 38089 14 89589
291 28356 36213 102 242684
292 28593 28773 102 21629
293 28600 32732 5 12274
294 28716 30232 79 57243
295 28744 36674 110 448100
296 28755 30748 18 14500
297 28842 35183 123 162041
298 28863 39892 112 330302
299 28893 35339 31 85776
300 29034 30832 67 65323
301 29319 39740 107 397812
302 29320 31599 32 22231
303 29399 36566 12 39550
304 29568 31925 75 38128
305 29724 30493 123 36146
306 29739 29797 123 9261
307 29747 30485 44 28425
308 29786 33830 143 85831
309 29796 34211 25 27117
310 29831 37709 135 254043
311 29850 47412 131 805896
312 29873 35442 41 280120
313 29874 39751 26 64628
314 29878 33955 67 102258
315 29974 35678 50 100877
316 30013 31056 33 36233
317 30196 31781 33 28038
318 30205 33070 14 29446
319 30296 36638 95 222010
320 30298 31833 51 56298
321 30348 32422 95 125433
322 30388 32997 10 8259
323 30426 30968 28 4808
324 30436 30525 43 4746
325 30586 44419 48 157479
326 30679 32839 62 84440
327 30700 36470 52 239709
328 30865 32642 5 4110
329 30948 42333 63 385675
330 31064 35418 11 13151
331 31163 32536 128 57387
332 31177 34073 142 225806
333 31540 31661 40 2253
334 31772 39444 61 165569
335 31860 45448 58 251305
336 31928 33346 9 11818
337 31947 37446 7 19807
338 31969 37784 17 47773
339 32048 36010 92 115045
340 32098 33388 140 39171
341 32193 41190 41 324247
342 32206 38312 81 203864
343 32232 48110 12 193888
344 32385 48103 15 160967
345 32459 58794 51 678131
346 32471 33684 32 22075
347 32595 38176 123 193996
348 32646 36301 40 39866
349 32723 59954 17 190652
350 32845 39330 29 66473
351 32856 44259 8 50894
352 32858 34607 57 36472
353 32952 34373 19 13416
354 33005 37186 126 387990
355 33215 33262 42 1137
356 33402 40212 65 119620
357 33513 42445 15 137612
358 33723 37177 148 140393
359 33939 34624 30 6912
360 33991 40726 103 358315
361 34041 35643 87 84690
362 34194 51598 5 23564
363 34298 35203 62 56329
364 34329 43426 115 399822
365 34450 38147 34 46375
366 34644 38205 104 227822
367 34736 39745 22 96591
368 34800 54874 11 70020
369 34834 43523 14 31484
370 35044 39757 9 21893
371 35142 41784 109 239813
372 35216 37761 6 5001
373 35269 35629 11 1610
374 35311 37712 102 110098
375 35513 36341 62 11910
376 35538 47245 18 55715
377 35599 44046 43 77841
378 35621 48613 7 30252
379 35687 39824 94 95696
380 35694 38554 71 72128
381 35820 37149 45 29438
382 36054 37119 25 22207
383 36102 58756 64 394550
384 36602 39273 16 39671
385 36644 39404 89 130851
386 36676 37451 40 21523
387 36721 36897 126 10703
388 36798 57736 50 340293
389 36817 37394 109 40845
390 36827 37133 121 16882
391 36833 50286 112 696243
392 36887 42066 68 112648
393 36957 41708 70 154295
394 37064 43748 148 768595
395 37128 40565 8 12753
396 37132 42700 48 63613
397 37185 38035 100 67788
398 37274 41069 75 216795
399 37340 39780 17 63184
400 37345 39475 7 5376
401 37593 41026 79 205398
402 37683 37893 84 6627
403 37700 38543 120 108528
404 37841 39249 70 129434
405 38165 41452 15 16813
406 38196 54694 23 70277
407 38315 45403 15 30073
408 38452 44336 17 62814
409 38609 40526 26 35738
410 39144 39829 39 12528
411 39302 39691 63 74157
412 39351 39363 88 657
413 39374 40575 4 500
414 39421 58678 97 837539
415 39490 44045 102 114017
416 39519 45755 8 45731
417 39606 49146 144 249970
418 39643 47749 95 210062
419 39693 39814 62 3477
420 39733 41466 22 58699
421 39782 47466 18 66008
422 39815 42960 91 153903
423 40155 45721 73 424447
424 40231 48081 35 181359
425 40302 40830 88 15237
426 40389 48234 25 50355
427 40398 50297 30 132880
428 40436 43816 78 235784
429 40466 40664 102 15986
430 40521 48422 32 73308
431 40629 50446 99 336593
432 40906 46535 30 213806
433 41110 41406 5 1038
434 41124 54140 60 456502
435 41184 41448 93 9288
436 41214 46266 79 204852
437 41239 41829 80 17487
438 41418 45312 142 317646
439 41537 53865 4 12720
440 41572 61961 80 594625
441 41581 46180 21 38594
442 41632 47404 15 25554
443 41699 41739 32 1253
444 41727 44093 12 6543
445 41817 42920 51 21709
446 41910 52055 11 62139
447 42173 51070 70 336006
448 42187 50222 41 113939
449 42264 42299 63 776
450 42381 44320 136 230412
451 42489 54490 86 897879
452 42587 42736 63 2496
453 42660 57038 115 474209
454 42761 54116 33 156772
455 42881 45341 73 72653
456 43044 43161 21 1612
457 43229 49896 30 167450
458 43723 63938 133 1370825
459 43800 48642 31 220343
460 43839 48769 5 18743
461 43885 66158 50 410208
462 44078 44973 6 3913
463 44111 45478 136 179670
464 44174 48392 24 21329
465 44203 51368 12 48286
466 44269 45258 16 9157
467 44453 45985 85 72980
468 44488 46579 71 71043
469 44505 48751 108 381357
470 44525 48695 133 225611
471 44577 57392 94 220857
472 44690 47153 5 5719
473 44751 46313 126 47213
474 44762 48003 107 167640
475 44864 47722 37 71539
476 44872 51728 97 291360
477 44981 59402 46 472532
478 45097 51580 19 90799
479 45222 45520 8 1216
480 45479 55823 6 51388
481 45563 46542 15 8849
482 45675 48799 16 25557
483 46122 46271 111 8669
484 46308 49673 104 123549
485 46455 50725 70 169122
486 46545 60736 66 758301
487 46711 49450 142 147505
488 46722 56177 33 109647
489 46772 56828 106 383654
490 47026 54177 8 42336
491 47107 47662 138 24239
492 47235 54213 10 29573
493 47453 78362 5 43157
494 47551 57799 32 99267
495 47577 53334 9 32324
496 47765 48726 20 6114
497 47844 49052 47 24944
498 48018 55740 107 257935
499 48089 55774 72 273364
500 48175 48765 70 25023
501 48190 54159 5 12544
502 48210 53277 42 116705
503 48277 51115 103 133136
504 48319 49285 68 42155
505 48333 49690 50 19549
506 48353 59689 25 143112
507 48366 50779 121 185140
508 48411 59426 98 485101
509 48630 50496 25 23369
510 48701 49695 138 38314
511 48842 53103 91 530023
512 48863 48934 64 2232
513 48865 49641 21 34293
514 48870 50170 5 3251
515 48926 50058 53 25420
516 49155 49850 25 19503
517 49237 49524 54 8600
518 49272 56169 8 24358
519 49491 55461 63 329011
520 49577 66342 26 113176
521 49621 52072 12 24508
522 49665 50518 135 131352
523 49884 56128 57 273170
524 49911 52907 70 122247
525 49918 54628 7 5075
526 49993 52286 134 158906
527 50004 50755 112 25423
528 50047 61347 17 87376
529 50280 50637 117 36930
530 50450 50690 11 1817
531 50463 53855 129 304344
532 50542 53088 82 89307
533 50568 55365 18 46193
534 50681 59485 61 488366
535 50731 53955 12 6637
536 50741 63370 10 36340
537 50774 58181 21 45022
538 50835 50994 109 9371
539 50861 59025 47 73823
540 50895 51569 31 16856
541 50930 52347 103 354315
542 50938 61706 126 399757
543 50970 53922 93 239793
544 50980 52783 6 5927
545 51062 60301 5 21827
546 51095 53568 124 999374
547 51126 73427 22 305978
548 51182 64527 4 14186
549 51193 57092 17 76058
550 51221 51672 19 5681
551 51306 53359 23 20121
552 51501 57986 60 305907
553 51652 54402 46 41694
554 51658 59396 143 333701
555 51726 60198 43 209473
556 51735 54203 43 37628
557 51815 55356 18 20218
558 51963 57557 5 31476
559 52130 59388 103 189323
560 52181 57658 126 81512
561 52217 54630 21 23783
562 52366 52535 82 9048
563 52427 56075 50 47429
564 52458 61952 66 449210
565 52465 52497 146 17478
566 52736 58023 97 424618
567 52753 52990 58 21975
568 52825 64100 135 552464
569 52992 53876 7 1208
570 53007 58960 65 216862
571 53059 56127 146 116897
572 53205 53564 14 1314
573 53234 55399 21 17905
574 53393 55003 74 16623
575 53430 59269 52 47056
576 53637 63120 7 45044
577 53639 56064 39 63910
578 53666 58540 124 362267
579 53777 53874 5 84
580 53785 70148 15 124034
581 53859 58731 52 195480
582 53862 60394 99 366600
583 54022 56930 104 258629
584 54106 55313 146 28839
585 54124 54718 4 1947
586 54155 56918 150 200039
587 54257 59580 144 240607
588 54265 60814 93 150398
589 54284 56469 12 17721
590 54495 56001 67 43743
591 54528 54822 11 1199
592 54534 56405 67 78303
593 54955 62015 5 10936
594 54978 55250 12 3295
595 55151 61711 6 14110
596 55369 58906 11 12901
597 55507 55932 129 53486
598 55520 60153 75 180503
599 55532 61373 62 124680
600 55702 59357 22 18099
601 55885 76467 144 1763447
602 55957 57127 124 87449
603 55974 57568 82 35397
604 56051 58972 26 24048
605 56155 62991 65 228827
606 56315 83677 49 524535
607 56429 72388 74 682410
608 56646 64137 5 41052
609 56770 60997 115 431724
610 56804 60428 21 72098
611 56925 59073 22 19185
612 57023 61145 27 46505
613 57045 57456 59 10080
614 57052 62445 18 25027
615 57141 64359 122 360914
616 57262 58392 34 19349
617 57355 70019 46 143800
618 57394 73253 39 87272
619 57534 58212 102 60144
620 57648 63898 101 173169
621 57990 59151 88 32725
622 58147 67159 47 301145
623 58443 62108 24 37837
624 58463 66061 11 15203
625 58479 67710 14 65391
626 58639 60918 109 190385
627 58973 60200 46 24123
628 58996 67736 5 31497
629 59145 69374 144 455004
630 59196 62405 5 8735
631 59458 75694 20 124688
632 59517 59721 24 2819
633 59520 62699 71 85964
634 59591 65236 9 28701
635 59773 68831 15 86597
636 60021 64842 53 77336
637 60184 68929 9 19279
638 60256 75667 141 1757865
639 60305 70554 73 373946
640 60308 64732 28 57380
641 60388 70564 14 29234
642 60406 80257 43 164595
643 60776 67498 144 280050
644 60827 62047 6 5610
645 60890 65104 117 147942
646 60894 62384 26 14895
647 60924 62260 9 3428
648 61100 63991 17 7612
649 61328 65509 69 91656
650 61465 69777 62 106637
651 61567 71434 55 101431
652 61590 66318 72 48777
653 61770 65942 50 243897
654 61793 70175 25 105598
655 61983 64917 20 24023
656 62208 66195 7 28294
657 62266 64986 5 4366
658 62284 63452 101 68589
659 62313 77482 66 1479549
660 62377 68155 69 509330
661 62439 67377 36 79698
662 62544 65679 42 68386
663 62715 67037 32 39110
664 62791 67190 77 195154
665 62846 84496 50 267655
666 62940 65504 56 43047
667 63020 70693 68 287235
668 63384 68042 27 47856
669 63457 76470 63 284136
670 63469 67476 144 113818
671 63716 67401 14 19282
672 63730 65139 97 41806
673 63770 64608 12 15534
674 63866 72976 138 203463
675 63874 67193 40 70465
676 63906 64597 114 51492
677 64011 75235 138 728183
678 64065 65378 6 3682
679 64159 64239 142 7531
680 64187 68372 148 126691
681 64223 65573 72 106436
682 64278 67273 106 75935
683 64346 73917 81 242306
684 64434 66806 66 128340
685 64438 67180 71 75318
686 64537 70389 105 232216
687 64573 73834 25 77594
688 64676 66364 18 9416
689 64688 64781 83 1779
690 64857 74425 25 75252
691 64913 70181 107 184795
692 64956 81563 46 267439
693 65337 70682 118 693974
694 65403 67124 18 20625
695 65677 67693 110 128199
696 65691 70633 21 54370
697 65813 68682 72 163189
698 66010 74727 21 55087
699 66174 67156 16 9770
700 66176 72614 40 68853
701 66276 68702 51 61081
702 66427 75253 18 59106
703 66452 68228 9 7081
704 66477 69025 57 145197
705 66497 68844 6 6028
706 66561 66658 24 3814
707 66687 66831 16 2260
708 66697 71371 6 5164
709 66702 67928 50 20395
710 66748 67910 35 20346
711 66786 86347 41 262169
712 66882 69808 16 36229
713 66891 74765 66 184964
714 66952 67297 126 26298
715 67069 68353 26 14180
716 67153 74813 17 94636
717 67177 74416 21 32150
718 67324 69193 27 32592
719 67609 68794 95 49797
720 67633 68425 56 59994
721 67752 68306 5 1301
722 67819 73752 39 66555
723 67924 70673 50 43501
724 68068 70083 14 5943
725 68085 70995 19 22870
726 68133 68284 40 6493
727 68144 71332 5 9822
728 68219 68761 13 3246
729 68298 73354 124 324354
730 68492 72926 48 69616
731 68678 73853 42 103658
732 68729 76340 5 15687
733 68746 78755 15 113070
734 68762 74482 20 69357
735 69007 72609 14 16016
736 69397 84428 36 182400
737 69590 69796 105 14689
738 69659 69986 71 9374
739 69703 74188 65 158250
740 69839 71746 31 13625
741 69883 71061 135 214116
742 69895 71038 90 58553
743 70252 72779 12 14538
744 70366 72292 29 10122
745 70424 71650 31 7468
746 70647 73769 108 290923
747 70727 71075 54 11299
748 70778 73281 9 21929
749 70796 76295 67 331967
750 70818 86573 83 453960
751 70849 72557 22 15204
752 70857 72215 26 14847
753 70938 74052 32 156146
754 71011 77848 73 277524
755 71231 74867 142 295072
756 71270 74414 4 8407
757 71723 76725 19 31534
758 71885 73805 6 2583
759 71903 73607 144 198737
760 72026 77039 37 47499
761 72091 82647 132 878029
762 72113 73437 73 124335
763 72207 99339 55 683335
764 72225 74171 23 23183
765 72260 88467 74 911426
766 72726 79895 11 51908
767 72886 73395 108 69977
768 72893 75847 89 47551
769 72909 79036 15 73399
770 73025 73881 7 4675
771 73065 84318 41 107382
772 73106 75680 27 15262
773 73433 80516 76 104818
774 73457 74740 124 69008
775 73597 77186 60 59348
776 73723 75914 91 86313
777 73879 77112 41 74771
778 73913 93089 48 210723
779 74079 77497 127 263255
780 74574 76889 52 54563
781 74661 75648 8 5602
782 74735 75103 54 15135
783 74746 85775 99 422778
784 74863 78334 48 102187
785 75063 95228 24 298308
786 75126 84556 27 200890
787 75198 80111 23 59335
788 75291 80391 141 523746
789 75629 84244 92 563674
790 75682 76988 84 104191
791 75879 76032 7 760
792 75913 77616 44 19408
793 75933 87141 142 501295
794 75939 79778 5 20811
795 75978 80646 17 51636
796 76164 79730 149 211800
797 76203 80261 122 165836
798 76394 80583 26 11377
799 76413 81394 26 82047
800 76881 82247 55 48124
801 77046 79306 137 166362
802 77048 78022 28 6410
803 77049 79749 38 31401
804 77110 79380 145 143938
805 77147 79595 33 95856
806 77272 87728 12 37759
807 77275 86800 145 426697
808 77401 84287 6 27181
809 77448 86190 145 167971
810 77452 80376 43 90312
811 77462 80247 46 96785
812 77473 82916 9 25848
813 77622 79526 18 6667
814 77801 88445 37 665407
815 77983 79354 9 3021
816 77984 82401 31 66421
817 78026 84305 88 635197
818 78029 79341 28 9554
819 78071 83770 56 79219
820 78093 79089 82 27836
821 78217 80419 5 10628
822 78225 82992 28 31760
823 78408 80005 92 121100
824 78417 83312 75 159520
825 78431 78945 64 20636
826 78612 79948 39 18413
827 78654 79221 28 13136
828 78750 85345 117 526312
829 78834 84379 21 52477
830 78925 88975 104 932888
831 79020 83179 36 50393
832 79220 79625 20 9314
833 79255 87104 11 63071
834 79333 82044 132 114642
835 79346 79488 43 3401
836 79361 85833 110 294187
837 79435 90122 55 203933
838 79463 81133 6 3808
839 79555 85126 119 199252
840 79718 79898 93 13849
841 79794 83860 24 37135
842 79916 81240 48 35471
843 79934 80578 146 14621
844 79990 80752 62 16298
845 80022 88098 24 29114
846 80048 86058 74 140878
847 80058 83521 63 66861
848 80080 88147 74 137389
849 80116 82114 62 104200
850 80130 80213 16 1111
851 80325 80813 12 2570
852 80433 82120 132 156313
853 80456 81915 99 90747
854 80598 83205 25 11980
855 80908 81340 26 6796
856 81007 88135 34 182552
857 81016 96450 54 152598
858 81050 85835 59 158017
859 81117 83769 15 24541
860 81179 82757 72 161154
861 81185 96953 117 516929
862 81313 89223 15 126803
863 81460 83536 5 2463
864 81493 90303 34 48454
865 81507 89799 6 27750
866 81524 82842 45 53948
867 81679 98024 9 103049
868 81728 91703 12 136924
869 81805 84440 33 29591
870 81888 82107 4 948
871 82196 83684 48 26346
872 82258 87497 11 11873
873 82381 94000 5 10043
874 82595 83924 55 27498
875 82625 90798 87 446926
876 82872 89080 27 151946
877 83145 90659 139 472600
878 83319 93700 12 55293
879 83398 88039 19 17806
880 83550 86275 8 8801
881 83643 86343 11 2704
882 83644 84446 147 61909
883 83863 86254 92 141561
884 83894 90549 56 20914
885 84346 85235 71 39569
886 84503 95858 112 328916
887 84557 90907 108 336687
888 84611 96821 107 248666
889 84755 85965 5 1014
890 84836 86094 111 47220
891 84882 86096 6 6534
892 84887 88566 24 43443
893 84977 89840 121 238205
894 85183 96423 149 851284
895 85204 95347 102 332418
896 85209 86032 87 161930
897 85248 89825 7 11741
898 85412 91223 9 13351
899 85550 87876 5 2537
900 85567 91365 116 532168
901 85887 93224 35 58197
902 85961 89392 6 6740
903 86115 88594 31 33831
904 86269 91914 79 158603
905 86297 91851 21 45802
906 86585 90224 55 103826
907 86748 89604 31 23333
908 86815 90145 116 88739
909 86906 88983 24 14838
910 87092 91037 98 73470
911 87301 87995 92 31649
912 87316 88659 49 45636
913 87356 99259 36 99777
914 87376 91578 104 165130
915 87511 89373 28 18447
916 87519 89905 7 18359
917 87867 87911 36 1274
918 88058 89752 37 25157
919 88102 90959 54 73421
920 88132 93613 26 36699
921 88428 90434 20 12333
922 88581 94553 31 66740
923 88640 88791 148 8781
924 88653 91945 110 95628
925 88953 89304 51 13039
926 88965 93369 6 20561
927 88997 89603 4 2589
928 89064 90014 146 73151
929 89075 94526 75 177438
930 89092 89163 56 2466
931 89180 89624 63 12725
932 89240 90790 76 46959
933 89325 92534 125 152802
934 90021 97087 5 15267
935 90050 92072 6 6479
936 90087 92007 119 154450
937 90092 90598 53 23504
938 90231 94119 10 21399
939 90272 91769 47 40163
940 90322 92822 97 72727
941 90349 93208 14 46174
942 90511 90686 18 1113
943 90529 92117 67 72875
944 90678 91820 32 9328
945 90716 95070 17 106964
946 90922 97543 11 15170
947 91071 94655 51 124725
948 91085 97308 90 518119
949 91187 93162 18 28897
950 91305 95413 138 152058
951 91385 92543 96 49837
952 91476 91572 67 2865
953 91480 91981 129 26799
954 91489 99785 124 358695
955 91653 97820 89 109993
956 91694 93058 94 104475
957 91743 94181 15 11955
958 92111 92906 86 30393
959 92242 93516 8 5663
960 92247 94982 32 26652
961 92457 98643 59 148217
962 92511 93714 29 28562
963 92565 97913 135 210975
964 92737 98199 113 155032
965 92747 94908 134 170754
966 92970 93581 74 26072
967 93006 96090 5 11175
968 93010 95685 22 34547
969 93094 95966 14 19889
970 93100 94341 74 159328
971 93116 99509 88 451978
972 93456 99388 73 525138
973 93659 97697 33 54879
974 93720 94111 57 12931
975 93752 95367 36 15540
976 94041 94092 7 197
977 94073 96387 38 65080
978 94423 95109 138 56838
979 94497 94863 109 49511
980 94846 95888 53 25411
981 95149 96603 63 30868
982 95166 97261 14 55555
983 95196 95287 72 5159
984 95223 97811 15 23029
985 95388 99760 35 82402
986 95542 96883 133 147026
987 95631 96943 97 68521
988 96095 96638 37 17069
989 96128 96969 16 4038
990 96216 98314 8 7260
991 96463 97781 9 9610
992 96973 97743 74 29681
993 97332 97594 139 30442
994 97359 98348 31 89361
995 97502 98296 116 66069
996 97580 97598 115 2530
997 97644 98278 49 14218
998 98078 98430 80 4523
999 98345 99618 145 138294
