50 1000 0.053
..##..#.##.###########............................
..#.######..#######.###...........................
.#########.###############........................
..##############.######...........................
...#########....#######...........................
.##.#####........######...........................
.##########........####...........................
...######...........#.............................
.#.#######........................................
.###....#.........................................
.###..............................................
.###..............................................
..................................................
..................................................
..................................................
..........................................##......
........................................###.......
......................................#####.......
................................##...#########....
................................#..##########.....
...............................#####.####.#.#.....
..............................############..#.....
..............................###########.#..##...
...............................#############.###..
...............................##.#.###########...
..............................#.##############....
..............................####.###..#######...
..............................################..##
.............................###################.#
................................##################
..............................#################.##
................................#######.##########
......................###........####..#.#########
....................#.###..#.....#####.###########
..................###.#######......###....########
.................###.########.......#....####.####
.................#####.#####......###....###.####.
.................############............########.
..................############............#..###..
.................##########...............#....#..
...............#.############..................#..
...............#.###########...................#..
..............####.#########......................
...............#####..##.#........................
................###..###..........................
.................#...#............................
..................................................
..................................................
..................................................
..................................................
0 38 763 46 28294
1 74 612 134 62484
2 327 1570 7 6949
3 350 601 22 666
4 420 3581 85 253820
5 611 3863 66 57675
6 692 1390 97 56411
7 792 11994 94 271115
8 825 3980 21 34116
9 856 4929 34 21120
10 888 3311 8 14499
11 1100 4697 136 129124
12 1115 1920 67 145543
13 1175 2871 83 119050
14 1383 4037 136 237623
15 1511 8395 23 55691
16 1526 7359 15 24291
17 1785 8506 123 273375
18 1805 4894 93 166709
19 1984 11000 110 193195
20 2041 3811 39 24270
21 2150 4961 7 8736
22 2198 15829 16 186515
23 2368 4592 72 65256
24 2490 4427 126 77017
25 2510 8988 75 94270
26 2568 4494 90 87965
27 2862 5805 68 94918
28 2901 10873 26 326392
29 3029 9647 18 102967
30 3034 6472 123 242918
31 3138 4874 102 49280
32 3262 5158 7 10526
33 3283 12677 76 97526
34 3291 11381 60 289261
35 3355 10431 19 62916
36 3362 4754 16 7607
37 3367 9546 45 91147
38 3380 9897 6 14546
39 3396 4226 22 9344
40 3461 7411 63 92865
41 3498 3783 83 11609
42 3519 10494 50 226415
43 3577 4970 22 52735
44 3754 3957 35 2743
45 3831 6158 38 57972
46 3845 4818 32 6379
47 4040 6452 101 58447
48 4043 8037 74 140721
49 4143 5037 118 49661
50 4163 7594 49 67420
51 4203 8995 45 83289
52 4207 5942 10 3935
53 4228 15666 10 36510
54 4244 11180 80 147263
55 4254 6519 75 55119
56 4460 7051 17 17680
57 4498 18272 40 171442
58 4517 5591 129 140495
59 4690 5557 50 87323
60 4837 5054 16 4688
61 4895 19257 13 103392
62 4967 10779 118 498961
63 5211 10331 4 6033
64 5310 5633 26 3675
65 5348 8307 36 52991
66 5366 9162 26 129382
67 5385 5900 34 7498
68 5391 12108 101 140706
69 5652 9606 13 34995
70 5666 13353 38 125311
71 5686 9278 21 28312
72 5867 9526 107 209392
73 5956 7087 30 20619
74 6022 6157 11 829
75 6098 7588 60 37852
76 6139 6499 144 27219
77 6263 18576 115 443229
78 6283 8175 57 40733
79 6395 6622 145 22980
80 6744 9938 91 328674
81 6966 11580 46 43688
82 7023 8439 137 56603
83 7074 13189 25 138243
84 7157 7682 32 9929
85 7222 7394 5 273
86 7243 12619 80 119673
87 7422 11690 52 89834
88 7556 13411 19 16893
89 7563 8572 82 54273
90 7648 14230 24 43080
91 7842 9094 10 4544
92 8147 12101 42 93899
93 8196 9038 68 32748
94 8253 12261 11 17128
95 8282 10636 107 36766
96 8551 9498 4 3064
97 8592 12216 102 259770
98 8593 8610 46 873
99 8629 12218 81 160352
100 8749 12224 99 137491
101 8795 11592 62 68044
102 8975 14255 85 293666
103 9013 10831 63 28987
104 9408 15755 110 132184
105 9642 18225 136 168694
106 9749 13001 34 49409
107 9904 17982 77 276459
108 9977 14769 24 20139
109 10117 11216 141 100761
110 10147 15773 43 56405
111 10224 17695 5 11701
112 10298 12651 72 79592
113 10650 11530 11 7086
114 10653 13215 53 30161
115 10885 12581 74 91520
116 10887 11870 78 22717
117 10978 13946 15 13956
118 11087 11319 41 5417
119 11296 13397 52 39071
120 11502 14919 43 107639
121 11569 12727 7 2123
122 11578 14742 59 192633
123 11764 11852 78 1467
124 11843 11957 38 2541
125 11861 16177 36 69400
126 11908 25389 27 92900
127 11996 18231 120 189712
128 12086 14110 27 43044
129 12342 14087 17 19484
130 12360 14006 100 45464
131 12398 12710 88 10594
132 12779 14050 79 28856
133 13095 14137 38 21440
134 13116 15566 12 28912
135 13188 13590 32 3216
136 13296 14646 134 54562
137 13303 13578 78 13138
138 13499 15789 12 7472
139 13577 37686 22 239928
140 13594 15133 100 87703
141 13619 13907 9 526
142 13739 15693 22 11029
143 13841 14556 39 17854
144 13870 15650 16 15879
145 13903 18202 34 73526
146 13940 15145 18 7888
147 13953 18986 78 147425
148 13994 15036 37 31692
149 14117 16804 53 73657
150 14318 16863 105 328221
151 14626 14984 30 12387
152 14670 21012 59 299698
153 14720 21287 43 136716
154 14974 18252 92 101537
155 14979 15648 11 8999
156 15096 15940 140 99115
157 15159 15977 73 33344
158 15176 22105 78 376499
159 15391 21205 59 170454
160 15792 20414 21 84961
161 15901 18064 39 35414
162 15960 19233 35 66547
163 15968 25265 127 1856444
164 16121 18343 75 98424
165 16368 19769 30 158637
166 16415 17673 92 73696
167 16439 25740 24 47580
168 16568 17283 51 13370
169 16669 17846 10 6143
170 16676 22601 65 77752
171 16997 17123 68 4569
172 17146 25071 55 337451
173 17157 24109 137 419787
174 17361 20853 22 68209
175 17383 19160 27 35959
176 17716 17781 15 637
177 17876 19680 74 30658
178 17905 19092 14 8530
179 17928 21029 116 169793
180 18001 21131 94 168306
181 18112 22947 97 326756
182 18121 20905 138 210849
183 18338 18755 146 62971
184 18356 19899 84 323886
185 18500 20832 76 78941
186 18547 26386 26 133831
187 18584 30141 46 142841
188 18632 19753 74 43123
189 18704 18890 69 3716
190 18812 20404 134 89244
191 19109 20632 134 122634
192 19230 25910 128 348497
193 19232 20153 95 37217
194 19282 19602 17 1267
195 19307 22188 44 109132
196 19374 22334 19 15510
197 19693 26811 149 746932
198 19831 21687 23 25645
199 19842 20222 44 20873
200 19952 20069 17 1935
201 20097 22801 79 77405
202 20266 22218 149 122371
203 20301 23066 105 66539
204 20513 21350 29 15093
205 20639 26796 60 94396
206 20707 28277 66 260397
207 20766 26399 139 187633
208 20773 23239 102 95674
209 20805 23385 12 15644
210 20948 21439 98 6938
211 21077 21305 10 3432
212 21144 22358 13 7464
213 21250 24514 25 49798
214 21522 28723 5 10688
215 21641 26170 73 92224
216 21674 22341 126 59844
217 21675 22299 64 17206
218 21699 23888 11 17957
219 21758 36142 77 259654
220 21962 23806 103 61884
221 22066 22794 22 7881
222 22088 24091 93 81560
223 22268 31128 123 406300
224 22465 26849 42 39451
225 22622 23873 135 56683
226 22638 27408 37 104807
227 22640 23298 95 27172
228 22788 24644 127 167113
229 22879 26061 30 79402
230 23043 26647 24 33137
231 23084 29811 86 124311
232 23142 24577 43 27442
233 23195 30616 12 82992
234 23313 24766 77 100355
235 23520 28931 134 213615
236 23564 24649 43 25347
237 23929 45516 81 357910
238 23976 27045 117 193677
239 24021 27988 8 5437
240 24025 45363 26 179298
241 24147 24549 24 6025
242 24329 25205 138 49945
243 24368 26956 80 88455
244 24459 31734 106 246608
245 24490 27465 8 15463
246 24574 30131 45 57452
247 24668 26249 56 35376
248 24715 25622 26 14409
249 24811 31941 15 56270
250 24870 25505 64 25941
251 25094 27131 141 145001
252 25167 25346 135 16755
253 25258 25932 60 30436
254 25503 25845 18 4717
255 25559 33023 60 255687
256 25570 29569 115 114705
257 25863 30426 54 157951
258 26008 34704 5 13308
259 26125 27243 22 8513
260 26396 26512 134 11931
261 26456 29592 11 36684
262 26516 27706 24 20915
263 26568 27473 65 21961
264 26888 27815 45 16498
265 26969 27397 6 2062
266 27004 32787 124 305797
267 27193 27251 28 355
268 27254 28105 39 44041
269 27291 27755 101 18414
270 27298 28330 8 2843
271 27384 29252 143 96401
272 27533 28945 109 79123
273 27559 31790 36 56644
274 27583 28629 17 18746
275 27628 47697 147 2162360
276 27736 30683 22 47665
277 27800 49305 21 124201
278 27843 28231 55 8648
279 27865 28491 40 10097
280 27889 35421 127 229693
281 27916 37086 5 10901
282 28011 33949 21 47511
283 28071 28722 75 20446
284 28220 28859 98 13660
285 28314 29808 42 18459
286 28361 58458 77 423832
287 28409 33729 35 89490
288 28488 34793 134 379971
289 28549 34766 17 29679
290 28563 28860 37 23138
291 28675 28878 25 934
292 28856 39641 31 63653
293 29070 31244 62 25561
294 29250 38125 8 29623
295 29424 36526 34 85259
296 29510 30518 8 3906
297 29806 32799 15 24670
298 30033 30633 77 12942
299 30046 40117 101 160184
300 30098 33232 4 7964
301 30192 32261 15 6677
302 30230 48787 147 2331750
303 30231 46179 150 973055
304 30250 31087 4 3004
305 30554 31380 103 34905
306 30631 31220 66 42447
307 30653 32536 29 17490
308 30891 31372 39 8283
309 30921 31942 11 6028
310 31016 31881 137 88880
311 31018 31772 14 4206
312 31127 31528 112 17826
313 31452 34195 110 99432
314 31548 45496 149 451758
315 31861 38525 76 178723
316 31878 34875 9 13522
317 32023 35508 106 94611
318 32050 39803 13 69093
319 32097 41616 54 135313
320 32467 37267 15 72263
321 32515 37434 24 67164
322 32528 32966 59 12101
323 32532 46489 101 452966
324 32537 34496 126 87332
325 32575 35183 6 2730
326 32687 33534 17 6728
327 32758 39653 5 25573
328 32813 34398 103 163316
329 32940 40474 70 334264
330 33078 35926 29 44542
331 33225 33607 105 14991
332 33234 43906 134 422908
333 33253 34413 6 3080
334 33407 41604 66 141804
335 33516 35419 58 46527
336 33548 39302 86 266235
337 33560 50056 80 168527
338 33568 39611 101 153939
339 33614 34020 11 2891
340 33767 42378 118 206375
341 33800 40723 62 416280
342 33868 40060 27 76819
343 34039 35583 54 19993
344 34052 41160 65 433794
345 34073 35704 91 43911
346 34415 35220 124 112253
347 34474 40739 110 517990
348 35018 44231 5 10095
349 35143 44784 63 289520
350 35347 38602 6 8241
351 35404 39311 6 5295
352 35432 35572 31 1478
353 35476 41490 110 187898
354 35530 37490 7 3906
355 35538 36984 38 10679
356 35641 35953 43 7541
357 35768 37966 21 13626
358 35815 36243 63 8580
359 35857 36916 108 56128
360 35903 41039 51 124846
361 36102 41246 95 157038
362 36111 39841 62 41769
363 36200 37276 67 29484
364 36353 38624 51 41880
365 36422 37463 12 9128
366 36851 41223 57 126342
367 36921 38069 121 56756
368 37286 38115 32 34054
369 37332 41748 128 340359
370 37485 43527 8 6048
371 37489 41020 60 104588
372 37507 39331 111 146632
373 37522 40013 5 2635
374 37583 39508 79 86987
375 37616 42841 48 265210
376 37632 37911 25 2094
377 37870 41595 16 21304
378 38014 38664 84 25250
379 38061 46365 13 19739
380 38195 39597 40 17244
381 38247 38716 140 41168
382 38443 38541 6 605
383 38549 38884 11 1258
384 38574 47143 40 145165
385 38727 48889 113 456728
386 38777 42262 5 4342
387 38845 41109 116 128842
388 39006 46562 38 110867
389 39059 39529 5 860
390 39093 41389 58 26134
391 39305 58515 25 171882
392 39389 48657 109 294314
393 39412 42287 34 73834
394 39437 39608 123 24862
395 39495 45295 39 39107
396 39595 40065 60 14100
397 39646 44403 131 107503
398 39918 48784 16 84525
399 40000 49902 47 76576
400 40072 40657 12 1835
401 40137 42533 127 111327
402 40180 46275 92 102910
403 40390 43809 76 56603
404 40427 44081 106 131313
405 40436 41985 139 88522
406 40438 42443 27 31269
407 40538 43502 37 23689
408 40547 46823 112 336140
409 40556 43473 13 30773
410 40726 47018 10 102390
411 40747 40982 29 986
412 40857 41753 7 2572
413 40875 44459 150 142707
414 40965 46373 49 58412
415 41011 43724 34 77586
416 41016 44929 134 322050
417 41122 42182 125 68702
418 41173 43047 11 55563
419 41218 43379 30 17977
420 41301 41882 63 19563
421 41405 43620 127 218108
422 41519 42174 120 82091
423 41545 42657 58 18421
424 41771 43375 69 70738
425 42088 44326 12 25010
426 42445 43345 23 19719
427 42470 48503 111 473598
428 42647 46675 81 304596
429 42727 42863 21 2039
430 42872 43443 62 19318
431 42995 44562 126 70298
432 43067 49420 11 21632
433 43111 43788 45 31705
434 43281 51705 12 53713
435 43291 43466 14 1072
436 43302 45234 20 6024
437 43323 51047 114 119713
438 43561 43916 28 11923
439 43582 49505 24 64619
440 43647 50155 141 386938
441 43758 46427 12 36002
442 43825 44252 66 26749
443 43860 44120 48 15239
444 44177 46644 30 56384
445 44368 53120 41 226959
446 44475 46350 51 41296
447 44703 48382 111 188114
448 44720 60957 143 1406547
449 44840 45980 62 47203
450 45059 46482 92 54289
451 45092 46423 15 16515
452 45094 49852 39 57680
453 45166 51427 73 504683
454 45300 46368 44 10208
455 45407 50020 33 21169
456 45591 45722 129 8930
457 45833 48037 142 138912
458 45958 51324 47 82303
459 46050 49295 115 179392
460 46071 47659 26 8065
461 46145 46455 62 10614
462 46169 47540 96 91875
463 46376 50434 113 212985
464 46529 47630 24 4956
465 46587 48836 112 107241
466 46592 54078 36 148415
467 46648 47723 75 27025
468 47055 49715 66 57039
469 47062 50145 67 57275
470 47154 61442 50 232197
471 47170 48586 52 28934
472 47199 57277 128 1557308
473 47429 47878 129 15118
474 47638 47929 45 9110
475 47809 48275 126 31790
476 47900 49835 36 59860
477 48055 50349 57 75600
478 48119 49020 84 33940
479 48129 48706 50 16483
480 48138 48814 4 997
481 48201 50920 101 317399
482 48217 49695 25 10817
483 48269 49725 10 3860
484 48276 57016 79 888766
485 48385 52751 113 586655
486 48449 49062 107 46256
487 48484 52409 5 4267
488 48692 57131 58 48644
489 48892 50068 130 169306
490 48928 55658 14 29867
491 48995 55827 120 250370
492 49135 52457 73 104901
493 49205 50051 48 28632
494 49234 56790 25 169320
495 49247 55189 75 196754
496 49329 50972 5 6676
497 49426 50330 133 74361
498 49489 52551 57 76583
499 49675 50318 111 64523
500 49986 50668 86 85601
501 50007 54241 90 219121
502 50031 51314 9 5781
503 50136 50589 11 707
504 50264 52362 8 5934
505 50281 58992 12 51338
506 50337 56431 93 233601
507 50397 55505 16 30891
508 50475 54851 80 237121
509 50527 53965 66 111314
510 50595 53845 66 82565
511 50796 52414 73 13122
512 50864 63086 135 400830
513 50884 53814 126 370207
514 51027 59494 8 16018
515 51045 54348 18 26491
516 51082 64258 65 273711
517 51264 54111 27 22667
518 51286 51450 99 16427
519 51373 57666 4 9334
520 51378 52210 61 29038
521 51404 54607 20 36367
522 51449 54056 74 140716
523 51760 53258 64 38456
524 51971 64493 67 297654
525 51996 52775 17 5403
526 52000 53835 83 75497
527 52067 62015 62 348634
528 52199 53482 105 42179
529 52214 53919 93 46364
530 52282 52619 23 3051
531 52300 77004 65 313817
532 52328 61117 132 529228
533 52552 64815 27 68957
534 52648 57409 4 5797
535 52746 59407 18 48425
536 52820 53538 11 7170
537 52915 54505 23 12401
538 53309 53339 6 95
539 53367 60070 148 766215
540 53813 56872 115 90419
541 53865 61094 66 148264
542 53895 56926 55 93320
543 53901 62655 73 189785
544 53908 61884 131 119363
545 54114 54211 21 1494
546 54167 67237 12 71625
547 54183 57918 56 136021
548 54281 58277 112 73789
549 54298 54848 83 18548
550 54329 57647 15 36249
551 54385 58704 73 185015
552 54528 59516 21 31982
553 54614 55809 35 14211
554 54737 62400 15 14894
555 54803 55875 10 8939
556 54813 55939 148 43433
557 54840 75478 125 1801477
558 54926 59197 65 46511
559 55011 57347 69 87137
560 55015 55580 27 10492
561 55052 55666 18 6522
562 55252 69287 64 289176
563 55663 57761 65 34824
564 55674 62859 126 352094
565 55780 60321 123 93136
566 56052 56150 114 4066
567 56075 64372 145 292306
568 56099 63937 4 10086
569 56106 60624 138 207239
570 56223 64390 11 22750
571 56265 66360 6 23516
572 56286 57420 81 40912
573 56297 65996 18 54462
574 56799 65381 13 39668
575 56824 63051 77 378803
576 56838 60072 58 69978
577 56844 59792 10 9305
578 56982 59845 127 316790
579 57020 58147 61 24052
580 57036 62414 25 35761
581 57093 57820 128 59542
582 57179 60814 23 64782
583 57278 63656 90 181653
584 57654 59901 28 23241
585 57716 61416 48 47570
586 57792 64560 100 416336
587 57803 64803 85 175258
588 57973 58644 80 63308
589 57992 70562 92 363198
590 57995 58080 40 3727
591 58141 58742 95 49100
592 58162 75948 6 91231
593 58168 58329 126 14500
594 58293 62474 16 68243
595 58308 62391 6 7059
596 58378 64870 142 303600
597 58545 59614 63 138013
598 58578 58866 107 11200
599 58686 62204 11 14804
600 58710 60130 16 7159
601 58765 65808 42 219703
602 58825 66325 98 147344
603 58833 58950 83 4864
604 58932 63605 54 31792
605 59015 59351 69 13003
606 59188 62122 139 374055
607 59223 61171 66 49928
608 59368 64237 85 172671
609 59380 64119 44 119545
610 59530 69414 94 262688
611 59607 63258 39 57563
612 59763 63604 59 78247
613 59764 71104 21 62395
614 59812 61271 131 54186
615 59841 60975 18 10625
616 60138 62750 70 82620
617 60167 63017 91 108581
618 60194 72996 88 231774
619 60329 66885 54 141112
620 60422 67688 8 29308
621 60492 64568 88 176867
622 60503 62506 84 80296
623 60512 70619 12 39692
624 60597 61386 55 15034
625 60745 64038 5 16455
626 60820 61631 111 23303
627 60823 64596 138 208524
628 60859 61519 144 18270
629 61151 81891 14 187289
630 61372 64929 38 21512
631 61435 61665 17 1893
632 61448 62558 62 16759
633 61697 65969 70 56966
634 61735 61843 36 2452
635 61949 62803 12 3430
636 61955 65826 14 57729
637 62006 63237 39 14429
638 62094 63795 74 38258
639 62176 86511 44 993330
640 62203 63172 90 83645
641 62255 67877 72 160582
642 62290 62333 67 965
643 62354 74137 69 225342
644 62423 63680 102 117331
645 62461 63480 61 16143
646 62677 68986 6 12688
647 62742 64214 68 29387
648 62758 71230 4 7996
649 62935 63018 47 3512
650 62944 64341 81 22849
651 63013 65598 62 70907
652 63104 71951 102 344557
653 63193 68492 7 21470
654 63198 63225 9 273
655 63403 66221 17 31936
656 63418 77699 16 320133
657 63529 68912 24 30243
658 63608 81242 114 713690
659 63661 73341 53 118185
660 63812 74636 26 146416
661 64504 77574 63 418730
662 64505 66354 64 49160
663 64506 70297 49 171299
664 64507 65664 8 2795
665 64512 67109 13 15324
666 64521 68473 64 97683
667 64910 72980 30 371649
668 64921 68777 43 140281
669 65096 73926 64 228664
670 65572 67188 38 37040
671 65599 71179 30 61291
672 65817 76786 32 222379
673 65834 69351 112 45954
674 65838 65975 143 2594
675 65924 78700 28 263718
676 66055 68151 69 11135
677 66090 74508 14 63826
678 66203 74561 7 17857
679 66226 82842 65 1023410
680 66242 70237 91 228387
681 66289 69397 55 20672
682 66327 66965 128 153722
683 66391 85864 27 78347
684 66404 67870 136 76290
685 66470 67958 129 66642
686 66830 82767 47 295162
687 66993 76159 53 171079
688 67007 71429 143 377641
689 67190 74399 84 175099
690 67204 73601 138 522931
691 67246 85913 6 26071
692 67297 68474 74 129871
693 67481 70504 8 17310
694 67492 77464 113 493118
695 67579 69033 91 101182
696 67584 69147 31 15927
697 67843 68274 53 39222
698 67979 70755 101 104562
699 68054 73310 37 85955
700 68116 69408 5 1371
701 68182 72481 11 15582
702 68253 72658 115 105212
703 68312 68824 49 8345
704 68368 69357 54 16568
705 68386 68976 33 6347
706 68652 69641 146 73174
707 68674 70794 12 13306
708 68697 76171 126 520978
709 68715 72568 115 148753
710 68762 80535 136 1118534
711 68828 69098 14 3418
712 68835 70702 91 60702
713 68837 69189 61 15710
714 68917 69557 21 4699
715 69069 74421 24 41768
716 69141 69504 32 5966
717 69192 69283 28 1667
718 69286 72870 12 40554
719 69308 73976 92 404529
720 69312 69344 8 109
721 69349 69964 53 25314
722 69354 73613 30 31673
723 69484 70944 15 72590
724 69539 70121 14 4713
725 69603 71997 5 9907
726 69654 70364 46 15281
727 69688 74116 113 246880
728 69748 71177 7 6467
729 69990 71860 130 271896
730 70102 72353 9 3184
731 70316 71939 28 18283
732 70535 76807 8 29390
733 70574 90892 20 87452
734 70712 70912 10 890
735 70768 74347 42 54404
736 70791 74582 119 507160
737 70809 73247 50 119478
738 70817 84265 114 294468
739 70823 71036 39 3549
740 70824 71979 50 25053
741 70903 70930 41 920
742 70926 77344 110 152246
743 70972 81081 10 104879
744 71158 78734 141 885727
745 71271 72191 25 6494
746 71406 73456 139 61612
747 71519 71725 9 673
748 71589 84562 62 506262
749 71619 73676 61 34420
750 71689 75953 14 18859
751 71948 72354 102 36285
752 72267 73529 48 47321
753 72292 76525 11 26873
754 72427 72745 14 3629
755 72532 74442 41 14764
756 72924 75922 132 164541
757 73075 73428 59 19514
758 73214 79766 138 398636
759 73296 78033 129 117306
760 73355 75709 91 136002
761 73356 73918 11 2479
762 73470 85306 98 412785
763 73496 74544 37 32804
764 73515 76444 148 170273
765 74014 82319 63 179220
766 74147 76744 15 28697
767 74588 77378 15 15617
768 74675 74838 63 12273
769 74742 76846 102 136266
770 74826 75156 42 18000
771 75103 78636 6 20937
772 75130 81843 122 172141
773 75159 78867 35 39771
774 75192 75702 40 18071
775 75480 77250 10 10666
776 75572 77705 4 5939
777 75633 78058 22 20071
778 75749 80541 102 267992
779 75826 79380 104 299534
780 75985 79213 100 198433
781 76019 85967 32 182460
782 76221 79066 6 11102
783 76364 78261 10 10531
784 76373 79374 65 72119
785 76419 77707 9 2773
786 76428 78200 47 29955
787 76549 80380 145 191831
788 76602 83728 67 262873
789 76762 76837 19 1286
790 76825 76994 55 4050
791 76885 78809 33 29535
792 76949 77088 135 18576
793 77026 79218 7 5058
794 77056 85399 19 97817
795 77064 78047 6 4957
796 77197 78869 67 108262
797 77230 78458 140 163223
798 77351 79676 138 117473
799 77398 77465 34 2000
800 77409 84604 71 526546
801 77459 77785 9 2756
802 77482 83807 19 27181
803 77613 80049 44 50733
804 77692 83180 48 110448
805 77766 77794 18 200
806 77921 83442 37 49337
807 78023 80431 29 31506
808 78074 79689 61 19098
809 78135 79231 11 4015
810 78333 79580 6 3529
811 78387 78835 54 4423
812 78395 80096 8 5539
813 78435 82594 112 121902
814 78440 78625 47 6498
815 78547 78760 73 7477
816 78591 79411 109 113033
817 78604 80294 17 23893
818 78820 81265 6 4479
819 79161 81264 20 11206
820 79241 80170 41 29844
821 79244 79574 7 925
822 79289 80757 59 33745
823 79290 79497 30 12971
824 79357 79475 118 13403
825 79381 79696 15 1526
826 79903 83838 127 330385
827 80030 82525 36 34462
828 80137 80790 147 37269
829 80224 80385 23 862
830 80365 85899 141 163260
831 80497 82106 75 101126
832 80617 81060 129 66695
833 80698 95124 19 63624
834 80746 80850 12 1260
835 80854 81482 7 1544
836 80972 83767 99 101095
837 81012 86239 101 129353
838 81039 88107 11 11933
839 81126 81249 100 3617
840 81160 82987 7 3645
841 81192 90711 15 175736
842 81303 85058 116 442733
843 81339 84447 106 242578
844 81393 84559 11 13763
845 81469 84839 89 53549
846 81567 82760 40 56956
847 81799 82616 10 7200
848 82108 93029 65 493968
849 82144 84061 143 113226
850 82222 85658 102 181060
851 82256 96024 67 329491
852 82257 98834 7 61885
853 82361 84033 42 45728
854 82561 83268 7 3287
855 82744 84254 42 32464
856 82807 86533 36 49326
857 82868 84200 78 95719
858 82971 84299 5 3602
859 83064 85373 11 13696
860 83081 94874 42 181780
861 83387 84152 10 4755
862 83473 84649 92 17667
863 83498 83599 11 782
864 83518 83650 43 6094
865 83521 89750 45 181315
866 83586 86398 25 31531
867 83677 85041 63 127379
868 83691 96209 73 161638
869 83801 98468 9 101591
870 83847 84826 142 48352
871 84027 88482 125 221399
872 84238 88556 35 57022
873 84329 89858 65 52929
874 84510 88205 142 242325
875 84552 85071 56 21943
876 84602 89544 81 287468
877 84657 86696 14 21271
878 84729 88774 66 139903
879 84959 92671 128 805107
880 85040 85525 147 31496
881 85141 85918 30 5845
882 85202 86074 45 59823
883 85293 87508 4 4857
884 85766 94661 114 517006
885 85881 85957 127 3181
886 85887 93491 126 178494
887 85953 87615 19 10986
888 85980 89384 144 396214
889 85992 86056 104 8369
890 86002 86777 143 54203
891 86090 91133 10 24015
892 86091 87204 59 20800
893 86291 89198 28 12623
894 86310 87502 123 149816
895 86400 87511 20 26781
896 86620 89445 121 135909
897 86705 90584 45 46657
898 86796 88270 35 28017
899 86962 99320 9 73178
900 86978 95617 114 257831
901 87253 89199 110 81501
902 87271 90887 21 65220
903 87291 88770 137 145022
904 87301 87882 42 10535
905 87310 89769 116 185829
906 87450 94243 8 15350
907 87563 88384 94 104778
908 87727 94765 51 148805
909 87766 91362 58 201601
910 87779 87886 6 470
911 87869 88561 5 1977
912 88035 90458 12 17716
913 88202 95733 146 354884
914 88250 89670 5 4732
915 88454 89361 23 23955
916 88630 90231 29 25673
917 88805 89546 18 4992
918 88820 93203 141 550713
919 88832 98140 92 360131
920 88840 97239 43 78938
921 89394 94510 114 230630
922 89532 89951 16 7308
923 89565 93097 128 920904
924 89575 91687 95 138848
925 89582 95602 50 67684
926 89662 92142 13 11355
927 89673 89675 66 124
928 89864 93371 12 34532
929 89996 90688 96 25548
930 90006 91899 42 47954
931 90021 92463 18 32587
932 90066 91300 142 84526
933 90234 98458 36 137063
934 90889 95521 14 30424
935 90900 98011 35 297825
936 91210 91537 38 3077
937 91401 91748 70 6099
938 91408 97654 36 55192
939 91551 92791 11 7568
940 91581 92383 110 20763
941 91648 91665 44 508
942 91813 92357 15 1493
943 91906 96694 36 60413
944 91922 98023 12 33861
945 92097 93158 30 8561
946 92140 99149 86 257165
947 92285 94010 133 71759
948 92363 92514 43 3846
949 92620 94389 24 45234
950 92770 98358 113 608303
951 92979 96527 106 145041
952 93033 94643 146 113186
953 93215 94482 34 35405
954 93225 93553 101 34500
955 93437 98946 17 74621
956 93525 95970 54 42197
957 93570 98839 113 259498
958 93644 94505 63 14856
959 93804 94317 51 41104
960 93994 99653 119 458186
961 94060 94066 10 14
962 94216 96072 8 6557
963 94219 95570 108 130827
964 94289 94492 7 2275
965 94507 95033 79 40974
966 94596 96526 116 36796
967 94732 95242 76 20029
968 94796 98642 18 28372
969 94800 96543 22 33577
970 94806 96796 97 125115
971 94893 98172 38 28869
972 94947 98792 10 15690
973 95008 97040 63 207217
974 95081 95423 98 72791
975 95315 99408 85 51374
976 95328 96587 66 26273
977 95533 96669 31 6001
978 95548 96467 6 5095
979 95624 98595 93 56477
980 95871 96200 10 3138
981 96104 96266 26 3367
982 96336 99602 37 32663
983 96442 96516 13 224
984 96614 97425 5 2234
985 96638 99271 38 23570
986 96885 98503 39 27090
987 96958 97663 136 16213
988 97024 97495 85 19739
989 97144 97373 102 10759
990 97223 97353 54 5286
991 97609 99812 97 62472
992 97653 99928 89 95961
993 97768 99316 140 74593
994 97810 99701 104 232605
995 98130 98165 150 6671
996 98441 98888 28 7416
997 98586 99508 5 6476
998 99282 99463 47 6218
999 99337 99556 59 6671
