50 1000 0.085
...................................###############
.....................................#############
....................................##############
...................................###############
..................................################
...................................###############
....................................##############
...................................###############
.....................................#############
......................................############
.....................................#############
..............#.....................##############
............#.##.##.................##############
............#######...................############
.............####.###................#############
.........#.##..########...............############
.........#.##.###########.............#.########.#
.......###################...........###########..
........##################............############
........#.######.########.............############
........################...............###########
........###############................###########
..........#############...............############
.........#######.#######...............###########
............##.##########..............###########
............##.########.#..............########.##
..........###..#########..............############
.................####.#..............#############
.................###..................#.#..#######
..................###..#..............############
...................#####...............###########
.....................#.#..............############
......................................#...#######.
..........................................#####..#
...........................................#######
............................................#.####
..................................................
..................................................
..................................................
..................................................
..................................................
..................................................
..................................................
..................................................
..................................................
..................................................
..................................................
..................................................
..................................................
..................................................
0 25 1709 31 38655
1 135 1685 39 27671
2 273 15449 26 181854
3 364 4854 55 197590
4 632 1943 128 17126
5 827 3741 22 47126
6 887 1640 36 32655
7 1195 6479 93 286140
8 1292 4448 33 34103
9 1363 5239 48 32504
10 1415 3657 56 51622
11 1448 7203 82 138597
12 1658 10319 137 837139
13 1666 1736 39 1563
14 1762 5654 13 23520
15 1799 2036 18 3600
16 1894 4810 29 42252
17 1916 9044 49 105634
18 1952 2175 24 1397
19 2021 2942 15 9144
20 2159 5532 17 22163
21 2199 3486 17 14268
22 2342 8990 124 375714
23 2408 2696 68 11184
24 2442 2944 94 13254
25 2451 7063 9 7097
26 2607 6015 76 115169
27 2695 13142 62 78808
28 3320 4266 15 12345
29 3526 6539 63 64011
30 3543 5130 92 36983
31 3860 6209 16 64162
32 3885 5016 119 35679
33 4299 10859 89 276211
34 4328 12697 10 20888
35 4345 4866 29 12438
36 4386 5547 143 85164
37 4455 4803 30 8589
38 4579 7431 149 97901
39 4652 10183 17 33008
40 4687 7169 117 68942
41 4720 5530 53 34146
42 4737 5442 117 101012
43 4777 9447 97 221951
44 4876 11561 96 502478
45 5043 5661 30 14385
46 5051 8325 44 109109
47 5084 6492 21 19306
48 5178 7583 133 49026
49 5242 6716 9 5890
50 5308 7171 99 118551
51 5315 6010 98 23384
52 5419 12089 14 102867
53 5488 5871 76 12502
54 5491 17978 9 52484
55 5505 7627 94 80447
56 5639 10245 15 22416
57 5694 6822 119 147323
58 5773 22023 30 145586
59 5867 9051 23 28837
60 5985 7694 51 65135
61 6048 7206 28 21153
62 6119 8287 87 29307
63 6175 7186 101 57276
64 6261 9532 64 83499
65 6270 6457 26 5452
66 6329 7799 130 74426
67 6444 7199 85 56265
68 6757 8034 14 6643
69 6827 11572 12 11859
70 7097 8052 20 6853
71 7350 7725 130 19983
72 7368 17433 148 1084500
73 7371 8082 13 5572
74 7463 8609 72 62723
75 7632 11737 61 93485
76 7691 10408 53 190395
77 7701 10499 139 94947
78 7714 9324 67 85192
79 7720 11532 7 13054
80 7940 12338 43 26716
81 8148 9962 54 34499
82 8243 9824 22 14631
83 8352 19111 43 189898
84 8443 10649 8 9717
85 8538 10400 127 159812
86 8726 9137 8 3472
87 8741 10721 16 10988
88 8873 11449 46 62508
89 8937 15307 56 40373
90 8960 10834 6 4344
91 8991 10997 59 29575
92 9003 9493 85 28945
93 9227 12451 36 43505
94 9243 11430 109 98857
95 9254 9808 118 47547
96 9283 30940 22 227132
97 9290 9307 106 1472
98 9310 11687 56 161333
99 9415 14260 32 31326
100 9589 17577 64 214491
101 9601 9902 13 1945
102 9608 16915 18 37769
103 9755 10357 74 16598
104 9848 12661 70 143349
105 10093 12203 86 83378
106 10117 16071 135 370490
107 10119 16942 8 8343
108 10152 12012 5 1979
109 10417 10858 67 34446
110 10540 10814 122 32643
111 10617 14629 18 45396
112 10693 13592 82 102009
113 10974 11631 73 32290
114 11091 18984 23 45665
115 11099 13171 5 5224
116 11273 15083 9 9233
117 11284 14062 35 67989
118 11425 18379 114 295987
119 11464 11698 48 11937
120 11634 14410 38 36285
121 11691 13320 15 21714
122 12008 12374 107 29862
123 12026 12221 6 942
124 12112 15735 63 166301
125 12147 13244 33 3143
126 12308 12491 4 505
127 12524 14773 10 3918
128 12785 16207 96 177292
129 12823 14336 17 14761
130 12830 13695 78 34533
131 13025 20462 69 230373
132 13040 14214 133 69235
133 13055 16771 8 16842
134 13096 16282 132 252298
135 13137 14194 74 45488
136 13179 15300 56 51386
137 13194 14844 17 22400
138 13302 17024 41 89695
139 13351 20397 46 137131
140 13495 20446 110 543088
141 13501 14694 13 6275
142 13591 18097 98 238479
143 13644 15088 86 89993
144 13696 14975 29 14758
145 13799 14381 109 156662
146 13857 14901 28 25055
147 14043 14145 17 893
148 14156 14852 53 10401
149 14209 14324 89 10949
150 14220 15630 10 4697
151 14246 18283 105 177953
152 14564 17302 73 145747
153 14765 15177 115 56868
154 15181 17117 51 22487
155 15214 18695 24 51061
156 15239 15428 71 8268
157 15264 15372 29 1021
158 15513 16102 132 24642
159 15788 23761 83 338935
160 15838 24414 55 177359
161 16072 20052 148 71111
162 16147 16827 71 18723
163 16194 17782 13 12378
164 16237 24597 21 95796
165 16357 18279 119 152979
166 16481 19622 13 17219
167 16539 17974 5 2110
168 16585 17139 29 9938
169 16799 17967 99 48249
170 16858 17052 5 718
171 16961 18803 37 16311
172 17045 19511 91 133749
173 17159 19722 74 119628
174 17292 17395 34 3517
175 17377 21527 21 41479
176 17435 18347 109 67762
177 17436 18407 71 39534
178 17441 20171 52 229677
179 17554 18959 67 57915
180 17582 18628 4 934
181 17630 18969 48 77096
182 17899 22640 8 16730
183 17929 24812 98 219963
184 17956 19197 27 9446
185 17988 18017 18 481
186 17989 25182 38 112603
187 18120 24561 14 18208
188 18163 18189 99 1652
189 18235 21455 9 22789
190 18284 21473 144 249848
191 18413 21773 34 68053
192 18428 26389 15 115385
193 18711 21200 90 42840
194 18827 19751 77 6979
195 18864 21458 17 28416
196 18932 22338 67 44301
197 18956 19906 78 28255
198 19004 23915 109 226395
199 19055 19201 6 453
200 19225 33666 28 151516
201 19382 21575 41 56051
202 19477 28446 66 499020
203 19498 22204 114 140923
204 20159 29080 117 236085
205 20257 23578 32 86939
206 20355 20784 17 9061
207 20471 25010 74 171420
208 20530 20562 99 1641
209 20578 24267 24 46653
210 20818 29642 74 190374
211 20831 21916 26 24932
212 20924 20991 108 8518
213 21111 21262 114 13995
214 21184 24752 40 55191
215 21209 23011 28 12289
216 21213 23072 49 44336
217 21354 23185 5 10480
218 21486 24566 6 5406
219 21519 22809 58 18328
220 21768 22818 130 28336
221 21878 25154 64 139982
222 21906 21975 92 4816
223 21923 23101 23 23409
224 21952 27027 18 133324
225 22070 22833 40 15879
226 22162 22378 91 27611
227 22284 24043 32 26820
228 22337 23965 67 63574
229 22376 25391 32 45933
230 22475 22611 85 7858
231 22643 29067 83 546690
232 22999 23309 33 18020
233 23004 27350 144 182344
234 23181 23331 38 2546
235 23228 25139 144 80404
236 23282 24237 109 40019
237 23300 30887 144 958633
238 23344 27377 115 188674
239 23349 25307 38 21443
240 23363 30014 84 473123
241 23375 24503 57 30876
242 23393 23607 31 15199
243 23432 25242 124 86590
244 23456 37292 34 241125
245 23575 24091 100 61292
246 23627 28462 46 191346
247 23775 25127 116 48602
248 24021 24366 76 4880
249 24169 24933 95 28095
250 24264 27853 60 71754
251 24382 24956 108 35408
252 24450 24942 102 13552
253 24463 25522 42 70482
254 24612 25862 58 23957
255 24634 24938 18 6636
256 24805 25117 86 3233
257 24849 27674 97 169703
258 24923 28922 65 79083
259 24989 32036 4 39892
260 25102 29310 100 380828
261 25228 25840 14 5310
262 25346 26650 29 35624
263 25444 31021 66 142433
264 25561 31080 4 9895
265 25589 26649 18 5216
266 26033 28249 35 10711
267 26076 26543 94 39551
268 26199 26516 33 13649
269 26276 34830 61 223874
270 26286 28843 74 179552
271 26301 30207 22 27155
272 26503 27221 105 19502
273 26712 28804 107 115278
274 27007 30255 57 121740
275 27175 28983 113 213068
276 27218 28337 94 64987
277 27461 30154 130 261265
278 27468 34636 125 493979
279 27509 29074 7 5487
280 27692 28329 109 86935
281 27695 30063 13 40075
282 27755 30891 10 14103
283 28085 30055 15 10272
284 28258 28927 26 10407
285 28627 30487 27 50816
286 28896 31989 127 201266
287 29016 31294 6 7774
288 29176 29570 11 1768
289 29225 34578 17 42004
290 29343 29937 133 23343
291 29357 30203 113 14396
292 29512 31055 85 83696
293 29572 29700 60 2031
294 29628 37281 23 45107
295 29644 31089 26 6587
296 29660 31307 130 49253
297 29783 31050 130 22310
298 29806 33613 23 79387
299 30110 37561 57 227655
300 30129 31636 6 3161
301 30173 31628 114 111995
302 30193 31255 61 15989
303 30302 34346 76 133265
304 30330 34826 14 19846
305 30374 37486 148 366261
306 30423 33695 104 73622
307 30691 37036 81 443002
308 30696 35329 8 14604
309 30882 34386 119 217742
310 30911 32301 33 22746
311 30970 38285 132 274421
312 31063 32951 61 41012
313 31097 31381 67 8142
314 31121 33951 22 55513
315 31205 32250 22 9337
316 31236 35647 8 16204
317 31248 31280 65 1803
318 31279 31905 111 56902
319 31330 33793 40 29649
320 31371 37360 134 333092
321 31420 34269 84 195207
322 31492 32061 46 14478
323 31886 35922 30 57872
324 31899 34658 76 126828
325 31902 32253 110 22837
326 32173 33633 74 51623
327 32177 37285 57 37631
328 32376 36084 20 23635
329 32380 33569 30 10580
330 32409 32751 31 12789
331 32410 39338 88 453914
332 32423 41055 32 198021
333 32726 36988 8 19872
334 33091 33973 28 20931
335 33384 34376 10 9314
336 33397 33701 39 18844
337 33607 40771 37 145169
338 33686 34433 54 13069
339 33810 37365 59 84615
340 33838 39356 122 193714
341 33865 35137 110 80808
342 33883 38721 25 34475
343 33893 36868 7 3327
344 33988 35692 26 26904
345 34198 37161 40 44839
346 34268 35915 11 5332
347 34270 41482 14 57240
348 34311 38365 16 11531
349 34357 34614 136 9754
350 34442 40318 17 17738
351 34624 34924 43 18101
352 34942 35060 4 229
353 35069 36243 32 13548
354 35086 44193 106 555193
355 35260 40420 12 19742
356 35269 37470 113 83367
357 35273 37178 25 15607
358 35381 35487 23 1369
359 35404 38576 77 72690
360 35482 35807 132 43070
361 35519 38186 124 251787
362 35596 41914 133 137889
363 35602 37845 73 292562
364 35605 37786 23 49347
365 35696 36820 129 22721
366 35831 40273 96 134656
367 35928 37487 59 42323
368 35944 41339 7 28451
369 35993 39170 110 200795
370 36083 42619 4 3850
371 36167 37114 92 75512
372 36313 38826 13 18751
373 36323 40025 103 116619
374 36331 40317 41 42610
375 36489 36888 8 1089
376 36501 39544 51 69109
377 36532 38049 134 120286
378 36746 48831 23 259746
379 36760 43329 131 292514
380 36780 41517 146 312592
381 37041 42049 54 83007
382 37345 37414 8 177
383 37433 38255 134 82389
384 37518 39061 10 6898
385 37534 39001 42 20462
386 37661 39986 87 113393
387 37824 42078 135 448034
388 37829 39195 123 63653
389 38480 42254 139 55650
390 38481 40876 62 20610
391 38536 39009 46 29093
392 38775 40049 65 46721
393 38927 48170 134 203549
394 38973 39769 6 3661
395 39034 53799 45 112533
396 39134 43759 40 164579
397 39197 40614 90 74683
398 39198 47697 98 406011
399 39253 41304 61 59657
400 39261 40559 56 32157
401 39360 41409 11 23812
402 39417 46845 49 297137
403 39431 41803 139 168553
404 39541 42271 31 45001
405 39553 42359 100 102698
406 39584 41121 40 49051
407 39706 40121 133 82615
408 39736 52752 74 171861
409 39863 43780 24 52277
410 39918 41682 60 53863
411 40024 46018 7 10912
412 40193 42448 100 253157
413 40368 44436 6 11176
414 40386 41435 60 14223
415 40520 43338 88 175149
416 40608 42323 100 67015
417 40870 45720 95 251339
418 40885 41609 36 15372
419 41120 45705 37 57851
420 41233 47710 64 146835
421 41248 42190 7 4032
422 41288 45395 48 54199
423 41429 44297 64 70844
424 41577 42077 13 3965
425 41590 47382 111 147965
426 41880 42896 96 46574
427 41921 44078 132 80990
428 42040 52229 122 949955
429 42071 44108 5 10661
430 42113 43807 127 101636
431 42501 44956 22 26926
432 42581 43536 125 43895
433 42710 57326 97 297817
434 42877 45813 71 83058
435 42878 44256 8 8321
436 43094 43335 72 23897
437 43121 43749 12 2170
438 43271 44806 21 49952
439 43509 46023 23 46778
440 43617 45078 5 3241
441 43690 44302 8 1098
442 43836 44415 132 59510
443 43861 45586 10 6346
444 43862 44626 125 50000
445 43927 44050 9 859
446 43949 48184 4 6650
447 44209 52310 73 372699
448 44308 49904 31 251961
449 44389 44925 34 15984
450 44550 45266 30 31372
451 44612 54799 73 309983
452 44696 46368 36 32796
453 44880 47330 27 24871
454 45090 47669 60 90843
455 45106 49248 65 68008
456 45125 49927 60 366240
457 45161 50280 49 106288
458 45218 47956 71 69491
459 45286 46084 39 15143
460 45320 50755 22 86781
461 45331 46166 11 2820
462 45511 49350 107 164917
463 45569 46892 141 53179
464 45587 48348 44 34170
465 45669 49852 94 226500
466 45688 45763 14 944
467 45700 51438 25 74346
468 45952 46702 126 43926
469 45956 45997 9 478
470 45988 47160 146 75528
471 45995 46764 38 14732
472 46108 46355 14 3018
473 46251 48797 85 82118
474 46334 50906 12 8568
475 46509 52367 73 95719
476 46692 46804 51 4085
477 47106 54223 32 94237
478 47122 47657 106 59513
479 47133 52909 117 554480
480 47171 49212 44 41117
481 47195 50561 40 89729
482 47229 50380 130 139412
483 47251 47989 26 7391
484 47270 53126 54 125168
485 47328 49954 43 97299
486 47449 47872 88 18562
487 47470 53951 26 104245
488 47671 50767 17 10168
489 47730 49385 18 10918
490 47885 49159 5 3460
491 48062 48528 85 25537
492 48163 58449 128 294446
493 48186 48571 97 18426
494 48311 49178 6 7703
495 48607 58255 21 111875
496 48768 50185 28 17354
497 48856 56739 7 62244
498 49146 52133 15 14543
499 49169 51744 90 67854
500 49317 62997 14 40864
501 49325 56147 4 8946
502 49358 50720 72 37739
503 49462 55408 23 19119
504 49472 52782 136 139166
505 49508 49889 18 1742
506 49515 58386 131 1043691
507 49649 54037 100 132104
508 49694 50206 54 12407
509 49726 55310 67 245604
510 50090 50805 85 18669
511 50173 54050 20 18711
512 50300 50842 128 25092
513 50304 50968 71 26790
514 50332 54730 43 42595
515 50442 55529 20 41435
516 50584 50707 23 3918
517 50672 55620 6 13233
518 50888 52883 38 20951
519 50987 56570 80 121970
520 51255 52808 95 36245
521 51296 51922 51 25089
522 51343 52596 28 10098
523 51495 52913 65 61611
524 51538 56166 113 144490
525 51552 54416 99 184753
526 51598 52475 69 34035
527 51615 54334 55 21708
528 52250 53159 7 2741
529 52656 54832 75 59924
530 52693 54573 81 50424
531 52846 54652 44 100953
532 53012 55251 4 2397
533 53203 55220 15 10082
534 53283 55771 38 48507
535 53284 55386 7 4799
536 53648 54036 25 1215
537 53660 60465 94 361381
538 53680 54371 25 10479
539 53754 61781 67 207979
540 53767 58402 117 149969
541 53843 56178 102 65360
542 53877 59475 84 211469
543 54181 54475 15 1859
544 54221 55713 111 99387
545 54324 59552 73 188468
546 54332 56243 145 404707
547 54366 58382 70 102775
548 54550 55537 91 94357
549 54628 57273 36 38980
550 54670 54805 75 5030
551 54836 55580 120 44745
552 54948 60906 80 310782
553 55018 66207 39 98192
554 55157 55219 5 212
555 55218 63522 44 175217
556 55592 57692 15 5950
557 55606 57608 21 26122
558 55665 55768 8 813
559 55871 62836 40 143420
560 55920 56584 67 11517
561 56051 57284 117 90149
562 56311 62184 5 10749
563 56418 57447 32 15037
564 56502 73819 123 575037
565 56636 56687 92 9033
566 56644 63188 30 58837
567 56645 63383 5 12984
568 56655 58381 53 35914
569 56737 56962 101 22162
570 56852 59466 44 108895
571 56927 58789 134 113087
572 57003 60682 76 90993
573 57025 59628 34 50068
574 57241 66260 67 276887
575 57243 58259 107 29261
576 57293 58700 61 45374
577 57414 59853 4 6633
578 57469 58222 98 96056
579 57621 60417 37 72950
580 57825 58634 35 9632
581 57875 60425 16 21969
582 57894 58608 12 5027
583 57991 61283 30 26670
584 58072 60890 92 48322
585 58180 59137 49 44798
586 58218 61818 61 28039
587 58443 63148 11 13643
588 58451 63176 102 360393
589 58573 64319 80 340329
590 58667 62068 18 25779
591 58765 64914 134 284673
592 58766 59192 93 29009
593 58794 60268 87 42021
594 58984 59671 14 10009
595 59150 65219 148 243633
596 59230 60041 53 35626
597 59296 69045 56 198665
598 59354 67580 88 968910
599 59359 62949 60 120524
600 59560 69741 106 551043
601 59609 61853 64 97987
602 59716 64902 96 214394
603 59979 61045 103 57277
604 60047 74153 15 137361
605 60063 61625 83 79919
606 60113 68394 24 150515
607 60143 66502 31 51426
608 60163 61711 23 52985
609 60259 61367 54 11163
610 60475 60547 32 3483
611 60580 62062 122 68992
612 60598 61028 47 14240
613 60612 62980 58 98807
614 60639 61424 51 22326
615 60707 61850 23 31877
616 60933 61122 127 8148
617 60954 61448 8 1279
618 60956 63091 10 16667
619 60969 73276 31 89130
620 60976 62662 44 9864
621 61048 62988 80 49885
622 61100 61561 56 39232
623 61181 68631 41 72677
624 61434 63461 64 30824
625 61499 61993 14 3665
626 61546 74560 63 266854
627 61951 63786 64 73976
628 61957 66617 65 42471
629 61994 63141 127 113717
630 62033 65826 18 32180
631 62058 64326 78 91870
632 62166 63704 14 10292
633 62483 63437 122 34561
634 62519 64345 28 10103
635 62774 63787 69 19918
636 62947 63831 4 1802
637 63059 65905 102 58964
638 63218 63636 114 30646
639 63255 64437 100 83089
640 63280 73088 8 38760
641 63370 66421 14 16426
642 63409 67135 84 106362
643 63516 77734 28 122827
644 63558 73360 16 57651
645 63596 69128 50 68376
646 63638 68491 6 18407
647 63674 78049 13 86995
648 63726 68007 52 52742
649 63891 77257 90 345929
650 64029 65252 28 7133
651 64137 65238 49 9493
652 64244 66635 117 140781
653 64334 66758 7 4872
654 64408 65612 6 2638
655 64410 66703 148 250004
656 64623 68095 36 84944
657 64701 68274 20 56617
658 64957 68152 74 116678
659 65441 66436 98 142370
660 65450 66141 22 5239
661 65498 67005 11 21477
662 65520 66288 61 16128
663 65530 66677 93 66607
664 65567 65667 108 10183
665 65569 75655 71 459975
666 65968 71013 149 337223
667 66052 71811 34 53035
668 66062 73287 8 12612
669 66185 69731 8 7034
670 66217 68804 129 227883
671 66234 70930 23 25577
672 66251 67507 95 27219
673 66261 66452 8 2233
674 66413 68910 50 34922
675 66476 66811 22 799
676 66558 68525 30 27935
677 66727 72153 29 29967
678 66831 73498 28 335654
679 66906 75496 46 276298
680 67102 68303 90 53759
681 67173 71330 132 256260
682 67712 68118 26 15148
683 67715 77136 93 492857
684 67788 74317 81 490635
685 67793 69148 99 41259
686 67849 68259 127 30604
687 67909 71698 147 221774
688 68129 68870 9 5532
689 68202 69648 139 101981
690 68297 71697 10 22235
691 68446 71617 78 58062
692 68526 73382 13 31505
693 68545 72975 43 241081
694 68612 69486 6 5816
695 68964 71869 73 131861
696 68990 73725 5 14847
697 69001 76233 51 62823
698 69015 73055 30 86071
699 69021 69757 51 5985
700 69239 69650 17 3780
701 69527 70119 133 33424
702 69726 71937 25 14651
703 69810 70987 123 70121
704 69822 74008 39 142451
705 69850 69901 15 603
706 69918 71357 22 6128
707 70055 72776 82 69703
708 70219 73194 79 78544
709 70243 70586 8 1679
710 70318 72970 17 35591
711 70401 71664 67 81477
712 70451 78319 91 510920
713 70519 74920 33 26964
714 70588 70890 21 4848
715 70600 72889 4 8605
716 70712 77410 37 86909
717 70725 72448 47 33867
718 71000 73865 9 5875
719 71054 72152 96 179787
720 71285 75629 55 112987
721 71328 76330 62 92579
722 71377 77017 103 163688
723 71462 73702 15 17635
724 71557 72089 44 8953
725 71799 73961 76 68772
726 72063 72161 54 4298
727 72124 81413 121 429748
728 72259 74353 106 50145
729 72389 72575 53 5450
730 72392 78047 7 14613
731 72536 74221 42 8242
732 72585 72700 82 4453
733 72781 86226 9 45691
734 72784 81125 46 184212
735 72871 75953 74 58691
736 73037 75913 42 116876
737 73151 73511 28 3410
738 73182 73654 13 2599
739 73211 73212 66 219
740 73216 74194 148 104429
741 73304 74797 92 61484
742 73454 82663 133 1183915
743 73468 79202 73 169046
744 73518 75405 109 94589
745 73793 74699 30 33172
746 73811 74478 114 16842
747 73937 75802 8 7427
748 73952 86394 69 436865
749 73991 74148 5 592
750 74063 75908 35 56934
751 74080 80264 4 13126
752 74141 76670 30 21319
753 74219 78180 13 11402
754 74301 75773 29 11217
755 74318 75222 31 15512
756 74397 74876 122 53110
757 74997 76829 6 8360
758 75021 77595 108 109924
759 75085 77231 73 142645
760 75244 76572 97 18007
761 75273 80298 35 44019
762 75299 90565 15 188258
763 75361 78160 121 553560
764 75422 79079 7 20174
765 75772 86374 129 608465
766 75828 77371 8 6576
767 75902 77372 47 15216
768 75923 78989 9 26572
769 75973 76528 141 138816
770 76015 77858 128 217423
771 76267 76593 148 41923
772 76486 90768 146 2015453
773 76656 77084 84 22737
774 76901 87420 58 581762
775 76945 77213 148 18999
776 77142 77993 24 10524
777 77149 78567 5 10456
778 77365 77541 31 1182
779 77444 78733 104 72154
780 77561 82374 116 259752
781 77677 84279 10 23733
782 77682 79172 26 34083
783 77724 80153 27 20702
784 77755 79672 123 190168
785 77777 79430 91 132695
786 78006 80053 5 2280
787 78010 78272 16 2237
788 78166 80756 84 77870
789 78207 78668 29 5591
790 78256 79344 27 10812
791 78409 78854 42 19588
792 78454 84437 27 100512
793 78486 81435 9 15055
794 78507 82856 5 10154
795 78580 90089 116 230742
796 78590 79718 11 5126
797 78682 83307 110 275425
798 78858 82070 96 167966
799 79030 81979 5 3781
800 79099 83650 11 28885
801 79261 83955 4 8312
802 79279 80957 41 19743
803 79316 79758 94 13700
804 79379 83360 8 11807
805 79457 80793 38 44725
806 79531 81987 62 169857
807 79646 82020 72 89767
808 79713 80308 116 87049
809 79736 85937 31 186436
810 79764 80871 50 16828
811 79959 80049 10 368
812 80095 82962 100 145151
813 80108 88618 47 361137
814 80416 80996 76 29472
815 80438 84869 95 321967
816 80654 80858 51 17103
817 80736 82351 108 62443
818 80838 81513 29 14542
819 80945 82464 129 165512
820 80967 83487 10 21982
821 81048 83576 4 4887
822 81062 82601 13 8105
823 81094 85916 47 27876
824 81174 84359 48 49710
825 81179 83964 32 26117
826 81228 82127 127 59416
827 81342 81946 34 6192
828 81525 83698 52 63008
829 81530 81574 38 1428
830 81531 82602 48 27071
831 81634 86057 22 77754
832 81641 81689 91 2319
833 81719 87076 99 174492
834 81898 82164 30 8659
835 81941 83246 108 93129
836 81943 86773 26 43022
837 82021 83146 46 17680
838 82095 97786 92 1000536
839 82241 87286 85 299241
840 82322 84827 46 169124
841 82371 84640 6 8040
842 82540 83773 90 55071
843 82674 84871 21 28248
844 82923 85083 54 103378
845 82938 83602 98 27709
846 82941 86553 124 346934
847 83150 84596 60 22521
848 83249 86485 9 18533
849 83438 84371 74 38766
850 83663 84520 96 283006
851 83701 86277 97 58759
852 84006 87913 20 32139
853 84007 89615 34 53981
854 84115 88026 130 431577
855 84412 85041 140 47393
856 84502 85087 20 4307
857 84545 87971 90 420097
858 84551 84636 120 9523
859 84833 87711 10 15383
860 84861 85727 57 21520
861 85003 88856 17 51464
862 85013 86462 41 28292
863 85111 85530 30 9519
864 85134 86097 9 1920
865 85213 95196 138 379866
866 85320 85447 11 1442
867 85405 89605 41 81400
868 85581 89717 48 78437
869 85685 88637 34 73972
870 85905 86137 6 1095
871 85907 86576 65 23434
872 86092 86210 82 5023
873 86105 86424 112 25143
874 86179 91575 104 514712
875 86198 86459 16 4055
876 86328 87371 106 50090
877 86412 87838 140 151232
878 86472 86843 71 17148
879 86495 92819 88 535774
880 86628 90891 89 461616
881 86631 89015 62 63745
882 86635 88143 97 26774
883 86739 89707 20 37776
884 86898 91690 88 158785
885 86916 88252 116 44678
886 86982 89187 48 18243
887 87111 87237 6 1074
888 87187 89060 7 2972
889 87303 95436 14 53328
890 87337 87937 24 5813
891 87464 88031 78 34045
892 87486 89871 68 43025
893 87494 96721 40 69149
894 87755 90617 133 192611
895 88103 88114 32 179
896 88130 90628 100 95660
897 88408 90941 66 52975
898 88579 93554 13 27979
899 88583 90364 25 52846
900 88668 89568 75 46120
901 88795 95384 38 156969
902 88819 89909 15 7770
903 88834 96557 30 98486
904 88975 92409 123 201128
905 89162 93594 30 51069
906 89193 94734 81 189634
907 89264 91055 71 101478
908 89302 93965 86 152803
909 89360 96588 85 299194
910 89365 89846 8 6326
911 89436 89956 13 3997
912 89560 92056 6 4433
913 89598 93782 33 65839
914 89603 91514 121 91870
915 89802 96885 56 152327
916 89845 90996 23 17474
917 89977 92808 10 10355
918 90025 91712 35 42302
919 90110 90183 112 2126
920 90164 92200 7 4125
921 90323 90877 32 7678
922 90420 97316 40 103971
923 90462 91938 5 13110
924 90480 91008 50 30363
925 90498 96440 34 257933
926 90575 93402 25 71411
927 90679 93657 134 210265
928 90696 95008 66 188130
929 90745 91894 6 4067
930 90749 91917 75 38677
931 90791 90817 34 952
932 90851 92449 13 9971
933 90959 91580 122 43897
934 91067 98441 53 155933
935 91153 93378 38 37638
936 91266 93326 47 73385
937 91269 91655 37 14971
938 91364 96061 119 325369
939 91494 93011 57 72842
940 91578 91996 34 6464
941 91721 93012 62 36037
942 91859 92715 14 10148
943 91969 93973 15 8112
944 91975 92893 71 25041
945 91991 92542 5 2589
946 92046 92565 36 6070
947 92221 93276 24 8862
948 92280 92340 36 2067
949 92546 94186 10 11563
950 92631 96580 114 93892
951 92646 95627 101 95549
952 92801 92964 146 8227
953 92822 96131 94 111095
954 92892 93960 11 4387
955 93300 93793 99 21158
956 93475 94249 18 5329
957 93540 94427 23 7336
958 93636 94574 5 2775
959 93652 98846 63 211604
960 93714 94533 132 122417
961 93863 96374 49 45093
962 93895 94566 47 58455
963 94144 94971 17 8560
964 94149 98461 18 66842
965 94283 96019 82 79720
966 94470 97670 45 64680
967 94556 95843 72 53852
968 94590 98913 25 71949
969 95487 97056 104 172265
970 95575 98357 104 509011
971 95589 99262 65 110150
972 95870 96952 70 26201
973 95937 98562 10 9127
974 95956 97367 82 69707
975 96339 97554 123 134657
976 96385 98285 42 18054
977 96881 99307 21 14339
978 96898 98408 140 304518
979 96981 97361 111 34307
980 97088 97609 79 19276
981 97175 97237 59 2042
982 97198 98491 29 31696
983 97340 97755 84 25026
984 97381 97753 119 14567
985 97491 98652 80 20558
986 97520 97657 17 1025
987 97593 99656 69 35236
988 97634 97949 137 23636
989 97659 97875 96 10243
990 97671 98823 15 9320
991 98114 98597 26 8042
992 98355 99731 70 46332
993 98397 99872 96 37413
994 98552 99747 138 71416
995 98714 99517 58 29117
996 99122 99404 57 7570
997 99171 99181 29 121
998 99416 99648 126 15499
999 99425 99445 76 2289
