50 1000 0.099
..........................#.......................
..........................##......................
.........................####.....................
...........................###....................
.......................#.###.#....................
.......................#########..................
......................##########..................
.......................#######....................
......................##########..................
......................###.#.###...................
......................############..#.............
.......................####.######..###...........
.....................######.##########............
...#....................################..........
.####...............#####.#...##########..........
#######.###.........#.###..###############........
######.####.........#########.#######.#..#........
######.#...........######.##...#.####.............
##########........##.##.#####.####.##.............
########...........#.######...#####.##............
#######...........############...#................
#######...........######.####..#####.....###......
.#######.........##...####..#....##......###......
.##.###..............##..............##.#####.....
....####..............##..............#######.....
......#..............###..........#.##########.#..
......#..............####.........###############.
......#..............#.............###############
....#..#####.........................############.
.#.######.##........................#.#########...
###.#####..##.......................##########....
###.######.###....................#############...
############......................#.###.#######.#.
#####.#########....................####..###....#.
#######.#.###.......................#######..#..##
####.##.#####.......................####.#...#####
#####.#######............................#..######
#.###########.##.............................#####
#.....######.###...........................##.###.
......########.#..####....................########
.....##########...#.......................##.#####
......#########..##........................##.####
........############.......................#######
......###############......................#######
....#######.#.#########...................########
........#.....#.#######..................#.#####.#
........#........#.#.....................#########
........................................#########.
.........................................######...
..........................................########
0 13 8357 4 17663
1 205 1777 44 44419
2 260 7572 4 5512
3 266 3130 10 5313
4 347 3665 98 103138
5 349 3117 28 43960
6 411 5135 37 294907
7 680 4241 87 173910
8 719 1312 79 31074
9 844 6263 63 151021
10 1103 2454 120 77614
11 1550 4161 134 200355
12 1561 13041 128 653662
13 1659 6171 94 259208
14 1673 3831 14 14437
15 1713 5318 51 150467
16 1821 2455 64 17423
17 1955 6747 33 210777
18 2006 2500 107 42787
19 2030 4909 74 162960
20 2053 2085 74 746
21 2176 4766 17 60394
22 2420 6625 56 166324
23 2435 3691 83 20840
24 2784 5045 61 92179
25 2947 3458 80 11255
26 3006 5052 19 20911
27 3168 8568 12 24927
28 3288 7209 136 268405
29 3390 8250 85 156454
30 3477 8622 105 318188
31 3483 7994 9 21781
32 3788 9819 47 78870
33 3827 6292 47 129154
34 4092 5990 83 25415
35 4211 6872 94 101925
36 4455 6235 12 11789
37 4471 7797 119 171057
38 4569 6717 124 148416
39 4597 8517 28 72879
40 4683 18738 30 100577
41 4839 7207 23 30526
42 4938 11885 87 223196
43 5025 10267 17 32129
44 5146 7008 33 39953
45 5208 5477 36 4487
46 5322 9034 55 60325
47 5455 8986 40 192232
48 5561 7305 57 27152
49 5666 15761 25 164766
50 5683 5955 7 615
51 5773 8256 74 184122
52 5783 9178 87 164115
53 5972 6210 4 1079
54 5997 6566 14 5525
55 6298 7361 24 30048
56 6328 7813 131 66034
57 6371 10659 19 24443
58 6494 17374 15 79278
59 6878 27622 5 17728
60 6917 7762 13 3042
61 7230 8500 31 14309
62 7281 8780 26 27375
63 7329 13297 6 20133
64 7337 8006 123 165498
65 7382 10469 128 311747
66 7473 12723 29 43698
67 7497 7794 18 2199
68 7664 8812 24 10902
69 7675 9922 100 66522
70 7803 9090 4 6614
71 7895 13808 21 59694
72 7929 21214 15 54703
73 8062 10680 42 28605
74 8309 9938 7 4412
75 8380 9363 34 19025
76 8513 8768 93 15507
77 8697 10502 49 35544
78 8720 13867 49 116987
79 8930 10715 61 55429
80 9111 17754 6 52355
81 9280 10120 8 972
82 9486 14090 129 310035
83 9600 11576 84 84818
84 9750 13283 40 60497
85 9772 11063 52 29353
86 9796 12835 8 9231
87 9882 10131 90 12450
88 10057 13538 104 351365
89 10060 12805 45 114928
90 10128 13473 36 89360
91 10200 12522 45 39441
92 10263 11874 71 69046
93 10545 12492 81 82025
94 10571 11610 134 44045
95 10626 11778 138 100070
96 10641 10949 104 19918
97 10752 14926 6 15890
98 10842 11197 58 5534
99 10923 14641 74 83475
100 11219 15660 48 94105
101 11538 11829 20 3429
102 11635 13560 66 115756
103 11708 12696 20 5770
104 11748 22459 23 191488
105 11790 12575 107 38909
106 11828 12411 51 32815
107 11913 16898 27 71562
108 12042 13125 57 29133
109 12046 19035 47 113977
110 12104 19375 102 386889
111 12125 21071 56 201151
112 12417 14578 75 110515
113 12455 15724 15 19399
114 12548 18135 6 29535
115 12590 22788 45 150746
116 12799 16873 11 26648
117 12837 12903 78 7355
118 12871 16623 138 117460
119 12881 13202 108 16908
120 13030 16878 6 5930
121 13042 16084 45 27407
122 13088 13705 15 3520
123 13094 20245 12 33774
124 13098 14389 6 4801
125 13145 14475 124 38463
126 13203 16156 147 323939
127 13224 14789 36 34910
128 13258 14710 36 34756
129 13603 14037 116 13854
130 13653 14253 11 4733
131 13757 13956 100 16238
132 13761 23234 135 432473
133 13903 16932 34 51200
134 13911 23755 43 157012
135 13967 15952 116 138608
136 14044 28969 94 964969
137 14131 19759 15 26525
138 14188 17805 147 51717
139 14266 22310 58 101937
140 14302 17049 8 4861
141 14396 17083 39 145092
142 14464 22510 138 258469
143 14465 14868 145 25271
144 14481 18918 111 298498
145 14712 19080 14 64654
146 14954 15922 51 16829
147 15005 18987 144 264048
148 15030 17786 82 98136
149 15059 23208 29 91560
150 15199 22590 51 194200
151 15248 18345 24 21614
152 15252 21302 112 151094
153 15265 21306 51 136415
154 15292 15519 4 587
155 15339 15591 35 2132
156 15497 18062 18 17717
157 15786 16778 88 81185
158 15888 17827 14 9046
159 15910 28862 37 62436
160 15936 16044 98 9969
161 15978 16197 24 2029
162 16164 18460 63 84506
163 16575 17549 107 53514
164 16697 20014 11 22908
165 16756 18157 5 3760
166 16773 17756 51 32233
167 16990 18759 60 47543
168 17124 29033 111 629113
169 17381 20375 117 173047
170 17405 21277 139 355798
171 17597 18465 115 58160
172 17641 19631 33 24949
173 17905 18319 75 41498
174 17935 19705 7 13530
175 17948 20581 52 34780
176 17968 18870 45 98053
177 18032 19364 15 4876
178 18035 19978 51 24302
179 18240 22807 134 203310
180 18281 26561 116 273902
181 18623 25557 34 139672
182 18789 30630 11 51114
183 18869 19670 145 108330
184 18886 19661 24 3860
185 18898 20468 11 3954
186 18963 19719 133 140367
187 19012 19149 18 3183
188 19051 21039 76 221228
189 19201 35842 118 1399668
190 19312 20005 133 77260
191 19340 20954 11 7590
192 19403 21410 107 60421
193 19448 23598 42 61985
194 19476 21792 15 18197
195 19499 20566 135 93348
196 19501 20155 90 63352
197 19682 21200 101 276925
198 19822 29683 111 235251
199 19838 29355 120 244282
200 19840 22300 4 3537
201 19888 24293 89 371992
202 19931 22279 8 18426
203 19969 27541 122 351627
204 20220 20339 29 2235
205 20236 20840 91 49434
206 20258 24965 97 192295
207 20377 21975 10 8134
208 20521 23937 37 30620
209 20525 21777 86 50393
210 20549 22680 103 124064
211 20736 23317 19 12589
212 20758 21553 107 27284
213 20766 27505 59 174911
214 20823 28313 63 188605
215 20851 24030 80 83319
216 20930 21099 38 4693
217 20936 21177 53 14153
218 21205 23877 73 130566
219 21532 22831 12 6625
220 21559 21678 24 1136
221 21613 27212 141 404591
222 21915 23223 6 3350
223 21940 28437 87 314339
224 22051 24678 13 17949
225 22077 23739 103 41148
226 22098 26423 47 163330
227 22155 23902 29 31022
228 22161 31208 71 541838
229 22218 27465 33 104381
230 22225 27916 72 148713
231 22253 29548 55 129933
232 22315 23790 37 13673
233 22480 25726 65 97556
234 22512 23986 51 39363
235 22548 29860 47 58556
236 22655 35996 38 651151
237 22689 27754 147 227710
238 22782 27295 63 110129
239 22839 39861 4 16784
240 23018 25149 5 4326
241 23121 26550 66 246525
242 23211 30177 35 152093
243 23243 30583 77 443982
244 23245 23575 94 13071
245 23375 27829 16 22638
246 23376 28330 131 428177
247 23454 25433 124 288383
248 23516 33249 143 505503
249 23614 34478 19 94536
250 23653 35583 102 541663
251 23757 26261 49 44020
252 23848 25201 68 53376
253 23850 25357 72 12817
254 23860 28830 46 22603
255 24044 25606 107 108398
256 24067 25071 36 22690
257 24221 29622 38 122465
258 24238 27452 103 160497
259 24297 26234 137 103067
260 24370 29880 99 159322
261 24584 25315 55 15546
262 24618 26452 7 5773
263 24640 28004 60 65276
264 24651 29489 57 266399
265 24662 28423 146 288441
266 24703 30719 6 12024
267 24722 28598 137 234885
268 24749 28070 96 244047
269 24906 25394 28 10498
270 24907 25784 139 122636
271 24917 30675 10 100255
272 24985 32833 8 28594
273 25079 27535 15 10165
274 25234 25303 5 714
275 25257 25958 29 4383
276 25279 30442 46 134954
277 25395 26562 123 52829
278 25460 40710 36 220169
279 25539 36695 96 752191
280 25681 29846 140 419726
281 25706 34504 122 597447
282 25770 38883 5 10828
283 25851 26949 143 42269
284 26344 29868 121 105483
285 26359 29052 45 35163
286 26538 29781 124 303815
287 26551 30581 142 128843
288 26610 29848 42 35376
289 26651 33036 46 155398
290 26676 27436 13 5594
291 26815 27231 97 10708
292 26863 29764 55 75072
293 27076 29928 65 100101
294 27077 29090 77 52086
295 27165 28173 9 4200
296 27187 32800 41 86660
297 27223 31777 62 104491
298 27233 33824 135 390757
299 27310 31070 32 124742
300 27338 36888 41 246705
301 27554 29796 13 15217
302 27584 32967 30 26371
303 27680 30342 110 51832
304 27733 27999 22 3748
305 27745 27868 144 4545
306 28015 36300 41 87388
307 28081 29487 124 111243
308 28180 31240 27 57553
309 28316 33784 123 220607
310 28453 31237 127 256657
311 28463 33638 45 18499
312 28474 32447 109 171979
313 28545 39836 65 238749
314 28577 33666 45 127047
315 28581 29178 143 230871
316 28631 35406 12 40187
317 28772 28892 13 1243
318 28821 31682 46 62439
319 29271 31802 96 92717
320 29333 30827 42 25909
321 29370 30503 63 27295
322 29504 30947 5 6144
323 29592 36556 51 305296
324 29741 29905 13 1064
325 29769 38103 59 476243
326 29932 41129 36 148534
327 29966 31534 5 3626
328 30051 30252 41 8826
329 30078 32374 6 12259
330 30234 32724 105 309094
331 30400 32796 109 92557
332 30681 31073 39 15218
333 30759 32335 54 46220
334 31121 36171 19 22772
335 31130 33396 11 6762
336 31194 31971 114 95311
337 31485 33152 46 46488
338 31597 35484 48 102803
339 31605 31705 9 720
340 31821 38404 22 54721
341 32099 33335 47 27178
342 32108 32899 74 24770
343 32198 32214 9 209
344 32281 33170 87 55848
345 32309 37058 66 158736
346 32352 34441 9 8952
347 32394 37666 12 102563
348 32652 35388 81 94349
349 32693 36066 19 10862
350 32866 33124 106 15592
351 33074 41293 4 3136
352 33370 33468 11 310
353 33426 35288 8 15038
354 33517 35172 11 7480
355 33594 33864 66 10667
356 33616 37767 14 10725
357 33651 35894 14 9197
358 33675 34256 131 19164
359 33703 34450 39 12703
360 33791 44888 121 1170674
361 33808 37187 43 57581
362 33997 39351 139 241841
363 34026 35264 110 79959
364 34104 37707 14 9089
365 34136 36957 46 32110
366 34165 37412 149 192409
367 34188 39776 129 262972
368 34521 34997 110 22079
369 34550 34951 93 8001
370 34576 36172 41 39218
371 34606 40385 107 268015
372 34717 34735 50 1943
373 34892 35534 103 76701
374 34912 35368 140 20201
375 34964 47783 71 445141
376 35008 36206 74 37644
377 35064 38285 10 4949
378 35196 36737 5 2023
379 35217 37249 93 146662
380 35298 35614 145 9884
381 35357 36588 119 135754
382 35496 36543 74 19775
383 35530 39138 56 101171
384 35547 36439 32 24251
385 35561 38958 13 28721
386 35643 39236 12 21443
387 35716 38181 7 9547
388 35857 41553 22 66362
389 35921 36033 111 4021
390 35940 36260 117 42944
391 35998 41913 76 192917
392 36032 36218 66 4400
393 36230 36952 141 93721
394 36255 37621 99 49002
395 36275 39187 87 50448
396 36376 40158 92 137668
397 36455 38092 20 26552
398 36476 38825 47 47264
399 36501 39393 36 55364
400 36567 37490 24 26280
401 36688 38544 10 8474
402 36760 37096 115 33582
403 36866 37114 77 7165
404 36930 41531 88 234241
405 36995 37915 51 23959
406 37026 37407 17 2284
407 37032 43410 9 22335
408 37069 40753 69 243067
409 37123 37618 48 4309
410 37169 40650 20 16660
411 37202 41694 24 32675
412 37664 41308 8 16898
413 37696 39679 78 82227
414 37746 38558 36 35863
415 37760 38695 19 11148
416 37879 50188 12 33941
417 37943 39799 83 152848
418 37987 39068 4 1770
419 38112 40131 147 161778
420 38397 45868 28 49981
421 38428 40745 45 19526
422 38528 39529 10 2735
423 38640 39150 23 8885
424 38734 39804 88 71317
425 38845 48912 49 86160
426 38962 43048 33 47797
427 39052 39632 81 15441
428 39056 46654 6 35927
429 39203 41372 67 39752
430 39248 42678 15 26826
431 39452 46140 38 129978
432 39514 40833 32 27911
433 39591 50502 148 642954
434 39942 48508 13 20222
435 40089 42752 140 375170
436 40140 44670 42 69731
437 40256 42642 8 6939
438 40418 45314 19 22309
439 40559 42644 24 15314
440 40606 44111 36 90502
441 40627 58277 90 576926
442 40674 41488 46 25516
443 40742 43094 25 16404
444 40770 42425 113 199175
445 40800 55045 93 489695
446 40867 47579 97 244718
447 40935 41005 113 13258
448 41340 49349 93 391190
449 41376 44432 66 101356
450 41711 41944 43 4450
451 41780 45629 35 54886
452 41815 43704 5 1958
453 41828 42061 63 9794
454 42229 47253 21 100126
455 42297 43965 81 58926
456 42328 42721 6 1488
457 42559 44532 58 110488
458 42597 44766 127 312887
459 42604 46411 11 23725
460 42855 44944 119 71965
461 43109 56578 101 330758
462 43123 43665 31 11390
463 43148 43175 115 3330
464 43198 44708 8 14455
465 43222 43561 30 6333
466 43249 45499 97 109193
467 43251 47570 62 80847
468 43343 49254 29 86614
469 43419 44511 5 10077
470 43585 50782 47 147196
471 43674 43747 34 1368
472 43709 49430 6 10857
473 43790 43932 5 722
474 43823 45165 60 25577
475 43831 51460 62 172636
476 43864 49829 60 88273
477 44022 45125 20 7812
478 44108 46052 23 18794
479 44113 46434 7 7256
480 44134 49159 30 46473
481 44170 48964 13 26603
482 44234 48223 67 83920
483 44236 49772 47 88316
484 44340 46367 6 9602
485 44350 47664 68 97487
486 44367 47449 35 70308
487 44369 46184 27 21355
488 44527 48634 65 132911
489 44558 45506 17 15858
490 44560 48812 52 96082
491 44617 58350 40 246749
492 44755 45322 27 8966
493 44790 46250 41 38776
494 44795 52836 91 669196
495 44938 53620 53 410380
496 44993 45157 46 11037
497 45111 50962 23 81793
498 45129 48831 122 658755
499 45319 66155 142 1310680
500 45324 45569 18 4458
501 45684 51077 8 7715
502 45968 47948 14 11412
503 45987 47667 38 12844
504 46067 56625 102 827725
505 46128 48366 94 56458
506 46423 48003 88 245480
507 46578 47085 54 12675
508 46598 54825 22 146741
509 46637 63831 136 755236
510 47013 47348 60 16076
511 47166 49144 15 14414
512 47336 58405 6 22592
513 47347 50477 33 55950
514 47474 48800 14 8255
515 47577 49061 132 127547
516 47652 53019 32 38646
517 47750 50251 12 29575
518 47937 51406 4 8148
519 48145 49342 63 31992
520 48264 50569 113 148009
521 48268 52812 9 10329
522 48269 49087 30 69269
523 48316 52206 28 41512
524 48408 51945 56 92759
525 48439 49190 31 5146
526 48668 48751 122 2621
527 48973 60313 11 27631
528 48977 51102 90 159898
529 48993 55761 94 120021
530 49068 54644 32 144533
531 49394 50026 115 13033
532 49700 51093 28 12810
533 49766 54514 141 134457
534 49789 50818 68 56133
535 49814 53012 113 82501
536 49990 56154 122 321183
537 50006 52595 121 49517
538 50144 51217 30 15138
539 50267 53290 4 4302
540 50305 52685 35 13526
541 50363 52003 9 12047
542 50521 51497 22 6142
543 50597 51450 19 22438
544 50634 55265 40 55949
545 50877 51907 7 5341
546 51080 52912 10 3847
547 51208 55307 21 61252
548 51262 58316 101 137868
549 51285 55085 66 72098
550 51356 52110 12 2109
551 51384 51625 98 12829
552 51645 63139 47 243210
553 51690 53388 5 2616
554 51804 56273 5 15908
555 52052 52530 27 7288
556 52085 52120 119 3260
557 52180 53046 6 3943
558 52264 61639 7 21007
559 52298 65932 64 101927
560 52395 62757 21 154928
561 52487 53162 5 1905
562 52727 54568 53 28834
563 52772 56255 12 15960
564 52839 53440 12 1986
565 53020 55271 125 117556
566 53309 55658 11 15507
567 53356 54316 83 31477
568 53406 59112 144 206191
569 53519 53823 51 6213
570 53578 54485 105 26099
571 53702 55905 42 125148
572 54013 54200 30 1429
573 54063 54852 147 83081
574 54178 54504 114 6832
575 54214 55176 28 24445
576 54246 56948 19 15046
577 54272 60797 48 186956
578 54372 55888 88 98492
579 54460 56912 113 182545
580 54589 60132 28 33556
581 54698 58884 5 6773
582 54718 57698 49 69308
583 54793 60530 14 35622
584 54834 57360 6 7278
585 54961 60190 8 24492
586 55047 55830 56 27968
587 55345 63762 103 392110
588 55381 64131 19 82611
589 55635 71352 131 721207
590 55712 67901 85 394289
591 55736 56258 50 6109
592 56068 56708 16 4362
593 56106 66976 142 862917
594 56160 61444 19 40676
595 56266 62640 121 290403
596 56292 63884 32 60170
597 56305 58122 12 8482
598 56570 57394 15 5993
599 56646 56999 21 3534
600 56760 57098 136 35474
601 56870 57561 42 35640
602 57125 58455 52 19504
603 57155 66007 32 165618
604 57166 60004 79 134709
605 57427 61129 35 76989
606 57484 58323 7 1925
607 57514 63163 89 218773
608 57596 57917 113 8756
609 57651 68035 13 36394
610 57882 58225 12 2146
611 57887 63088 31 124832
612 58006 62787 40 41611
613 58119 61745 137 211200
614 58183 66789 10 35041
615 58280 61545 58 174317
616 58370 60474 76 78621
617 58560 63120 122 287569
618 58747 62627 121 62396
619 59081 59252 11 866
620 59192 59819 26 5379
621 59348 60436 50 14325
622 59359 67755 70 205058
623 59427 65496 8 22677
624 59476 61906 10 16521
625 59553 60901 84 28447
626 59604 65245 120 164568
627 59749 61311 52 70384
628 59767 65351 39 139643
629 59882 60417 52 44417
630 59916 67236 12 55549
631 59945 60571 40 2857
632 59986 68360 20 90557
633 60171 63668 113 122770
634 60193 68617 78 290239
635 60214 62934 23 31468
636 60389 60509 50 2397
637 60505 60894 30 9418
638 60516 63056 112 109680
639 60735 60967 66 3724
640 60793 62916 9 4963
641 61049 72103 75 360606
642 61060 65002 65 183340
643 61085 67446 61 266410
644 61121 63019 76 37369
645 61174 63268 121 94769
646 61199 67471 12 19668
647 61231 61376 22 1373
648 61262 63248 41 26265
649 61315 61876 45 20900
650 61658 63922 39 33544
651 61746 64522 102 130878
652 61752 61875 41 2135
653 61854 62589 70 31785
654 62056 64656 14 18989
655 62240 74551 66 356624
656 62258 75007 65 363177
657 62390 66949 149 368353
658 62435 72453 113 768849
659 62514 63315 106 76463
660 62516 67414 40 44194
661 62560 65238 46 32041
662 62565 69676 48 265496
663 62798 63387 131 68420
664 62820 63792 105 52305
665 62834 63757 11 15639
666 62860 64734 88 65897
667 62946 64141 139 56699
668 62986 63409 12 1854
669 63073 63864 56 21571
670 63158 76853 36 160621
671 63314 64978 17 18154
672 63392 64026 50 23171
673 63398 68719 148 336725
674 63514 68618 72 291351
675 63522 81188 107 676859
676 63729 64296 120 52636
677 63749 73097 52 492669
678 63764 71756 45 161422
679 63807 65576 82 51231
680 63934 66946 62 53945
681 63977 66014 29 21532
682 64169 66448 93 90638
683 64170 66458 36 52107
684 64225 67967 65 70078
685 64496 65352 20 3175
686 64705 66139 83 77943
687 64840 73300 109 182160
688 64841 65570 29 7422
689 64871 71921 89 264476
690 64936 65183 26 4014
691 65109 65981 80 59854
692 65139 70340 70 371003
693 65196 66508 41 44519
694 65421 69560 113 673658
695 65708 66143 94 14200
696 65736 68791 57 81308
697 65741 67872 142 122882
698 65869 66746 23 6971
699 66234 66337 11 1945
700 66383 67677 79 71661
701 66410 67663 144 90012
702 66540 67714 9 4935
703 66591 73065 140 102328
704 66683 67257 81 28324
705 66722 67310 32 5517
706 66733 67403 78 25377
707 66869 72572 95 559072
708 66877 83038 27 108846
709 66894 69346 39 56265
710 66982 68950 10 3575
711 67148 73164 56 112708
712 67189 69470 6 6677
713 67191 68906 105 122868
714 67211 69665 5 4755
715 67278 73178 22 64236
716 67402 67475 93 4242
717 67616 70620 22 29659
718 67639 74059 18 13573
719 67725 71774 11 29445
720 67915 68466 24 10284
721 68010 69641 100 60468
722 68043 75370 119 319032
723 68361 81639 8 19803
724 68428 72033 128 167590
725 68611 71834 60 52165
726 68623 71728 83 124681
727 68851 73057 107 293021
728 68956 69466 130 26682
729 69173 69794 9 5326
730 69181 83585 34 220412
731 69396 70595 79 41827
732 69755 71367 126 108036
733 70044 71110 57 29581
734 70050 72370 6 7616
735 70052 75540 130 535742
736 70124 70922 124 95553
737 70255 73591 68 118322
738 70367 70611 10 3752
739 70396 79609 116 320146
740 70727 78647 81 96811
741 70883 74709 41 80948
742 70931 71154 98 13948
743 70969 71676 13 2662
744 71136 74045 39 57549
745 71140 82624 35 125356
746 71190 78041 71 216671
747 71284 75410 14 56046
748 71306 79098 143 656832
749 71618 72770 11 4222
750 71644 71793 79 4497
751 71715 71868 93 13729
752 71808 72200 18 3363
753 71825 74631 12 13094
754 71842 74951 16 6380
755 71898 74413 73 54334
756 71909 75923 47 131491
757 71930 76265 64 138362
758 71944 77267 10 26171
759 72015 72166 43 4139
760 72038 73326 98 58987
761 72211 73932 53 137656
762 72386 73945 39 55598
763 72594 88219 46 219108
764 72738 80096 55 253022
765 72910 74917 15 12385
766 73135 80720 12 31236
767 73139 75169 30 15623
768 73184 75277 53 26725
769 73263 75166 66 138427
770 73325 75111 26 37081
771 73459 73555 63 5076
772 73637 79705 61 653478
773 73649 76654 68 103321
774 73691 75091 8 2212
775 73797 76401 138 346858
776 73834 76112 69 120715
777 73889 75588 57 25914
778 73903 74007 15 1858
779 73940 74614 86 36941
780 74029 77391 6 13007
781 74424 75724 43 22757
782 74429 77686 65 122523
783 74638 83858 28 98872
784 74941 76852 118 103934
785 74988 76646 123 261492
786 74993 77704 138 166855
787 75135 75704 147 77890
788 75177 78054 5 5760
789 75425 82118 5 5499
790 75920 83215 78 161008
791 76470 80468 5 8156
792 76593 77230 72 16058
793 76643 79382 49 50386
794 76671 77510 52 18122
795 76707 77938 47 24550
796 76847 77443 13 3285
797 77009 77913 124 162498
798 77141 80267 115 375097
799 77146 82345 130 304239
800 77256 78518 125 25448
801 77349 77387 113 1181
802 77397 86974 45 193272
803 77563 81013 29 34191
804 77572 79436 42 64944
805 77766 78549 7 2188
806 77958 86685 96 472704
807 78069 87506 7 43379
808 78161 78527 14 5876
809 78200 83030 30 69406
810 78316 79412 12 5486
811 78499 80741 23 39807
812 78675 80367 32 42016
813 78890 81696 33 35075
814 78925 81846 13 23578
815 79005 87824 43 89431
816 79070 81035 25 48502
817 79216 79623 6 1022
818 79256 82277 140 369013
819 79366 84194 93 113217
820 79612 80599 114 47046
821 79888 81316 78 51443
822 79952 82226 43 39670
823 80001 80167 91 9652
824 80081 81276 25 25228
825 80085 84093 148 416561
826 80103 83247 7 17482
827 80142 93430 34 148780
828 80218 87877 114 274219
829 80226 81264 8 8282
830 80309 85727 21 43408
831 80325 80622 64 21187
832 80347 80890 49 25271
833 80413 80466 21 519
834 80441 80662 8 777
835 80702 86509 73 374813
836 80798 82168 45 33255
837 81152 81338 52 10107
838 81293 82791 66 30501
839 81379 83520 41 40500
840 81542 82042 16 8357
841 81898 82773 34 10754
842 81918 82584 72 27061
843 81924 82324 77 6069
844 81991 90154 134 773496
845 82110 83643 11 3063
846 82282 83312 14 4134
847 82285 82351 7 118
848 82310 83446 14 4597
849 82411 84329 120 47399
850 82474 87705 54 70925
851 82594 93215 17 93732
852 82643 83232 95 31194
853 82711 87519 48 168200
854 82779 83196 68 14249
855 82799 88521 99 441296
856 82836 90406 36 180065
857 82913 89848 52 194211
858 82925 83952 102 47456
859 82932 87126 5 14055
860 82947 86546 16 7797
861 83128 85093 24 15591
862 83283 86948 137 251037
863 83319 86569 70 92757
864 83461 95150 120 333202
865 83604 84867 120 171674
866 83661 96673 25 113047
867 83790 85819 49 24149
868 83986 84369 57 9214
869 84015 84119 137 3138
870 84214 92053 5 15033
871 84338 85421 39 34171
872 84635 87774 84 115469
873 84655 86055 66 35460
874 84909 89369 8 14782
875 84968 85718 47 11866
876 85016 85433 11 4255
877 85027 86487 36 17387
878 85087 87604 29 29332
879 85134 92062 40 37662
880 85145 88455 93 363275
881 85147 87248 83 29507
882 85220 91923 107 537230
883 85484 88371 24 35773
884 85523 90693 134 235870
885 85569 87559 77 61947
886 85583 89098 43 91132
887 85588 89612 26 34235
888 85794 89174 9 19159
889 85887 92501 69 267299
890 85975 88643 12 19747
891 85976 93228 7 21094
892 86039 88216 53 62042
893 86218 89068 115 698129
894 86386 87796 102 138174
895 86467 96349 85 322594
896 86527 86920 125 29883
897 86675 88876 24 19421
898 86680 91464 70 72859
899 86819 90788 72 109103
900 86825 87812 81 55311
901 86908 92925 66 112800
902 86969 90919 94 91598
903 87071 90222 55 95987
904 87218 87273 64 959
905 87464 94555 78 185071
906 87495 87571 13 1495
907 87531 95719 39 177444
908 87543 91388 22 126136
909 87600 92065 24 76986
910 87927 92787 29 69560
911 88005 92544 55 50474
912 88013 89711 115 106454
913 88180 96767 32 287022
914 88242 95250 77 264737
915 88258 88292 91 1850
916 88392 95392 9 44228
917 88542 89396 7 1014
918 88685 92680 9 13922
919 88689 89342 32 17242
920 88715 92553 123 281852
921 88881 99773 33 189158
922 88988 90722 71 50549
923 89247 92645 6 11762
924 89330 90688 134 133249
925 89334 93063 135 97581
926 89386 90535 142 70153
927 89639 89702 41 1377
928 89684 90703 32 27889
929 89957 98791 14 24761
930 89986 98523 62 139278
931 89989 97248 5 26954
932 90144 92851 11 6926
933 90238 95537 46 219391
934 90247 90534 62 2461
935 90337 93269 16 52061
936 90377 97741 44 52904
937 90378 94830 10 16693
938 90403 92716 13 15897
939 90530 91790 49 82287
940 90716 91972 67 36639
941 90842 92481 49 87046
942 90848 93738 85 44103
943 90894 97902 22 96764
944 90967 95656 11 16441
945 91182 91994 21 7105
946 91189 92191 113 70065
947 91267 97072 120 360786
948 91268 93874 111 227986
949 91329 95031 126 202255
950 91615 92581 26 9906
951 91800 96057 59 235396
952 92111 92133 23 448
953 92145 93952 127 58438
954 92204 94695 47 63807
955 92326 92877 9 3305
956 92396 94345 25 32329
957 92415 94622 42 55732
958 92454 94541 75 79856
959 92632 93155 6 2238
960 92773 99076 68 241380
961 93101 95159 120 162492
962 93152 94762 25 20044
963 93156 94352 19 18105
964 93301 93661 119 41575
965 93379 95956 119 231805
966 93486 95566 53 35936
967 93655 98151 14 32306
968 93729 98207 77 35404
969 93778 95154 128 168882
970 93892 96915 142 192376
971 94050 95198 24 20900
972 94145 95412 63 68529
973 94219 98377 104 132877
974 94660 96232 137 105176
975 94688 99034 25 93934
976 94794 95264 5 841
977 94893 95344 93 23278
978 94931 97872 17 24756
979 94965 95369 5 2335
980 95243 96747 4 2456
981 95273 99559 20 12965
982 95353 98522 120 146290
983 95402 97298 27 13768
984 95584 95673 97 4923
985 95666 98010 46 58211
986 95912 99036 96 131519
987 96661 97278 14 12286
988 96749 98659 30 15206
989 96755 99354 32 110956
990 97052 97429 49 28221
991 97149 99169 7 22018
992 97306 97736 47 15948
993 98059 99303 86 47617
994 98188 99257 37 9687
995 98319 98824 103 17073
996 98422 98934 9 834
997 98501 99204 17 3311
998 98680 98944 79 6878
999 99210 99628 52 26780
