50 1000 0.031
...#...##..##...#.###..#####.##...................
..##....#..##.####..####.####.#.............###.#.
.##.........#.#.#.#######.##..##...##.......##..##
.#.##......#.....##...##..#..##...##...########.##
#..#####.###......##...##.#....##.#####.####.#.###
####.###.####..#.......##.......#.##..#.#.###...##
.#..#.##......#.#.#.....#..#.....##..###...#...##.
.#......#....##.#.#####...###.#.....##......##....
..#.##..##..###..##..####.##..###.##...##...###...
.####........##.####.#..##..#####.###..#..#..#....
..##.....######.....##.#.#...#.#.......#.##.#...##
........###...##########....#..........###..#....#
............#.##..#..#.#...##...........#...#.#.##
...........##..##....##.....#.......###.......####
.##................#.##...#####......#.........##.
...............###.#.....###.##......##...........
..............#######..###.##................#....
.####.#.........###.##.##.##.........##......#.#..
.##...#...........#.####..............#...######.#
.#..#.#...#.......#.##..........##..........#..#.#
....##.#.###.###....#...........#...........#.###.
#...#.####.####.......#####..##.##...#............
..#.###....##..#.......##...###.#....#............
.####...#.....##.......##...#.#.#.......#.........
..#.....#......####....#.##....##.....####........
..####.###....###.#....##.....#.......#...........
...####.#...##..#........#...........#............
....##.........##......#.#......#...###.........##
#.#.#........#.###.....#####.....##....####..#..#.
#.#.#........#.###....#.##.......##.......#..##.#.
######.........####...#.#......####.......#.####.#
.##..###......#.#...###.....#...###.....###.##.##.
#####.##.....##.....#.####.#...##........##.#..#..
.#.#..###..#.#.###....#.####............###.......
###.....#.......#....##..#.#.............#..###...
..##.#.##..............####....#.........#..#####.
.#..##.##...#.....##....###....##........#####..#.
#...#......###.....####..#.....###.....###.###.###
#.####....##.##.#.##.#.................##.......##
#.#.##.....#.#.######.#.................##......##
..####..####...#....#.#.....#.........###.......##
##.#.####..##..##.###......##...###.##............
###.#..##.......###.#........######..#............
..#........................#.###..................
..#..#.####........###....##.#..#................#
....###.##..###....####....#.....#......##...##..#
..#..#..###.####..#..##..........#.....#.#..##.###
###..#.#..#########......#.....#.###.....#.##..##.
..#...##..##..##.#.......#....#######.####..###.#.
.....#..........#..........#....#####...#.##..#.##
0 45 2239 98 93517
1 102 4589 128 297024
2 196 3221 16 15436
3 368 6725 26 101055
4 385 878 113 10393
5 489 1778 34 18833
6 628 2159 77 52361
7 670 10955 25 98448
8 717 2288 8 7933
9 785 11752 10 24204
10 816 8399 17 55324
11 839 2094 107 41474
12 897 9654 142 1526912
13 995 9377 106 239623
14 1250 5576 92 84567
15 1375 4248 110 178307
16 1472 2103 109 115874
17 1659 2621 10 5519
18 1716 11437 11 54713
19 1763 4412 96 118856
20 1850 8290 17 41177
21 2089 8716 143 248411
22 2210 34715 21 462268
23 2369 2769 89 13154
24 2482 3136 38 18577
25 2489 12708 125 2091952
26 2681 6372 92 165300
27 2753 5609 24 33179
28 3070 8965 71 188526
29 3206 3728 112 19123
30 3215 9145 115 294055
31 3313 3807 38 7858
32 3636 16261 16 52200
33 3731 8569 74 99506
34 3742 7459 59 54864
35 3752 12166 74 226595
36 3758 6911 92 80157
37 3897 8058 13 37448
38 4022 4724 7 1681
39 4106 8117 16 15742
40 4490 21917 63 523659
41 4515 6098 31 35491
42 4566 5127 111 35543
43 4704 4726 118 1223
44 4715 4773 92 1723
45 4750 13296 29 157179
46 4769 21979 101 374054
47 4881 13909 58 596261
48 5131 6193 23 7460
49 5391 5634 75 37760
50 5409 22685 19 258363
51 5673 24096 38 523670
52 5790 16090 35 242857
53 5862 7903 96 55981
54 5866 9791 5 39349
55 5909 13568 125 399722
56 5912 15381 119 490735
57 5932 8273 8 7319
58 6096 25495 15 94804
59 6293 11912 32 47356
60 6302 8338 11 9248
61 6330 8115 36 19642
62 6358 7534 36 17290
63 6485 6816 113 31647
64 6618 7271 62 11055
65 6674 13935 21 31317
66 6676 10306 105 68494
67 6904 7900 113 36039
68 7017 11354 11 18413
69 7118 18051 29 42133
70 7125 13853 134 220124
71 7190 15865 112 1195942
72 7208 10088 92 104171
73 7210 16729 17 58960
74 7268 14295 15 85141
75 7474 7501 135 4673
76 7558 10295 15 24560
77 7559 9257 70 53460
78 7656 12466 68 72264
79 7687 11602 140 122068
80 7851 9001 100 37842
81 7880 12871 6 8524
82 7936 22915 22 92051
83 7944 16965 106 370683
84 7984 12019 25 87500
85 8302 14632 31 116705
86 8393 21027 38 146740
87 8563 11754 107 225529
88 8567 10990 9 10053
89 8812 10350 58 53946
90 8947 9031 130 4291
91 9116 25096 17 176909
92 9128 9889 78 60810
93 9141 14328 42 120490
94 9488 14099 98 189678
95 9707 19663 123 412584
96 9730 14745 25 58567
97 9764 11604 136 111076
98 9815 22205 5 17449
99 9836 11378 34 39439
100 9862 10039 48 3731
101 9896 22300 31 203956
102 9983 16402 7 6710
103 10129 12106 53 31065
104 10197 17733 59 242794
105 10373 12368 19 13969
106 10420 10887 48 18000
107 10501 13300 56 151235
108 10641 19552 53 137846
109 10672 25351 28 208603
110 10831 12978 102 426049
111 10999 14077 146 257318
112 11073 21389 54 435504
113 11156 12041 15 4026
114 11241 11286 50 1657
115 11290 14118 117 141360
116 11346 12129 83 42307
117 11449 36625 106 227898
118 11459 29727 40 315279
119 11738 30273 5 8890
120 12324 19456 149 335980
121 12500 23853 32 223593
122 12674 42055 82 329261
123 12798 13565 126 68720
124 12800 17503 58 89042
125 12888 13319 9 1652
126 13082 21577 46 148869
127 13103 15310 93 169407
128 13157 13601 43 15545
129 13338 21673 16 101677
130 13409 36205 39 256222
131 13522 16359 61 80638
132 13535 15649 78 181345
133 13657 28545 101 581194
134 13872 14041 72 7217
135 13889 21359 30 77668
136 13896 21846 34 128525
137 13910 19201 11 25013
138 13994 27958 139 622677
139 14027 36180 34 618287
140 14178 28342 12 49413
141 14420 16782 57 154486
142 14575 16522 15 16644
143 14576 22478 137 267562
144 14599 16620 122 131745
145 14709 14839 72 3591
146 14788 16367 13 16029
147 14823 15691 22 17748
148 15060 22784 120 372205
149 15127 24473 74 217012
150 15249 23362 28 55594
151 15524 15663 5 246
152 15573 46214 66 457009
153 15604 17166 24 17569
154 15669 19737 60 106018
155 15758 24077 10 27411
156 15912 16726 46 48701
157 15969 25859 75 183428
158 16104 16411 87 6697
159 16109 21250 7 6866
160 16165 21930 22 44001
161 16182 23935 89 334900
162 16323 23929 26 87493
163 16486 25446 59 195745
164 16624 22133 10 15783
165 17170 25258 147 1243081
166 17366 24296 4 13665
167 17420 24066 24 132615
168 17557 19089 59 94541
169 17596 18268 144 24813
170 17620 30884 64 405638
171 17728 22542 111 315864
172 17751 18338 44 17125
173 17808 19291 123 96058
174 18147 33170 56 644095
175 18286 26051 64 416034
176 18398 19428 52 46130
177 18491 20925 32 43697
178 18499 23804 74 77388
179 18525 24898 61 101227
180 18542 21921 73 141619
181 18825 21487 42 38690
182 19002 21303 49 56002
183 19018 24921 115 620413
184 19078 19776 48 14139
185 19134 41727 115 1084878
186 19245 20254 126 50800
187 19330 29821 8 16312
188 19401 21613 119 70000
189 19434 26220 60 77074
190 19458 21947 47 83009
191 19464 31623 14 43280
192 19666 24886 20 38069
193 19714 31375 137 1075288
194 19744 22736 102 106122
195 19814 25958 67 139589
196 19929 29517 9 29396
197 20089 20428 5 597
198 20125 23802 38 63842
199 20203 25234 10 28781
200 20205 20483 35 5888
201 20231 46318 57 1268720
202 20261 21961 104 51379
203 20263 24342 8 7476
204 20342 30850 42 272163
205 20415 20880 41 22544
206 20420 31897 38 387988
207 20467 21971 63 30274
208 20482 25249 54 100808
209 20525 21386 26 21478
210 20547 24764 35 97603
211 20567 20871 10 2857
212 20609 25932 21 33117
213 20745 27327 127 202058
214 20898 21882 147 74900
215 21014 28901 68 217615
216 21284 30997 44 98043
217 21387 30078 31 196505
218 21461 26296 37 46276
219 21581 22742 12 13819
220 21649 29913 10 29657
221 21684 34928 38 66276
222 21766 23266 116 110965
223 22008 22690 145 45003
224 22079 22429 36 4148
225 22260 34975 88 561502
226 22374 35833 76 1041859
227 22585 27176 108 127342
228 22655 27910 32 212724
229 22804 37674 79 138721
230 22974 39965 77 694430
231 23152 39693 129 2217330
232 23167 34932 10 34749
233 23252 33276 146 482537
234 23282 31005 64 128313
235 23548 25160 74 45140
236 23559 28805 106 83300
237 23919 26122 14 26455
238 23971 24594 15 5297
239 23983 26090 7 4849
240 24044 26176 107 81388
241 24093 24190 28 2468
242 24286 36161 11 42828
243 24392 35281 6 39320
244 24447 25902 81 83671
245 24503 35121 6 34870
246 24940 35694 101 140532
247 24967 31449 6 21383
248 25050 31157 36 324693
249 25055 29205 105 118941
250 25202 26899 126 67119
251 25247 36490 4 25901
252 25278 33716 145 226116
253 25434 27895 5 8452
254 25556 49849 101 1009922
255 25559 31614 78 889080
256 25662 42533 75 436952
257 25737 26431 104 40648
258 25843 38059 57 233623
259 25930 28591 26 43013
260 26005 26956 87 33268
261 26078 29232 8 4802
262 26262 28332 140 160300
263 27033 32524 45 133609
264 27065 30891 34 81389
265 27355 32701 131 374126
266 27410 39166 16 45691
267 27587 28625 17 7407
268 27644 29439 79 160285
269 27711 30909 41 166065
270 27836 29338 4 3699
271 27850 30261 38 43265
272 27908 30414 47 58924
273 27934 28707 29 5090
274 28003 36569 62 327727
275 28014 35576 17 25313
276 28037 30341 88 515580
277 28041 30150 40 44532
278 28215 29948 15 8557
279 28309 37829 96 282319
280 28329 29630 59 61388
281 28335 28588 11 812
282 28410 44053 127 476683
283 28444 29518 31 16607
284 28495 32825 95 83133
285 28657 31686 27 55439
286 28683 31951 5 10134
287 28785 29164 52 5954
288 28801 33469 79 558630
289 28870 33680 59 152453
290 28961 29303 57 16660
291 29156 32188 15 20083
292 29256 33405 101 128959
293 29293 33320 19 37856
294 29323 33560 50 58999
295 29345 32811 111 243224
296 29352 35900 68 150716
297 29356 29793 99 52650
298 29456 48300 81 525958
299 29577 30364 10 4035
300 29697 32556 6 2536
301 29911 36944 91 759050
302 29922 32939 76 134546
303 29996 38767 48 123285
304 30218 33336 93 173746
305 30277 33483 104 84663
306 30400 33839 50 36865
307 30429 34092 105 69571
308 30521 37705 55 132437
309 30729 41396 16 59028
310 30766 31906 109 49367
311 30805 38667 59 237540
312 30906 31378 51 19516
313 30982 32312 103 39346
314 31036 34245 109 183687
315 31113 31979 92 47946
316 31151 31474 5 1150
317 31236 35090 90 101038
318 31552 34336 69 238669
319 31685 40499 101 163577
320 31689 35929 148 262549
321 31821 44130 59 633573
322 31846 36463 121 159392
323 31973 45183 148 489094
324 31998 60719 123 512956
325 32156 41335 105 189471
326 32240 37590 20 41939
327 32251 47815 13 84817
328 32285 35417 78 157483
329 32291 35411 11 5301
330 32530 32862 23 2269
331 32572 33728 57 72436
332 32678 47351 140 906179
333 32801 44139 11 63754
334 32871 47090 57 571260
335 32912 46285 72 232973
336 32957 38428 9 39607
337 33017 38143 133 238174
338 33068 36715 4 5574
339 33115 35918 131 69923
340 33162 42685 58 176917
341 33208 50351 45 474048
342 33251 36310 49 76498
343 33348 37450 131 154684
344 33481 37310 12 25235
345 33487 35531 118 153491
346 33495 35618 79 46449
347 33499 40439 121 375034
348 33519 47601 30 133907
349 33709 36624 139 46166
350 33845 37267 11 8693
351 33859 42532 10 39891
352 33868 37907 9 21071
353 33877 34837 68 11306
354 33888 41844 14 45397
355 34002 49677 95 1643195
356 34088 35452 123 66678
357 34174 42285 13 61174
358 34216 34529 53 6235
359 34244 46532 65 184474
360 34267 44199 36 74091
361 34480 41363 144 600883
362 34486 35734 6 1117
363 34502 36026 40 46609
364 34515 39691 17 260672
365 34612 36660 16 23857
366 34624 36016 92 60736
367 34635 43034 67 433934
368 34650 36168 5 637
369 34720 44827 16 79770
370 34783 35970 15 10846
371 34811 43239 33 63388
372 34853 48999 82 749855
373 34855 49730 20 50124
374 35069 48882 52 495298
375 35118 53842 77 1187430
376 35185 38223 70 70525
377 35290 44924 50 184973
378 35613 45609 64 138926
379 35635 38137 24 27237
380 35950 38613 132 133683
381 35978 47592 67 157703
382 35982 37248 36 24038
383 36050 49169 7 48181
384 36314 36695 56 5286
385 36350 37256 109 158669
386 36382 42003 24 105621
387 36453 44724 8 46152
388 36535 38493 20 13221
389 36604 36765 126 3750
390 36607 52987 14 86934
391 36744 43926 14 56991
392 36936 38459 38 41206
393 36939 44705 140 327695
394 36997 37138 19 2147
395 37386 45569 22 46047
396 37618 53658 51 164646
397 37661 54648 114 809167
398 37694 38805 54 18642
399 37971 43447 64 135947
400 38069 51440 35 270073
401 38211 39400 12 16631
402 38215 42780 138 483473
403 38218 40380 52 50579
404 38270 38456 14 1030
405 38283 43140 90 125599
406 38510 47889 72 613970
407 38548 51182 4 14942
408 38650 43275 87 400413
409 38776 47500 5 33765
410 38894 40943 135 89345
411 38924 41592 110 267354
412 39189 39286 31 3668
413 39223 40745 41 32853
414 39235 49394 22 177466
415 39293 40027 45 9063
416 39299 46159 49 162925
417 39317 40197 32 8823
418 39374 45726 127 353897
419 39627 41913 15 15976
420 39699 43197 34 190434
421 40130 42606 11 18922
422 40134 45655 113 113235
423 40271 48926 110 618715
424 40330 40784 66 20094
425 40438 47210 51 295853
426 40463 55652 122 1258185
427 40468 44549 105 158439
428 40577 44237 86 252522
429 40613 48371 7 21955
430 40633 41327 79 44950
431 40697 42272 93 56650
432 40726 44125 142 188225
433 40774 41620 41 29921
434 40902 44639 22 45589
435 41208 47685 123 176701
436 41314 41775 70 24046
437 41341 56560 61 468610
438 41514 50714 134 373180
439 41532 44005 7 7056
440 41610 56016 94 287427
441 41681 43894 61 48883
442 41762 49649 26 45289
443 41855 43786 109 139951
444 42067 49541 72 179397
445 42544 46618 28 52179
446 42586 43358 94 20177
447 42674 62489 53 890043
448 42829 47745 25 41703
449 42887 47939 40 34216
450 43047 43098 72 936
451 43097 46592 119 287850
452 43191 43393 14 885
453 43198 45315 149 256834
454 43375 52659 25 85052
455 43380 47401 48 71145
456 43516 44488 19 3991
457 43668 44182 22 11929
458 43749 55937 13 46584
459 43763 46376 46 76426
460 43770 45278 5 3315
461 43798 44823 21 9504
462 43899 45462 133 96727
463 43903 44651 30 9755
464 43914 45115 27 18096
465 43946 44878 117 29819
466 43968 48468 39 22716
467 44145 44883 69 10802
468 44323 52678 13 62628
469 44472 45567 12 10464
470 44646 53798 10 24781
471 44853 46322 40 14699
472 45050 55667 49 133124
473 45132 50725 123 236590
474 45166 50125 4 3679
475 45180 56997 18 99191
476 45381 47951 4 9548
477 45424 54124 29 114159
478 45532 49492 15 17806
479 45617 63789 71 201155
480 45652 64046 62 741401
481 45763 48613 17 20009
482 45868 47339 109 45976
483 45894 54262 48 120047
484 45925 49722 6 5197
485 46083 49218 63 38903
486 46271 56517 64 301622
487 46461 46942 60 12072
488 46952 54842 6 8790
489 46980 59013 84 742114
490 47414 54986 12 57374
491 47444 62357 20 77048
492 47515 51301 72 74168
493 47531 49620 31 104352
494 47634 48611 72 31427
495 47638 64133 104 802518
496 47683 56404 6 10496
497 47875 59559 5 18706
498 48019 57429 21 200685
499 48048 53737 73 182799
500 48082 48996 10 5534
501 48101 57099 85 370950
502 48138 48693 80 37825
503 48197 48251 88 4794
504 48237 53001 19 84468
505 48359 48580 106 20181
506 48404 66051 89 956215
507 48499 55642 4 4680
508 48555 50310 43 93091
509 48558 56371 69 93172
510 48625 68943 142 789387
511 48752 50212 10 10200
512 48891 49270 141 23561
513 49128 50329 131 146484
514 49149 63804 42 172253
515 49161 55538 11 12217
516 49329 58362 101 752911
517 49348 53806 134 306645
518 49353 56634 144 330087
519 49464 54324 78 177637
520 49579 50239 119 24619
521 49676 63367 34 382120
522 49792 50472 46 25619
523 49882 57071 5 10185
524 50017 64851 77 723399
525 50027 55392 13 42645
526 50028 61998 6 11732
527 50044 61505 111 593837
528 50176 52898 55 107669
529 50384 65624 87 477090
530 50413 65339 11 87393
531 50512 56940 38 259791
532 50770 54295 16 16648
533 50776 52786 82 147085
534 50884 54279 106 258469
535 50930 56178 81 214068
536 51063 53558 107 213929
537 51078 51680 4 947
538 51144 54535 149 846482
539 51164 54569 38 136004
540 51330 65474 126 541758
541 51345 57340 66 106828
542 51359 55301 99 285349
543 51554 80489 5 110716
544 51600 57235 114 259404
545 51646 66327 14 124931
546 51652 65023 29 74325
547 51798 61002 55 310157
548 51941 62691 4 15773
549 52184 52975 52 8347
550 52221 85777 61 1053390
551 52255 57866 55 166237
552 52300 53782 99 35247
553 52348 60190 53 98972
554 52582 54518 60 64469
555 52628 54912 123 162034
556 52695 54654 83 46481
557 52765 53552 135 103444
558 52777 54388 128 79040
559 52833 58626 27 117149
560 52836 56773 7 11360
561 53108 62002 95 173849
562 53140 58012 39 70809
563 53224 54643 59 21212
564 53420 57058 5 8894
565 53425 56406 5 12507
566 53438 55315 101 195619
567 53536 61907 142 262319
568 53776 55789 76 43850
569 53950 58211 40 98388
570 54066 56872 8 7325
571 54077 55566 109 91553
572 54117 54951 47 34680
573 54255 58005 20 88336
574 54269 60517 80 245354
575 54333 57466 26 20044
576 54407 58541 55 150713
577 54486 59306 74 64477
578 54497 61920 16 60557
579 54758 57072 132 154945
580 54806 82863 20 633104
581 54866 68607 31 235406
582 55009 57902 4 5496
583 55037 69803 27 183383
584 55098 75441 96 1003394
585 55144 56513 61 83951
586 55194 60134 14 70379
587 55323 58803 19 25643
588 55426 59737 35 118598
589 55484 68643 70 218151
590 55731 62790 120 631725
591 55834 57259 132 40350
592 56050 58616 84 120235
593 56076 56721 16 6679
594 56167 60371 117 82788
595 56216 59203 68 38220
596 56302 64079 39 83032
597 56401 65190 11 26465
598 56453 58006 126 75750
599 56554 56709 29 2124
600 56702 58788 61 62596
601 56804 60330 10 18882
602 57362 58891 36 29264
603 57665 58008 49 5036
604 57755 63644 46 418832
605 57988 81313 44 449193
606 58047 61575 75 112052
607 58053 62163 132 181135
608 58151 69346 79 244830
609 58191 58724 140 7062
610 58341 61434 5 3993
611 58432 64521 16 46431
612 58465 62413 70 122197
613 58479 61004 47 13121
614 58714 66497 66 247089
615 58923 61271 48 98745
616 59044 63666 14 51876
617 59081 61530 54 71630
618 59108 73274 8 80703
619 59209 59669 17 2962
620 59296 73019 19 39451
621 59313 74757 92 335394
622 59385 68715 116 690630
623 59444 72325 60 192826
624 59507 66175 11 58484
625 59579 65192 25 31097
626 59603 67431 4 59916
627 59663 62998 70 78197
628 59691 63125 14 16127
629 59742 67607 69 217319
630 59984 64226 44 70409
631 60020 77418 123 1278376
632 60101 62450 84 103548
633 60174 73587 55 524018
634 60489 61879 40 34712
635 60492 63783 39 33164
636 60525 63249 22 24581
637 60549 68541 123 407622
638 60737 70146 6 22214
639 60843 76052 36 182953
640 60885 66018 84 188937
641 60890 64561 129 472566
642 61241 61389 13 1246
643 61249 73981 107 717739
644 61388 76671 60 293925
645 61392 83959 110 1312433
646 61447 63211 17 37224
647 61586 94323 67 880661
648 61613 65633 75 188711
649 61615 66169 49 101142
650 61752 67911 24 43760
651 61859 71150 24 43412
652 61896 64866 58 106204
653 61908 76859 72 410507
654 62052 62141 21 2928
655 62155 69937 40 92832
656 62364 62596 27 3981
657 62368 65066 114 318389
658 62688 68187 98 409867
659 62855 72022 15 37581
660 63009 65416 10 12218
661 63072 90681 69 455101
662 63127 68506 87 276036
663 63184 64567 126 45374
664 63205 65019 142 92021
665 63370 68249 8 22643
666 63373 67637 14 25389
667 63389 75165 7 63962
668 63465 75454 48 187962
669 63614 75660 113 478394
670 63946 71137 97 320076
671 64032 74001 69 120954
672 64137 66126 109 71934
673 64141 80741 6 34585
674 64229 74541 39 283099
675 64407 71585 130 655530
676 64458 76101 142 314608
677 64580 67770 8 19660
678 64598 81226 37 599315
679 64677 68096 131 149075
680 64984 68253 133 187656
681 65181 65973 97 38746
682 65233 73514 19 120514
683 65242 66550 16 9007
684 65337 66317 42 15583
685 65349 75032 56 179350
686 65589 66155 110 20407
687 65637 82494 31 368325
688 65718 66080 23 8951
689 65751 78321 16 33308
690 66015 74953 91 654124
691 66096 79351 55 161159
692 66113 66690 47 5640
693 66422 67067 12 9064
694 66489 69657 5 8149
695 66508 75856 92 632406
696 66521 91373 71 625315
697 66577 66710 135 11071
698 66730 67581 31 8559
699 67047 67356 48 12093
700 67262 67684 107 7615
701 67276 67426 25 3243
702 67332 71222 128 463365
703 67357 75921 7 24497
704 67358 68007 6 2951
705 67394 68977 4 4556
706 67450 71890 22 35762
707 67603 77610 104 1421912
708 67619 70527 117 109343
709 67652 69515 61 120560
710 67761 70690 66 166128
711 67883 71360 64 260008
712 67897 68962 40 14279
713 67964 74268 12 27815
714 67968 68663 72 35508
715 68706 81288 32 227598
716 68797 77300 20 71579
717 68818 87668 52 616707
718 68918 71007 92 50271
719 69066 80211 32 197630
720 69196 70967 18 19517
721 69242 70129 31 22316
722 69319 71952 73 67252
723 69452 73034 27 37169
724 69663 75749 23 76180
725 69725 72586 66 49806
726 69733 72101 74 200321
727 69793 71304 43 35637
728 69915 78282 78 355601
729 70078 73777 23 40023
730 70142 71252 79 42075
731 70183 70321 113 11822
732 70185 73048 49 92510
733 70197 72571 24 21554
734 70283 74090 5 14758
735 70333 71771 5 4139
736 70346 70839 19 8072
737 70470 72845 61 30381
738 70686 74587 53 188545
739 70715 74514 7 9304
740 70917 72583 23 30999
741 70970 72598 116 117391
742 71032 71546 20 2658
743 71177 82999 114 956563
744 71319 72872 99 30705
745 71336 73867 136 107205
746 71376 76324 5 5878
747 71527 71843 51 10151
748 71589 76029 62 174793
749 71618 76189 22 50490
750 71631 78162 76 249299
751 71708 75765 18 43639
752 71723 80329 132 354544
753 71753 73529 136 147612
754 71774 72350 47 7604
755 72009 72966 14 8825
756 72127 77541 11 24975
757 72136 73579 118 226671
758 72201 77805 8 16150
759 72516 87061 35 253246
760 72680 77273 25 63646
761 72768 73640 49 34831
762 72897 85424 144 643147
763 73066 74427 61 36944
764 73126 76969 116 170725
765 73129 78671 41 52242
766 73151 79247 33 236669
767 73226 76084 5 5859
768 73271 76417 28 74825
769 73367 81416 10 43613
770 73454 73982 57 17247
771 73615 77262 32 24797
772 73702 80095 27 77508
773 73854 78787 7 8794
774 73873 84488 77 198270
775 73874 77918 40 74939
776 73939 80696 10 31049
777 73952 85914 12 66203
778 73989 80898 19 140111
779 74205 93865 11 73737
780 74333 99656 93 589792
781 74493 75498 4 2838
782 74641 82217 135 358445
783 74716 75029 75 7471
784 74721 78772 114 95808
785 74750 80624 4 11550
786 74853 80130 26 44875
787 74935 76327 94 64791
788 75047 75854 84 13369
789 75108 75407 61 3539
790 75259 76022 6 3384
791 75332 78070 36 35069
792 75380 96964 97 403613
793 75422 84366 20 60275
794 75440 76465 47 13867
795 75472 78674 61 194950
796 75474 75790 32 12146
797 75546 76895 33 33955
798 75683 81053 93 138422
799 75757 88758 18 105372
800 75837 78657 6 5481
801 76033 78417 39 33961
802 76063 77010 111 83188
803 76172 82100 62 90395
804 76197 81819 20 32627
805 76379 81633 65 197348
806 76508 89494 34 119972
807 76522 79715 145 95152
808 76750 79710 46 30960
809 76911 78607 22 19372
810 77111 80271 33 31003
811 77172 92114 6 19744
812 77313 79764 88 43746
813 77426 78687 42 37851
814 77977 97427 10 34954
815 78127 80145 114 89218
816 78167 89311 10 48084
817 78211 84647 97 269124
818 78261 83351 140 227204
819 78266 81769 30 36532
820 78277 86182 86 253947
821 78279 79700 4 4158
822 78351 82005 20 32983
823 78352 79241 16 6906
824 78531 83425 140 476825
825 78574 80091 4 3183
826 78584 82779 65 330974
827 78711 84971 52 68846
828 78987 81187 134 113379
829 79191 80423 77 51963
830 79219 88909 93 439233
831 79465 80202 5 1968
832 79583 80556 93 98522
833 79606 90658 124 973563
834 79621 81927 9 3463
835 79727 85364 60 294301
836 80035 82420 23 51894
837 80102 87974 13 31809
838 80141 81669 36 28955
839 80155 80919 9 5893
840 80301 86320 130 717881
841 80339 82187 24 7658
842 80414 80673 78 9286
843 80470 82402 61 69549
844 80719 84431 48 95622
845 80754 91678 46 214714
846 80775 81947 83 46207
847 81038 84778 99 355492
848 81054 91971 22 59247
849 81160 84687 82 180326
850 81268 91029 30 164810
851 81425 86709 4 13234
852 81510 85553 22 55113
853 81577 93796 116 159828
854 81629 86540 55 93056
855 81901 85630 12 9668
856 81950 82468 124 21056
857 81968 95007 43 339937
858 81976 90743 54 275943
859 82021 82823 141 56913
860 82046 84116 15 24937
861 82336 87002 67 225464
862 82405 85847 72 145980
863 82416 92796 53 141344
864 82487 91122 19 45813
865 82899 83345 90 32844
866 82965 83483 7 3344
867 82993 88100 83 131617
868 82998 84801 25 34911
869 83045 86369 26 110014
870 83113 86198 17 45251
871 83200 95301 16 65301
872 83384 86197 14 19014
873 83389 84016 16 6824
874 83402 88344 72 128490
875 83479 91328 5 10650
876 83505 84979 28 30500
877 83516 96321 21 123662
878 83583 88725 39 59699
879 83666 94504 36 272572
880 83677 99484 7 79251
881 83995 85480 128 76029
882 84077 87690 7 15704
883 84157 90691 84 206166
884 84234 90399 10 43091
885 84325 88069 70 232625
886 84516 85206 95 31207
887 84527 92275 122 603827
888 84593 87190 16 7710
889 84606 88136 43 46007
890 84727 85623 73 43932
891 85093 86195 21 12979
892 85162 86273 14 13487
893 85212 88397 137 216713
894 85280 86928 111 87258
895 85395 88652 11 23437
896 85515 86385 79 19337
897 85729 90022 57 105240
898 86032 98300 14 81541
899 86072 87007 15 4164
900 86249 86830 45 14427
901 86328 87211 22 12324
902 86425 87914 21 9709
903 86441 87447 68 13900
904 86545 96423 16 81423
905 86563 95189 125 250293
906 86638 90130 94 277064
907 86647 95745 104 724716
908 86730 90023 5 12026
909 86853 88582 129 133953
910 86970 89256 105 60892
911 87133 97640 130 670231
912 87135 87541 30 6762
913 87240 87951 19 6520
914 87380 89591 140 251290
915 87583 95213 11 37194
916 87984 89147 105 68846
917 87988 93885 82 100086
918 87994 91909 58 147393
919 88006 90791 39 45144
920 88010 91126 106 149005
921 88192 90163 61 91529
922 88541 89547 31 16827
923 88637 92030 61 65277
924 88904 93025 53 61152
925 88948 98650 134 148396
926 89028 91213 93 48574
927 89432 96279 29 141405
928 89484 99460 66 240107
929 89563 96464 89 507923
930 89757 91844 148 84794
931 89775 93053 32 32656
932 89849 92401 137 239111
933 89910 98798 21 126890
934 90004 95597 12 36940
935 90097 90532 83 17967
936 90114 99619 18 50154
937 90207 90866 69 32013
938 90241 95579 100 104855
939 90274 92129 53 60390
940 90301 90377 43 2818
941 90313 94127 44 137404
942 90477 92773 11 15305
943 90527 93279 71 56185
944 90699 91283 28 15256
945 90844 99411 63 120503
946 90852 97578 126 361360
947 90863 94475 47 63387
948 90931 92048 37 19724
949 90954 92231 10 10834
950 90992 91285 68 23701
951 91022 93297 6 4744
952 91030 93288 21 13117
953 91081 91661 27 8761
954 91095 91875 5 1794
955 91287 91724 5 1339
956 91396 97447 9 68009
957 91609 94204 52 20733
958 91721 94183 8 13279
959 92013 92599 78 49314
960 92432 95455 59 65775
961 92503 98703 29 93954
962 92515 92902 97 26880
963 92518 98182 67 106866
964 92577 94221 62 32541
965 92719 94640 116 97170
966 92736 99387 55 111565
967 92776 99587 71 667868
968 93221 93609 6 1798
969 93229 93397 9 873
970 93424 98505 56 96596
971 93452 97729 100 367076
972 93628 96472 25 17506
973 93704 95862 41 62025
974 93822 94614 44 20735
975 93887 95726 8 22285
976 93969 98029 9 31816
977 94180 98919 147 227023
978 94285 97226 16 13236
979 94648 96903 150 141032
980 95109 98926 32 37710
981 95309 97202 30 30666
982 95507 96746 8 5081
983 95645 96136 49 11970
984 95918 98538 149 57532
985 96119 98894 128 190823
986 96174 96685 7 4617
987 96201 98637 145 144977
988 96251 97646 75 40291
989 96661 98112 33 26162
990 96728 97959 49 25751
991 96885 97794 25 14809
992 96974 98169 6 1549
993 97216 97749 55 41668
994 97223 99774 5 6306
995 98508 99630 41 10796
996 98635 99316 47 26578
997 98652 99361 147 29983
998 98787 99297 45 14354
999 99012 99271 63 9154
