50 1000 0.010
...#.##......#.........##....##..###..............
##.###......##.....#..#.##...####..##.............
.##.##.......###..##.######.###....#..............
#.#.......##.##........#...####.....##...###...###
#...........####.#....##......#.##..............#.
###....###.....#.#....##......#..###.#..........##
#....####.....#.......##........#....#.......#####
#..#...###....#####.............######.#....##.##.
.......#.###..#................###..#..#....#.....
.......#.##.##.#......#.....#..#.......##..#......
..##.###..#.#..#.....###.####..#.....#####.#......
###...##.####....#.########.........###.####......
.##..#....##..#..####.....#.........#.###.........
####.##....#.###..###....###.......#####..........
...#......######..#.#.....#..........##.##....#.#.
......##..#####...#.....#.#..##....#..#.#..#..###.
......#####.######......###.##.....##....#.#####..
......##...##..##.......########..#.#...#####.....
..........##...##.........#......###....#.#.##....
...........#..#.#####...#.#.......#........####...
..............##.##.....###..###.###.......###....
...#...........#####....#.###########....###......
...#......#........##...####.###..####.....#..#...
...####..######...#####.#..##.##...#........###...
....###..#.####..#.#..####.....##.##.#.......##...
..##......##....##.#.#####......####.##...........
..##..##.............#...#....###.##.#............
...#..#..........#####..###..###...####........##.
...#.............##....###.....###.#...........###
................#####..##.....###............#####
................##..#..##.............####...##.##
..................#.###.#..............####.......
#...#...........#.###...................##........
##.###..##...####.#....................###........
###.#.#.##.####.#.....#...........................
.####.#.#...##.......##.............#.#...##....#.
...##...##..#...............###.....#.##..#..#..#.
...##.#.#..................####..######..#...#..#.
...####.....................#.#..#.#.#####.#.#.###
..#.#..........##..........##....#...#####.###....
..####..#......####.#....##.###.#.....#.#..#......
..#...###........##.......#.....#.................
......########..####.##....##.###..........###....
.......#..##....#.##..###.#####.##..#......#.##...
.......#...............##..##.##.#..##.......##...
......#................#....###..#...#........#...
...................#...#...##.....#.###........#..
..................##.##..#####...##..####.....##..
..........##.........###.##.#....#......#......#..
..........#...........##...##....#.....###.....###
0 49 1485 21 15198
1 89 5971 73 203580
2 332 3005 45 35255
3 487 6163 6 30849
4 546 1736 24 15167
5 575 2585 16 26208
6 621 2319 16 17411
7 656 2188 36 35159
8 662 4767 123 307333
9 673 6289 99 192738
10 1073 3652 37 153354
11 1334 4265 66 78173
12 1381 2123 7 3826
13 1440 1797 10 1586
14 1444 6084 115 288183
15 1576 1747 133 12100
16 1811 10033 20 41508
17 1895 5417 92 104634
18 1938 2982 54 31257
19 2082 4852 117 122287
20 2156 7033 74 58661
21 2276 4564 30 59080
22 2281 4190 133 42742
23 2335 4051 65 50205
24 2423 2588 22 1716
25 2430 8650 85 164402
26 2468 2734 101 16886
27 2489 10994 20 50057
28 2520 17320 123 397043
29 2631 8992 74 63732
30 2648 5544 104 88871
31 2692 3364 56 14236
32 2757 3940 30 19555
33 3047 7223 7 9238
34 3181 5284 33 36888
35 3195 6379 136 213456
36 3678 4626 86 77225
37 3695 5114 139 42965
38 3730 7053 64 75289
39 3842 7039 83 53227
40 3854 4467 51 34640
41 3907 5443 115 107056
42 3943 3988 111 4254
43 4283 13725 33 91707
44 4361 4935 43 12674
45 4422 4545 67 4459
46 4470 10164 30 51720
47 4574 5267 60 11538
48 4701 5457 74 47045
49 4716 7717 15 18293
50 4764 8745 100 259204
51 4805 5154 50 8185
52 4891 6886 81 68817
53 4911 5072 34 3808
54 5070 29279 96 600177
55 5096 6310 68 21818
56 5232 8299 53 56342
57 5521 9955 149 182078
58 5664 6603 13 4244
59 5919 9465 114 406245
60 5944 7209 47 12489
61 6010 10686 140 180633
62 6037 19028 126 279728
63 6075 7572 132 51231
64 6085 6490 22 5250
65 6097 7900 145 55805
66 6171 6191 134 2939
67 6239 8044 122 119646
68 6549 6958 29 11571
69 6575 12581 62 159285
70 6612 6619 48 244
71 6653 8252 11 3250
72 6668 13419 126 1799025
73 6675 21459 8 74518
74 6751 9372 89 144879
75 6908 7598 112 25061
76 6909 7691 62 14881
77 6997 16497 7 21446
78 7001 11424 47 78854
79 7224 11652 60 101320
80 7427 9121 17 16445
81 7466 11325 68 61785
82 7568 9394 14 10302
83 7663 9738 12 12940
84 7666 20765 15 17295
85 7676 12099 5 16300
86 8014 8213 41 2270
87 8019 11244 94 108379
88 8150 9653 9 13244
89 8215 8715 21 8180
90 8271 10919 131 166518
91 8418 14599 108 361836
92 8617 9053 131 29893
93 8655 11032 61 74072
94 8809 12394 46 63698
95 8831 12504 15 30620
96 8961 10129 18 7306
97 8976 9180 94 29122
98 9129 10548 40 93495
99 9175 9898 67 18898
100 9296 10981 41 37897
101 9341 10304 12 6887
102 9388 10257 125 75007
103 9660 11380 22 8596
104 9827 12270 40 43342
105 9859 18477 145 574721
106 9869 10384 34 14623
107 9991 24970 80 282051
108 10044 10646 95 21034
109 10183 11869 90 103182
110 10214 10724 32 7095
111 10221 17208 38 166947
112 10345 10846 18 3380
113 10360 15613 42 118476
114 10482 15888 123 511562
115 10519 30640 11 174016
116 10534 11779 9 4378
117 10571 18328 18 50264
118 10770 11111 28 8319
119 10776 12696 35 73160
120 10781 12602 86 120699
121 10908 16615 95 201460
122 11023 14016 54 75408
123 11048 14925 40 90200
124 11074 11628 19 23039
125 11186 15535 8 16466
126 11250 11571 28 4271
127 11367 18557 144 1606714
128 11492 19038 87 737999
129 11499 19691 52 119668
130 11550 12498 7 2436
131 11630 13420 46 80694
132 11675 16570 26 93039
133 11776 19270 110 342366
134 11937 12778 29 30595
135 12126 20892 140 746637
136 12292 13279 53 14890
137 12386 12613 19 2140
138 12406 14742 36 21004
139 12462 17737 21 12234
140 12877 15239 50 38466
141 12982 13079 128 5377
142 13202 18357 26 142719
143 13303 16223 147 212945
144 13356 24471 142 508069
145 13531 18210 21 21517
146 13555 14966 12 9581
147 13585 14916 6 3057
148 13598 16181 137 92046
149 14154 14205 24 813
150 14496 14586 51 3915
151 14562 17916 45 44132
152 14565 17118 84 78881
153 14591 28831 17 285089
154 14668 16382 36 16308
155 14712 19420 9 20231
156 14792 18404 95 484974
157 14807 23249 139 259342
158 14822 18858 139 340749
159 14898 19297 11 23996
160 15055 16810 55 13714
161 15068 15558 7 1146
162 15247 16820 8 10050
163 15260 17955 65 60363
164 15262 18176 132 164659
165 15361 15387 147 1635
166 15418 19242 6 24526
167 15595 17851 58 101230
168 15632 17524 5 4050
169 15673 18236 28 13467
170 15962 20505 84 196655
171 15966 18786 26 46232
172 16190 16294 12 1037
173 16241 17817 62 55336
174 16278 26263 57 339488
175 16451 19861 37 57532
176 16467 25213 76 184722
177 16611 26295 39 255404
178 16647 16845 93 14278
179 16698 23835 107 362285
180 16738 20088 149 227760
181 16748 17584 100 75277
182 17220 22008 41 118945
183 17279 17824 37 10060
184 17435 18160 23 9691
185 17653 19217 59 65350
186 17685 22167 20 26881
187 17718 23256 72 190158
188 17799 20463 43 55399
189 17818 18974 94 13387
190 17903 19123 101 49959
191 17932 24749 18 76558
192 18045 21759 25 38702
193 18321 19160 111 30227
194 18370 18630 104 6295
195 18461 21382 16 19924
196 18473 24904 36 148683
197 18538 26829 74 184220
198 18608 21081 10 11111
199 18677 19883 14 12620
200 18823 20157 49 18925
201 18857 19661 30 24504
202 18945 21027 43 29084
203 18965 21238 53 47452
204 19137 23229 4 13205
205 19167 19766 121 25892
206 19235 30425 79 197014
207 19296 20345 149 88038
208 19515 29447 18 69474
209 19656 22772 19 15840
210 19775 21737 47 44017
211 19838 20361 137 34476
212 19918 30798 25 125213
213 19923 20769 122 65753
214 20007 20788 144 20886
215 20118 20734 108 16251
216 20182 22263 45 49180
217 20192 21373 56 76002
218 20254 20935 24 8201
219 20357 21175 69 34518
220 20447 23810 17 34873
221 20452 28630 20 134473
222 20503 23178 76 173901
223 20659 23920 14 15424
224 20773 21048 138 28093
225 20793 24239 21 127521
226 20797 22353 82 23894
227 20845 24850 53 183431
228 20865 22187 124 115785
229 20927 21054 8 519
230 20995 22888 46 44284
231 21024 22938 16 7818
232 21099 21937 17 9678
233 21129 24361 132 587842
234 21172 24233 29 34261
235 21213 22546 24 22372
236 21549 23099 129 168920
237 21599 24443 45 92186
238 21627 21941 69 29275
239 21855 24537 26 19165
240 21865 25585 5 6192
241 21945 23656 10 11724
242 22003 23900 125 163279
243 22102 31855 145 674660
244 22135 25832 93 73983
245 22163 22182 127 1646
246 22245 28923 96 557444
247 22344 22609 8 3292
248 22377 29543 115 223273
249 22562 28061 9 24505
250 22817 26812 126 382270
251 22832 23664 17 5868
252 22867 24151 82 27732
253 22885 23379 125 16590
254 23114 25120 134 195837
255 23134 23601 55 5713
256 23282 27027 4 4067
257 23740 26401 36 68881
258 23879 25543 98 26528
259 23923 27632 148 222652
260 24050 27341 18 35993
261 24103 29068 27 26260
262 24191 29893 98 117350
263 24209 24500 52 13423
264 24261 24535 25 9492
265 24390 29821 103 66757
266 24614 31653 30 94634
267 24689 35210 4 12762
268 24763 32465 38 73253
269 24809 30594 35 67211
270 25015 28354 123 146355
271 25146 26002 89 33095
272 25190 25600 75 22897
273 25197 27172 47 57240
274 25219 25612 37 3543
275 25364 29197 56 120617
276 25429 29161 26 39149
277 25479 26473 70 60860
278 25522 34909 17 136722
279 25821 26101 10 3031
280 26220 29835 22 121877
281 26262 27683 109 55192
282 26303 31307 137 277572
283 26326 30986 61 219923
284 26359 31463 90 150171
285 26426 29195 134 189921
286 26463 36672 133 879476
287 26524 31803 129 378533
288 26603 37722 68 341415
289 26765 35073 91 252484
290 26911 28229 31 13642
291 27031 27546 22 4890
292 27036 29747 79 84866
293 27191 30492 44 96189
294 27360 28296 96 33960
295 27383 35626 9 15293
296 27416 29343 19 16853
297 27469 35160 10 26904
298 27729 30984 5 12771
299 27744 29448 57 9147
300 27833 31236 85 48391
301 27904 31559 39 62106
302 27948 31585 75 260784
303 28053 37814 47 201098
304 28109 30856 77 39525
305 28164 38601 134 680984
306 28311 28369 71 3306
307 28668 29624 30 13525
308 28671 32714 58 72419
309 28684 29756 17 19415
310 28922 29966 110 118567
311 29014 34027 115 81067
312 29070 32079 76 76840
313 29104 39701 86 596845
314 29230 29727 29 6226
315 29266 29767 61 11744
316 29270 31263 9 10482
317 29298 30762 14 18281
318 29488 31926 87 156594
319 29749 36791 85 169809
320 29817 32893 87 93653
321 29914 40234 140 340953
322 29928 32784 146 223721
323 29979 30550 114 92266
324 30049 33087 7 6552
325 30099 37052 93 87928
326 30181 35860 112 151463
327 30247 30499 52 15322
328 30255 30453 81 10380
329 30300 32583 17 27356
330 30325 30541 149 32378
331 30358 33334 12 11192
332 30462 36696 14 18360
333 30477 31906 65 39659
334 30582 30698 13 359
335 30824 35014 12 26312
336 30836 31869 51 47070
337 31126 32726 39 6050
338 31155 37376 6 9096
339 31256 32199 17 7242
340 31342 33086 113 93016
341 31385 32729 13 13889
342 31481 34444 93 212278
343 31527 31553 17 291
344 31556 33390 111 182514
345 31579 31580 84 51
346 31605 34052 8 13002
347 31610 33983 82 189892
348 31656 35203 121 148959
349 31728 32702 27 18967
350 31841 31939 29 997
351 31880 32426 79 29350
352 31882 35329 136 783423
353 31897 33100 45 21407
354 31984 34784 81 121281
355 32180 38453 131 425941
356 32324 37913 6 17636
357 32364 36024 129 180933
358 32395 32808 8 783
359 32584 49679 143 818624
360 32738 37430 46 51791
361 32743 36737 11 12119
362 32903 43330 89 515481
363 32967 34194 109 68439
364 32999 33112 127 17052
365 33003 34745 84 136874
366 33198 36978 71 191654
367 33203 33585 44 5996
368 33218 33553 76 14420
369 33265 37483 7 16869
370 33324 42089 36 207614
371 33447 35131 72 135347
372 33480 34831 104 19262
373 33498 40632 91 950225
374 33505 35180 91 113703
375 33746 34776 72 49309
376 33754 34295 52 18962
377 33812 38278 32 38232
378 34057 39980 18 213359
379 34374 35784 17 28983
380 34435 37533 99 37053
381 34537 35207 5 4693
382 34714 41109 11 19424
383 34781 36059 41 28027
384 34875 35416 8 3125
385 35035 39706 65 131914
386 35134 35393 106 13837
387 35280 39844 17 59016
388 35290 40738 105 169848
389 35404 38206 47 107104
390 35419 36243 26 11071
391 35441 39319 11 16720
392 35475 38471 134 127797
393 35632 43279 142 280481
394 35761 36918 52 15575
395 35923 46550 42 136683
396 36167 36917 102 28363
397 36276 37027 134 45106
398 36357 42590 112 359446
399 36394 36516 146 12373
400 36605 36658 33 839
401 36734 45738 10 28833
402 36757 37872 11 9588
403 36795 42979 30 190890
404 36861 40293 27 38741
405 36960 49803 69 278932
406 37208 43922 8 28002
407 37308 47335 147 722343
408 37351 43197 90 136832
409 37384 39725 66 142465
410 37394 38800 65 37687
411 37454 37923 29 7214
412 37864 39771 133 141446
413 37990 39699 28 7914
414 38591 41126 50 59000
415 38646 46016 5 44515
416 38677 42057 90 295398
417 38705 40740 10 10475
418 38799 45344 125 600714
419 38846 49358 26 213556
420 38914 41112 140 303453
421 38991 43918 85 221508
422 39028 44010 47 145427
423 39057 44820 100 86171
424 39143 43534 138 164171
425 39234 45182 126 245042
426 39264 43681 95 112585
427 39305 40097 104 39763
428 39433 39703 126 20650
429 39470 40509 43 24210
430 39709 40593 53 35264
431 39723 39876 5 1172
432 39764 49726 38 196516
433 39974 42944 131 92527
434 40029 41788 83 86888
435 40048 48261 36 173085
436 40078 40500 83 24409
437 40089 40625 30 15012
438 40439 44572 52 65028
439 40455 42705 109 61438
440 40547 54566 88 1051939
441 41033 47441 61 242141
442 41051 41294 100 16068
443 41103 48148 26 135982
444 41151 43997 109 141256
445 41229 41378 130 20768
446 41316 47766 53 95695
447 41322 41868 50 16823
448 41327 44497 54 83848
449 41339 49843 94 326231
450 41593 41846 17 8408
451 41719 57553 6 33208
452 41723 43817 20 20066
453 41757 47245 150 417129
454 41803 47649 5 6657
455 41808 44159 27 34518
456 41983 42418 20 9871
457 42323 42509 101 11323
458 42346 45607 133 196129
459 42388 55911 93 547503
460 42394 43196 76 27067
461 42529 43853 51 31989
462 42667 43153 124 52869
463 42720 43505 54 12335
464 42840 43697 36 12033
465 42888 43928 119 51572
466 43014 46534 4 4162
467 43400 49643 106 384442
468 43455 45710 29 16033
469 43473 46304 70 73899
470 43491 49185 129 273981
471 43593 44130 134 36028
472 43630 47890 10 15686
473 43698 44333 17 10631
474 43797 46396 144 189124
475 43812 46475 38 51795
476 44318 45800 4 1791
477 44634 45198 57 11784
478 44832 47381 51 34354
479 44969 47909 67 91494
480 45011 49386 63 158591
481 45029 46654 142 40354
482 45196 45863 14 1478
483 45428 54815 57 450308
484 45507 48378 57 78043
485 46179 48901 4 15936
486 46192 47216 48 30530
487 46302 46733 35 7878
488 46439 55382 112 544335
489 46449 47599 120 125527
490 46458 54231 138 571299
491 46618 48186 76 50273
492 46916 48147 40 20686
493 46990 54480 8 47867
494 47098 48417 80 51983
495 47103 53323 112 424868
496 47208 48735 19 18931
497 47368 53188 25 24306
498 47438 48658 48 32890
499 47507 50109 136 173688
500 47653 52232 29 26059
501 47667 50603 4 4546
502 47682 49569 72 36058
503 47839 51124 8 12521
504 47843 55798 11 22058
505 47859 51300 80 53156
506 47885 47988 30 2077
507 47919 62443 52 150060
508 48078 52829 119 309294
509 48295 65186 102 625845
510 48396 53203 12 23417
511 48559 49504 77 58259
512 48589 49268 69 61513
513 48631 51727 6 4279
514 48927 49571 96 65298
515 49202 53953 83 467375
516 49265 52836 12 34511
517 49267 50826 28 16578
518 49372 54012 46 220729
519 49437 49959 27 4900
520 49474 50546 65 36195
521 49527 51152 88 46085
522 49539 52441 144 248785
523 49701 55579 13 64318
524 49770 50056 57 4665
525 49889 50784 17 4385
526 50063 50973 89 66636
527 50500 51109 146 36310
528 50534 54008 71 135039
529 50540 54583 26 59926
530 50630 58746 123 327940
531 50788 59667 33 153752
532 50956 50968 13 56
533 51098 57252 105 136776
534 51287 52051 73 18391
535 51524 57293 18 10383
536 51571 55388 56 79536
537 51609 58057 17 66535
538 51720 58305 5 29975
539 51789 54241 101 49977
540 51871 53778 7 12213
541 51929 52458 25 11629
542 52011 54312 4 5577
543 52305 52504 61 7702
544 52426 66604 51 236072
545 52752 54105 54 19222
546 52843 60126 5 35643
547 53082 56856 104 481580
548 53117 53372 93 15263
549 53141 55487 75 89163
550 53157 53688 14 6511
551 53359 55913 70 85489
552 53561 53725 72 12682
553 53576 60667 25 88294
554 53696 55687 9 7304
555 53783 54742 86 51395
556 53794 57431 116 104846
557 53876 56997 42 108423
558 53878 56241 137 99342
559 53885 56988 59 61503
560 53922 67741 97 384378
561 54138 59542 16 42621
562 54254 59753 76 64562
563 54601 54858 124 28800
564 54606 57603 10 31305
565 54611 55900 114 76865
566 54630 55191 77 27967
567 54714 58337 35 33880
568 55244 61179 127 262200
569 55355 57676 146 338662
570 55380 56651 25 24730
571 55430 62941 116 232075
572 55514 55869 12 4832
573 55561 57538 9 9066
574 55568 59067 29 39330
575 55618 59411 29 23457
576 55918 60791 62 51389
577 55963 59395 26 30882
578 56174 59933 83 68776
579 56335 56879 64 11712
580 56359 56539 41 3230
581 56829 62426 83 156398
582 56852 57339 96 12735
583 56861 61760 116 278530
584 57105 68178 24 68430
585 57363 61836 7 29003
586 57485 63118 17 31071
587 57626 63101 20 36819
588 57714 59272 66 67060
589 57726 62169 43 107357
590 57746 60746 10 5971
591 57756 57887 60 13984
592 57783 63699 132 188500
593 57963 60341 130 232397
594 58032 64210 73 158407
595 58362 64417 38 55284
596 58457 58459 21 78
597 58484 63903 47 103805
598 58534 59555 21 12900
599 58579 64408 44 111994
600 58593 62060 82 59405
601 58701 60831 8 12038
602 58861 71428 10 158196
603 58925 61485 94 147201
604 58995 61368 61 19088
605 59188 78303 94 929392
606 59494 66336 107 235052
607 59521 62080 51 64655
608 59605 69922 63 433240
609 59655 69192 64 121403
610 59675 63556 82 263073
611 59715 70525 60 128766
612 59718 61590 49 38718
613 59757 61039 40 36924
614 59805 68164 18 56913
615 60002 61001 27 6609
616 60020 67402 57 211422
617 60067 65006 44 49212
618 60071 61181 6 1422
619 60178 71166 45 169723
620 60264 62146 68 68569
621 60526 61761 91 98041
622 60598 64304 5 6376
623 60673 62491 11 18538
624 60872 60916 78 1963
625 60894 61564 135 31941
626 60897 61680 39 40141
627 60926 62194 111 51990
628 61016 62224 109 22726
629 61193 62568 109 96901
630 61299 61962 41 36275
631 61568 62417 10 10818
632 61576 62132 38 8134
633 61585 62219 35 12388
634 61696 62408 42 12621
635 61978 63555 32 42240
636 62040 62556 42 14654
637 62049 62096 78 10433
638 62193 62489 67 10995
639 62216 63553 48 20086
640 62339 62554 144 12396
641 62389 64360 92 36492
642 62397 66347 7 7436
643 62436 64081 59 92605
644 62612 67246 75 501015
645 62741 63973 88 59744
646 62832 64800 103 102158
647 63019 68681 115 386765
648 63066 69971 66 221744
649 63303 63518 109 9673
650 63328 74464 144 412612
651 63331 70443 61 231662
652 63396 64964 67 57450
653 63430 64466 68 54732
654 63647 70332 40 297565
655 63665 64716 20 7646
656 63816 64697 39 23938
657 63821 69145 74 209641
658 63849 66545 146 181947
659 64108 64888 65 20970
660 64161 73105 54 147594
661 64239 65881 82 38172
662 64301 67484 9 55723
663 64303 65643 16 6346
664 64345 65373 22 38705
665 64374 65513 142 74676
666 64504 68199 34 40497
667 64703 70091 20 30238
668 64713 72221 64 173588
669 64758 66742 148 262477
670 64824 67448 11 8547
671 64834 67760 132 195447
672 64868 67507 26 9991
673 64890 67724 35 50590
674 64975 67513 66 66493
675 65065 69634 39 113034
676 65155 66618 9 5213
677 65214 66850 4 4727
678 65346 68195 48 40189
679 65374 69136 7 10381
680 65422 67650 5 5053
681 65587 70445 68 153106
682 65627 65634 6 23
683 65756 65811 7 242
684 65928 66111 27 3010
685 66139 68248 114 65286
686 66172 69923 63 96776
687 66302 66703 7 1259
688 66324 72907 21 43821
689 66421 78203 53 117936
690 66440 70363 83 87289
691 66523 67613 108 31879
692 66529 67185 10 4516
693 66587 69398 41 93848
694 66644 76303 63 244870
695 66649 72526 60 201940
696 66699 70378 114 113696
697 66724 69371 21 31394
698 66769 69666 24 50331
699 66920 71396 141 344859
700 67158 76186 6 52774
701 67488 71414 6 7427
702 67644 67930 18 4307
703 67672 72275 17 43965
704 67882 76222 58 317742
705 67901 75668 145 507278
706 67948 68234 108 10103
707 67993 68398 17 5561
708 68018 78919 150 211380
709 68172 75599 7 22025
710 68181 68334 143 12651
711 68187 74120 69 498998
712 68304 70175 84 44633
713 68510 74611 52 99229
714 68540 70330 43 55854
715 68563 68591 77 2011
716 68659 71208 59 45850
717 68667 82404 11 128030
718 68799 68995 112 9628
719 68832 69010 104 12660
720 69022 78112 59 125934
721 69068 71757 135 64578
722 69142 69695 8 1726
723 69222 73909 88 513817
724 69307 73493 11 11159
725 69406 70195 13 4198
726 69420 69872 7 1151
727 69565 71234 145 134635
728 69753 71425 46 65184
729 69840 75924 8 23936
730 69893 70403 5 1947
731 70041 72281 101 155763
732 70099 70142 33 1828
733 70543 75063 61 82334
734 70763 74194 9 11495
735 70773 71800 149 86873
736 70818 73352 134 82712
737 70844 74296 29 29978
738 70920 75695 91 94878
739 70967 71482 78 19772
740 71027 74260 15 56672
741 71071 76190 43 121054
742 71132 71639 30 14879
743 71135 74960 76 306087
744 71194 72671 44 11388
745 71202 74185 114 130646
746 71240 72588 63 10931
747 71267 78340 76 277489
748 71298 71386 28 3053
749 71424 74612 122 505169
750 71434 71999 126 23516
751 71577 75102 92 167668
752 71839 83901 128 650924
753 71903 75601 36 160045
754 72251 73097 103 41479
755 72542 89815 50 284812
756 72572 73826 16 13786
757 72701 73545 41 10652
758 72802 74641 61 41280
759 72845 80276 68 249088
760 73019 73432 104 20341
761 73101 73173 29 2036
762 73203 74200 102 106361
763 73246 73602 83 21028
764 73365 87027 45 135095
765 73594 74996 94 58572
766 73625 74054 7 3516
767 73693 77945 90 179409
768 73697 76131 14 17128
769 73816 74888 7 4828
770 73992 77925 11 10990
771 74064 78662 27 55832
772 74078 77229 29 38663
773 74379 80147 29 140104
774 74514 74866 27 2706
775 74793 75414 140 40587
776 74842 75047 117 37064
777 74879 80937 95 255502
778 75139 88417 146 365681
779 75199 76463 14 7692
780 75293 77484 132 296780
781 75437 77588 142 100315
782 75507 78550 149 414761
783 75591 76579 98 43972
784 75634 81427 6 18163
785 75655 76100 82 10831
786 75770 76832 6 7857
787 75781 78330 92 142824
788 75857 76248 14 2923
789 75910 77852 12 18392
790 75938 82016 140 172440
791 75991 78671 17 28465
792 76009 79734 64 48161
793 76172 79692 24 32266
794 76258 79579 29 62761
795 76439 76655 120 14874
796 76441 80196 66 116310
797 76526 77803 144 52564
798 76912 78094 28 10689
799 77009 77573 18 9671
800 77044 79324 77 89925
801 77078 79963 47 67407
802 77081 82132 37 87889
803 77115 87326 52 182281
804 77130 78107 11 5130
805 77191 78410 31 15867
806 77334 82184 133 309674
807 77396 78814 7 6928
808 77514 77565 111 1998
809 77599 81752 39 59155
810 77817 92674 50 105636
811 77823 80835 65 43845
812 77975 80096 117 37918
813 78017 85398 61 234878
814 78097 79551 87 95940
815 78098 84959 92 269804
816 78144 78385 63 9851
817 78239 79876 6 9069
818 78544 82049 4 4765
819 78589 81383 20 18215
820 78722 80039 17 31657
821 79144 79906 84 21111
822 79199 80890 100 48782
823 79248 84273 142 414689
824 79318 80179 85 46201
825 79413 89933 116 596692
826 79457 82867 133 249320
827 79981 81419 17 13141
828 80074 89606 138 230523
829 80301 87352 79 218270
830 80323 87154 42 141413
831 80341 81858 99 94821
832 80529 82494 19 24198
833 80592 84402 102 84550
834 80658 82172 72 27707
835 81263 84409 89 247274
836 81569 86635 80 299668
837 81696 86580 10 15507
838 82053 92073 95 498193
839 82155 92382 29 131762
840 82203 84462 44 101122
841 82338 87432 14 45163
842 82395 84698 54 128913
843 82399 86614 39 61191
844 82541 86318 5 5111
845 82630 85838 104 757219
846 82660 84184 35 37331
847 82964 88439 29 127593
848 83223 83539 17 3265
849 83329 96676 41 59648
850 83369 86292 5 12841
851 83519 87438 19 23424
852 83735 95302 77 608119
853 83749 86354 57 193660
854 83754 89154 21 40599
855 83820 88347 12 21301
856 83855 90240 27 23597
857 83880 86608 40 35819
858 83949 86013 70 73512
859 84010 88936 84 212651
860 84137 85063 86 31359
861 84229 91908 13 33933
862 84472 93342 8 28859
863 84499 88909 42 61383
864 84554 86987 17 19575
865 84561 85306 16 6756
866 84644 90022 24 59027
867 84656 87604 106 394735
868 84672 92243 142 186545
869 84681 86612 53 62877
870 84794 86473 26 8185
871 84805 86372 19 16998
872 84843 84904 63 1126
873 84845 98179 53 430932
874 85002 87283 10 3540
875 85025 86163 17 15511
876 85073 89719 32 39796
877 85176 89493 20 32842
878 85288 87625 13 28294
879 85325 85898 77 11355
880 85419 86245 7 4114
881 85486 89179 35 51897
882 85619 89249 19 19535
883 85741 89788 127 341132
884 85817 96943 77 180835
885 85859 95548 60 273448
886 85863 91158 36 79334
887 85893 90811 55 90704
888 86067 86468 129 26616
889 86200 90337 53 193452
890 86379 88717 7 8203
891 86422 97277 66 263688
892 86590 90986 50 108808
893 86657 92358 24 40573
894 86671 88064 45 46122
895 86787 96702 6 30864
896 86913 89492 10 9480
897 87204 91245 146 167585
898 87242 87977 109 32108
899 87329 92381 19 20210
900 87362 98329 17 148984
901 87378 93040 14 19213
902 87384 89410 136 163421
903 87437 97864 45 130859
904 87465 88423 6 5228
905 87750 89133 74 64280
906 87914 89680 8 2556
907 87947 93553 128 251128
908 88003 88274 137 20472
909 88036 91030 50 80779
910 88357 88478 49 2624
911 88363 93002 90 192281
912 88403 95601 12 90491
913 88432 90347 9 6080
914 88748 89992 27 11607
915 88776 94285 22 32048
916 88790 89260 40 14077
917 89083 93480 87 148183
918 89113 91613 41 57108
919 89161 89227 30 532
920 89198 89795 123 13402
921 89279 91500 23 36876
922 89312 99295 45 107689
923 89354 99225 67 110203
924 89404 95800 62 99305
925 89506 96592 120 319474
926 89583 89796 68 13836
927 89637 96041 77 353217
928 89881 92235 10 34285
929 90003 93557 138 145926
930 90490 93261 85 203893
931 90539 99236 122 622921
932 90653 90938 5 1653
933 90721 94800 135 94259
934 90755 91946 15 6906
935 91370 92005 38 9052
936 91417 93456 20 28057
937 91588 91873 117 30427
938 91699 96053 24 99249
939 91913 92511 9 5564
940 92046 93063 46 21215
941 92048 92123 42 843
942 92057 94147 114 120663
943 92069 92651 9 3020
944 92135 93771 71 28677
945 92172 94232 138 70384
946 92244 92951 143 42540
947 92248 94823 86 53484
948 92463 94704 19 8971
949 92493 92983 16 12795
950 92805 97515 95 286145
951 93270 97676 66 84687
952 93361 93428 20 1091
953 93365 94376 22 6755
954 93379 94315 51 26141
955 93407 93669 33 6029
956 93445 95102 131 44340
957 93491 93647 133 31444
958 93507 97435 90 454035
959 93536 95450 67 199112
960 93679 96099 27 13009
961 93778 97725 36 63107
962 93971 94638 50 14767
963 94033 99793 58 490308
964 94052 98897 12 21578
965 94091 94385 146 23230
966 94108 94842 108 24357
967 94159 94606 121 33701
968 94289 94513 40 9825
969 94395 94885 93 45945
970 94640 95798 136 52266
971 94732 95139 18 2972
972 94869 95061 127 17419
973 95052 97492 146 192920
974 95077 95781 118 53903
975 95220 95439 106 13061
976 95369 95464 6 384
977 95399 98993 26 26511
978 95418 95916 52 8923
979 95445 99993 47 36075
980 95870 97678 132 99702
981 96008 98672 28 54779
982 96100 99167 46 19364
983 96181 98068 59 52088
984 96195 96280 120 9295
985 96329 96348 39 1239
986 96419 98937 101 57951
987 96541 99479 78 143784
988 96681 98273 27 15878
989 96737 97168 11 3646
990 96778 98800 60 33847
991 96795 97446 85 9205
992 96897 98952 135 117883
993 97066 97710 113 76821
994 97539 98918 70 21373
995 97555 97978 41 11642
996 98248 99085 105 61194
997 99121 99527 6 997
998 99146 99339 56 4202
999 99247 99471 46 6949
