50 1000 0.094
............................#.....................
....................................#.............
....................................#....#........
........................#.........................
....#.............................................
............#...............................##....
............#..................#.....#............
..................................................
..........#..............##.......................
....#...............#.....#............#.......#..
....#................#......#..........#..........
....#.............................................
..............###.................................
..................................#...............
..................................................
..................................................
.........##.....#....................##...........
.................#...................#............
...............#.................#........##..#...
.............#.......#............................
...#.....#.......#...#.................#..........
................##................................
.........................###.............#..#.....
............#........#.....................##.....
.....................#............................
.........#...........#.....#..........##.#.#......
.........#...........#...............#....#.......
.........#.......###.........###..................
..##...........#..........#...#....#.....##...#...
...........#..................................##..
.........................................#........
........................................#.........
.#............................................#...
...##............................................#
...#.##...........................................
..................................................
.....................................##...........
...................##...................##........
.........#......##....##...................#......
................#........#........................
..................................................
..###..........................................#..
###.........................#.....................
..#..........#....................................
.............#..........#..................##.....
#.#................................#.##...........
.............#.#.#........#...........#...........
..................##................#.............
........##.......##..........................#....
..................................................
0 87 830 148 29147
1 234 7797 26 92349
2 239 5154 21 18200
3 346 1766 111 20352
4 434 444 96 934
5 589 2470 119 57886
6 781 13113 81 255950
7 806 22664 60 706870
8 937 1985 140 125315
9 965 9879 135 710688
10 977 13000 33 341285
11 1117 4612 121 162542
12 1139 13883 11 24867
13 1160 1851 51 17225
14 1255 15327 94 186575
15 1434 7826 9 23145
16 1678 19665 61 134204
17 1744 5875 10 19233
18 1844 7388 103 357473
19 1918 7979 47 126539
20 1923 22062 5 20741
21 1931 3984 114 152255
22 2023 4311 52 71760
23 2220 8815 87 390992
24 2346 4880 18 17877
25 2448 6258 4 4081
26 2517 3717 10 5914
27 2536 10844 89 581464
28 2542 7717 48 94312
29 2575 4577 28 42011
30 2608 6817 51 84551
31 2678 19608 111 374283
32 2682 6720 105 112331
33 2733 8274 26 63717
34 2779 5966 16 21252
35 2866 9527 69 416292
36 3026 7484 72 228414
37 3176 4488 75 18233
38 3338 5608 15 10614
39 3340 12232 58 185511
40 3392 13503 23 70594
41 3424 15021 100 416317
42 3565 6539 6 21867
43 3611 13838 4 24145
44 3649 15711 135 835216
45 3811 8090 23 22377
46 3823 9835 23 18234
47 3856 10116 117 242791
48 4104 6618 75 115451
49 4154 12723 80 243783
50 4190 9469 74 216903
51 4237 25079 58 349202
52 4240 5564 46 9948
53 4255 5429 5 4808
54 4256 20535 72 382531
55 4352 13953 14 71852
56 4392 7238 124 446092
57 4428 20780 13 50181
58 4526 6229 25 43774
59 4563 5692 39 29349
60 4565 6899 110 240268
61 4623 17796 18 38230
62 4747 17913 99 383301
63 4775 23103 114 512164
64 4844 13644 19 127963
65 5335 6628 6 4222
66 5421 7004 128 265435
67 5526 7924 74 48587
68 5587 15904 39 65827
69 5736 22275 114 357131
70 5957 7493 95 85082
71 6236 11146 5 5118
72 6322 9983 93 310172
73 6374 13095 100 384248
74 6503 11691 57 94417
75 6555 11222 4 4849
76 6579 11702 14 23294
77 6692 15127 76 384372
78 6783 14774 11 25209
79 6935 13316 44 194312
80 6938 15328 4 16341
81 6957 12148 11 12358
82 7112 7756 33 10098
83 7470 7861 127 19902
84 7638 10193 92 63555
85 7675 8612 129 38505
86 7707 10096 106 75676
87 7956 20020 84 585313
88 8014 10783 57 56228
89 8066 21750 66 162849
90 8108 21007 104 423101
91 8307 26282 15 53278
92 8420 41983 8 37589
93 8550 15571 106 283373
94 8655 13529 96 295063
95 8719 8851 128 12207
96 8849 15148 78 156135
97 9023 10520 32 24631
98 9053 19251 7 21757
99 9093 20542 146 370845
100 9172 17068 12 39146
101 9271 16962 84 638247
102 9282 13649 132 327862
103 9308 10649 105 24719
104 9546 11639 37 24282
105 9578 21874 86 449580
106 9607 17893 85 473788
107 9679 13688 77 170832
108 9733 29996 135 455492
109 9767 13295 24 97415
110 9800 11960 5 8596
111 9868 15948 37 91605
112 9984 20139 122 361583
113 10080 10241 92 4997
114 10254 18289 10 19688
115 10851 15443 14 21485
116 10852 14748 63 79636
117 10952 11656 51 11073
118 11175 18768 102 370544
119 11277 27694 4 28742
120 11279 15211 59 144815
121 11308 16175 5 9547
122 11329 18182 111 158978
123 11438 16255 99 226900
124 11515 11577 57 3400
125 11565 15624 74 171071
126 11652 24745 10 47067
127 11677 30761 42 526135
128 11746 13981 6 8708
129 11786 38491 149 2672804
130 11822 11951 22 1757
131 11860 19028 109 294679
132 11883 16369 145 113588
133 11919 18884 19 71122
134 11936 14382 11 10410
135 11940 14028 40 42189
136 12011 13936 27 70258
137 12318 17834 37 133507
138 12375 16621 96 186689
139 12389 16892 122 492781
140 12494 15636 38 48237
141 12508 15706 52 143325
142 12665 18322 46 226325
143 12785 12835 41 1195
144 12793 22172 148 655088
145 12920 23257 24 107359
146 12958 13461 78 27017
147 13096 19326 43 132933
148 13208 19652 45 167040
149 13776 15221 23 20371
150 13819 21539 25 38276
151 13845 23020 59 284020
152 14287 14393 66 5193
153 14506 23107 131 336182
154 14570 15956 4 1367
155 14782 20323 60 155694
156 14908 19967 78 369920
157 15107 17361 47 66496
158 15113 70553 40 326812
159 15244 16681 130 115548
160 15333 26222 11 21653
161 15494 15564 140 11567
162 15568 15960 15 2250
163 15640 17007 36 13386
164 15710 17107 15 16518
165 15831 28629 94 416126
166 15834 19185 51 120795
167 15997 21812 15 81894
168 16128 28416 4 16284
169 16254 16638 149 16610
170 16366 57807 15 62818
171 16442 24029 113 497287
172 16476 26318 29 117833
173 16569 46397 76 834384
174 16631 21732 7 13925
175 16633 17575 37 21835
176 16646 19007 43 118697
177 16738 30803 40 305458
178 16813 18606 92 65429
179 16870 18473 35 14983
180 16946 21564 89 281499
181 16957 17697 17 8058
182 17075 17857 18 11155
183 17175 20548 28 41252
184 17336 17996 16 2576
185 17409 30229 17 151679
186 17442 24579 145 250014
187 17566 23579 122 796505
188 17680 19460 13 6964
189 17772 21887 41 65702
190 17798 20184 33 16035
191 17927 18375 124 36108
192 17992 33779 70 413857
193 17997 28286 26 55734
194 18052 19540 81 81588
195 18138 34609 68 598918
196 18223 21633 54 43257
197 18506 31394 123 594759
198 18540 20600 29 28008
199 18639 21486 91 225648
200 18909 20488 22 11641
201 18910 28747 7 18396
202 18995 19374 78 5217
203 19037 19188 39 7556
204 19119 29933 86 609685
205 19449 23392 58 61355
206 19634 22781 41 37070
207 19686 24362 5 9403
208 19689 25231 7 25996
209 19704 40510 23 50011
210 19741 21515 46 46374
211 19830 21428 93 336418
212 19922 27733 92 319113
213 19959 20773 103 128909
214 20012 20343 28 2888
215 20061 27873 7 46947
216 20128 37804 123 490497
217 20281 22748 64 126055
218 20515 29674 46 111334
219 20527 27982 56 298049
220 20617 25446 5 12186
221 20718 20768 74 1978
222 20719 20761 39 1837
223 20736 51296 34 361110
224 20748 39059 21 180353
225 20759 28252 68 451800
226 20788 26667 50 100015
227 20791 22563 64 49948
228 20817 21816 51 22941
229 21006 23971 15 12248
230 21099 24393 132 310699
231 21124 49347 37 747713
232 21173 23958 128 68187
233 21183 21995 72 22666
234 21329 21925 123 28561
235 21343 22033 32 10860
236 21370 33157 12 56710
237 21430 26194 141 393925
238 21444 22847 15 18253
239 21490 26238 136 81942
240 21690 53335 104 541583
241 21876 23975 16 17260
242 21968 22988 56 40827
243 22137 48962 70 1044447
244 22240 30738 143 337779
245 22271 24974 12 12306
246 22317 23828 118 52523
247 22320 27564 124 482269
248 22395 24436 68 82682
249 22641 43434 15 80086
250 22747 50874 43 697343
251 22753 30631 15 10887
252 22796 27952 117 819967
253 22812 36262 31 198572
254 22929 45425 57 576607
255 22931 44660 139 2567854
256 23148 24607 46 41382
257 23152 26493 136 297701
258 23226 24838 48 21805
259 23266 24712 29 32563
260 23313 23644 17 4295
261 23334 28341 54 109332
262 23415 24804 50 10524
263 23512 44549 43 550942
264 23598 31593 51 108764
265 23669 26407 145 188790
266 24007 32360 118 461165
267 24022 34413 86 363035
268 24147 32514 14 35234
269 24161 35885 30 183299
270 24172 32578 99 497042
271 24180 26603 112 181192
272 24225 25022 135 93054
273 24290 24871 52 19381
274 24357 27290 49 73946
275 24415 48767 61 359472
276 24433 24966 65 32811
277 24717 24906 123 25364
278 24759 27007 8 13475
279 24841 40926 5 36468
280 24956 26266 33 25071
281 24976 27342 67 81930
282 25128 26639 96 68080
283 25168 33652 49 97719
284 25169 43507 137 1519480
285 25229 27735 32 42275
286 25293 28599 86 184138
287 25328 33925 11 66465
288 25598 51995 10 78903
289 25917 33001 109 168161
290 25951 26289 27 7121
291 25954 30472 41 23785
292 25972 34035 13 50065
293 25974 28452 28 49325
294 26060 37895 74 596067
295 26089 38606 58 490186
296 26141 27119 78 82764
297 26155 30887 46 110387
298 26211 32948 6 6780
299 26491 28890 88 35072
300 26651 27551 6 2872
301 26714 29712 70 82804
302 26815 29668 129 96076
303 26865 27433 99 9955
304 26880 40870 50 227770
305 26913 29037 77 31235
306 26942 28059 8 5614
307 27081 27858 7 4331
308 27086 33878 149 307352
309 27249 28073 58 50018
310 27265 28331 113 133436
311 27276 43343 87 524428
312 27304 34940 13 26488
313 27389 27683 72 31482
314 27522 37014 75 237587
315 27543 29478 7 3731
316 27624 29060 96 101459
317 27832 35588 9 48622
318 27882 29004 29 28457
319 28009 30493 23 21050
320 28058 32741 7 15044
321 28098 29372 46 18087
322 28105 42661 134 739721
323 28141 29893 115 312071
324 28142 34417 97 129392
325 28180 29610 76 28386
326 28343 41576 92 552781
327 28371 28638 12 699
328 28533 39035 119 690028
329 28616 30146 15 7565
330 28721 35536 4 8861
331 28795 32128 15 16903
332 28840 31050 50 49984
333 28852 43674 20 152311
334 28964 30537 66 30870
335 29146 33130 14 12013
336 29171 30696 21 22140
337 29345 31010 81 58956
338 29383 43473 37 522101
339 29527 36554 36 205239
340 29575 34327 24 53058
341 29696 43793 55 369347
342 29737 47842 34 192305
343 29779 31929 88 52505
344 29952 30181 4 314
345 29983 33402 53 262094
346 29992 32326 44 43341
347 30020 30352 84 30225
348 30058 30195 11 2092
349 30116 30654 15 4014
350 30157 33045 80 127225
351 30210 39021 42 167812
352 30371 32925 15 16584
353 30394 41476 34 74814
354 30474 47535 31 139942
355 30512 35751 66 109110
356 30599 33081 11 22475
357 30665 36720 91 186365
358 30677 35648 144 548222
359 30718 36897 54 194576
360 30780 32304 4 1158
361 30802 31689 106 36029
362 30847 32558 55 64562
363 30875 31169 69 6629
364 30947 33647 74 257974
365 30988 47537 44 312611
366 31452 32987 9 8108
367 31646 39245 12 64792
368 31673 47329 22 152785
369 31776 36780 90 137676
370 31797 43445 5 25275
371 31987 34660 77 134876
372 32031 47290 72 294886
373 32062 35639 20 29341
374 32703 39473 24 27013
375 32928 32967 74 2105
376 32932 35020 6 6060
377 33171 33816 29 9535
378 33281 37421 34 41973
379 33492 55862 32 270108
380 33559 40284 24 76106
381 33569 37969 6 14824
382 33611 43429 24 72706
383 33629 40386 49 111342
384 33735 42295 125 1441887
385 33756 40408 111 209093
386 33782 37030 51 22476
387 33904 34714 132 55973
388 33958 38968 5 6806
389 34109 43707 91 376877
390 34220 35561 21 17672
391 34225 41341 4 20975
392 34283 35853 4 2693
393 34299 37710 54 65572
394 34316 36565 17 14707
395 34372 36424 13 7330
396 34384 48890 5 103771
397 34437 46945 74 532062
398 34576 37158 74 43094
399 34617 37139 8 8008
400 34636 35313 99 17861
401 34642 43909 105 521749
402 34667 35473 73 27402
403 34775 46979 25 76190
404 34821 40736 38 152754
405 34841 49598 102 450554
406 34946 47637 137 787201
407 35004 36349 20 27973
408 35111 37890 86 61401
409 35130 53412 141 1037910
410 35213 37641 54 42052
411 35314 46352 4 17465
412 35365 36674 46 51273
413 35485 35986 23 9626
414 35507 46517 14 44383
415 35515 36382 7 6503
416 35606 41086 57 234527
417 35727 36049 12 1439
418 35746 66447 25 206573
419 35752 39236 137 719486
420 35871 48311 23 197114
421 35894 40934 13 40611
422 35941 64170 131 2900142
423 36124 40901 6 17519
424 36577 37882 13 13087
425 36763 37630 76 61850
426 36817 55089 94 501284
427 36957 41479 23 22253
428 36969 39295 117 199512
429 37336 60297 146 1195025
430 37404 40852 16 14526
431 37438 38894 16 34630
432 37469 45596 117 373193
433 37639 47770 137 310532
434 37695 42740 17 98741
435 37711 59783 38 200729
436 37845 47857 8 41572
437 37877 41429 8 21195
438 37941 40027 5 1528
439 38029 40201 48 74863
440 38183 43214 14 61386
441 38404 42829 116 624309
442 38654 40243 148 105335
443 38741 42993 123 365108
444 38743 39142 127 29084
445 38839 39241 54 51105
446 38965 40358 57 54462
447 39087 47414 73 203926
448 39093 41938 9 11624
449 39167 41516 6 14922
450 39173 42030 141 122510
451 39265 45583 133 463975
452 39461 41971 109 126548
453 39501 70472 4 78910
454 39504 49543 63 207736
455 39517 43124 32 26110
456 39725 41529 14 12748
457 39761 54433 54 154635
458 39770 43659 32 127911
459 39875 43065 82 96299
460 39949 40242 14 5011
461 40057 46149 126 358742
462 40289 42193 123 127864
463 40300 46102 7 22666
464 40334 42299 15 8105
465 40370 45385 10 24680
466 40441 46362 56 222854
467 40465 41398 19 15253
468 40513 48036 7 31166
469 40681 47993 4 7670
470 40759 44348 30 92303
471 41072 45349 6 13291
472 41379 57010 104 832168
473 41480 42360 45 27011
474 41531 52424 52 211778
475 41543 42389 6 3683
476 41549 56783 23 84989
477 41666 44598 11 5556
478 41669 51703 34 106282
479 41685 42225 20 10440
480 41819 51299 16 70800
481 41916 42189 121 12556
482 42023 46181 119 137563
483 42111 64097 5 53683
484 42439 44468 11 4697
485 42452 47463 36 41084
486 42500 43709 41 21384
487 42501 43593 108 41925
488 42784 45137 5 6863
489 43313 44039 7 2623
490 43435 45542 7 4774
491 43466 49588 91 126018
492 43691 51560 6 19887
493 43811 43894 119 5691
494 43828 54293 5 14162
495 43845 61147 6 21699
496 43896 46861 36 27869
497 43951 50316 72 62916
498 44033 51862 12 15639
499 44118 62634 101 1548559
500 44381 48901 24 25817
501 44428 49197 34 92968
502 44478 50740 12 26913
503 44500 47401 4 5884
504 45250 66658 129 1312078
505 45360 55172 51 428231
506 45565 50733 12 16345
507 45641 47042 72 64797
508 45708 56618 138 341897
509 45990 47475 54 19596
510 46188 79389 11 169194
511 46243 70402 69 704488
512 46371 51445 70 134257
513 46373 54656 5 9616
514 46383 50042 95 92502
515 46386 52525 11 9779
516 46423 47643 148 46646
517 46451 47505 63 16013
518 46487 48323 8 7971
519 46514 52891 131 387255
520 46528 55488 92 232908
521 46541 46756 15 2152
522 46596 57140 58 275143
523 46679 47392 101 25918
524 46839 49613 55 127159
525 46894 47116 44 1548
526 46928 47400 5 683
527 47018 51187 96 107627
528 47040 50919 72 151532
529 47101 52587 122 177536
530 47315 51451 85 115154
531 47613 54564 35 191276
532 47845 49888 21 13197
533 47846 48721 111 56796
534 48053 51269 72 154586
535 48288 51743 25 38944
536 48294 51310 5 3132
537 48300 51712 108 132870
538 48362 63181 122 662265
539 48428 65632 53 466259
540 48481 59605 21 85759
541 48661 59045 59 426081
542 48702 49967 67 72673
543 48836 59256 9 27613
544 48872 52501 36 50915
545 48882 59459 68 187360
546 48893 48980 56 3945
547 48933 63668 18 49135
548 48999 55275 135 648636
549 49032 60008 38 282480
550 49080 53838 93 197065
551 49083 59186 4 31726
552 49145 49298 31 4943
553 49153 68407 79 361052
554 49264 49837 62 13149
555 49280 52898 77 76367
556 49312 54123 148 361871
557 49321 65529 34 209366
558 49870 54447 75 344524
559 49979 72520 83 567699
560 50166 62689 42 420395
561 50258 59217 46 170543
562 50276 53597 32 70511
563 50441 51156 20 7544
564 50536 58151 89 300152
565 50549 51148 6 3168
566 50565 59319 114 649892
567 50636 51421 87 60993
568 50643 56869 32 293798
569 50765 54544 62 115527
570 51118 63354 60 158418
571 51147 53224 41 64335
572 51161 58555 150 626661
573 51367 68027 148 662820
574 51404 54540 146 203392
575 51468 55752 14 15199
576 51472 54230 38 50299
577 51566 52393 99 81592
578 51589 52347 17 10393
579 51760 55330 90 55789
580 52419 60698 13 66754
581 52452 58411 104 251591
582 52475 71818 12 55854
583 52504 54660 4 5827
584 52515 53399 84 129710
585 52539 54366 53 72518
586 52867 55813 48 32007
587 53194 59913 36 37944
588 53228 53442 109 11687
589 53304 59185 67 220870
590 53324 54410 143 89449
591 53369 53910 9 1460
592 53537 62062 8 17807
593 53564 75749 107 585478
594 53605 59524 148 286192
595 53647 63977 94 318383
596 53753 60300 28 107310
597 53823 56765 68 86013
598 53948 58494 104 147791
599 54088 65920 119 311873
600 54147 54861 27 6981
601 54173 55659 66 89594
602 54375 55399 78 53632
603 54597 62846 38 331178
604 54655 61985 133 618650
605 54665 55210 40 11350
606 54745 55610 13 22185
607 54828 65318 5 18646
608 54965 58475 129 430053
609 55143 69506 113 305165
610 55322 64118 5 7196
611 55328 60742 6 6733
612 55356 56183 5 1648
613 55410 56221 32 14155
614 55452 60919 26 270459
615 55565 82900 48 289611
616 55768 57393 87 96672
617 55785 56973 114 99006
618 55814 74357 29 151647
619 55827 62178 32 82528
620 55901 55904 81 156
621 55912 68798 71 657384
622 55938 56688 56 16039
623 56138 62242 63 144132
624 56214 66999 33 101662
625 56217 64765 54 442674
626 56289 59746 35 112385
627 56300 61676 115 368355
628 56491 58830 63 144042
629 56501 60942 32 70947
630 56617 73343 88 693229
631 56894 58200 97 83177
632 56968 64801 10 36432
633 57006 57106 27 3326
634 57084 65906 77 170939
635 57121 61254 17 48804
636 57142 58698 67 21716
637 57235 59714 64 145218
638 57479 95038 56 1633998
639 57524 58354 111 49649
640 57665 60160 91 212551
641 57977 61402 61 85767
642 58034 59194 112 50375
643 58205 64850 33 478226
644 58212 61998 42 48547
645 58382 63086 44 58202
646 58384 69650 44 87828
647 58408 60651 125 178421
648 58448 64252 149 469900
649 58519 62702 75 162963
650 58533 68585 137 364713
651 58700 61614 5 13872
652 58770 63177 9 20656
653 58878 69398 13 61385
654 58915 59366 85 54505
655 58926 60401 27 7872
656 59377 60039 79 24152
657 59567 73319 105 264805
658 59617 70308 120 430374
659 59666 67532 60 282689
660 59687 59736 138 9301
661 59891 68720 114 417147
662 59980 69577 98 395061
663 60025 69764 79 391320
664 60066 66947 40 107396
665 60080 68348 4 15067
666 60163 61591 25 9336
667 60192 75492 46 236204
668 60237 60473 130 18784
669 60278 60452 55 4683
670 60299 60877 44 23387
671 60410 64661 9 18607
672 60580 61231 144 73201
673 60756 66926 110 369280
674 60772 61202 106 20291
675 61144 62017 93 43085
676 61164 65894 136 321563
677 61285 83191 102 2998107
678 61299 71830 48 324991
679 61327 75862 26 130648
680 61355 72092 18 59747
681 61372 62930 59 23727
682 61439 67043 69 383439
683 61476 61981 49 7250
684 61507 64992 98 114410
685 61583 76124 117 847558
686 61699 62671 15 3890
687 61756 73335 11 17614
688 61788 81927 126 790622
689 61893 64307 28 16778
690 61954 66238 115 101752
691 62011 62940 65 17139
692 62016 69480 7 20763
693 62187 63266 147 40080
694 62200 63933 143 153920
695 62628 63803 20 16702
696 62666 72472 96 330928
697 62681 68642 148 409160
698 62735 63251 10 3385
699 62842 78230 74 477513
700 62949 65167 102 113719
701 62976 71177 112 322335
702 63119 69211 29 109605
703 63134 66028 5 5455
704 63300 80676 19 92879
705 63399 64482 32 4514
706 63424 70991 101 279814
707 63565 64229 20 10139
708 63716 68394 88 132067
709 63770 65653 12 18197
710 63816 65635 5 1942
711 63837 69686 32 116911
712 63892 82855 20 127729
713 63905 69819 125 424699
714 63936 76507 6 17678
715 63965 64465 145 19715
716 63989 87899 6 74133
717 64183 66777 65 39797
718 64253 70752 29 120080
719 64260 66052 4 3546
720 64289 88749 91 743021
721 64514 79358 5 29616
722 64566 81071 37 269150
723 64790 69239 9 9361
724 64970 65061 134 18922
725 65122 70262 100 250402
726 65157 72524 8 19651
727 65523 66852 50 25097
728 65692 73052 109 301657
729 65753 72926 82 605912
730 65757 91349 75 438551
731 65802 72028 28 63523
732 65961 69191 5 1683
733 66011 81301 28 228235
734 66166 81980 49 339579
735 66289 67238 82 26436
736 66318 66695 6 832
737 66394 70685 124 196770
738 66697 67866 17 8292
739 66743 73078 45 145354
740 66761 68366 4 3131
741 66816 70697 141 503241
742 66829 87874 135 688764
743 67383 71776 56 62896
744 67385 96216 120 1597214
745 67585 76211 134 336514
746 67632 68211 45 8124
747 67654 69278 6 9271
748 67739 77123 103 629063
749 67979 70114 40 69521
750 68161 87472 7 82647
751 68229 68281 43 1880
752 68265 72332 125 143368
753 68297 71769 95 160282
754 68305 79846 5 24011
755 68352 83800 107 727751
756 68419 71259 33 94942
757 68519 86414 27 669144
758 69087 76798 82 171350
759 69167 71950 55 62375
760 69243 70222 84 42592
761 69293 83284 13 58524
762 69366 71957 75 105697
763 69457 70944 88 197712
764 69543 75663 52 28368
765 69552 78810 29 233162
766 69593 88718 56 230286
767 69765 98591 13 74273
768 69827 72955 96 62271
769 69836 72986 40 124054
770 70026 77754 11 26103
771 70112 73509 6 9246
772 70193 73640 9 13395
773 70256 79931 8 36070
774 70481 71701 55 19159
775 71074 71774 12 2530
776 71086 74398 113 283160
777 71146 71388 62 7470
778 71208 77710 49 66842
779 71248 76763 29 102499
780 71348 71737 85 9411
781 71412 81870 132 502949
782 71540 76735 59 161442
783 72027 77733 67 121727
784 72075 79296 22 64330
785 72164 73127 58 22762
786 72221 91414 72 591189
787 72239 77374 134 290991
788 72519 72797 5 894
789 72637 92763 6 83325
790 72639 74628 48 180135
791 72644 78311 23 7321
792 72689 72718 30 510
793 72825 73311 36 18048
794 72885 73784 82 23769
795 72913 75966 12 6647
796 73041 78393 125 526499
797 73081 81015 11 52511
798 73150 76620 27 45502
799 73272 76462 15 14364
800 73482 76972 144 264183
801 73568 75066 90 43744
802 73667 82349 17 54325
803 73681 76876 23 46449
804 73704 79886 76 147741
805 73798 81190 62 155117
806 73846 76530 138 74924
807 73872 76151 77 57241
808 73887 90144 120 529031
809 73973 74795 77 30983
810 74287 93217 88 800850
811 74354 75230 25 24770
812 74516 84506 26 64545
813 74725 76967 6 6242
814 74733 79930 37 33814
815 74737 86042 12 85391
816 74832 76670 62 72307
817 74859 99400 93 1534888
818 74947 94805 36 646977
819 74985 83825 17 56165
820 75075 87341 4 36440
821 75174 87082 77 586977
822 75319 80521 20 16523
823 75500 88384 11 63469
824 75859 77590 31 21733
825 76196 80218 36 103423
826 76334 81834 51 119395
827 76375 87174 127 943616
828 76376 76520 90 4029
829 76387 85424 36 138903
830 77010 77970 113 47893
831 77339 78698 46 5123
832 77588 95379 64 171274
833 77597 82082 24 20246
834 77614 87680 43 200821
835 77902 79944 88 178938
836 78102 83692 6 16708
837 78158 78473 52 8631
838 78224 86115 86 102451
839 78345 80982 10 4558
840 78348 79211 42 25820
841 78465 91316 67 154705
842 78540 90528 150 938221
843 78571 90123 11 15767
844 78624 87245 10 68189
845 78647 83379 20 25034
846 78851 85184 17 27609
847 78995 80996 8 11781
848 79095 82491 106 105467
849 79225 79381 79 4968
850 79292 81630 31 15518
851 79309 83569 76 75532
852 79606 86906 100 375082
853 79783 96417 75 1396926
854 79808 87617 15 23923
855 80027 83844 124 374230
856 80062 88433 64 605460
857 80209 83898 45 112278
858 80481 81366 11 11189
859 80587 96955 47 384432
860 80634 85267 26 145101
861 80639 81604 25 5635
862 80654 91613 18 58347
863 80702 80713 35 394
864 80755 81592 70 15274
865 81047 95786 49 354761
866 81103 89161 11 64941
867 81300 86429 129 520551
868 81425 89200 94 141289
869 81515 95528 83 545949
870 81561 94293 78 476023
871 81690 82770 69 57518
872 81960 96407 104 2461079
873 81973 82380 43 7168
874 81977 99804 124 944094
875 82013 84605 89 85740
876 82264 92885 36 95553
877 82296 87037 5 13318
878 82309 91881 16 168600
879 82373 84178 17 15718
880 82591 82816 18 2400
881 82732 95664 68 189346
882 82749 83859 17 8977
883 82785 82989 5 1913
884 82836 87474 50 67998
885 82840 83451 37 6153
886 82848 85659 84 42952
887 82890 93508 110 353558
888 82983 89812 8 19965
889 83069 87743 120 741103
890 83220 91050 53 120096
891 83270 86148 57 83219
892 83545 98838 25 267408
893 83546 85363 140 88121
894 83837 86844 27 45473
895 83868 86955 26 9619
896 83904 94855 98 717303
897 83954 94835 83 593696
898 84041 86039 98 116619
899 84066 92861 117 569326
900 84085 85513 30 20067
901 84224 85982 145 176619
902 84361 86840 73 131398
903 84387 85006 14 2273
904 84422 90427 82 150297
905 84777 86347 128 47329
906 84785 86839 7 8850
907 84794 89739 57 131880
908 84871 88758 70 76574
909 84913 89931 88 94607
910 85163 85653 65 53140
911 85242 85391 28 2045
912 85243 87702 5 8569
913 85251 90767 101 375502
914 85263 86052 112 70863
915 85314 89425 6 13863
916 85347 90462 4 4207
917 85387 87461 125 249076
918 85460 87774 42 201718
919 85611 86748 36 17841
920 85647 86029 41 17276
921 85799 87340 119 16962
922 85850 88768 31 52848
923 85979 87998 54 48500
924 86010 94077 7 21589
925 86177 94646 116 398618
926 86233 91110 71 153447
927 86288 89463 42 157699
928 86342 88124 80 37578
929 86392 86700 43 15436
930 86500 94281 61 258906
931 86614 96265 13 30187
932 86706 92400 67 254463
933 86764 94227 67 183446
934 86779 89260 72 149182
935 86937 87745 72 39039
936 86946 88754 90 133460
937 87039 97119 25 157501
938 87102 91311 38 89465
939 87209 90761 113 131799
940 87736 90076 64 53127
941 87967 90408 88 68374
942 88093 90109 127 115568
943 88283 91637 105 106109
944 88846 93989 133 402795
945 88871 91571 16 9854
946 88878 90185 103 57468
947 88970 90982 52 88025
948 89009 93921 37 29246
949 89012 92847 61 67772
950 89055 94149 85 123328
951 89266 91457 101 77832
952 89303 96897 31 98486
953 89700 98819 80 929838
954 89965 91643 11 8889
955 90011 96123 15 42427
956 90146 93455 134 138660
957 90374 91258 44 33795
958 90613 98172 6 25913
959 90873 90887 89 1605
960 90892 96994 12 17872
961 91011 93232 67 54837
962 91151 91901 22 7658
963 91469 92943 6 7186
964 91514 94158 76 80687
965 91845 91959 89 9172
966 91876 94036 72 22702
967 91890 98364 100 111313
968 92226 97676 12 31927
969 92557 92655 22 391
970 92696 93043 33 6137
971 92720 98026 42 224162
972 93048 95428 31 14742
973 93126 93926 24 15196
974 93133 93412 29 7247
975 93349 96961 128 250823
976 93392 95599 16 20656
977 93711 99228 38 66089
978 93794 98287 4 4363
979 93832 99208 96 268884
980 94051 97901 4 7731
981 94104 97642 6 19639
982 94395 97053 16 8492
983 94516 97063 131 292739
984 94679 97386 92 230264
985 94802 96352 68 26072
986 94866 99790 97 214608
987 95186 95296 39 3111
988 95520 98015 12 16094
989 95548 99536 9 50191
990 95632 97238 115 96138
991 95639 97429 137 223861
992 96024 97370 53 44454
993 97076 99545 11 4860
994 97842 98520 137 97365
995 98156 99954 129 54965
996 98335 98378 8 447
997 98663 99739 43 44149
998 99359 99770 36 10080
999 99716 99769 108 5109
