50 1000 0.076
..........####......####..............####........
.........###.##......##.##.............####.......
......##.####.......###.#.............##..#.......
......#######....#...####.......#..#...#........#.
....#..######....#...#.####..##.####............##
....########.....##.######...#####................
...###.##..#.#...#####.####.......................
..####.##.####...##..###.###.######.......#.......
...#....#.....#.#.##....##......####.....###......
...#..........######....##......#####.....#.......
..............###..###...##......#..##...####.....
............######..###.............##.#####......
............#.####.######...........#..######.....
#......#.#.........######..............##.##......
##.....##..#........##...................###......
##..########.........##.................####......
.#.......#.#.......................#####..........
....###..##.......................######..........
...####..........##.#...............##.#......#...
....#.####..#...######.................#.#....#.##
....#########....###...#####.#.........###....###.
..###....####...##.#....#######.........#....##.##
....#.......#....#.....#..#######........##..##.#.
....#....####........######.##.###.....#.#######..
..#......#.###.........########.......######.##...
..#......#..#.........#######...........#..#......
...##....##.....##......###.###...................
..##..#.####....#..#....##..##........#...........
..#####.###......###..................#...........
..###..##...........#...#.............##..........
...##...####........#.####.#...........#....#.#...
......#.#####....#########.##..#...........#####..
....#########....#.##...#..###.#...#........##....
.....#.##########..#........#.###.###.....####....
.....#...########.####........####.########.##....
....####.####.#.##.###...........####..######.#...
.#...#######.##..##.#####.........#########.###.#.
########...####...######........###.##.##...##....
#######..#.#####.##.#####.......####...##.####....
.##################.#.####......####.....#...#....
..###..#######.####.###.........##....#######.#...
........#.##.#..#...######...............##.####..
.###....#..###.......##.##..............###.##....
##.#................##..................##.##.....
####.................#......##.........###...#....
#............................#..........#..#.##...
.............................#..........#########.
.............................#...#.....##.##.##...
.............................#####.....#####.###..
...............................####....#######....
0 202 2981 35 96867
1 219 2184 93 217805
2 271 7997 131 534322
3 336 5327 12 26305
4 362 1488 11 9447
5 578 4772 21 69279
6 617 9773 31 102098
7 621 17420 48 434056
8 638 1607 51 45367
9 658 4756 59 53248
10 685 716 71 1351
11 947 1288 48 24120
12 1017 7113 4 14797
13 1277 1697 16 2815
14 1290 1367 137 14890
15 1296 4059 19 37053
16 1306 5353 133 199359
17 1428 1970 100 31404
18 1454 3693 30 43224
19 1467 2360 6 2892
20 1558 5217 81 64046
21 1686 2250 11 2926
22 1841 5323 117 194605
23 2073 2127 72 7655
24 2294 8204 61 144273
25 2501 2973 52 5125
26 2529 22250 10 33371
27 2678 4826 41 65959
28 2921 3841 113 79927
29 3052 10299 49 264648
30 3073 3345 18 6866
31 3134 9093 60 141410
32 3449 8997 22 189606
33 3458 8084 27 130154
34 3559 15459 30 146631
35 3624 6042 104 63365
36 3629 4797 10 6101
37 3688 6126 86 92223
38 3713 14683 65 209424
39 3860 14215 57 339736
40 3880 22123 10 23400
41 3997 12002 99 630210
42 4070 7384 16 25457
43 4087 7356 88 115751
44 4223 4596 53 8411
45 4456 13890 17 131960
46 4507 8265 14 31199
47 4511 18882 116 1609467
48 4700 6906 78 104477
49 4729 9382 63 68162
50 4853 8242 11 4887
51 4862 9233 134 299627
52 5024 7541 122 178481
53 5088 29077 95 932070
54 5093 11895 116 238748
55 5112 29061 8 39832
56 5218 10273 34 29810
57 5240 19875 81 271004
58 5406 10518 24 45470
59 5424 10357 23 31074
60 5501 22465 31 60711
61 5770 6584 91 70654
62 5782 7587 19 15693
63 6049 21151 28 227745
64 6122 8338 91 59466
65 6220 8995 38 22978
66 6442 21328 124 593119
67 6498 11135 8 30131
68 6551 13343 85 133969
69 6552 8743 22 13954
70 6612 9948 20 44432
71 6743 8347 13 12742
72 6755 9232 8 17454
73 7124 10268 147 63952
74 7199 16830 10 30178
75 7334 14463 87 287788
76 7439 7853 111 27945
77 7581 20842 21 193968
78 7624 8417 23 13334
79 7653 8062 48 16091
80 7772 9633 29 29196
81 7886 9165 119 70925
82 8103 14242 72 114687
83 8114 13176 6 17125
84 8224 9076 7 3837
85 8286 9435 83 51133
86 8374 14684 9 16644
87 8533 14014 70 290198
88 8603 8964 38 9861
89 8638 13284 39 116048
90 8851 14713 76 59796
91 8966 10839 69 177229
92 9173 13632 116 108506
93 9206 11292 7 4489
94 9320 9695 89 36286
95 9687 10465 7 2768
96 9751 14106 39 38433
97 10070 10606 42 25338
98 10082 10886 103 66209
99 10191 12143 111 69510
100 10198 12873 21 32960
101 10324 15980 80 270744
102 10491 13073 36 25742
103 10534 13263 7 7993
104 10565 10758 18 2003
105 10625 14586 28 34380
106 10821 20683 118 290042
107 10881 16967 25 43595
108 10974 10981 70 1101
109 11052 13737 9 17971
110 11053 12405 75 53005
111 11054 11986 31 6329
112 11126 12741 13 13263
113 11237 14306 103 107520
114 11405 18165 72 344229
115 11411 13408 13 12572
116 11470 14179 103 175282
117 11592 13280 110 161598
118 11651 29334 149 637665
119 11712 14391 69 46824
120 11767 16544 76 364681
121 11881 17990 115 272960
122 11910 12146 35 8137
123 11948 16916 25 38184
124 11981 12820 51 9773
125 12196 13431 4 3195
126 12224 13087 123 106904
127 12340 13319 75 53568
128 12606 15633 32 56779
129 12875 13058 31 5077
130 12956 13180 129 11951
131 13030 18561 8 17142
132 13039 16663 7 16433
133 13079 30196 149 543265
134 13218 16100 62 37575
135 13240 21335 11 16957
136 13320 22804 16 48629
137 13588 14752 44 26149
138 13593 17541 27 50330
139 13778 15936 8 24280
140 13780 19468 17 24046
141 13791 14513 15 15451
142 13834 23979 46 72939
143 13946 15607 36 50638
144 13966 14376 68 26007
145 13981 20615 34 143490
146 14004 20604 21 76211
147 14077 14755 81 29024
148 14117 19011 78 169150
149 14238 16291 17 8503
150 14257 14797 14 2139
151 14756 18550 35 69617
152 14796 18926 9 26425
153 14957 18565 20 38677
154 15041 16827 52 34032
155 15113 18533 95 76614
156 15497 23691 11 22636
157 15602 17214 9 2791
158 15767 23518 16 42809
159 15777 23988 136 557065
160 15864 18010 24 44093
161 15961 16640 48 7188
162 16252 18792 15 13062
163 16282 16884 16 9195
164 16380 20019 4 12088
165 16448 19545 5 10373
166 16634 33685 44 244881
167 16691 24685 22 54865
168 16745 29837 45 260792
169 16790 24436 41 131569
170 17024 17275 46 6984
171 17246 21268 125 99250
172 17257 17835 7 3783
173 17464 18034 56 18807
174 17668 26593 97 1512019
175 17761 18347 39 6361
176 17800 28317 120 283656
177 18015 22851 28 73458
178 18161 20714 11 11241
179 18206 21598 31 29282
180 18223 25541 66 121757
181 18389 21438 58 87185
182 18514 25070 7 24178
183 18889 22744 15 12317
184 19038 20722 9 15734
185 19042 20668 127 116366
186 19062 20924 63 28441
187 19076 25103 29 24611
188 19095 19178 19 1071
189 19140 19797 22 3596
190 19421 20310 37 21580
191 19429 20495 12 1656
192 19623 19795 127 7480
193 19643 20428 9 6700
194 19658 20720 20 17778
195 19779 23242 36 48545
196 19812 31047 7 17559
197 19814 39976 117 2956830
198 19833 21982 86 35472
199 19916 23616 73 68462
200 20055 22048 86 119871
201 20081 35150 148 630145
202 20090 20374 23 3676
203 20098 20192 41 2235
204 20288 20718 21 8270
205 20315 20912 16 3702
206 20407 27543 58 74805
207 20419 21549 10 1524
208 20424 24505 36 179113
209 20567 31708 93 418654
210 20772 23025 4 2272
211 20817 20962 145 15080
212 21018 23367 51 45071
213 21193 21820 100 40976
214 21241 24744 124 527011
215 21452 24438 85 86939
216 21496 24616 130 433648
217 21506 22479 60 26549
218 21633 22091 55 15276
219 21722 22046 66 15882
220 21761 25258 112 61166
221 21827 22554 82 32453
222 22068 23946 109 140379
223 22164 29764 136 398985
224 22239 28049 66 262082
225 22375 22910 85 16206
226 22377 22489 56 2275
227 22411 22835 9 2246
228 22433 23105 86 23567
229 22510 23089 123 19133
230 22527 28217 14 27544
231 22549 35827 25 83423
232 22650 23620 136 23135
233 22664 27164 58 94882
234 22703 29143 116 719268
235 22853 26922 37 30096
236 22859 25868 5 2582
237 22887 25499 5 12024
238 22906 30749 69 215375
239 23066 27537 53 91808
240 23258 31650 61 241628
241 23372 23675 104 15976
242 23788 30544 43 108881
243 23821 29770 21 36838
244 23873 42738 29 185632
245 23922 29172 32 45556
246 23945 24735 19 7274
247 23958 24822 16 6677
248 24085 24439 51 12569
249 24289 25663 59 29767
250 24301 25346 33 38114
251 24571 29235 128 285505
252 24700 29663 107 229539
253 24734 33211 4 17184
254 25062 25546 36 2884
255 25063 29838 13 44464
256 25219 26414 59 35374
257 25371 25835 42 14742
258 25387 30083 18 46987
259 25394 27011 12 17444
260 25577 33495 32 62725
261 25651 31823 20 84942
262 25717 27081 52 44219
263 25729 27799 7 7173
264 25738 28519 110 84991
265 25862 27919 58 136883
266 25892 31669 17 17428
267 25917 32860 61 193513
268 26011 29606 67 82305
269 26083 36906 120 559398
270 26104 26844 91 63210
271 26116 26680 34 11013
272 26159 29299 84 86247
273 26205 41388 9 56448
274 26312 26609 114 9122
275 26335 29777 113 244845
276 26336 29229 68 123780
277 26467 38356 32 181695
278 26556 27476 32 14371
279 26566 29014 25 41975
280 26681 28744 85 91210
281 26807 29280 74 29413
282 26809 33184 5 21371
283 26824 46976 119 588968
284 26861 27614 13 3736
285 27063 31439 73 102835
286 27355 32460 144 121921
287 27492 38523 24 129530
288 27493 30205 56 76422
289 27514 40134 104 1010504
290 27671 28181 67 43627
291 27672 37256 27 370764
292 27886 38474 107 301463
293 27969 37700 139 447048
294 27975 28115 94 12921
295 28082 29991 94 232972
296 28375 29426 123 97489
297 28424 28625 47 4556
298 28426 37119 19 33375
299 28457 28778 127 14305
300 28470 31083 135 145921
301 28720 35485 27 93607
302 28970 49917 32 109005
303 28971 29500 10 13114
304 29021 32583 35 22654
305 29149 33146 61 133330
306 29237 55051 21 151505
307 29258 38385 20 76836
308 29264 30850 80 100416
309 29267 30726 78 83822
310 29346 34919 46 94039
311 29417 37198 15 45449
312 29474 31886 63 92116
313 29618 39482 57 118170
314 29782 30680 150 49639
315 29827 32869 61 58600
316 30002 36908 114 750794
317 30193 30761 29 4087
318 30233 36714 90 176672
319 30448 31449 45 40552
320 30565 35353 43 89342
321 30710 33561 103 121244
322 30730 37639 9 57026
323 30732 31507 44 41271
324 30745 41431 107 404936
325 30886 35027 141 235309
326 31071 31229 100 8380
327 31088 35392 15 18818
328 31348 31606 141 48280
329 31386 31889 45 14107
330 31487 39475 141 546149
331 31672 34845 18 23425
332 31690 32366 40 15657
333 31774 32397 22 4018
334 32077 59941 6 27017
335 32192 40196 33 157850
336 32483 32873 27 7356
337 32584 38865 106 215951
338 32588 32804 4 335
339 32721 42680 15 35885
340 32855 33807 12 7613
341 32963 33406 64 16973
342 32991 33013 24 344
343 33027 39647 32 84668
344 33307 37851 64 145400
345 33402 34030 19 6351
346 33510 35685 40 16919
347 33648 37955 105 454372
348 33662 34398 124 108215
349 33742 40062 89 530822
350 33782 42745 25 92429
351 33804 35318 106 69620
352 33806 38915 12 9054
353 33842 35703 84 185683
354 33878 43448 37 82555
355 33990 34283 27 7692
356 34002 53559 78 1682288
357 34294 43883 15 62638
358 34467 37780 30 45736
359 34790 36013 26 4108
360 34981 38974 109 93319
361 35253 40007 109 145911
362 35372 45852 105 725998
363 35399 39251 105 100618
364 35481 46308 17 43214
365 35527 36151 35 14557
366 35542 38313 13 17144
367 35551 37982 38 99211
368 35755 36792 128 197623
369 36012 37761 44 22599
370 36061 36800 52 27119
371 36091 47524 23 48105
372 36129 40539 25 90093
373 36184 37933 5 4956
374 36266 39726 15 28324
375 36267 38951 5 5022
376 36328 41495 102 437084
377 36385 42058 103 350245
378 36387 38682 111 156201
379 36409 36939 19 5194
380 36461 37021 90 13569
381 36468 36498 4 109
382 36534 40256 9 14335
383 36649 50996 19 246839
384 36695 41012 96 179484
385 36704 39938 97 44217
386 36717 40604 26 52553
387 36720 44476 16 70483
388 36740 43764 22 62571
389 36758 43179 58 121444
390 36770 46135 74 199666
391 36816 46070 12 48194
392 36904 40606 114 376348
393 37064 38183 108 48524
394 37103 44230 6 17589
395 37164 38863 19 37995
396 37199 37532 52 4773
397 37283 38819 8 5590
398 37330 37387 89 5122
399 37382 47324 68 445938
400 37411 45993 12 51883
401 37485 38571 46 17045
402 37515 41984 116 228979
403 37519 39225 33 39184
404 37605 49062 128 204366
405 37626 39675 103 41180
406 37665 38372 24 11736
407 37712 40842 62 127328
408 37786 43666 80 166678
409 37961 41233 91 141919
410 37965 41001 15 20485
411 38059 38490 116 11593
412 38076 39508 18 27505
413 38081 43455 36 64020
414 38271 42550 134 404464
415 38467 39464 57 60506
416 38517 41645 22 63562
417 38648 40543 29 33300
418 38649 41530 105 186451
419 38675 39206 94 21032
420 38778 43874 137 307750
421 38888 43320 69 211754
422 38943 40361 18 7517
423 38954 46362 38 122945
424 39055 41186 117 155843
425 39095 39384 107 28820
426 39208 43825 30 172973
427 39513 45566 134 432592
428 39814 43325 148 130571
429 39888 42320 147 99842
430 39914 45746 81 102276
431 40070 42092 66 45248
432 40184 41004 56 18625
433 40304 43008 12 22660
434 40478 40911 13 4057
435 40503 41452 21 5749
436 40533 43430 26 21615
437 40564 48894 61 239323
438 40727 43423 29 41526
439 40943 48009 38 89711
440 41220 43135 128 161418
441 41416 44338 126 291259
442 41443 43745 51 122455
443 41630 54153 8 27861
444 41737 43968 43 46507
445 41765 44843 72 174641
446 42233 44508 148 152474
447 42439 46278 43 67390
448 42461 49819 23 63461
449 42522 43415 46 37285
450 42607 42829 6 861
451 42848 49546 23 24523
452 42862 68563 29 250133
453 42868 44133 145 62855
454 43039 44571 37 28997
455 43089 48673 47 530186
456 43140 44399 120 60895
457 43612 53687 26 52928
458 43808 46465 57 36466
459 43842 44022 14 1761
460 43863 45458 103 47077
461 44242 45418 28 7590
462 44348 45022 90 51109
463 44433 46301 110 124211
464 44500 50318 40 138605
465 44768 47298 62 31708
466 44889 46663 10 13731
467 44943 46463 10 16738
468 44969 45038 66 3221
469 45031 52699 101 553595
470 45158 53313 19 96669
471 45201 53929 43 109177
472 45233 47753 99 288023
473 45329 47750 13 15087
474 45406 50159 131 431625
475 45451 51044 72 165358
476 45538 49216 34 96461
477 45863 46298 19 4211
478 45872 65272 149 1169394
479 45931 50658 84 334447
480 45954 47474 9 14912
481 46001 47730 7 4676
482 46008 55501 90 141103
483 46151 46569 145 34390
484 46155 46756 103 35085
485 46180 56116 107 525608
486 46222 47400 31 20766
487 46296 53071 78 265016
488 46376 50974 35 135109
489 46482 49905 129 225185
490 46515 47195 15 5378
491 46616 47175 68 35022
492 46761 49130 98 83675
493 46836 54731 19 39092
494 47018 47858 49 18879
495 47126 47791 31 6202
496 47398 48633 77 67512
497 47427 57164 10 26466
498 47598 50396 143 499508
499 47642 57003 131 702443
500 47662 49933 139 193105
501 47703 50579 109 90116
502 47821 53517 24 79190
503 47893 50570 18 23535
504 47929 54841 10 43594
505 48106 49237 41 23463
506 48273 48940 9 2544
507 48376 49714 107 73064
508 48416 51803 92 166872
509 48490 50454 14 10304
510 48650 51039 103 56530
511 48657 50576 133 74538
512 48770 55609 96 388357
513 48838 49976 15 15885
514 49016 52696 13 23619
515 49060 55846 4 24979
516 49373 56935 55 133810
517 49654 52492 42 67316
518 49708 55296 20 39074
519 49940 49969 64 663
520 49957 50095 88 6620
521 50108 62628 142 1415404
522 50163 50899 8 7838
523 50302 57181 47 96314
524 50375 57389 6 13090
525 50536 52518 45 98839
526 50556 53017 138 79553
527 50560 55419 137 144730
528 50621 53194 13 5731
529 50626 51957 49 10621
530 50654 51922 30 22749
531 50674 53902 25 72014
532 50756 60333 81 201721
533 51126 55826 120 133686
534 51247 63353 38 249409
535 51302 57160 114 149700
536 51374 51774 72 35786
537 51747 54483 138 154665
538 51755 60379 39 87071
539 51756 55475 49 56967
540 51851 55088 85 392658
541 51997 52630 5 3272
542 52030 57232 119 855412
543 52473 53270 25 11955
544 52496 54180 140 186122
545 52639 57486 116 633429
546 52672 53931 102 51784
547 52688 59624 31 48012
548 52802 73692 85 748505
549 52803 53052 53 9680
550 52808 57105 93 362646
551 52809 53069 9 1311
552 52853 54680 76 46204
553 53286 56564 75 152267
554 53593 72529 7 73505
555 53792 59390 131 205830
556 53866 57704 71 142196
557 54049 58955 60 124341
558 54050 59058 33 166212
559 54416 59123 104 196195
560 54516 56122 25 32638
561 54521 58524 65 49346
562 54551 56346 76 60450
563 54585 55867 102 63574
564 54648 61310 15 82006
565 54688 63277 81 234795
566 54737 60782 48 166524
567 54885 58103 137 279221
568 54905 58745 146 163239
569 55050 71909 116 511373
570 55109 55427 108 23376
571 55139 62386 19 52506
572 55282 60124 20 29627
573 55364 56415 142 197817
574 55405 56142 19 7048
575 55471 59289 52 81208
576 55587 73375 46 292089
577 55657 57889 123 118023
578 55788 57051 47 31013
579 55806 70069 12 67066
580 55818 56862 10 4482
581 55949 56182 98 7561
582 55995 58071 129 116272
583 56019 61284 10 14136
584 56128 62403 53 157258
585 56255 68130 8 63965
586 56326 59278 21 61304
587 56381 57218 100 40102
588 56602 58777 69 89122
589 56616 60402 6 4923
590 56998 57833 15 3037
591 57108 65251 29 50221
592 57141 57370 31 2134
593 57171 57597 4 426
594 57561 60658 7 35156
595 57669 59794 58 70512
596 57993 58248 107 40002
597 58014 59665 11 65267
598 58022 60884 12 13049
599 58080 60095 30 33586
600 58155 70162 60 335051
601 58324 58907 45 26329
602 58435 70991 7 120512
603 58507 58603 118 7043
604 58732 65360 37 108691
605 58812 72293 110 207293
606 58862 59884 69 26580
607 58957 62031 101 104991
608 58999 87331 142 1328329
609 59006 65819 44 61531
610 59260 61586 17 14679
611 59316 61453 46 122973
612 59355 59574 24 2754
613 59369 59714 32 6388
614 59388 61179 72 73786
615 59391 59457 18 1488
616 59525 60436 27 18253
617 59535 60211 42 24100
618 59591 63185 60 87377
619 59602 67198 53 132956
620 60148 60582 29 16061
621 60306 65277 20 27717
622 60369 63692 8 8814
623 60464 60684 115 28429
624 60513 66868 59 407746
625 60545 74665 53 141400
626 60565 65766 68 92286
627 60632 67913 40 203411
628 60890 65478 13 25257
629 60932 69456 17 110590
630 60962 65334 76 216246
631 61016 61445 39 9448
632 61089 61473 125 33040
633 61172 61454 33 5107
634 61215 65556 134 248680
635 61342 64049 48 79218
636 61583 63901 32 22719
637 61668 66475 28 49200
638 61689 61987 41 6287
639 61698 64518 61 35757
640 61780 62534 45 17759
641 61962 64992 145 108258
642 61985 66036 28 55594
643 62042 65685 82 260760
644 62103 62811 126 116367
645 62418 65014 5 10930
646 62431 64544 72 172901
647 62458 66563 79 168575
648 62461 77468 71 489721
649 62531 71354 112 265572
650 62753 72446 112 390306
651 62795 64274 10 7396
652 62991 65107 5 4894
653 63191 63364 9 1116
654 63216 66736 39 27743
655 63221 64251 19 24162
656 63462 65866 49 110483
657 63508 66132 23 26104
658 63745 65944 7 5937
659 63920 73747 21 138748
660 63999 65326 13 3758
661 64072 73834 39 107447
662 64154 65540 50 54403
663 64373 69219 66 202652
664 64405 68935 23 94471
665 64517 73559 39 132173
666 64543 66944 75 16470
667 64904 65018 87 5615
668 64922 65318 23 4483
669 64933 68511 5 3748
670 64980 68763 38 27801
671 65053 74625 139 777091
672 65075 68966 16 33703
673 65090 65111 144 1271
674 65350 67212 85 25011
675 65584 70467 25 76769
676 65605 68881 75 174967
677 65640 71235 65 303955
678 65673 65832 113 13353
679 65731 67441 73 39314
680 65745 69460 80 82960
681 65841 70732 51 235821
682 65859 72859 81 159658
683 65963 71642 4 23769
684 65978 68615 21 12629
685 66125 70436 28 29961
686 66311 69734 7 7007
687 66402 68306 145 260724
688 66436 73478 7 18238
689 66510 70405 10 24820
690 66560 69824 9 12241
691 66632 67681 52 16037
692 66794 67736 33 24965
693 66832 69751 30 18277
694 66880 74323 69 439765
695 66933 71286 131 639140
696 67000 68155 54 15268
697 67015 77077 7 15918
698 67112 73170 7 13172
699 67123 67701 43 8214
700 67221 68056 87 34645
701 67274 70221 11 16142
702 67276 78717 9 59820
703 67375 75790 18 55153
704 67508 70585 29 53527
705 67523 72280 14 23219
706 67548 68197 9 4565
707 67649 70315 96 387261
708 67867 68670 23 8978
709 67874 69119 84 37634
710 67919 77636 14 112252
711 68029 68263 56 19724
712 68162 68400 11 1259
713 68441 70556 117 119858
714 68483 74150 75 120536
715 68710 68786 8 244
716 68955 70586 53 24422
717 69192 69802 30 21178
718 69259 74075 75 447215
719 69653 73113 5 8932
720 69730 80906 91 563062
721 69754 70519 102 54228
722 69860 81909 93 290741
723 70144 78178 62 88558
724 70177 79872 69 217852
725 70211 71148 8 7894
726 70215 77551 11 63054
727 70356 71447 20 15060
728 70488 70661 31 957
729 70607 72355 36 53052
730 70645 73782 14 17237
731 70716 79490 39 164356
732 71058 71445 21 7140
733 71087 74614 7 16810
734 71191 71837 13 8566
735 71397 73383 11 10402
736 71533 78763 17 43683
737 71726 89175 111 512708
738 71839 86624 27 189695
739 72025 85243 35 214947
740 72056 75338 127 76767
741 72349 86191 22 133577
742 72533 74199 120 133653
743 72706 77314 38 34406
744 72751 75897 36 48417
745 72802 75686 102 52060
746 72945 73662 79 28577
747 73028 74982 54 45076
748 73067 78532 66 364978
749 73099 79477 9 25161
750 73286 82484 54 517699
751 73298 80625 148 348709
752 73471 74514 141 158356
753 73495 79900 58 75310
754 73634 73819 118 24578
755 73892 79095 44 44398
756 73977 80274 24 32364
757 74098 74132 44 1315
758 74117 82574 19 120649
759 74214 76641 39 48302
760 74305 79149 23 47220
761 74306 76401 128 247485
762 74379 81489 136 257015
763 74423 77380 7 3228
764 74565 87850 132 238620
765 74701 80226 59 206398
766 74930 76119 74 59661
767 74958 77695 138 57244
768 75030 84354 125 786202
769 75083 75770 6 1016
770 75120 76574 5 1515
771 75132 78687 84 84318
772 75183 81037 6 4765
773 75411 75952 7 2332
774 75412 78503 19 21750
775 75435 80812 23 53536
776 75490 82822 58 143866
777 75531 80709 6 5589
778 75584 78577 112 161699
779 75649 86838 70 405211
780 75808 82963 8 29295
781 75881 77615 35 19122
782 76006 80553 64 78132
783 76025 85287 20 103852
784 76106 77376 7 2272
785 76174 87028 84 271514
786 76215 78955 92 109532
787 76613 80099 54 68451
788 76827 83571 17 43483
789 76923 78636 69 13773
790 76954 86643 85 184250
791 76964 81365 41 34921
792 76970 79839 6 3859
793 76999 84836 104 189906
794 77096 82036 29 21947
795 77098 86270 12 30127
796 77251 77871 148 24905
797 77260 84134 83 181799
798 77267 80963 126 182564
799 77300 78370 12 19563
800 77379 81871 87 78822
801 77671 84041 121 171037
802 77914 79866 80 38835
803 78041 81104 45 49705
804 78095 82619 10 8716
805 78101 81471 26 29631
806 78396 79974 120 148176
807 78401 84392 80 402398
808 78418 78551 31 2452
809 78459 78970 137 56301
810 78584 83093 67 118100
811 78710 82001 67 55717
812 78721 78809 118 8489
813 78756 90214 50 118311
814 78854 80413 80 55786
815 78863 84531 101 179106
816 78931 82246 26 58806
817 78983 84233 5 5424
818 78985 86578 81 434920
819 79249 81660 38 30112
820 79256 81868 136 275168
821 79306 91883 14 35836
822 79643 83887 24 80599
823 79729 85108 95 420564
824 79746 80945 69 24388
825 79841 82032 96 122319
826 80006 87507 77 297188
827 80013 80828 30 8422
828 80020 81474 125 88490
829 80047 90554 112 347557
830 80067 99060 13 33880
831 80250 81067 39 13175
832 80283 82244 28 18190
833 80326 80668 24 9295
834 80391 80634 13 1953
835 80412 80645 84 12382
836 80422 81436 18 14603
837 80571 80776 88 17477
838 80637 83526 88 68140
839 80675 82668 13 20608
840 80854 84592 82 97257
841 80987 83755 106 77711
842 81108 87189 6 11780
843 81130 83909 70 71872
844 81206 84929 17 40400
845 81360 84079 46 112605
846 81430 86182 128 305232
847 81524 84015 53 133074
848 81533 82302 118 45024
849 81872 86776 128 113683
850 82035 85988 29 92927
851 82430 89819 71 108702
852 82785 84474 58 23892
853 82947 83151 119 5810
854 82948 98399 15 38276
855 83019 83765 32 12849
856 83092 86992 85 148729
857 83152 86909 116 297648
858 83247 90044 10 64236
859 83294 88470 75 270129
860 83314 90829 17 62281
861 83326 86443 63 55069
862 83387 93367 16 76281
863 83395 88768 66 277773
864 83398 85259 7 4353
865 83399 84202 13 8902
866 83400 83864 35 4482
867 83569 84668 63 19460
868 83606 90596 46 333676
869 83656 84831 12 3611
870 83756 83973 26 2578
871 83772 84852 89 126131
872 83885 87528 75 69065
873 83957 99247 108 748897
874 83999 86040 15 10208
875 84215 85096 41 24686
876 84651 86324 100 164193
877 84807 87930 4 5011
878 84945 87693 43 61446
879 85048 88712 137 157883
880 85173 99779 8 60141
881 85411 92058 84 148391
882 85443 88222 72 128108
883 85551 86487 17 4954
884 85867 89433 69 78875
885 85885 88365 56 169605
886 85921 89023 122 266361
887 86067 86262 46 1776
888 86091 89199 68 94250
889 86332 86429 141 18861
890 86447 88149 83 63756
891 86480 88108 8 2471
892 86545 88885 32 39771
893 86563 89106 29 14128
894 86612 91913 73 368821
895 86696 91980 21 22346
896 86739 87605 127 108271
897 86803 87125 55 11944
898 86971 95851 70 123898
899 86972 91669 17 17814
900 87084 89708 13 15760
901 87266 94002 26 71263
902 87307 90217 87 40404
903 87410 87799 137 22098
904 87656 92296 23 48130
905 87658 87885 148 18188
906 87832 91517 15 24414
907 87938 90728 147 126293
908 87973 89648 80 164117
909 88021 91531 5 7416
910 88025 90731 9 17057
911 88071 94664 4 8621
912 88114 88656 141 33467
913 88135 91158 22 32462
914 88192 89417 5 4148
915 88284 95210 7 18808
916 88336 89354 128 68763
917 88607 89129 87 7518
918 88683 89333 130 26912
919 88719 92554 32 32238
920 88810 90028 17 20205
921 88856 94316 100 162046
922 88926 95348 131 782668
923 88990 90144 10 9975
924 89119 91369 74 79820
925 89242 89389 42 2231
926 89327 98686 8 35810
927 89602 94584 46 168670
928 89615 91633 10 14855
929 89707 91060 9 3588
930 89741 91273 99 82453
931 89862 93697 115 491081
932 89866 99268 39 96011
933 89998 94211 26 58487
934 90322 90981 13 5410
935 90339 93417 44 61150
936 90342 91928 118 105977
937 90354 93843 126 235504
938 90548 91009 74 15413
939 90579 96826 36 67806
940 90603 91800 6 2347
941 90624 94764 7 16009
942 90678 90861 56 4150
943 90810 94577 8 4100
944 90986 92991 37 57660
945 91057 92669 124 138057
946 91227 96687 16 25557
947 91253 98375 36 150113
948 91280 96275 31 114562
949 91538 91703 83 7067
950 91746 96783 138 299758
951 91926 93325 7 5681
952 91930 94513 48 57387
953 92009 95478 39 69046
954 92084 98680 64 246339
955 92147 92338 41 7717
956 92348 93748 4 3388
957 92418 96988 146 334428
958 92667 95803 35 58362
959 92876 96845 54 71393
960 92930 97320 58 119898
961 92939 95363 98 186519
962 92961 93022 70 946
963 93141 95917 76 133830
964 93185 95099 92 20535
965 93236 99695 113 102267
966 93389 99472 14 22643
967 93397 94084 52 6348
968 93537 93604 88 6514
969 93703 97338 10 6703
970 94342 97699 80 190102
971 94507 96913 26 43036
972 94668 96130 14 3366
973 94779 99094 119 232111
974 94819 98111 7 5215
975 95011 99055 132 195171
976 95226 97281 25 13257
977 95305 98122 29 34191
978 95316 95417 74 10950
979 95317 98726 103 203312
980 95475 97336 4 2719
981 95553 96188 28 10345
982 95569 96158 16 4460
983 95831 95891 26 736
984 95932 98791 101 43387
985 95991 96582 31 7090
986 96025 96630 5 1408
987 96370 96720 26 4115
988 96393 98529 45 55847
989 96757 97719 132 57837
990 96856 99750 15 11942
991 96902 97035 31 4986
992 97013 99851 14 6745
993 97032 98835 13 13810
994 97665 98443 40 25003
995 97687 98079 144 31694
996 97927 98581 126 19246
997 98809 98909 79 4598
998 99219 99805 33 7518
999 99640 99985 10 955
