50 1000 0.086
.######.###..............##........#..............
..########...............#........##..............
.#######.###...........###..#.###.##..............
############..........###########.#...............
#.#.######.............######.########............
.####.####...............############.............
.####.##...............####.########..............
#########................#.##.########............
.#########................###########.............
########................########.##.##............
#...#.###............#########.#######............
##....#.#.............#.#.#######..###............
#.....#...............############.#..............
......................##.##..###..................
...........................######.................
..#...............................................
..###.................##..........................
.######............######.........................
.#######............#####.........................
#.####............#######.........................
####..............#####.............#.............
#####......#.###.######.#......###..##............
.###....########.###.####..#..#.######.....#......
#####..#########.##....##.###.#..###.......##.....
####...#############....#..##.##.####......###....
#.###..###.##########...#############.......##....
.###.################...#########.######..#.##....
..##.#######.#######....#############....##.##.###
...#...#####.#######.....#####.#########.####..###
.....###############.......#########.#..##########
......##.##..#####...........#########...#.#######
......######.#####..........#####..##....#..######
.......#####.#.#####............###.#......#######
..........#######.#............##.........##..###.
.........##########............##..........#######
.......########..#..............#..........##..##.
......#.########.#####........................###.
......###.######.##............................#..
.........#########................................
.........##########...............................
..........#########...............................
........######..#.................................
.........###.....##...............................
.........#.##...##................................
.................#####.#..........................
.................#######..........................
...............#########..........................
..............#########...........................
...............##.####.#..........................
................##########........................
0 84 121 97 2118
1 212 4322 10 15279
2 284 4442 16 27014
3 402 4154 135 107382
4 487 499 136 1294
5 510 2904 8 14075
6 745 8854 21 64164
7 854 5385 50 102291
8 897 3815 32 29492
9 937 5817 9 27471
10 1016 12277 13 31458
11 1185 4645 19 17962
12 1224 1434 86 9227
13 1226 1392 80 10184
14 1335 2916 101 39778
15 1378 1609 96 21941
16 1407 1539 53 5992
17 1432 8528 95 598343
18 1550 1569 137 772
19 1604 2823 75 87099
20 1784 8871 74 246424
21 1786 2183 41 15619
22 1854 8530 6 25196
23 1911 5910 78 232261
24 1944 2621 38 17958
25 1954 3672 46 89490
26 2090 5571 41 24397
27 2116 4134 46 41190
28 2206 3057 48 11505
29 2254 3309 125 54380
30 2365 4806 19 17495
31 2367 3980 138 135960
32 2548 10655 106 617210
33 2600 5271 11 12676
34 2631 5786 42 62938
35 2830 3068 32 2383
36 2889 10696 124 136801
37 2942 10984 42 222682
38 2991 6274 15 22460
39 3154 4734 57 34574
40 3165 5318 82 112815
41 3191 5324 56 66577
42 3367 4206 106 41965
43 3375 5175 69 74739
44 3442 13190 35 400072
45 3535 5185 117 48809
46 3998 6301 115 105608
47 3999 4279 70 7180
48 4053 5044 10 1575
49 4126 8071 14 18872
50 4328 6114 80 50849
51 4485 11371 116 270249
52 4560 9000 71 192756
53 4612 10164 58 62444
54 5135 7726 71 111443
55 5178 5238 23 2151
56 5213 7495 7 10794
57 5590 6176 31 40052
58 5974 6988 57 7573
59 5985 13836 119 491680
60 6137 8437 36 49663
61 6197 6463 66 5337
62 6243 6824 7 1718
63 6436 11205 115 214330
64 6736 7071 36 8328
65 6762 7164 93 7341
66 6804 13805 109 846140
67 6849 7211 30 8395
68 6919 9358 99 189719
69 6931 11326 48 96532
70 7348 8389 36 19225
71 7645 11231 84 37852
72 7674 8418 102 41636
73 7675 8801 20 14468
74 7771 12535 135 262735
75 7806 8660 58 9811
76 7810 8797 112 32952
77 7827 20296 11 54812
78 7838 8081 9 2057
79 7867 8184 16 3073
80 7926 10639 30 27730
81 7983 10493 13 7258
82 7998 10405 18 16560
83 8283 12178 8 9148
84 8474 10710 116 80686
85 8491 9758 139 78905
86 8644 8984 59 15610
87 8648 15258 22 49214
88 8875 9600 18 10135
89 9044 13354 62 107883
90 9081 10058 24 9006
91 9164 11846 121 250297
92 9235 11261 70 41229
93 9319 11542 120 121572
94 9336 10619 19 41057
95 9383 9987 54 25990
96 9399 13459 150 194145
97 9482 10258 56 18850
98 9538 9838 22 7317
99 9545 17119 68 228840
100 9646 18801 16 67693
101 9836 10267 125 19322
102 9897 10395 35 8873
103 9913 11920 122 55525
104 10039 10342 134 28797
105 10059 10256 100 12943
106 10224 14738 32 21848
107 10518 11802 77 43494
108 10736 11831 116 48475
109 10779 12153 11 14874
110 10950 18511 76 237324
111 11025 13748 78 94733
112 11037 15191 144 211070
113 11158 14308 4 4171
114 11283 13000 10 14752
115 11310 20331 10 55702
116 11318 13788 72 156035
117 11516 12008 27 3595
118 11572 18197 25 116228
119 11624 16400 9 24901
120 11688 12345 9 4176
121 11781 12804 140 87777
122 11908 12987 77 171769
123 11913 16679 22 28726
124 11938 15974 13 10418
125 11965 13980 31 21525
126 12143 15316 105 124665
127 12212 14197 6 1953
128 12245 15827 122 185129
129 12356 14229 24 50163
130 12507 14663 46 19369
131 12800 14556 18 16394
132 12816 13887 67 18290
133 12864 13689 15 10207
134 12927 14627 29 27757
135 13015 22960 11 52516
136 13081 13488 44 13287
137 13189 14634 32 64180
138 13235 15510 18 16088
139 13355 15577 28 24939
140 13524 17626 26 31486
141 13742 14370 64 49879
142 13791 14733 67 25831
143 13858 14239 90 14440
144 13861 14813 4 1365
145 13881 17304 27 34142
146 14022 15803 51 78675
147 14063 17058 101 587384
148 14398 17727 56 371646
149 14430 20451 5 38116
150 14513 14552 75 2716
151 14528 14792 19 1832
152 14607 18293 46 66882
153 14858 18279 14 49007
154 14913 15940 135 69225
155 15016 17993 50 115386
156 15112 15721 37 5624
157 15148 21767 144 340446
158 15286 15402 115 6413
159 15289 20516 110 168969
160 15357 16310 13 9322
161 15380 16147 6 1919
162 15397 20211 85 207351
163 15494 16251 23 7627
164 15511 15663 99 10570
165 15660 17505 135 95194
166 15706 16729 45 26226
167 15755 15868 106 11864
168 15862 16733 9 2338
169 15872 18986 98 256629
170 15933 16320 74 22006
171 15987 17487 6 4725
172 15993 16731 10 2972
173 16025 22690 11 17161
174 16118 21534 94 250019
175 16144 16240 26 2440
176 16165 16463 29 5810
177 16210 16923 80 58862
178 16306 17854 19 13192
179 16402 17363 20 7752
180 16455 17950 129 302916
181 16462 18653 121 88909
182 16563 17914 142 88859
183 16654 21649 35 156353
184 16751 19217 98 151040
185 16810 18881 102 79568
186 16886 17953 36 13800
187 16911 17155 118 34677
188 16982 20879 129 196573
189 17291 19967 16 14171
190 17358 29927 38 181953
191 17388 21712 97 144911
192 17558 18457 98 65840
193 17559 22574 5 9068
194 17564 18866 6 9284
195 17572 18980 19 16726
196 17755 19313 84 60448
197 17890 25269 47 95427
198 17907 21044 65 142465
199 17913 22027 13 16616
200 17977 23838 143 312996
201 17991 24278 145 405548
202 18331 18951 20 19601
203 18573 23550 55 74120
204 18583 18981 9 1403
205 18741 18989 74 8605
206 18747 22982 20 15221
207 18758 20284 124 122463
208 18859 20508 38 38757
209 18889 18994 119 9421
210 18893 23232 110 633277
211 18988 19189 52 5255
212 19014 19704 16 5722
213 19065 19227 143 16701
214 19123 20705 102 27126
215 19155 19208 141 2498
216 19220 20016 8 4296
217 19373 22583 44 49324
218 19377 19935 106 36016
219 19482 19806 87 7167
220 19553 20625 39 13346
221 19768 21706 81 122893
222 19885 20833 109 44382
223 19899 24298 30 133216
224 19953 21505 101 112993
225 20004 30488 81 411087
226 20056 21265 58 45932
227 20180 23162 77 163805
228 20210 20499 20 5483
229 20419 28243 29 255461
230 20526 21235 51 72983
231 20548 21595 5 4682
232 20620 24240 75 90290
233 20694 24695 140 175158
234 20709 21698 26 13057
235 20741 22231 20 14458
236 21020 25763 64 71972
237 21051 21889 74 12205
238 21095 21203 52 5205
239 21342 22309 103 113920
240 21357 24546 73 178519
241 21419 23011 5 7894
242 21452 24776 68 45757
243 21544 23452 23 29295
244 21560 23043 142 79431
245 21714 23188 90 58313
246 21807 25659 22 25594
247 21840 21922 71 2035
248 21941 22529 107 27711
249 21972 22361 150 21913
250 22099 24505 86 164648
251 22224 29258 43 137108
252 22241 22628 69 21501
253 22355 23211 132 90836
254 22651 29373 22 67085
255 22851 31692 51 135407
256 22972 23166 11 1178
257 23103 29475 128 448353
258 23133 23828 56 23612
259 23139 24565 9 4517
260 23151 24396 104 56688
261 23153 24826 38 30956
262 23427 26836 48 56760
263 23580 25926 115 407106
264 23589 27163 17 18925
265 23632 28127 106 512688
266 23647 23694 51 2806
267 23722 23856 43 3858
268 23843 30557 73 162853
269 23878 25477 14 8493
270 23884 26429 50 51447
271 23915 24539 50 23086
272 24093 24810 29 8857
273 24316 27758 29 54227
274 24348 26719 7 8081
275 24402 24894 22 9840
276 24487 31992 14 27206
277 24672 25091 108 22076
278 24700 25714 62 36600
279 24723 25561 77 36496
280 24830 25907 32 16831
281 24918 25847 77 49605
282 24947 25518 69 61934
283 25272 25545 41 7695
284 25571 25669 58 2104
285 25681 26394 52 9014
286 25772 28123 14 23987
287 26023 29364 126 194536
288 26163 28651 38 43372
289 26279 37503 25 85202
290 26295 27972 56 16331
291 26517 28396 9 3621
292 26681 37517 24 55526
293 26800 28877 30 28209
294 26988 29784 23 12240
295 27191 27247 82 3682
296 27463 29142 18 32392
297 27748 30665 46 34494
298 28202 29185 6 2897
299 28281 33188 12 14320
300 28359 28594 141 18294
301 28588 31994 21 16952
302 28908 30117 66 43215
303 28957 33096 57 109850
304 29087 30406 67 52454
305 29089 29340 22 7099
306 29131 31147 27 17056
307 29319 30309 54 14811
308 29331 30348 27 7936
309 29478 30871 98 40250
310 29584 32614 9 12293
311 29694 29851 10 1248
312 29776 32062 32 53589
313 29941 30961 16 18863
314 30101 31610 20 4684
315 30122 35125 137 670726
316 30128 33754 17 16825
317 30207 36175 42 84144
318 30306 33829 18 58347
319 30431 33329 46 35237
320 30510 30623 110 17822
321 30678 31741 126 73125
322 30824 32149 7 3939
323 30835 31636 99 16653
324 30920 31890 15 10994
325 31036 31276 9 423
326 31069 33241 11 5872
327 31202 33177 114 75450
328 31225 33291 42 10026
329 31268 33080 26 8971
330 31326 32612 74 86741
331 31351 33182 98 100337
332 31360 31745 9 1331
333 31396 36565 7 9505
334 31427 35006 6 7858
335 31440 35769 19 22805
336 31496 31755 58 12267
337 31623 36201 91 530767
338 31635 33813 118 110533
339 31676 35361 23 21255
340 31766 33192 98 100178
341 31930 36676 40 56018
342 31989 32405 82 11490
343 32000 32225 116 6996
344 32014 32985 147 105630
345 32058 32136 78 2648
346 32116 33227 6 4629
347 32365 34196 83 106338
348 32457 43316 36 141904
349 32545 33656 58 53787
350 32636 37134 50 186010
351 32743 36094 4 3936
352 32786 35404 9 6051
353 32977 34961 53 72333
354 33064 41180 14 67501
355 33185 35422 37 22975
356 33230 38649 137 145560
357 33380 35068 118 37147
358 33507 35396 83 30010
359 34156 35518 18 13137
360 34162 34941 69 15250
361 34163 36935 78 53753
362 34249 36784 12 9843
363 34401 42140 80 477008
364 34438 34689 23 2359
365 34550 37182 7 16558
366 34681 44700 54 285558
367 34691 37092 77 112874
368 34727 37824 7 8554
369 34851 39618 142 179052
370 34881 38448 96 399858
371 35017 35689 8 3048
372 35135 36268 76 40538
373 35199 36962 69 36135
374 35437 36342 48 7643
375 35443 36560 83 123896
376 35477 35961 140 109157
377 35617 35949 17 2011
378 35749 43623 26 57419
379 35776 42866 4 17713
380 35793 38791 18 24694
381 36145 38969 6 4613
382 36179 36805 76 17581
383 36315 38247 80 133170
384 36350 38709 33 57575
385 36466 37069 73 22638
386 36552 38190 45 18365
387 36692 40459 59 94105
388 36823 37087 13 2387
389 36842 39745 6 3974
390 36920 37416 19 5247
391 36998 42032 16 72133
392 37108 41682 11 18308
393 37153 38573 26 9893
394 37191 45125 39 111210
395 37243 37411 33 3867
396 37244 39001 12 7145
397 37264 42306 9 23199
398 37469 39684 33 42292
399 37471 38916 6 3391
400 37578 47357 147 844366
401 38093 41213 41 47658
402 38214 41774 142 779268
403 38262 39080 4 3045
404 38372 42234 51 45363
405 38521 38871 14 1797
406 38552 38638 23 1766
407 38589 42495 76 222733
408 38600 40390 85 50360
409 38645 39064 81 31434
410 38659 39888 12 7679
411 38795 43975 117 195307
412 38817 39339 4 724
413 39151 41020 90 219315
414 39233 40573 23 9748
415 39489 45591 61 183492
416 39570 40717 98 31157
417 39656 41296 66 49444
418 39832 40383 9 1925
419 39858 41603 4 1357
420 39880 45416 4 45247
421 40001 42985 12 11169
422 40050 44954 20 33147
423 40335 41791 5 3319
424 40385 43998 62 202043
425 40458 41528 12 3438
426 40605 44077 89 59870
427 40744 42432 58 29525
428 40791 41438 9 2211
429 40812 43152 53 47106
430 40947 41110 6 700
431 41007 43308 23 10256
432 41130 41792 36 31839
433 41223 43638 64 97461
434 41239 42466 115 51073
435 41252 45377 131 261556
436 41377 41782 85 33954
437 41440 44747 50 12070
438 41641 45517 9 5419
439 41953 45925 148 298110
440 41962 45669 6 7780
441 41971 42792 9 5279
442 42109 42139 22 729
443 42118 42405 68 18486
444 42198 43171 41 20808
445 42660 44786 80 54207
446 42999 43047 34 1368
447 43081 44410 103 83299
448 43159 43789 37 5686
449 43161 44929 19 14753
450 43240 44928 67 36463
451 43556 44407 77 19556
452 43785 50275 4 6558
453 43947 44396 116 24716
454 44006 47675 126 144288
455 44009 49028 15 19105
456 44079 44975 138 86733
457 44296 45399 37 26987
458 44300 48500 21 34934
459 44355 44459 8 589
460 44361 46529 83 87036
461 44385 44958 61 20370
462 44516 51685 11 25966
463 44549 45347 29 20691
464 44651 48359 90 177995
465 44652 48193 55 93228
466 44711 53213 21 111604
467 44730 48637 110 227851
468 45009 45550 58 23611
469 45042 49520 17 118718
470 45102 50033 28 34829
471 45234 49334 18 31353
472 45358 46986 112 72517
473 45491 45537 123 5602
474 45565 45746 136 15673
475 45682 45792 13 781
476 45787 46024 81 12919
477 45803 46223 7 1836
478 45824 48254 128 312913
479 45839 46333 19 20853
480 45921 46015 104 8304
481 46017 46107 149 8469
482 46126 46281 148 12942
483 46306 47712 17 7198
484 46396 46447 104 4156
485 46448 48094 133 124639
486 46481 46501 13 82
487 46525 46718 22 4263
488 46533 49769 58 89665
489 46562 54301 9 23712
490 46929 51953 94 585319
491 47215 49971 141 56618
492 47304 47955 125 21914
493 47320 48839 21 11121
494 47392 49342 78 27497
495 47451 48564 109 102576
496 47590 47764 39 5834
497 47931 49083 112 35027
498 48295 51677 26 47217
499 48374 55663 23 108196
500 48513 51942 15 45272
501 48514 48772 7 727
502 48612 51144 70 111393
503 48752 48760 111 353
504 48918 49345 100 16015
505 48933 49204 138 13590
506 49005 50784 65 64534
507 49159 49535 17 3442
508 49201 55883 39 116726
509 49225 50576 96 97704
510 49448 51491 21 36664
511 49503 49797 88 9153
512 49505 49828 75 15777
513 49671 56830 60 254988
514 49708 52375 96 105821
515 49725 58206 21 76488
516 50166 51080 44 27701
517 50393 50490 5 409
518 50413 54480 51 82368
519 50467 51503 78 21174
520 50522 54092 85 298755
521 50555 51167 18 4414
522 50592 52912 109 222940
523 50660 53026 103 169826
524 50828 51040 73 7228
525 50943 53257 58 72382
526 50995 52396 14 8590
527 51020 51767 22 3249
528 51192 53082 148 300451
529 51321 53885 12 20488
530 51769 53560 62 50200
531 51774 56104 87 177897
532 51836 56663 71 154206
533 51846 58139 45 76974
534 51970 54571 68 153851
535 52079 54407 81 48503
536 52083 57930 147 423426
537 52185 52362 6 1824
538 52299 53253 42 5272
539 52742 53143 11 1819
540 52882 53812 31 16386
541 52936 57341 141 428645
542 53043 57045 142 130329
543 53196 53860 5 520
544 53218 56518 19 11551
545 53374 60620 135 479639
546 53596 55476 9 18897
547 53659 53965 4 605
548 53671 55244 52 43006
549 53782 54189 130 26436
550 53822 58138 37 54332
551 54343 58019 94 181807
552 54388 59757 8 15139
553 54489 56822 49 60349
554 54534 60920 44 149656
555 54678 56091 58 23168
556 54713 56132 95 132366
557 54946 57882 70 46819
558 54962 57809 131 441155
559 55011 55797 64 14712
560 55017 56507 31 35872
561 55292 58264 71 69272
562 55468 58949 79 84829
563 55594 61306 53 111632
564 55723 56300 148 46470
565 56018 57914 78 43796
566 56239 57280 30 16794
567 56280 56291 106 1392
568 56307 58272 44 15834
569 56361 57411 8 9054
570 56481 58571 97 187651
571 56487 60913 38 128946
572 56655 65309 7 32926
573 56768 57231 53 4823
574 56828 56933 58 4490
575 56854 61952 9 15232
576 57098 57939 15 12041
577 57311 59738 9 6097
578 57387 57646 54 4262
579 57446 59050 4 2299
580 57487 59027 106 94064
581 57592 60525 67 75273
582 57613 59569 22 16332
583 57644 58096 136 44272
584 57785 60223 41 16582
585 57830 58917 13 4503
586 57843 61121 81 306537
587 57938 59430 10 15363
588 57981 58190 11 1546
589 58065 60791 24 79609
590 58079 60871 145 182471
591 58120 58740 16 3402
592 58161 62062 120 391330
593 58187 60093 4 2848
594 58216 61038 109 32573
595 58274 59255 128 48452
596 58372 60428 99 65200
597 58381 67820 121 500112
598 58469 61082 74 107392
599 58475 58684 120 28463
600 58763 62239 8 8895
601 58817 59980 87 22850
602 58859 62385 9 11272
603 58994 64443 9 38474
604 59093 62144 43 84849
605 59395 60124 48 30015
606 59505 61157 44 29091
607 59514 62749 34 38996
608 59712 63163 15 18200
609 59798 59950 56 9528
610 59916 59959 71 5071
611 60087 61924 5 3127
612 60132 62178 126 72125
613 60403 60848 89 36247
614 60750 63902 14 30541
615 60821 65911 24 74818
616 60856 64497 4 12926
617 60889 69154 94 412689
618 61261 61551 41 10012
619 61263 61751 139 50814
620 61405 61722 19 6949
621 61496 64066 103 182995
622 61515 63133 124 106258
623 61521 61868 21 2198
624 61583 61635 30 2054
625 61679 61689 44 295
626 61728 64816 72 49349
627 61758 63644 139 214371
628 62156 62564 124 19734
629 62220 62717 13 3467
630 62267 62468 60 2952
631 62273 67551 70 202592
632 62288 63362 106 47903
633 62388 64551 122 86754
634 62619 63394 58 13718
635 62841 66308 53 93409
636 62938 65937 65 112196
637 62960 63016 72 3715
638 62993 63660 101 23339
639 63154 65354 88 92013
640 63235 64034 91 89323
641 63604 64181 21 5354
642 63613 65701 34 22891
643 63751 63778 105 3302
644 63974 64393 54 4914
645 64206 68547 15 57652
646 64389 67120 57 70575
647 64444 65792 115 69038
648 64456 67185 5 4098
649 64562 68294 6 6443
650 64576 68151 60 226017
651 64577 64983 129 30481
652 64588 64928 13 5949
653 64614 65944 5 2175
654 64677 64825 114 16674
655 64686 65082 110 30271
656 64914 66149 109 35087
657 65011 65411 27 7635
658 65519 69943 17 13891
659 65648 71916 66 293515
660 65713 66688 13 10499
661 66031 71473 5 21889
662 66118 68024 8 3515
663 66219 67635 36 30099
664 66348 71058 8 15174
665 66418 67710 37 16346
666 66508 67315 104 43847
667 66670 67282 66 49642
668 66793 69123 31 22346
669 66864 74609 22 57348
670 66890 67410 6 1873
671 66952 67438 82 8670
672 66958 67407 6 2042
673 67045 68844 48 33098
674 67130 74153 15 36536
675 67161 73481 32 257747
676 67416 68611 140 55770
677 67492 67828 122 26524
678 67564 68307 16 7258
679 67572 71088 108 235595
680 67596 68623 16 7977
681 67682 71816 122 98083
682 67812 68834 88 119238
683 67925 71558 45 50975
684 67946 70760 56 62651
685 68000 68772 66 15598
686 68147 73337 137 309714
687 68245 70582 78 67984
688 68265 72298 42 134766
689 68331 70779 58 64207
690 68347 71342 48 44566
691 68577 70935 5 7147
692 68704 68954 55 31659
693 68706 82746 146 851671
694 68968 70607 112 184557
695 68988 69707 49 14621
696 69153 71237 87 63348
697 69172 72507 10 34691
698 69264 73308 10 20290
699 69321 76358 7 21762
700 69401 69615 23 5923
701 69426 71369 136 144778
702 69462 69941 35 11301
703 69535 70439 10 8342
704 69572 70162 126 32717
705 69608 69691 28 1790
706 69630 70305 20 4421
707 69679 72266 38 57160
708 69690 74689 117 263680
709 69788 73359 14 21438
710 70030 71493 71 32046
711 70233 71018 19 7938
712 70284 73121 33 47271
713 70590 71451 77 9235
714 70598 72754 16 14770
715 70795 74254 15 9130
716 70863 75776 135 275968
717 71154 74204 10 19141
718 71277 71452 92 8949
719 71343 73828 7 9011
720 71441 74697 29 24799
721 71563 72321 8 2164
722 71582 72177 51 58771
723 71797 73965 24 20001
724 71853 71897 35 507
725 71887 73530 105 65358
726 71951 72303 17 7918
727 71961 72233 76 10386
728 72063 74370 8 8353
729 72188 78080 119 420207
730 72283 72480 34 1415
731 72293 76183 130 323456
732 72451 75058 40 49489
733 72466 73381 8 2839
734 72568 78893 51 174356
735 72641 73058 32 6741
736 72666 74223 66 70852
737 72707 73770 39 11395
738 72805 73707 20 5544
739 73217 80557 126 191279
740 73305 76664 75 231235
741 73332 74826 114 69026
742 73346 75858 106 68779
743 73356 77629 25 60036
744 73567 73742 126 5307
745 73653 74305 41 11828
746 73750 80511 92 118770
747 73811 83882 13 68736
748 74014 74402 111 12908
749 74194 74819 49 12064
750 74309 77507 7 12799
751 74545 77326 8 16094
752 74616 75851 49 12964
753 74651 74682 51 823
754 74694 74934 22 1900
755 74847 75819 102 27424
756 75118 75678 91 31903
757 75282 76027 146 82265
758 75292 78042 15 17318
759 75439 77713 64 103161
760 75465 76719 123 46844
761 75491 75909 101 19005
762 75591 76706 12 1869
763 75759 77262 71 29719
764 75958 77374 57 61376
765 76065 76443 134 32068
766 76208 80485 144 146569
767 76237 77366 146 19669
768 76252 78529 47 66087
769 76371 77181 26 18719
770 76464 79139 51 32926
771 76532 76583 37 1473
772 76592 91669 119 525469
773 76594 77038 139 42545
774 76600 79026 9 7717
775 76625 76782 28 3788
776 76761 79738 72 41760
777 76844 77185 12 4783
778 76982 77204 6 884
779 77058 79815 35 62154
780 77097 79410 147 98751
781 77151 77252 111 4732
782 77172 77757 12 4029
783 77265 80796 75 206479
784 77381 79591 150 185283
785 77445 78490 5 1770
786 77844 78690 80 72990
787 77965 79667 32 56711
788 78116 83543 103 254187
789 78277 78953 41 9070
790 78297 80270 142 73202
791 78391 81363 52 92707
792 78482 80932 49 16894
793 78517 78729 8 1090
794 78568 81011 18 8995
795 78604 79279 7 2055
796 78734 79286 97 44373
797 78923 85389 98 246414
798 78932 85320 114 321630
799 78979 81052 102 69116
800 79006 80624 98 54822
801 79023 80388 19 12141
802 79092 82111 12 16276
803 79201 80510 42 69278
804 79310 79357 60 3231
805 79351 84416 9 12976
806 79369 88509 117 342023
807 79879 81114 54 33370
808 79985 83434 12 17822
809 80059 81040 99 124252
810 80117 83328 130 182758
811 80138 80190 125 7554
812 80192 80679 146 15782
813 80250 80439 88 29656
814 80431 82410 9 6711
815 80716 80843 4 233
816 80730 80818 12 300
817 80754 81185 99 13471
818 80889 86348 132 1070182
819 81024 81921 46 22877
820 81181 83571 37 56397
821 81217 81571 93 25304
822 81227 87473 64 347691
823 81335 83024 10 11177
824 81377 84460 95 99172
825 81388 81995 62 24575
826 81397 83763 108 135580
827 81486 82343 130 47023
828 81615 82466 18 11660
829 81642 82348 14 8895
830 81717 84323 25 30630
831 81851 91098 30 399668
832 81931 82201 4 498
833 81960 82045 114 2756
834 81971 82218 10 469
835 81992 83810 150 94102
836 82025 90530 129 601585
837 82203 83759 13 5384
838 82269 82628 74 6822
839 82296 87982 9 31174
840 82322 82820 102 101115
841 82394 82788 117 21840
842 82430 82920 98 23167
843 82556 85099 54 43383
844 82565 83776 42 17481
845 82801 84070 103 21900
846 82925 83896 49 9611
847 82953 84229 4 2017
848 83096 84232 132 120839
849 83129 84155 144 197848
850 83172 84538 28 26226
851 83494 84313 74 19082
852 83499 83927 71 15398
853 83530 85097 18 8727
854 83601 89538 121 357777
855 83701 85085 46 27840
856 83955 84800 57 9716
857 84171 85036 10 4306
858 84292 88137 5 7753
859 84487 84531 137 2349
860 84502 87366 11 15023
861 84524 96568 12 56730
862 84667 85114 46 4475
863 84673 87638 43 98348
864 84757 85532 59 37189
865 84829 85699 40 17431
866 84834 87877 49 47672
867 84981 86657 21 14901
868 85072 85391 10 1394
869 85086 85419 27 5192
870 85139 85806 32 11593
871 85285 85432 72 5911
872 85299 94852 65 206878
873 85411 91870 101 264031
874 85668 88112 10 10749
875 85735 87617 13 7455
876 85779 86313 99 25399
877 85839 87180 145 111454
878 85850 87305 97 48938
879 85871 88464 20 54987
880 85875 89986 41 54989
881 85885 86646 17 7811
882 85932 89399 74 85659
883 86036 87144 6 3249
884 86053 94879 28 214509
885 86149 86346 106 34467
886 86197 86419 114 17929
887 86341 89171 48 93175
888 86427 86844 31 3442
889 86503 89094 7 7299
890 86506 87216 25 14361
891 86523 88453 40 16631
892 86572 87031 114 25566
893 86664 87599 16 9435
894 86935 87161 77 4669
895 87102 87519 47 16983
896 87187 89961 134 244806
897 87298 92345 18 17670
898 87303 96119 86 576919
899 87338 92351 13 34463
900 87408 87554 25 2238
901 87445 89310 7 10040
902 87476 90547 121 32271
903 87480 88657 12 15595
904 87568 88681 86 41838
905 87583 88578 26 5684
906 87703 89853 64 44082
907 87799 88168 123 10373
908 87986 88530 31 11423
909 87987 88936 30 28441
910 88167 90052 95 87841
911 88234 89591 28 12496
912 88340 92420 93 248807
913 88478 88750 22 4162
914 88635 91148 85 94175
915 88800 89771 35 20297
916 89177 89977 5 2420
917 89395 91527 18 27153
918 89435 90695 10 7104
919 89503 93301 9 15229
920 89513 91993 49 56695
921 89536 95902 61 147164
922 89712 93771 124 202926
923 89903 89912 35 199
924 89949 91062 73 33111
925 90065 90472 21 2318
926 90104 92409 59 116472
927 90140 92175 137 89334
928 90167 92320 62 73903
929 90206 92367 45 64408
930 90288 91057 35 18536
931 90290 92410 5 6428
932 90357 91742 67 40973
933 90407 94515 109 206214
934 90501 91352 115 76837
935 90572 91132 29 9508
936 90835 92289 77 68409
937 90840 92723 64 74491
938 90845 98185 101 863271
939 91000 99856 8 68898
940 91111 92137 6 4276
941 91158 93515 29 30992
942 91283 95437 15 22064
943 91388 96125 112 217557
944 91572 92869 10 5761
945 91629 92721 125 81519
946 91810 94597 119 126159
947 92028 94246 80 214274
948 92168 93746 13 11592
949 92559 96214 136 292703
950 92755 94795 116 109086
951 93048 93348 63 14681
952 93110 93676 106 52778
953 93220 93549 57 6818
954 93350 98190 32 74237
955 93490 94103 91 22236
956 93800 94385 139 61850
957 93945 94669 51 37026
958 94068 96199 61 64456
959 94339 95360 135 102093
960 94360 99829 9 22404
961 94428 96793 10 7654
962 94620 95225 69 29231
963 94648 94739 9 1303
964 94792 95654 16 9891
965 94805 94943 42 1705
966 94942 99619 94 156911
967 95122 96773 53 36438
968 95192 95289 25 1559
969 95445 96313 41 26531
970 95628 97270 33 16938
971 95714 95972 70 9136
972 95772 95797 36 598
973 96025 97463 124 60405
974 96167 96481 30 4316
975 96176 97584 144 105664
976 96395 96683 32 9653
977 96659 97814 52 41180
978 96819 97827 68 23104
979 97255 98127 7 2437
980 97280 99269 98 60205
981 97394 99161 5 3423
982 97410 98040 10 1762
983 97491 98298 26 30390
984 97555 97756 87 12514
985 97695 98193 137 48858
986 97751 98113 95 15253
987 97832 98336 91 35196
988 97980 98517 13 6412
989 97984 98450 104 12379
990 97996 98746 15 2578
991 98070 98213 131 9290
992 98114 98554 84 17881
993 98178 98929 85 25070
994 98246 99521 132 65962
995 98333 98836 81 30651
996 98529 99173 98 28643
997 98806 98813 47 176
998 99077 99872 25 10511
999 99612 99849 46 7256
