50 1000 0.062
.....................####.#...#...................
......................##########..................
..#.##.................####.#####.................
..###.........................####................
####..................##........#.##..............
#####..................#......#####...............
####......................#######.................
#####..........#...........##.####................
####...........##........#####..####..............
.#.#..........####...#...###.....##...............
.#.##........##.....######..##....#...............
#####.........#........####.###...................
######........###.......####.#.#..................
.#####......#####.#......#..####...........#......
.#.#.##....#########.#...########..........#.#....
###..##.#.....#.##...###....####..........####....
##..#####....###....###......##............####...
###...##......###..#####....................###...
###...........###.#.#####.........................
#.###...........#######............#.#............
###.#............###.######.......########........
##................#.######.#.....####.#...........
......................#..####.....###.............
..........................##......................
..#..#......................##........#...........
..#####....................####.#...####..........
.########.#..#............#.#######.####..........
.#####.#.###.##..........#####.#.#.####.##........
..##.....#####............######.#########........
.####...######..............#..#####..##.###......
.#.......#####..............#....#.#####.###......
......#....#.....................####.#######.....
.....##..###.#...................####....##.......
.....##########..........................###......
.....#######........................#.....###.....
.....#.##.##........................#.....#.......
.......#####........................##............
......##...................##.....##..............
.......###.................##......##.......#.###.
........##..................####....##......####..
........#..................###.########...#####...
...........................###.####..#####.###....
..........................################..#.....
..........................#.........###.###.#.....
.....................................####.##......
....................................#####.###.....
.....................................##.###.......
.....................................##.###.......
..................................................
..................................................
0 26 2942 24 41166
1 286 3668 51 180695
2 300 615 12 5738
3 386 5791 97 230713
4 577 3294 62 117232
5 789 4997 9 15891
6 813 8811 123 613424
7 878 3269 54 163623
8 907 7997 26 76607
9 1008 8606 10 92894
10 1083 3279 4 3478
11 1099 1695 127 18060
12 1285 8845 102 138650
13 1495 3583 27 33980
14 1676 2752 8 17216
15 1764 2981 28 17922
16 2000 4544 68 70870
17 2051 8232 4 8649
18 2108 4234 17 9142
19 2138 4865 90 72535
20 2201 2541 37 12486
21 2241 2622 43 8757
22 2242 6415 106 171485
23 2491 6381 17 34116
24 2549 17530 6 30497
25 2595 4033 112 125885
26 2642 19515 6 25650
27 2869 6094 27 59149
28 2995 7778 56 83720
29 3006 5152 21 21771
30 3027 4954 17 8022
31 3042 3249 57 10700
32 3058 13901 137 892771
33 3122 8904 48 69205
34 3223 3959 85 66885
35 3260 9000 34 45689
36 3311 3893 48 16297
37 3444 7062 11 45375
38 3544 4133 57 15429
39 3635 16343 14 163303
40 3816 4401 73 8491
41 3981 11225 144 930153
42 4268 8733 12 28634
43 4276 5610 9 4962
44 4304 6199 140 82298
45 4396 8517 83 317656
46 4506 5803 50 121068
47 4515 5789 21 10144
48 4547 8739 11 15615
49 4709 7031 130 115043
50 4753 6791 69 124023
51 5019 5842 4 2096
52 5301 8597 8 10343
53 5331 7329 9 8114
54 5349 13463 128 343493
55 5519 8115 78 189483
56 5629 7749 12 4241
57 5980 7408 118 90611
58 6157 6968 24 17396
59 6289 8981 51 36191
60 6419 10600 18 22871
61 6440 6525 75 3804
62 6612 19642 32 239712
63 6622 7077 87 31774
64 6627 8779 107 144798
65 6655 18620 129 360470
66 6665 8222 96 249631
67 6732 10955 47 93214
68 6797 8336 127 46267
69 6863 8584 105 75061
70 6944 12055 32 74643
71 6966 19565 50 218757
72 6986 8099 10 6347
73 6999 9747 10 7655
74 7071 10535 149 300511
75 7109 7630 92 24390
76 7287 10415 124 665153
77 7467 14635 37 71325
78 7558 10017 50 112749
79 7681 10724 31 30408
80 7702 17402 52 315982
81 7755 9563 32 6546
82 7878 11142 26 22085
83 8037 12224 6 6281
84 8097 9364 95 57173
85 8141 13191 5 2914
86 8229 15793 80 146525
87 8268 13138 33 42029
88 8334 11155 95 90070
89 8365 8838 129 18082
90 8394 8836 101 20858
91 8500 14953 80 181406
92 8502 11325 25 20940
93 8504 15247 26 53807
94 8549 10596 51 77817
95 8559 12368 105 159165
96 8585 12777 17 18832
97 8650 10463 135 173913
98 8695 9681 113 42539
99 8810 10022 6 2816
100 8869 15350 50 214746
101 8900 12009 119 82201
102 8911 9470 21 8403
103 8933 10254 97 96993
104 8970 10822 130 107290
105 9018 13370 42 106438
106 9024 14348 18 144908
107 9339 9913 21 10870
108 9484 17905 34 113205
109 9489 11098 35 35313
110 9490 11786 7 9787
111 9599 18785 8 70065
112 9898 10109 5 791
113 10086 13894 103 286668
114 10126 13756 8 27342
115 10173 14421 75 153262
116 10188 12655 54 125376
117 10206 10775 130 16080
118 10236 16067 21 69640
119 10362 11825 15 5711
120 10391 15680 49 123795
121 10398 10843 45 5984
122 10547 11360 86 76337
123 10707 14195 120 449088
124 10834 13999 26 44697
125 10884 17938 110 133048
126 10916 11017 16 1081
127 10925 28843 142 490274
128 10978 17287 5 30864
129 11125 16808 41 39839
130 11153 11823 5 5389
131 11157 24165 7 23128
132 11416 21406 13 73751
133 11513 11709 79 6207
134 11617 12032 65 25958
135 11684 14624 6 2359
136 11706 11811 5 957
137 11815 20155 19 58629
138 12019 14791 93 177324
139 12043 18181 28 236615
140 12102 16687 11 39742
141 12115 13252 30 9100
142 12151 13893 88 110459
143 12385 16207 23 9222
144 12454 19692 13 42899
145 12456 15285 16 20467
146 12517 13285 13 4905
147 12536 12587 122 3093
148 12577 22998 43 91610
149 12900 17778 57 258136
150 12957 17788 87 67667
151 13030 13595 5 1497
152 13255 13807 99 21772
153 13272 15361 102 96540
154 13298 18318 38 59710
155 13416 15524 50 23008
156 13776 14814 11 6783
157 13824 19317 77 485583
158 14151 15875 51 54853
159 14371 15707 21 29796
160 14397 36639 134 871865
161 14532 27497 51 165557
162 14649 16198 108 86593
163 14657 15256 19 6637
164 14676 17714 147 125441
165 14749 22404 127 1009249
166 14850 16373 92 50647
167 14908 19158 50 99829
168 15110 32513 60 418472
169 15140 15548 149 25577
170 15170 24021 54 120957
171 15214 24124 92 368517
172 15270 15457 57 6764
173 15447 23779 20 47219
174 15459 25056 70 323251
175 15558 19900 53 92569
176 15625 15695 143 10551
177 15782 19858 102 236945
178 15971 23524 114 478036
179 16011 17571 45 36948
180 16047 16168 120 10626
181 16169 16347 79 5964
182 16236 21669 60 181010
183 16448 18031 9 10455
184 16552 17095 7 2855
185 16722 22532 8 7627
186 16809 18096 60 51556
187 16839 26863 111 229720
188 16945 23280 4 16686
189 16961 20799 14 19081
190 17045 30462 130 1008245
191 17076 18008 50 16406
192 17084 23772 75 570424
193 17253 26861 33 131964
194 17389 25799 107 340064
195 17463 19270 4 3945
196 17479 22160 6 15039
197 17686 18979 89 81001
198 17688 32792 133 718100
199 17820 19038 27 15511
200 17862 20345 70 168966
201 17995 19236 26 15515
202 18035 25244 124 285245
203 18153 25278 62 79548
204 18162 20972 83 109059
205 18166 19693 139 80211
206 18182 22548 21 38667
207 18532 22042 105 143258
208 18538 19981 4 2523
209 18617 24050 17 25067
210 18764 20420 43 57580
211 18932 19435 38 20426
212 18985 22200 43 241708
213 19034 25907 12 26838
214 19136 20796 24 33009
215 19264 29113 141 614351
216 19304 27313 92 869959
217 19364 19753 134 43110
218 19498 21319 76 99356
219 19536 37834 73 1740222
220 19658 27222 131 483941
221 19683 24046 22 36774
222 19749 23922 82 184393
223 19936 20884 13 5270
224 20018 34408 74 263843
225 20248 21028 106 41140
226 20342 23563 11 42048
227 20384 21806 38 28649
228 20561 21362 120 126547
229 20569 22231 72 156531
230 20620 23012 65 171833
231 20758 22303 16 9339
232 20882 22233 102 73052
233 20984 21803 19 9115
234 21043 31574 35 160964
235 21059 22545 87 23832
236 21155 21511 65 6116
237 21302 25627 125 442506
238 21398 27664 17 77759
239 21439 22830 15 15812
240 21443 21869 15 5768
241 21635 21943 25 2604
242 21689 33463 126 657775
243 21827 27842 80 197353
244 21895 22933 39 29519
245 21948 33830 13 28999
246 22116 31565 97 433056
247 22665 23099 127 15794
248 22680 23941 92 26410
249 22709 32352 91 319573
250 23078 25085 9 9204
251 23155 28147 5 7164
252 23171 23402 12 1620
253 23229 28884 104 196297
254 23322 29196 95 211193
255 23395 45609 103 1221079
256 23736 27594 132 380176
257 23759 32029 150 421097
258 23827 26658 75 184344
259 23962 26621 69 55325
260 24161 28717 119 429638
261 24248 24795 144 26354
262 24305 28465 105 270513
263 24342 24620 136 31467
264 24414 27641 69 164655
265 24415 31540 4 6909
266 24547 35255 32 44054
267 24683 24934 9 1496
268 24759 36913 57 446848
269 24824 29697 6 18087
270 24866 25857 23 11038
271 25159 26073 69 51563
272 25292 27465 31 32595
273 25416 25936 51 6438
274 25978 29238 124 147886
275 26024 27808 63 53549
276 26066 26912 110 37850
277 26083 28596 21 57968
278 26404 29495 6 5315
279 26447 29785 126 147624
280 26710 40784 35 148401
281 26839 27090 11 1911
282 26970 36715 8 35301
283 27199 35005 85 328551
284 27242 29277 92 264397
285 27284 29292 73 40109
286 27437 30579 48 64282
287 27490 37798 22 49417
288 27522 28449 144 40456
289 27539 27709 8 555
290 27649 29194 33 11685
291 27683 34388 29 162401
292 27704 28651 34 7103
293 27913 28021 38 1589
294 27939 29888 87 134193
295 27982 33645 86 237318
296 28351 32264 57 108877
297 28505 34349 72 310110
298 28599 30033 84 29951
299 28711 35325 48 245774
300 28796 34763 145 818950
301 28812 31068 30 17864
302 29010 34022 21 100806
303 29188 29690 95 21151
304 29225 32908 86 127039
305 29291 33616 5 5367
306 29293 30919 135 163202
307 29540 32999 110 105141
308 29602 37953 7 29268
309 29717 39620 55 184167
310 30002 31334 55 41193
311 30081 31801 10 14982
312 30516 35422 9 16040
313 30700 32810 98 220836
314 30975 31713 12 2323
315 30983 34525 23 29184
316 30985 44507 128 1124528
317 31118 40289 61 71930
318 31278 32332 18 6959
319 31352 32060 147 89786
320 31424 32842 9 8978
321 31444 34587 49 34380
322 31563 45746 48 454073
323 31637 33350 56 71393
324 31681 40460 104 142790
325 31741 35182 73 49909
326 31904 38914 13 63735
327 32098 32303 11 1076
328 32200 32794 41 9769
329 32344 42815 72 397085
330 32515 36743 4 8276
331 32584 43932 81 150267
332 32654 34942 114 90963
333 32663 33243 115 12557
334 32669 40261 130 251339
335 32700 36277 73 75393
336 32705 34697 76 53384
337 32707 41841 55 306509
338 32823 37008 60 155178
339 32861 45876 29 85496
340 32897 48671 18 77680
341 33019 33758 57 19628
342 33477 46511 92 361260
343 33582 35357 112 56011
344 33602 40605 61 183638
345 33603 36364 62 33169
346 33686 35283 19 23212
347 33747 39322 77 257664
348 33789 46455 136 469401
349 33822 40069 106 219824
350 33952 34189 11 2091
351 34037 39393 130 753211
352 34097 36550 24 28061
353 34286 35310 98 25152
354 34624 35271 93 33802
355 34724 58643 10 96963
356 34886 39081 66 113582
357 35052 36871 50 44584
358 35120 35549 9 846
359 35260 36060 133 27474
360 35263 36202 26 13089
361 35311 37286 106 174450
362 35408 42392 52 96147
363 35714 37867 124 378289
364 35834 39235 81 286664
365 35954 43655 22 73186
366 35969 40846 81 272943
367 35986 40149 28 43538
368 36138 44746 17 44449
369 36180 39331 6 9461
370 36303 37936 88 98880
371 36306 36387 111 3054
372 36377 41274 107 555081
373 36381 37366 95 22870
374 36491 37986 97 108380
375 36596 45721 6 22770
376 36708 38523 48 33197
377 36749 42289 7 7822
378 36815 47539 60 484816
379 36833 43147 63 161418
380 36915 50433 48 139177
381 37005 42490 11 7876
382 37047 45928 37 86441
383 37099 48886 11 51735
384 37137 40936 6 12770
385 37245 43309 72 445287
386 37268 47834 47 162230
387 37485 43748 147 841237
388 37490 37592 8 515
389 37549 43362 55 138368
390 37792 38945 143 88445
391 37888 44484 34 204594
392 38084 45783 53 268428
393 38249 38733 30 12702
394 38314 44095 80 163996
395 38345 38529 132 20557
396 38349 39663 38 44799
397 38382 42068 22 28178
398 38462 45899 65 178275
399 38565 39524 11 8092
400 38582 43481 82 144571
401 38908 39228 14 2591
402 39137 40567 41 5120
403 39388 41404 38 21096
404 39402 60946 13 33210
405 39429 42259 93 107381
406 39458 42999 43 20727
407 39470 44012 6 13428
408 39536 43206 49 71650
409 39724 40400 59 13151
410 40024 42157 11 6413
411 40036 41535 130 53326
412 40054 41057 65 52604
413 40105 40720 8 1836
414 40404 47770 122 553449
415 40467 48234 102 844242
416 40698 42761 6 2773
417 40756 42849 137 194479
418 40916 51475 149 350516
419 41044 46955 29 102155
420 41069 45401 51 66986
421 41098 44871 55 105135
422 41117 44351 68 157086
423 41185 59562 143 1556449
424 41263 43671 23 19712
425 41317 42889 6 5268
426 41423 51140 135 540263
427 41537 42825 105 28809
428 41549 42695 71 19106
429 41835 53412 103 243512
430 41860 44170 16 14076
431 41885 43128 110 273856
432 42010 44564 144 88594
433 42133 49907 29 126812
434 42215 42458 18 1680
435 42252 49458 49 130996
436 42256 44415 73 78762
437 42269 45431 145 341588
438 42300 45183 14 9818
439 42350 43550 10 3040
440 42363 45735 4 3080
441 42441 49300 24 201812
442 42522 45487 19 8041
443 42590 48443 75 228434
444 42683 42769 42 1737
445 42987 48317 148 123330
446 43302 48383 6 33532
447 43329 49350 144 408559
448 43571 45554 46 13416
449 43585 43612 18 385
450 43802 45195 6 5837
451 43849 44782 131 43050
452 44087 51109 12 12579
453 44123 44349 11 2305
454 44216 46851 52 32848
455 44509 48225 124 747887
456 44933 45573 113 56308
457 44997 51345 66 195638
458 45009 47102 59 47944
459 45211 56490 118 602388
460 45252 49023 25 18645
461 45383 49861 7 7261
462 45398 50103 70 213064
463 45425 47800 28 25807
464 45450 50557 136 604265
465 45509 45766 98 14015
466 45523 63559 32 173665
467 45626 45924 58 16842
468 45895 45915 32 451
469 46044 46093 141 2088
470 46103 47205 52 21089
471 46170 53447 73 168857
472 46333 49605 49 104550
473 46372 53066 136 173970
474 46384 54031 6 43200
475 46445 52060 14 55690
476 46478 48865 70 121154
477 46596 46703 54 4303
478 46615 50038 89 118471
479 46626 60030 139 385175
480 46720 47973 23 14098
481 46976 47347 148 33255
482 47025 50388 105 104844
483 47088 67471 141 1245896
484 47159 48951 38 52196
485 47216 50375 54 105268
486 47242 49416 97 100737
487 47307 47707 75 21964
488 47357 51405 101 163111
489 47367 50111 135 128669
490 47368 53830 137 205461
491 47420 57438 48 84842
492 47846 54507 134 290343
493 48022 48407 95 26751
494 48164 73998 58 794672
495 48313 49697 26 15369
496 48375 50445 16 5574
497 48401 51275 144 195885
498 48458 60853 72 403238
499 48526 50641 4 4202
500 48591 49673 4 1456
501 48655 50645 41 53368
502 48758 50354 44 96881
503 48759 52149 47 35678
504 48839 55088 49 457064
505 48840 49824 39 27059
506 48890 57304 127 570183
507 48933 50922 5 3141
508 48944 51865 24 38051
509 48981 52545 19 103990
510 48986 58797 81 395200
511 49029 51765 130 58236
512 49073 50644 17 10866
513 49076 50268 11 8722
514 49143 58150 21 30281
515 49241 51511 6 8990
516 49305 50022 70 15948
517 49362 53432 13 15983
518 49393 63098 94 385758
519 49701 52454 67 77565
520 49723 53046 75 70419
521 49737 58168 112 190250
522 49952 50538 5 1314
523 49964 52921 49 84889
524 50060 53274 138 127177
525 50061 59415 99 303917
526 50434 53005 47 60079
527 50472 51411 64 41613
528 50671 52438 60 22710
529 50739 51417 141 63080
530 50810 51107 123 17702
531 50934 51889 6 4430
532 51111 51619 47 5512
533 51118 51151 67 1302
534 51198 54092 41 36724
535 51252 78532 22 74402
536 51368 57243 6 22403
537 51386 52788 7 8161
538 51478 58104 41 141304
539 51520 63110 41 358873
540 51541 52497 14 6270
541 51745 82681 84 1152697
542 51787 52072 7 1208
543 51815 53138 8 6025
544 51979 54891 12 11118
545 52105 53377 33 10347
546 52304 54599 13 4111
547 52397 57846 60 226686
548 52552 54900 107 113875
549 52612 54453 46 47770
550 52660 54221 66 90080
551 52719 53689 99 62025
552 52840 54238 104 107205
553 53240 57896 48 131359
554 53323 54845 148 54767
555 53326 58033 116 167411
556 53370 58811 131 88213
557 53414 55754 104 101270
558 53602 55366 84 79565
559 53638 57366 60 79366
560 53653 60073 29 335900
561 53706 55012 6 2416
562 53721 67078 64 455850
563 53731 55221 25 16500
564 53869 58865 33 85520
565 53877 54392 130 31734
566 54033 55840 7 13461
567 54040 55982 40 19761
568 54044 66772 47 72686
569 54103 56883 15 13967
570 54247 71948 137 1106464
571 54258 75473 7 116388
572 54468 55692 32 24005
573 54517 60192 13 25918
574 54571 55407 5 2501
575 54586 63331 51 205051
576 54820 70154 14 41935
577 54822 57258 64 111916
578 54884 58350 6 9061
579 54897 60879 71 283291
580 54908 58975 16 40053
581 54984 60720 59 105272
582 55110 56076 51 33930
583 55174 67178 32 109242
584 55309 73015 81 465816
585 55646 59941 106 194543
586 55826 57216 97 68949
587 55865 57580 8 10266
588 55972 57488 4 4063
589 56022 57174 16 10671
590 56146 56571 37 13481
591 56261 61996 23 72750
592 56347 67180 28 84356
593 56559 58245 5 3828
594 56624 57089 42 6397
595 56700 59794 39 37896
596 56768 57005 19 1696
597 56777 59593 85 86085
598 56812 64966 24 123031
599 56833 60017 86 67208
600 56989 63803 20 33062
601 57088 61064 149 178357
602 57202 59736 104 155795
603 57574 61683 120 100403
604 57659 58649 114 140804
605 57828 59743 58 40512
606 57884 58070 149 20394
607 57922 60007 11 11375
608 57927 58547 53 24412
609 58138 58799 109 23164
610 58468 70274 22 95121
611 58588 63525 16 26821
612 58618 62106 148 202099
613 58670 59789 143 101163
614 58690 61086 122 113035
615 58790 71076 12 32097
616 58802 70127 90 204292
617 58842 66854 83 312418
618 58944 60099 19 12237
619 59087 62847 19 39541
620 59134 71468 11 41149
621 59248 60063 25 1791
622 59337 66677 127 439589
623 59452 60157 31 9179
624 59540 60271 15 6048
625 59601 71840 104 518040
626 59683 60211 5 1643
627 59821 63207 37 74561
628 59826 72690 4 27726
629 60016 62059 83 168453
630 60161 62554 50 31744
631 60418 65383 55 41857
632 60487 62719 8 3753
633 60544 63765 22 47629
634 60655 80371 80 764014
635 60832 66961 37 63471
636 60908 82864 54 361901
637 61100 66591 108 177987
638 61150 68746 12 45379
639 61267 65010 40 198251
640 61633 69305 94 332683
641 61634 61711 61 4283
642 61649 64393 4 6588
643 61742 62197 38 2972
644 61962 64650 114 167754
645 62025 70199 13 73437
646 62209 67754 104 200468
647 62267 69004 24 35252
648 62533 66393 102 117019
649 62816 64452 17 26355
650 62898 63855 124 63398
651 62916 63734 60 16619
652 63341 64425 5 890
653 63457 64186 19 15151
654 63572 64114 82 14988
655 63705 72728 147 1104337
656 63707 78066 106 689771
657 63762 65238 100 40805
658 63792 65158 85 324669
659 63820 64046 6 507
660 63833 68646 17 15535
661 63849 73598 128 788467
662 63912 71913 21 170599
663 63923 68379 142 435320
664 64002 74067 115 272425
665 64005 69877 6 11366
666 64101 70411 115 334673
667 64198 65770 60 103780
668 64223 66991 59 51453
669 64258 73772 64 309559
670 64264 75886 10 23397
671 64265 65738 64 119327
672 64294 67067 22 14104
673 64372 65439 30 9020
674 64399 66388 150 117162
675 64416 65760 66 71382
676 64433 71885 30 77955
677 64738 68222 4 3334
678 64917 69943 54 133536
679 64977 80483 70 122835
680 64991 68137 47 241446
681 65097 67419 70 86757
682 65306 68224 110 75022
683 65313 67999 110 268128
684 65331 69756 99 743429
685 65445 71180 36 50746
686 65480 77014 64 315166
687 65524 65816 10 2045
688 66159 66693 35 6335
689 66202 66454 80 13148
690 66232 69683 5 8751
691 66279 66952 13 6848
692 66281 68314 115 118900
693 66365 66873 77 39688
694 66392 69428 37 45943
695 66500 67302 96 23241
696 66568 71637 20 84750
697 66797 69463 6 11545
698 66922 71715 85 347386
699 66943 83190 62 389658
700 66989 67298 7 1822
701 67052 67733 62 17590
702 67072 70467 72 60126
703 67142 68511 30 19766
704 67664 69062 7 7825
705 67684 70384 135 258699
706 67761 68743 24 16104
707 67864 75789 138 254564
708 68036 79146 11 34192
709 68152 68580 19 5381
710 68265 70795 16 99096
711 68278 73177 85 74436
712 68380 73531 101 274863
713 68445 74216 99 17600
714 68485 71712 141 502071
715 68494 70282 31 12908
716 68674 79015 41 224482
717 68726 68870 103 9139
718 68889 69592 87 51822
719 68931 69384 40 7849
720 69374 71010 46 32786
721 69468 71210 130 84315
722 69591 69608 143 2156
723 69627 81028 5 35128
724 69694 70208 62 9026
725 69722 81063 8 23076
726 69927 84039 21 51264
727 69946 70327 135 29819
728 70017 70268 107 13707
729 70333 73791 66 156227
730 70387 71299 136 67417
731 70427 73761 74 89617
732 70478 71406 109 45562
733 70512 75136 92 324099
734 70592 90861 14 215014
735 70598 70906 82 29607
736 70896 72137 114 97198
737 71001 71471 99 11627
738 71183 76910 82 263608
739 71293 82301 67 819543
740 71310 73560 70 86492
741 71358 77115 22 31609
742 71545 77731 59 312281
743 71549 74401 65 87596
744 71592 72217 36 19500
745 71747 77117 52 39903
746 71757 74160 55 151438
747 71767 76938 123 356554
748 71847 74284 111 80591
749 71855 75916 19 35962
750 72010 74848 7 8390
751 72154 79037 127 162796
752 72284 74508 46 19920
753 72381 84165 104 1099694
754 72404 90355 11 199054
755 72541 77640 80 224954
756 72875 73334 5 484
757 72886 73984 74 49964
758 73069 83761 44 233123
759 73254 73485 88 20394
760 73315 76285 4 9743
761 73510 75154 33 30893
762 73542 74862 6 9340
763 73592 83273 139 354818
764 73809 73923 13 614
765 73867 92400 52 106923
766 73915 86157 11 108084
767 73940 78263 142 248694
768 73943 78983 93 251284
769 73979 74032 71 2995
770 74036 74342 66 34380
771 74040 80746 13 32034
772 74367 79511 29 114306
773 74487 76334 127 216234
774 74504 76091 150 188674
775 74557 75690 96 40892
776 74816 74920 6 447
777 74922 84161 14 67990
778 74934 86615 57 131813
779 75112 75888 22 17056
780 75326 79379 26 27271
781 75362 75597 142 13713
782 75516 76615 28 14113
783 75633 87843 63 346815
784 75776 83777 80 93085
785 75872 80862 111 269092
786 75913 83660 43 82327
787 76005 92267 117 359840
788 76040 78094 106 98242
789 76095 79756 45 100741
790 76305 77626 58 38651
791 76357 80369 17 31076
792 76384 77579 43 14813
793 76546 78891 57 113168
794 76570 92836 10 75331
795 76643 78274 33 22325
796 76817 83658 32 136247
797 77043 85322 6 25083
798 77092 87644 25 149582
799 77109 77550 98 26157
800 77122 77205 34 5514
801 77326 77328 72 149
802 77422 81930 55 68398
803 77657 81522 71 77022
804 77761 79743 144 105772
805 78133 78711 60 18886
806 78164 89892 129 420408
807 78324 82554 97 398489
808 78396 78934 27 14493
809 78406 78894 7 2495
810 78519 79112 7 1455
811 78523 79315 132 54916
812 79026 89985 17 25006
813 79175 94854 23 125884
814 79281 79345 114 4570
815 79307 81361 149 249287
816 79312 87314 9 21849
817 79359 89511 92 357548
818 79481 80464 97 34841
819 79909 85441 112 485362
820 79982 92165 82 509877
821 80185 81065 150 57476
822 80259 82080 14 9527
823 80278 81936 129 152464
824 80524 90182 135 358909
825 80673 87173 113 318694
826 80698 80726 75 4466
827 80817 83261 10 9639
828 80926 83408 86 93443
829 80934 82527 75 102298
830 81148 85592 89 670495
831 81207 84108 84 108649
832 81275 83471 7 6937
833 81318 82069 54 14484
834 81462 84359 49 324654
835 81580 91319 23 146595
836 81684 93542 21 151551
837 81717 82823 83 38262
838 81775 89720 47 41569
839 81807 91711 121 601992
840 81910 84033 7 15529
841 81943 83406 60 64724
842 82112 89830 41 36611
843 82271 84742 21 46342
844 82421 82476 116 5765
845 82560 84101 110 100238
846 82570 86329 36 82511
847 82810 83661 61 14796
848 82893 83548 101 183480
849 82914 89295 9 8537
850 82957 86866 8 9808
851 83139 83391 6 559
852 83141 85515 22 27498
853 83206 86581 53 53148
854 83369 83482 16 1187
855 83421 93219 29 70416
856 83599 88033 77 159545
857 83718 85832 42 58128
858 83737 92719 119 268662
859 83784 85967 22 33092
860 83797 86560 18 9704
861 83884 84906 105 93401
862 83969 84176 110 20048
863 84211 86231 43 26361
864 84341 84967 59 24367
865 84482 84681 14 758
866 84710 84761 9 219
867 84831 97741 21 111502
868 84991 85541 33 9365
869 85111 87953 44 22466
870 85258 88480 30 91485
871 85282 85687 125 8681
872 85365 95072 38 212202
873 85375 91557 12 49038
874 85532 92342 148 663104
875 85546 86320 91 42759
876 85593 89152 44 73414
877 85616 88068 90 78062
878 85939 88881 61 123147
879 85964 86967 47 23244
880 86263 91521 116 275954
881 86273 87602 66 34892
882 86305 87366 20 9446
883 86363 91558 28 51583
884 86446 93200 62 128925
885 86544 88469 65 24530
886 86568 93002 73 170439
887 86570 86767 25 2039
888 86575 88702 61 86239
889 86671 90933 90 319538
890 86748 91331 4 6042
891 86771 90580 63 145168
892 86966 97806 6 14656
893 87099 88962 39 74886
894 87211 87945 5 1999
895 87269 94351 60 94660
896 87323 87422 36 2755
897 87333 89002 23 17652
898 87451 94792 125 266784
899 87463 99827 47 306333
900 87659 89442 86 108327
901 87932 92781 91 106913
902 88154 94757 17 26360
903 88238 93170 59 177737
904 88241 93160 34 66063
905 88359 93661 64 455886
906 88650 90131 23 31366
907 88884 92917 87 246527
908 88896 91609 55 43959
909 88970 90235 38 7508
910 88989 92166 89 121570
911 88993 89541 60 15134
912 89064 99464 13 126041
913 89221 97472 13 10568
914 89361 92635 77 112777
915 89400 93917 39 60993
916 89418 92746 9 12315
917 89455 93432 50 74821
918 89516 92301 25 48917
919 89638 91058 75 66884
920 89640 92532 86 107705
921 89721 90972 6 4639
922 89733 96035 150 217866
923 89905 99375 9 25074
924 89926 92933 78 87653
925 89978 94577 89 132095
926 90155 90726 56 12781
927 90218 92864 70 114504
928 90273 94066 101 202391
929 90339 94793 57 244652
930 90574 92094 33 13765
931 90582 98557 61 146162
932 90696 91942 103 128269
933 90738 92639 32 17996
934 90863 94491 7 24814
935 90874 92251 110 85633
936 90971 94010 13 30196
937 91012 92393 29 18036
938 91104 93662 25 18289
939 91281 93386 12 9523
940 91442 95361 112 166326
941 91509 93906 35 18040
942 91742 95263 14 22835
943 91777 96442 19 60275
944 91931 95820 47 62493
945 91950 98975 47 107313
946 91956 96088 84 229542
947 91981 93068 34 25859
948 92043 98083 39 84112
949 92201 94279 146 90862
950 92322 95024 119 95543
951 92489 92732 122 34618
952 92506 93102 10 2243
953 92519 93186 5 554
954 92563 93325 53 8573
955 92846 93208 98 9218
956 92904 96456 10 15812
957 92949 97150 116 312049
958 92970 95918 65 46700
959 93228 97519 78 64909
960 93250 94371 10 4277
961 93277 96600 25 100019
962 93296 97994 64 143767
963 93346 98296 80 164658
964 93536 95772 68 105705
965 93621 95718 112 143085
966 93650 93920 111 18297
967 93762 94698 103 47218
968 93935 96784 6 6118
969 93966 97436 35 63462
970 94119 96902 13 24596
971 94315 97616 90 150388
972 94411 96030 128 80010
973 94535 98785 36 99609
974 94740 95000 13 1782
975 94831 99008 52 145597
976 94839 98769 58 19402
977 94842 98646 134 200415
978 95022 96165 10 8852
979 95145 99163 14 16597
980 95218 95629 126 22929
981 95448 97502 150 97146
982 95491 95953 30 8032
983 95499 98144 54 110559
984 95543 97619 45 30836
985 95549 98084 143 162217
986 96471 97628 47 43631
987 96515 96943 9 1285
988 96745 98530 13 24341
989 96767 98012 82 71649
990 96818 98341 143 29897
991 96889 99874 102 214426
992 96958 98719 17 71210
993 97014 97608 24 5717
994 97262 97937 30 5795
995 97406 98600 33 18692
996 98254 99315 38 20744
997 98352 98687 93 15731
998 98560 98948 89 22724
999 99254 99618 30 3920
