50 1000 0.018
##.##........#.........#######.###..##............
.####........#.#........###.##########...#........
...##.......##.#.........#.##########...##........
...##......######...........###..#####.##.........
..##.........##..............#..###..###..........
...#........#..##............##...#..###..........
...........#####.....................#.#..........
..........######.....................#............
.....#.###.##.####..........................#.....
.....#######.##.##..........##.#...........##..##.
....#####..######............###............#.####
......#.##...##..............##...........######..
......####.#####............######.##....#########
......##.#######......##......########...########.
.....###.##.#.###.######...#..####.###...#####.###
.......##.#.##.........##..#.#..####.....#..##..#.
.......########.......####.####.#####.......#.#..#
.....###########......##.#####..######.......##.##
.....#.#######.#....############..##.#.......#####
.......#########....######.###....##.........#####
.......##...####....#####..##.....#..........#.###
........#...##.......#..####................###.#.
.............##...........###..............####...
.......................#.####.....#........#####..
.....................####..##...#####.#......##...
......................##...##########.#.......#...
###...................###..#..##.#.#####..........
####.................####......##..#.#.#.#........
#.#..................#.##.....##.........##.......
##..................#####......#.........##.......
#................###.##.####.............#.#.##.##
#..#...........####.#####........#......####.##..#
####..........#####.#............#...#..####..##.#
####.....#.....#.#..............#############.####
#.#......#...#..###..............#.######.########
.##.....##.#.#.....................######.######.#
.##......#.#.#.....................#.#.###########
.........######............##..............#.#.#..
.........########......#.#.###...............#.#..
.........####.#.....############..................
.........########...#########.....................
.........##..###......##..###.....................
..........#.#######.#.####..##....................
...........#.###..#.#####.........................
...........#######..##.##.........................
.............####....#.##.........................
....................#####.........................
..................#######.........................
.....................####.##......................
.....................######.......................
0 101 547 143 41154
1 154 3597 49 125965
2 246 1356 129 81665
3 308 757 99 64606
4 324 1051 70 34622
5 474 12230 4 11477
6 869 2559 13 6836
7 1006 2945 45 28258
8 1109 1120 7 82
9 1334 6623 14 24002
10 1545 1557 112 863
11 1659 3673 22 20162
12 1693 2438 64 11725
13 1766 4279 45 74835
14 1801 4921 99 285321
15 1825 3014 103 44832
16 2033 3888 96 45527
17 2052 2074 127 1442
18 2253 2550 138 25181
19 2368 2783 82 17501
20 2391 2608 64 21982
21 2569 11285 101 420464
22 2942 3094 93 7120
23 2961 3229 116 22854
24 2998 5277 35 70503
25 3085 5281 22 47906
26 3206 3458 130 40054
27 3667 4443 7 2984
28 3710 5093 9 9692
29 3751 6021 85 44604
30 3927 4013 12 422
31 4042 7075 31 26074
32 4175 8072 11 43353
33 4203 4986 30 4924
34 4259 5384 56 32579
35 4294 4867 137 53957
36 4379 9687 22 41570
37 4415 4787 137 32274
38 4655 5177 39 16145
39 4742 5697 8 8100
40 4916 5627 26 7518
41 5032 5264 102 10854
42 5038 5799 44 23675
43 5056 6746 144 213961
44 5075 11082 101 274605
45 5184 8892 5 8815
46 5200 7908 67 82781
47 5227 6755 9 17432
48 5279 8397 93 137783
49 5386 5616 35 1184
50 5667 11438 48 39298
51 5675 5744 141 6550
52 5777 6478 29 15633
53 5816 15364 58 952790
54 5821 5938 10 733
55 5919 6352 13 4969
56 6231 20548 67 267115
57 6311 10140 73 103654
58 6434 7365 22 4269
59 6458 6802 63 9622
60 6610 8967 38 16651
61 6704 7031 50 17141
62 6717 7983 16 4982
63 6771 7911 5 3782
64 7055 7242 85 3997
65 7407 7658 29 1682
66 7411 11979 49 106899
67 7423 12447 34 53678
68 7491 10153 6 3913
69 7791 18103 7 54417
70 8241 9164 47 12453
71 8277 16327 135 479578
72 8305 8440 46 2994
73 8426 10818 5 6601
74 8486 12809 13 21723
75 8546 8740 67 5592
76 8664 14039 125 182909
77 8921 9541 7 2301
78 9073 9525 147 26303
79 9104 9522 45 41090
80 9176 9927 55 30967
81 9207 10844 6 7866
82 9274 11124 109 94145
83 9322 10750 6 4517
84 9444 9898 49 14865
85 9702 13335 14 18313
86 9735 10584 121 62196
87 9865 11266 111 119093
88 9923 11839 121 105419
89 9924 12141 76 93552
90 9972 10339 5 1260
91 10061 10398 9 2219
92 10202 10558 119 20728
93 10206 11042 57 46062
94 10312 10611 137 7745
95 10580 11429 19 7887
96 10714 16705 16 73710
97 11203 12536 132 48647
98 11333 12043 24 4219
99 11340 14909 124 323066
100 11506 11521 7 34
101 11524 13489 10 7326
102 11642 14012 42 39509
103 11691 14059 22 13272
104 11745 11999 21 608
105 11811 16124 92 215854
106 11816 11948 136 25026
107 11823 15830 50 108876
108 11842 13669 16 10149
109 12143 12278 64 8112
110 12193 15082 104 61021
111 12194 16110 84 83083
112 12456 13018 23 11417
113 13138 13770 5 1548
114 13268 13836 40 14732
115 13299 14332 88 36428
116 13634 13648 65 394
117 13649 14739 51 52160
118 13832 15345 138 161932
119 13940 15256 137 84808
120 14060 16271 105 180551
121 14158 17611 51 66296
122 14226 15757 56 34476
123 14299 14824 5 670
124 14304 20905 35 59028
125 14388 14571 67 9404
126 14425 15766 5 12436
127 14569 16393 146 131921
128 14599 18191 131 373643
129 14715 14795 29 1282
130 14774 14876 9 833
131 14815 14929 20 2322
132 14967 15306 48 10231
133 15042 15083 13 193
134 15084 18556 10 7852
135 15130 15911 23 10696
136 15188 18048 67 145290
137 15403 16252 66 35349
138 15418 18005 30 17128
139 15645 22276 119 710064
140 15648 18628 112 144525
141 15700 15702 112 239
142 15793 19131 4 3158
143 15804 17038 25 9558
144 15962 16391 123 47450
145 15999 17112 31 18085
146 16288 17475 19 21078
147 16396 20522 12 16089
148 16507 19086 63 138873
149 16549 18945 13 15495
150 16552 19483 127 241128
151 16604 17199 8 5744
152 16647 24010 23 83971
153 16760 16764 26 67
154 16958 19441 128 62616
155 17008 17028 77 420
156 17136 17421 15 6147
157 17266 17576 9 525
158 17294 23793 23 103921
159 17329 24408 9 29570
160 17443 20908 108 76779
161 17454 22199 16 20643
162 17542 19151 69 65121
163 17890 18143 35 11693
164 17973 18202 41 4451
165 18007 18243 77 18283
166 18297 20140 12 12073
167 18455 18563 76 6235
168 18602 25420 127 467038
169 19051 19165 5 164
170 19101 19772 48 4539
171 19269 19338 8 405
172 19304 21676 41 40703
173 19394 23070 109 114728
174 19494 19662 143 15614
175 19593 19618 7 68
176 19739 24183 102 104620
177 19749 20768 6 4154
178 19753 19894 93 6965
179 19905 20062 8 1099
180 19985 28690 7 15284
181 20066 22393 13 23301
182 20245 20838 146 29514
183 20440 22886 59 57412
184 20581 24250 58 50924
185 20873 21436 146 37530
186 20921 21320 13 1676
187 21070 29685 135 1544036
188 21266 24902 96 169998
189 21356 22798 34 23053
190 21384 21651 146 13301
191 21429 24108 80 72256
192 21440 21907 68 12963
193 21561 26617 47 90417
194 21716 21906 124 42285
195 21741 24323 92 94657
196 21758 24153 129 152755
197 21877 25398 96 122448
198 22039 24013 9 9735
199 22414 24799 19 32068
200 22424 25195 5 2131
201 22559 30882 28 219983
202 22563 23468 18 3139
203 22803 23409 20 4653
204 22893 23850 78 34192
205 22935 24283 77 61982
206 23027 28326 6 18791
207 23093 27475 10 16432
208 23402 24998 5 1806
209 23807 29128 62 209602
210 23814 24755 43 23499
211 23816 24982 55 57094
212 23957 25219 110 68010
213 23995 26886 49 26119
214 24029 27307 5 6841
215 24107 24301 101 8480
216 24295 34284 108 810680
217 24355 26854 138 144127
218 24499 24901 62 16913
219 24669 31170 75 257459
220 24691 25226 50 48999
221 24807 27143 73 96894
222 24848 27766 73 205770
223 24903 24947 89 2145
224 24960 25504 76 19262
225 25061 25659 18 2973
226 25078 26795 38 9221
227 25132 27255 40 19953
228 25391 27616 18 32894
229 25856 28713 60 81847
230 25977 26495 17 9415
231 26163 27505 80 41644
232 26275 27192 47 16131
233 26366 28729 144 88260
234 26418 26880 6 1301
235 26426 33661 86 154563
236 26564 30663 67 185048
237 26569 30076 131 254673
238 26602 28375 30 12290
239 26611 27811 4 1078
240 26675 32814 6 21340
241 26681 26837 97 8930
242 26742 27465 83 37698
243 26907 27967 62 91148
244 26908 27657 140 86563
245 26964 29325 131 177203
246 26992 28027 15 4554
247 27019 29131 91 34856
248 27180 27638 17 4119
249 27315 27821 35 7508
250 27330 31073 7 20427
251 27424 30903 28 70215
252 27457 29319 136 135175
253 27602 28048 82 10779
254 27695 29341 40 52218
255 27933 28318 10 1592
256 27952 28033 15 265
257 28169 28212 29 379
258 28306 29184 33 21006
259 28359 28537 104 4966
260 28373 32389 29 74476
261 28504 30855 108 102086
262 28704 29763 62 67599
263 28783 29926 55 41415
264 29017 31113 36 59914
265 29093 29099 29 52
266 29203 29611 15 3797
267 29357 29688 5 815
268 29430 29525 77 4605
269 29601 30559 126 102494
270 29745 29798 34 1865
271 29853 30242 8 991
272 29876 29893 75 999
273 29922 30051 73 4420
274 30208 32406 27 35187
275 30431 35643 135 169323
276 30523 34745 20 46796
277 30631 34261 10 8809
278 30700 32352 129 167472
279 30733 31766 33 5207
280 30756 32784 16 16735
281 30941 31362 7 1479
282 30961 30971 108 701
283 31046 32467 128 124133
284 31080 32602 20 8854
285 31102 31443 148 48357
286 31257 34566 31 40254
287 31299 31896 9 3480
288 31319 33960 92 278557
289 31423 33670 67 80039
290 31505 31854 105 24631
291 31583 32445 44 24197
292 31669 31835 11 1050
293 31677 33867 126 188649
294 31684 34741 33 56598
295 31707 35383 59 48030
296 31717 46089 59 367087
297 31965 33298 97 38190
298 32080 32991 21 6013
299 32125 33825 87 124830
300 32285 35625 100 99943
301 32517 33210 72 13577
302 32519 32682 23 3279
303 32574 42535 33 231844
304 32830 34311 41 16493
305 33244 37652 76 392202
306 33478 35903 32 30958
307 33585 35971 69 102396
308 33616 34074 22 7551
309 33801 35840 17 23873
310 34095 34500 14 5411
311 34256 35832 28 51697
312 34300 35797 143 49755
313 34460 34795 62 20548
314 34532 35843 61 18798
315 34655 35616 110 120312
316 34690 34854 101 8283
317 34693 41430 28 97217
318 34718 35101 4 1397
319 34755 35763 19 2908
320 34848 39310 37 14499
321 34913 35824 40 19563
322 34946 36321 69 51891
323 34957 35925 107 36196
324 35053 37213 6 10135
325 35249 36109 13 12738
326 35400 37504 53 34070
327 35557 38668 6 9347
328 35702 40474 12 25353
329 35709 38128 65 60051
330 35749 42071 83 448321
331 35781 36000 58 7008
332 35815 36329 54 30177
333 35901 37070 16 7159
334 35934 36212 40 8265
335 36087 37364 5 1736
336 36095 36199 65 7801
337 36105 36816 78 31624
338 36185 39327 118 247394
339 36382 39027 5 12220
340 36501 36664 16 723
341 36657 36836 67 6095
342 36821 38398 53 17490
343 36884 37220 58 16041
344 37014 45397 28 195803
345 37074 37670 41 8840
346 37085 38362 28 30741
347 37223 40502 9 22101
348 37252 38030 63 31688
349 37293 46278 97 213529
350 37430 39118 13 6184
351 37525 39399 120 69747
352 37530 37623 143 4498
353 37584 37851 13 4835
354 37640 38767 9 9826
355 37684 39699 100 141501
356 37722 42652 8 9723
357 37759 42832 143 248520
358 37805 47510 10 25454
359 37870 40077 48 46652
360 37925 37929 8 18
361 37947 38444 96 34143
362 37950 40031 37 58638
363 37975 41002 80 45835
364 38338 40001 76 15091
365 38389 42678 4 5799
366 38522 42285 20 26557
367 38557 41502 31 19290
368 38566 41088 117 71608
369 38703 39154 94 27164
370 38731 43387 107 203773
371 38732 41188 13 14491
372 38823 41503 20 5559
373 38874 39577 19 15743
374 39094 39143 143 5181
375 39209 39264 134 1735
376 39244 40453 27 43920
377 39315 46639 6 26652
378 39446 41165 7 3535
379 39448 40456 63 16000
380 39466 42067 23 23848
381 39487 41348 96 111285
382 39501 40350 92 100729
383 39586 41267 8 9333
384 39619 41235 7 7621
385 39830 41429 27 13223
386 39831 44513 51 109814
387 39888 46280 66 188733
388 40049 43064 38 33011
389 40663 40682 16 237
390 40698 44207 99 85307
391 40711 41129 91 33917
392 40717 40757 93 4200
393 40742 41949 11 4392
394 40754 42173 55 132284
395 40863 41856 53 32745
396 40875 48274 144 347442
397 40920 42624 78 72752
398 40986 41834 24 19157
399 41038 42935 25 7709
400 41287 43146 37 9923
401 41299 42458 6 7317
402 41448 48938 39 183723
403 41674 43164 137 64434
404 41860 42836 48 38387
405 41884 42138 25 5271
406 42334 43348 93 45448
407 42387 44697 5 6990
408 42550 48772 58 675623
409 42764 43927 147 55948
410 42776 43026 77 7141
411 43032 44886 14 6507
412 43229 43698 67 8144
413 43452 48421 31 61203
414 43482 44117 63 34977
415 43639 43906 42 5921
416 43648 49462 113 558767
417 43657 44269 7 1466
418 43833 51625 16 55482
419 43877 54008 51 379063
420 44096 45905 141 88107
421 44139 47047 48 62059
422 44270 45180 54 19483
423 44310 46321 10 7894
424 44363 45501 121 30453
425 44481 52059 26 47631
426 44745 46419 98 73454
427 44823 45026 36 22815
428 44877 47354 28 36047
429 44903 45339 78 8353
430 44963 45034 86 5165
431 45062 45707 110 19124
432 45088 48178 15 34388
433 45152 45438 25 2963
434 45190 47573 4 5594
435 45369 46658 63 46418
436 45396 45478 85 7484
437 45415 45454 76 3373
438 45426 45617 41 1676
439 45473 48774 6 4405
440 45496 47506 46 41421
441 45637 46328 4 946
442 45855 57673 114 530863
443 45907 48293 72 89889
444 46036 48367 28 23822
445 46276 46358 103 5316
446 46313 49085 72 177602
447 46424 52739 106 366558
448 46442 47222 20 21107
449 46517 47789 34 16615
450 46524 49289 57 125630
451 46531 47866 9 6466
452 46692 47753 109 59050
453 46772 46975 16 1849
454 46793 47207 5 1416
455 46835 48362 74 42010
456 46851 48159 12 5618
457 47042 47133 10 429
458 47079 47087 17 241
459 47119 49291 14 26965
460 47309 51590 122 110112
461 47431 47537 114 4734
462 47582 48578 84 73332
463 47583 49796 23 18349
464 47586 47705 9 556
465 47614 47773 13 454
466 47659 54900 18 108335
467 47811 50014 93 159882
468 47895 48816 75 39719
469 48038 55429 103 172275
470 48232 55075 107 258570
471 48626 48738 40 2321
472 48640 51068 112 82365
473 48658 49262 15 7249
474 48882 49327 106 11961
475 48885 49135 102 12041
476 48969 51312 124 69291
477 49292 49923 85 22673
478 49351 49936 8 3246
479 49523 50521 50 60328
480 49587 49822 5 402
481 49590 56838 60 163938
482 49715 50552 102 78901
483 49850 50655 48 15951
484 49859 56052 138 253876
485 50470 59482 139 287604
486 50598 51051 39 10944
487 50630 52303 75 62540
488 50696 52925 7 13008
489 50716 51119 52 9162
490 50792 54065 62 92439
491 50793 52105 26 35547
492 50839 51270 70 10779
493 50897 55397 11 45121
494 50947 62056 10 84775
495 50956 54110 41 68632
496 51059 51352 89 14616
497 51063 51529 18 3235
498 51122 55427 13 19142
499 51617 52701 11 983
500 51632 65762 16 143329
501 51778 52346 5 3669
502 51817 58244 87 195971
503 51939 53550 37 19140
504 51994 59855 51 166611
505 52156 55686 102 141374
506 52177 52457 6 1284
507 52279 52712 138 59554
508 52324 53585 9 17465
509 52325 54476 19 8663
510 52423 57728 56 132692
511 52600 52669 130 4663
512 52609 57346 46 77224
513 52611 54886 115 230700
514 52786 53247 7 1955
515 52820 53532 79 34656
516 52874 54386 104 38860
517 53015 55384 5 14381
518 53016 54990 37 32868
519 53218 54280 65 59698
520 53265 56991 6 8177
521 53275 55852 131 70313
522 53313 55285 53 31295
523 53426 60541 120 223822
524 53440 57184 33 59388
525 53454 54730 10 4693
526 53535 55882 76 129505
527 53819 58735 146 571419
528 53830 54540 42 55297
529 54092 54334 149 39599
530 54108 59765 15 13449
531 54341 54685 138 6714
532 54364 54914 46 5657
533 54473 56189 121 142715
534 54531 54671 60 10655
535 54570 55318 35 14925
536 54635 59180 107 469901
537 54646 61604 94 121551
538 54745 54956 74 24829
539 54763 56698 43 67773
540 54826 57306 90 260610
541 54850 54993 6 481
542 54859 55851 148 100067
543 54911 59109 65 45551
544 54985 56598 30 38539
545 55044 57680 13 12903
546 55052 59327 39 60487
547 55378 56300 19 12326
548 55585 56895 18 9423
549 55690 57425 39 127467
550 55806 58006 40 38263
551 55810 56222 70 22008
552 55819 56474 90 35130
553 55831 62418 116 264971
554 56136 59075 7 7543
555 56238 56264 17 446
556 56243 56265 21 559
557 56250 56882 86 43746
558 56313 57194 88 50017
559 56344 65481 19 71219
560 56512 58358 80 60253
561 56537 57214 67 10735
562 56724 59019 94 112960
563 56725 57990 107 19883
564 56739 58419 13 13767
565 56773 57705 10 6189
566 56852 58852 47 54447
567 56880 60562 21 130800
568 56957 65571 123 1406857
569 56999 57177 78 12247
570 57032 59638 44 17176
571 57080 61096 16 16181
572 57146 67170 54 86463
573 57204 58107 142 55626
574 57232 58628 82 89407
575 57519 58307 41 21331
576 57614 58017 27 7715
577 57675 57885 123 21757
578 57767 58049 9 1263
579 57956 58425 47 15823
580 58246 59206 35 14213
581 58268 58793 15 3458
582 58297 58314 138 3785
583 58309 58492 125 14269
584 58420 58894 8 2971
585 58663 62368 24 60988
586 58711 62563 44 72567
587 58733 61249 85 110694
588 58863 62356 91 131499
589 58881 60719 54 52996
590 58883 59519 102 19872
591 58955 61794 35 107663
592 59015 59395 125 37939
593 59072 60995 8 18844
594 59156 60288 22 4481
595 59198 59852 69 9693
596 59207 59819 81 25860
597 59259 63822 41 73920
598 59379 59964 14 9853
599 59443 60577 83 36643
600 59444 62353 53 114308
601 59554 59727 61 9761
602 59561 61077 29 12566
603 59672 63498 45 108514
604 59728 59872 137 9653
605 59740 60019 85 12890
606 59891 61505 23 12642
607 59928 60544 77 13325
608 60152 60921 138 270234
609 60173 61962 136 69610
610 60181 60643 9 5645
611 60262 61242 104 80043
612 60294 63426 109 64927
613 60313 64049 54 42701
614 60446 61035 40 7953
615 60524 61733 57 28661
616 60736 61073 86 20636
617 60784 61578 59 42034
618 60799 60900 119 1770
619 61067 61086 35 957
620 61202 62071 51 23128
621 61331 61466 42 3187
622 61332 62388 130 80108
623 61374 62009 136 82703
624 61735 62398 21 12297
625 61737 62177 27 8494
626 61883 63234 62 32029
627 61895 62787 9 1748
628 61943 63400 82 37647
629 62037 62386 132 15061
630 62039 63010 19 10458
631 62059 62226 18 1092
632 62233 63067 21 7834
633 62434 63637 57 43959
634 62500 64349 36 52928
635 62526 67907 103 262585
636 62531 65501 10 8765
637 62594 65012 140 250975
638 62692 65836 98 93478
639 62966 63557 69 12518
640 63062 67795 138 235734
641 63099 63408 135 13673
642 63302 71434 13 17598
643 63708 65986 7 7556
644 63768 64389 12 10157
645 64058 64829 140 22920
646 64060 65359 11 4816
647 64112 64808 25 11764
648 64180 65676 22 16596
649 64280 66424 37 27301
650 64288 65869 56 35649
651 64510 69101 65 52286
652 64535 70863 30 162534
653 64701 65708 5 2692
654 64719 68772 24 18436
655 64902 67563 28 74839
656 64944 65654 148 55417
657 65128 70810 141 177691
658 65141 67368 14 12672
659 65222 65340 70 11236
660 65307 66605 12 6007
661 65426 66134 12 3877
662 65468 67425 27 8933
663 65576 66367 47 34958
664 65733 73897 121 346181
665 65766 71521 107 441252
666 65844 69765 34 41947
667 65932 67178 101 54536
668 66054 67018 28 17627
669 66155 70169 10 10575
670 66295 67483 69 36650
671 66314 68110 109 159268
672 66416 67900 103 131743
673 66615 67202 27 10297
674 66703 71007 105 192255
675 66780 67646 40 23231
676 66827 67041 145 50810
677 66945 72182 80 305424
678 66970 72260 103 289832
679 67007 69710 6 5093
680 67013 69237 7 3760
681 67032 71558 67 173917
682 67036 67638 36 9134
683 67111 74985 128 432721
684 67151 67165 139 1225
685 67547 68306 38 10574
686 67549 67867 33 7149
687 67560 67755 95 11493
688 67687 67975 121 29026
689 67713 69561 113 130795
690 67746 70029 100 48214
691 67848 69719 62 124988
692 67871 74802 9 18725
693 67935 68784 88 56880
694 68026 73151 125 233252
695 68229 68311 123 9016
696 68238 69927 24 16892
697 68423 69012 136 25778
698 68452 70971 47 56271
699 68587 71094 147 236641
700 68674 70727 98 104940
701 68714 69695 140 82310
702 68855 69329 125 18379
703 68967 70233 15 6481
704 69144 78175 23 80419
705 69178 69942 139 164653
706 69226 70376 19 9333
707 69239 75209 12 38496
708 69320 69531 29 5146
709 69405 73154 123 175190
710 69739 70987 95 76360
711 69778 82635 5 35443
712 69865 72163 11 14466
713 69922 75667 50 96567
714 70312 70488 128 15181
715 70419 72511 44 37293
716 70451 72411 31 40720
717 70510 72103 8 4756
718 70549 70970 69 22737
719 70614 71471 16 20460
720 70665 71055 129 15765
721 70667 76146 80 262622
722 70702 72483 20 15388
723 70967 73896 31 13799
724 71095 71858 15 5013
725 71116 73328 9 3989
726 71129 78356 60 205250
727 71367 71923 33 10398
728 71454 71811 7 1145
729 71578 71849 79 22549
730 71610 73723 13 15700
731 71658 73689 13 4796
732 71730 75312 50 78481
733 71819 73786 73 62618
734 71820 77669 24 32794
735 71936 72669 121 32793
736 72008 73918 90 123949
737 72179 73442 67 41457
738 72211 73684 137 94086
739 72295 74106 36 84330
740 72455 75960 50 131221
741 72467 73765 95 55807
742 72547 82591 55 65392
743 72569 74411 150 107551
744 72979 75013 26 15151
745 73276 74897 82 57571
746 73295 73307 27 146
747 73323 75613 13 13089
748 73363 75050 71 34318
749 73376 76049 124 87692
750 73546 73863 57 5163
751 73566 74181 140 53644
752 73582 73885 35 1064
753 73590 76903 45 35120
754 73943 77238 138 85025
755 74081 74087 22 25
756 74147 77410 75 176723
757 74160 75107 75 30086
758 74287 74678 49 9171
759 74292 74391 104 12492
760 74465 75133 89 29736
761 74573 76098 142 91049
762 74585 77258 11 30923
763 74622 75475 6 5538
764 74636 75456 87 19382
765 74651 79525 102 310317
766 74842 75435 69 42568
767 74998 75876 9 5317
768 75069 76660 67 112360
769 75186 83450 52 306088
770 75317 75488 78 9809
771 75318 75395 133 11928
772 75343 80468 72 145021
773 75348 77159 81 95459
774 75367 77574 129 93537
775 75593 77209 73 62247
776 75621 76507 60 15955
777 75633 76092 65 11388
778 75665 79156 43 31828
779 75707 75980 39 7854
780 75736 77588 146 191668
781 75842 78505 100 148119
782 75989 76286 43 17620
783 76029 82014 8 30707
784 76085 80185 46 26826
785 76088 76929 52 13645
786 76163 77436 133 218722
787 76199 80050 123 694707
788 76223 76985 140 40992
789 76299 77244 19 2528
790 76312 76680 42 8552
791 76367 80437 150 367316
792 76517 76773 90 26303
793 76583 77029 37 5592
794 76613 77933 68 62987
795 76763 82179 111 198324
796 76846 77192 126 65110
797 76992 77376 104 13005
798 77055 77182 12 463
799 77203 81040 127 469193
800 77235 77837 16 2211
801 77480 78509 40 16661
802 77641 78867 7 4057
803 77729 79270 21 18436
804 78129 80181 21 17021
805 78393 81603 146 152883
806 78427 82044 36 51837
807 78454 85072 135 587313
808 78561 78712 124 7787
809 78569 78878 84 4651
810 78574 79395 31 13983
811 78577 82021 55 151143
812 78614 79649 113 54163
813 78650 79221 50 30523
814 78706 78840 125 4478
815 78908 79546 19 8372
816 78986 79064 46 1626
817 79179 80239 8 1717
818 79196 81777 140 73450
819 79307 81513 108 62032
820 79373 79899 63 9382
821 79438 82382 109 125026
822 79637 81726 17 19824
823 79709 79936 57 5230
824 79770 81535 58 60703
825 79801 86035 30 136928
826 80191 80991 141 17890
827 80331 80452 111 6472
828 80352 84629 55 30050
829 80384 80753 70 15016
830 80455 80734 75 14099
831 80488 83864 69 323793
832 80632 81959 14 2209
833 81064 81096 63 2531
834 81069 82103 28 16744
835 81189 84335 102 107023
836 81441 85583 114 516169
837 81571 84123 55 92227
838 81737 82293 7 4765
839 81853 90300 11 43191
840 82012 82867 90 45762
841 82016 83038 106 14537
842 82252 87076 39 61528
843 82364 82785 5 1848
844 82565 82570 30 203
845 82770 82830 140 9196
846 82926 84260 46 14318
847 82946 83383 112 34403
848 82999 84675 12 8531
849 83140 83496 101 52254
850 83148 87957 70 139748
851 83160 88896 13 28753
852 83240 84095 82 23828
853 83341 83573 103 23680
854 83459 87411 16 17287
855 83667 86522 15 27433
856 83693 85235 69 79610
857 83703 85606 97 61127
858 83780 83921 10 209
859 83795 84076 90 38876
860 83806 90443 51 81729
861 83879 93307 146 387509
862 83930 86046 81 97508
863 84108 92706 50 247637
864 84171 86409 18 13364
865 84535 86280 123 101427
866 84607 90632 46 64931
867 84705 87842 63 247101
868 85045 85047 45 71
869 85080 85110 35 561
870 85255 87489 94 128304
871 85339 87186 128 368953
872 85477 90577 26 46618
873 85515 85649 79 3788
874 85592 87287 62 47361
875 85693 91964 12 51931
876 85737 87814 38 58344
877 85857 86735 6 1150
878 85952 86423 150 18030
879 86018 88397 64 26484
880 86099 95117 5 7442
881 86113 89466 57 149851
882 86304 87428 73 63679
883 86360 87484 133 62912
884 86554 88616 8 8431
885 86617 88696 78 114785
886 86622 86918 21 3563
887 86636 94763 142 135799
888 86680 92812 120 290248
889 86702 89050 123 196208
890 86819 92697 115 82232
891 86821 89681 46 46024
892 86977 92693 20 58322
893 87437 88098 8 1914
894 87741 90460 60 83297
895 87858 88499 21 3551
896 87872 89180 13 3103
897 87971 91543 98 80096
898 87989 89166 21 13790
899 88067 89532 54 35910
900 88125 89791 45 23149
901 88185 89538 71 17200
902 88225 89199 36 8947
903 88454 89304 126 53569
904 88512 88631 142 4924
905 88529 94113 150 640868
906 88614 90150 149 64228
907 88671 90863 105 89581
908 88909 89838 10 1925
909 89141 91306 53 51270
910 89234 89721 5 861
911 89248 91325 20 14241
912 89512 91644 5 8858
913 89783 90025 79 11028
914 89848 92269 32 28451
915 89913 90510 109 29813
916 89923 90104 40 10384
917 89992 91426 16 8042
918 90016 90717 5 2750
919 90024 91883 16 42125
920 90063 91567 7 4870
921 90072 90257 10 1701
922 90140 93812 94 281212
923 90160 90464 56 7389
924 90198 92314 60 37757
925 90314 92287 123 95307
926 90379 94919 67 67987
927 90466 96343 24 136635
928 90472 93515 127 190490
929 90580 95142 126 275424
930 90841 95670 106 133592
931 90894 94512 7 12118
932 90896 91685 86 39057
933 90941 91914 37 8218
934 91039 91398 107 31467
935 91203 92369 57 12827
936 91229 91317 10 766
937 91326 91395 47 2675
938 91428 92363 80 14028
939 91640 91754 48 4117
940 91645 92565 11 3262
941 91666 91715 32 702
942 91834 92957 10 4473
943 91921 94500 130 250500
944 91924 92422 143 43661
945 91955 93640 31 10944
946 92036 92468 104 31292
947 92073 92953 21 14568
948 92110 97938 107 523760
949 92235 92333 55 2573
950 92296 93361 4 729
951 92432 94244 49 35124
952 92669 96578 72 160575
953 92674 93481 102 96101
954 92911 93438 42 15574
955 93227 93578 58 22009
956 93313 94954 148 122600
957 93798 98344 141 209675
958 93912 95530 31 38149
959 94049 99184 11 24728
960 94157 94347 147 17982
961 94238 98510 129 443992
962 94369 95206 12 9350
963 94711 95068 10 2138
964 94718 95490 13 7692
965 94745 95285 96 49363
966 95034 95281 6 318
967 95049 99242 37 43560
968 95148 95927 91 33523
969 95164 95430 4 1025
970 95176 95352 46 5496
971 95278 97467 91 83123
972 95282 96722 128 108767
973 95427 97659 146 143626
974 95540 96643 106 90553
975 95857 96428 104 65546
976 95924 96973 27 11882
977 95969 97372 19 17023
978 96092 96662 122 15194
979 96180 96468 95 15757
980 96220 96398 11 2883
981 96241 98398 46 29327
982 96299 99144 94 192367
983 96411 96868 58 6283
984 96451 98991 76 67774
985 96548 98513 122 67188
986 96563 98971 120 278859
987 96592 97707 131 84909
988 96745 97044 12 1542
989 96829 99805 72 70795
990 97071 99377 123 328877
991 97207 99138 5 4867
992 97432 98095 48 16034
993 97607 98168 12 1496
994 98002 98407 17 2568
995 98028 98066 134 3356
996 98131 98234 85 2808
997 98464 98776 6 792
998 98841 98854 13 257
999 99350 99629 10 1038
