50 1000 0.068
...........#..........####..................#.....
.......................#.#.......##........##.....
..................................##..............
...................................#..............
......................##..........................
......................##..........................
..........................#.......................
..................................................
..................................................
..................................................
..................#.....................#.........
...................................#..............
...............#...........#.#.....####.......#...
.......##....####..........###.......#.......###..
.......#.......#...........##.###............##...
.......##....#............#.#.#..................#
.............................#...................#
...............####..........###..##.............#
..............................#....###............
...................................#.##...........
..........##......................................
..........###.....................................
..........................###.....................
..........................#..................##.#.
.........#................##................###.#.
........##..................................##....
.........#........###........................#....
........##.........###.......................#....
......#.#.........................................
......###.........................................
......#..######........................#..........
.......####.##........................###.........
..........#.......................................
..................................................
.....................................###..........
......................................#...........
........................................#.........
.....................##.................##........
..................................................
......................####.................#......
.........................#........................
.........................##.......................
............................##....................
............................#.....................
..................................................
.#.#............................................##
.#.##..........................#..........#.......
.........................................##.......
..........................................#.####..
.........................#....................#...
0 153 2512 33 37563
1 267 469 134 12509
2 367 564 14 1225
3 554 10600 17 38741
4 603 3283 54 55709
5 607 1855 35 8979
6 630 1089 125 70105
7 840 2698 138 113635
8 919 3150 18 20845
9 935 6709 33 64310
10 953 10608 34 184341
11 1081 3274 21 11981
12 1096 1649 144 17502
13 1143 5612 126 291497
14 1282 2038 63 23854
15 1301 2030 22 12157
16 1423 1456 10 274
17 1446 4505 73 109487
18 1543 3680 130 69119
19 1611 4767 132 327475
20 1681 4836 22 57876
21 1699 7540 113 136698
22 1707 21999 10 90058
23 1743 5331 30 70118
24 2196 3241 9 12982
25 2308 6953 21 32560
26 2313 4024 11 8865
27 2389 3588 24 6467
28 2420 6434 70 64534
29 2641 3876 36 52424
30 2659 15067 64 386995
31 2715 13309 147 521687
32 2985 13095 52 76687
33 3037 5032 72 65209
34 3193 3194 20 27
35 3281 6925 56 140300
36 3332 4588 96 73007
37 3434 5118 75 46008
38 3496 4594 60 63626
39 3797 15763 7 19086
40 3808 6114 140 157214
41 3879 15147 91 410309
42 3952 6248 12 10190
43 3992 16221 43 207609
44 4243 5070 95 28525
45 4377 8811 140 218449
46 4579 4998 117 14150
47 4681 11284 17 114283
48 4702 5009 80 28532
49 4706 6893 104 111451
50 4822 6846 16 27352
51 4870 8681 133 165081
52 5060 5723 60 27653
53 5170 5844 147 39303
54 5300 12335 11 45239
55 5360 7851 8 7853
56 5454 16484 72 634279
57 5627 10432 135 551200
58 5642 7224 42 36242
59 5656 15225 14 26221
60 5679 10011 6 22008
61 5880 14447 13 31426
62 6027 6232 46 8234
63 6088 8299 92 31498
64 6195 7709 13 11813
65 6228 10095 62 41278
66 6295 6992 119 20154
67 6328 8340 73 61937
68 6411 6923 109 25982
69 6477 9100 20 13973
70 6539 7385 83 30166
71 6626 14771 124 1742280
72 6707 9893 121 158720
73 6859 7026 58 4354
74 6929 10506 98 186464
75 6997 7572 7 1125
76 6998 7963 7 2175
77 7103 10626 93 243034
78 7141 13282 58 99470
79 7171 8054 46 24680
80 7232 10247 20 19184
81 7387 9081 10 13119
82 7397 11676 56 97761
83 7497 17514 148 432419
84 7545 7920 79 29184
85 7634 10678 55 79352
86 7772 10161 82 31109
87 7874 17513 34 163356
88 7923 9988 57 34447
89 7938 9098 37 20761
90 7968 12561 5 7742
91 8026 10785 127 151809
92 8044 11657 52 74196
93 8072 10179 86 85589
94 8149 9206 75 27366
95 8526 8765 146 30881
96 8580 20716 73 297617
97 8729 11666 9 5631
98 8855 13249 40 118419
99 9055 12795 47 63067
100 9200 9300 115 10976
101 9327 13728 39 67099
102 9342 14033 85 256019
103 9437 23077 91 170155
104 9463 9756 5 809
105 9527 10027 150 195958
106 9610 13671 11 15590
107 9798 16559 16 31811
108 9841 12297 57 104837
109 9852 13675 11 8773
110 9993 11484 81 71205
111 10031 10803 86 88948
112 10120 10486 144 33114
113 10154 10497 68 10383
114 10198 16874 26 173449
115 10249 21708 72 319151
116 10271 14613 9 19683
117 10320 11444 78 26160
118 10376 13743 45 120241
119 10639 12877 66 40432
120 10686 23778 17 76937
121 10770 14694 66 84371
122 10775 18410 29 34600
123 10811 12549 36 29541
124 10833 14537 121 292490
125 10846 11244 128 29155
126 10945 12028 17 17876
127 11111 13955 12 16831
128 11173 14820 59 86780
129 11250 13331 57 84059
130 11254 12249 21 15859
131 11382 18709 116 142961
132 11443 12957 78 41369
133 11453 13439 46 58293
134 11765 17112 40 149312
135 11988 15290 89 109521
136 12111 13585 9 3010
137 12146 20899 47 251074
138 12301 20733 79 324822
139 12387 14787 14 11003
140 12469 13643 27 26386
141 12513 32098 45 336755
142 12554 21038 115 502950
143 12626 15792 132 104591
144 12757 20171 16 59237
145 12834 15754 68 82905
146 12984 15501 9 8637
147 13246 17437 51 34470
148 13270 21914 67 123370
149 13281 19034 23 6743
150 13551 22420 5 7691
151 13599 14765 23 9435
152 13682 17795 31 56684
153 13875 16453 42 36327
154 13910 15202 19 7364
155 13912 22156 117 275986
156 14055 22460 43 235678
157 14102 26690 148 951295
158 14336 16774 23 53434
159 14367 21673 105 219141
160 14461 15193 33 8120
161 14480 22357 136 337494
162 14490 24511 148 1068241
163 14674 15594 61 45095
164 14676 17293 40 19205
165 14741 19617 95 198282
166 14796 18058 114 134161
167 14877 16278 13 9698
168 15006 15343 130 13227
169 15275 16127 4 3591
170 15445 17526 80 96463
171 15511 19217 51 245351
172 15604 31572 8 84492
173 15710 17378 6 7813
174 15780 16941 146 102712
175 15801 18438 91 195138
176 15819 25466 18 110835
177 15851 26881 115 777912
178 15864 18523 19 28844
179 15872 16305 27 6212
180 16115 20129 16 20116
181 16570 18506 25 20263
182 16695 18807 110 55946
183 16770 19571 13 15637
184 16855 19056 100 262643
185 16888 25114 105 395127
186 16994 17601 120 56285
187 17052 17146 80 2847
188 17274 18433 123 246959
189 17486 18624 55 45328
190 17537 20659 31 76672
191 17603 19391 66 40407
192 17788 21174 18 29247
193 17807 18108 27 4583
194 17847 19219 23 13114
195 18139 21182 13 13571
196 18305 25232 10 40519
197 18339 20925 113 92193
198 18518 21105 25 21836
199 18708 21320 126 197175
200 18915 20523 135 54006
201 19010 20444 63 24967
202 19088 34905 28 247529
203 19132 19366 6 365
204 19161 23870 39 44518
205 19190 23589 125 215540
206 19326 21890 144 259266
207 19365 21498 27 54699
208 19470 19758 5 1021
209 19729 26151 9 32032
210 19855 21287 48 33065
211 19892 20436 16 5145
212 19915 21155 34 12667
213 19967 26041 37 149087
214 20023 24592 14 28874
215 20034 30638 68 277535
216 20051 27083 16 15044
217 20243 25752 23 87958
218 20255 22328 124 90829
219 20264 21877 29 36213
220 20396 23751 79 39921
221 20500 21610 71 33341
222 20680 21352 7 3069
223 20714 39711 81 881134
224 21040 25976 9 15514
225 21274 33137 9 19481
226 21303 22670 123 78535
227 21327 25709 141 166682
228 21383 25525 14 64717
229 21425 28368 142 621709
230 21506 22964 41 25858
231 21568 25085 86 126079
232 21581 24631 143 157240
233 21942 24219 12 22177
234 22067 31846 32 115281
235 22346 34804 9 52521
236 22424 22447 146 1300
237 22426 24925 127 156597
238 22585 23897 16 18890
239 22597 33493 49 164713
240 22709 32673 45 240493
241 22711 23816 128 119272
242 22753 40695 102 763661
243 22784 30250 144 444538
244 22883 24682 120 142525
245 22890 24303 32 14429
246 23121 27591 91 117170
247 23295 24720 121 71877
248 23357 33912 22 150517
249 23361 30565 121 483918
250 23368 31019 36 143635
251 23726 26051 30 22879
252 23809 27277 32 36097
253 23834 25696 77 54510
254 23851 24164 115 44005
255 23888 27412 14 21181
256 24077 33842 125 244031
257 24139 26459 119 287673
258 24341 27607 103 317491
259 24365 24472 97 11935
260 24447 26945 48 29198
261 24552 36635 6 14140
262 24676 35342 58 266632
263 24813 31880 16 49247
264 25008 27474 20 29296
265 25081 34936 42 225129
266 25152 37140 26 212913
267 25194 35257 125 328337
268 25224 25536 111 35217
269 25410 29479 27 66897
270 25459 31453 20 86469
271 25464 29977 61 129397
272 25511 29571 50 172813
273 25621 27493 20 35118
274 25768 28198 6 3719
275 25975 28598 85 334385
276 25997 26472 97 13104
277 26084 27635 102 209422
278 26166 29116 47 220606
279 26407 26537 144 11905
280 26425 27759 50 29557
281 26437 32146 29 35852
282 26490 37638 144 1295923
283 26568 31151 128 285110
284 26639 32302 37 156283
285 26740 44987 131 1117660
286 26947 34260 146 1104927
287 27033 28515 5 2215
288 27152 32430 36 112090
289 27166 30811 117 220356
290 27175 38277 13 134523
291 27286 44795 72 305291
292 27309 33570 22 101132
293 27332 49580 133 445300
294 27467 30446 138 285244
295 27645 34668 26 99576
296 27729 28610 92 71662
297 27785 32090 93 591481
298 27805 30217 49 60119
299 27887 34917 107 159212
300 27924 30800 137 289335
301 27934 38441 111 472626
302 28306 30180 125 222802
303 28627 32637 48 61653
304 28673 29623 72 71946
305 28971 32024 47 41756
306 29021 30307 144 79559
307 29027 30319 73 109551
308 29064 29361 138 57950
309 29077 32593 55 260696
310 29201 32336 74 70851
311 29280 30593 40 24735
312 29428 35453 63 95618
313 29433 40575 36 138426
314 29442 32587 53 86858
315 29492 33018 96 97376
316 29759 35528 12 20985
317 29764 35874 34 59410
318 30264 39615 21 28578
319 30344 30602 101 13476
320 30404 36594 10 26603
321 30406 51834 54 405629
322 30480 40210 77 246047
323 30689 41482 37 149753
324 30863 37096 41 163404
325 30956 31529 6 1208
326 31078 34002 16 14574
327 31375 40661 80 175944
328 31501 35078 27 21301
329 31555 33268 13 19810
330 31684 32457 134 32968
331 31823 48185 141 1155690
332 31933 40792 41 155671
333 31945 33960 96 106384
334 32108 51531 24 257885
335 32175 37107 53 106009
336 32206 40329 109 154882
337 32217 36768 86 155824
338 32223 32756 10 2861
339 32301 33598 11 4934
340 32470 38245 14 12774
341 32553 45531 24 56670
342 32841 35494 101 143966
343 33196 34534 81 58139
344 33236 36830 115 138428
345 33240 38884 40 321357
346 33336 57987 12 125349
347 33413 35279 25 40466
348 33499 34174 41 14461
349 33545 34823 129 85746
350 33750 36289 26 17091
351 33754 38280 137 160808
352 33771 36412 10 16553
353 33838 35332 37 18381
354 34047 50259 47 291212
355 34199 34793 17 5935
356 34303 50472 75 235282
357 34344 36108 89 75804
358 34391 34750 28 3982
359 34500 36943 17 50155
360 34645 38709 24 20487
361 34688 38958 55 71170
362 34876 44555 101 290399
363 34950 39036 72 136290
364 35063 37744 39 41126
365 35082 36243 11 7806
366 35119 39514 33 92621
367 35164 36748 144 105386
368 35223 37220 133 33180
369 35270 36520 46 9526
370 35316 36395 28 17216
371 35413 44095 40 75877
372 35586 36017 26 2961
373 35631 39410 15 29623
374 35774 39202 58 129857
375 35830 40867 130 232513
376 36027 36351 68 7586
377 36081 36252 107 15232
378 36130 42719 42 95612
379 36312 37329 18 5646
380 36360 43218 94 157337
381 36607 44959 132 1066327
382 36636 36688 34 4527
383 36644 36864 25 3660
384 36691 39388 25 18244
385 36819 37626 14 8640
386 36979 41338 59 36937
387 37030 39154 10 9755
388 37123 37171 79 4582
389 37387 38114 6 6283
390 37463 45940 144 395791
391 37551 40443 76 177605
392 37602 37939 12 941
393 37648 38781 137 99335
394 37778 39277 95 83316
395 37844 39238 27 17633
396 37905 43212 98 205406
397 37928 38985 115 57099
398 38019 40410 18 22111
399 38089 40755 29 35560
400 38351 41431 10 8266
401 38459 41072 135 246474
402 38552 45434 57 180283
403 38586 45328 126 315840
404 38857 40853 77 61310
405 39159 43097 10 31919
406 39317 39641 9 1843
407 39352 46576 35 53071
408 39358 56242 105 482050
409 39405 45845 139 535668
410 39649 41374 25 19127
411 39966 41547 106 79647
412 40053 43178 61 53568
413 40073 47528 61 126239
414 40128 41402 122 151139
415 40181 43033 94 136431
416 40230 40906 121 33371
417 40232 41438 5 1419
418 40453 46127 29 184904
419 40581 40925 16 6350
420 40587 40658 19 571
421 40738 44498 24 29622
422 40811 45384 100 275976
423 40933 44509 145 176394
424 41042 44168 5 10256
425 41117 43846 119 40000
426 41236 48961 100 557633
427 41304 42018 31 14858
428 41383 43456 76 52549
429 41415 47459 46 81489
430 41424 44251 115 414224
431 41430 46507 45 130530
432 41509 42028 125 27010
433 41550 43500 12 6122
434 41572 45664 23 29027
435 41621 47615 41 136214
436 41837 55240 6 13792
437 41873 47363 45 63310
438 41890 43615 6 10369
439 41961 43673 101 23790
440 42115 43593 13 5114
441 42162 47865 33 48530
442 42206 46016 40 73599
443 42216 45299 79 69915
444 42393 44324 32 78720
445 42415 43498 21 28104
446 42453 42768 48 4416
447 42521 44666 38 104402
448 42581 46817 104 320790
449 42660 52786 95 697710
450 42729 48794 54 398815
451 42757 45905 84 307196
452 42830 43167 10 891
453 42947 48508 24 88820
454 43025 43478 39 3998
455 43275 43711 69 44978
456 43501 62668 34 336022
457 43606 44088 4 925
458 43652 47697 7 11548
459 43752 46141 130 558378
460 43808 49464 135 250573
461 44005 44785 7 5140
462 44096 45045 42 9123
463 44112 63803 49 297808
464 44268 46304 116 233974
465 44457 48405 33 76657
466 44481 44732 22 3221
467 44512 55795 87 475591
468 44551 60029 22 52015
469 44716 49219 97 341175
470 44724 50053 52 112909
471 44886 45750 141 73817
472 45095 51147 11 48067
473 45100 52163 49 253337
474 45139 53364 22 34511
475 45155 49767 63 275347
476 45208 49211 4 8894
477 45214 50010 33 87847
478 45226 56663 41 52960
479 45642 58140 110 641391
480 45843 46336 12 1518
481 45907 51862 16 44237
482 45922 55665 14 79790
483 46018 48861 114 106578
484 46102 48531 18 18537
485 46117 50337 36 39609
486 46142 49687 56 46704
487 46404 47350 9 2095
488 46405 48910 23 43800
489 46580 57249 55 249318
490 46644 48074 100 33243
491 46769 47289 43 18697
492 46972 53325 32 160763
493 47185 49505 27 134825
494 47195 59533 58 245875
495 47230 47654 34 9848
496 47268 49720 18 22907
497 47272 50115 50 79571
498 47337 50037 50 68202
499 47496 51963 62 228679
500 47513 53957 113 172478
501 47696 52134 16 49907
502 47730 50237 56 22541
503 47844 49327 72 51053
504 47850 49909 123 129706
505 47860 49566 117 184720
506 48108 58267 75 347395
507 48155 53803 88 169905
508 48348 50295 80 93149
509 48459 57031 111 600601
510 48584 56471 103 208712
511 48668 54038 85 96746
512 48831 52655 138 184344
513 49019 52692 147 165105
514 49087 52970 125 141391
515 49154 52306 71 54642
516 49357 50500 74 46839
517 49481 53559 24 58451
518 49593 70522 30 216742
519 49612 55148 101 265822
520 49821 50267 43 22555
521 49856 61540 102 492748
522 49951 58322 42 150080
523 50137 56109 106 433364
524 50183 54250 147 339549
525 50235 58028 124 231465
526 50385 53333 42 61460
527 50410 57835 31 51562
528 50422 60365 5 13504
529 50592 54510 98 219934
530 51111 60507 138 888515
531 51115 58731 56 334147
532 51152 52339 29 11810
533 51391 53833 29 33568
534 51480 53519 20 32587
535 51609 58432 88 654178
536 51893 55974 16 21068
537 52138 53207 147 51879
538 52353 57753 37 44681
539 52584 53000 116 18899
540 52744 65207 81 205118
541 53089 58711 62 290105
542 53196 57338 101 369344
543 53245 54665 88 38669
544 53483 54272 120 120005
545 53554 61990 136 452033
546 53579 60931 35 132506
547 53640 54508 74 16328
548 53686 56925 117 343860
549 53772 53954 6 1103
550 53778 54585 76 24420
551 53888 58077 43 76982
552 53905 57706 55 107114
553 54002 54967 26 20649
554 54018 58951 9 13896
555 54054 65474 14 78511
556 54104 57345 68 87826
557 54441 63575 144 312719
558 54635 54930 52 6942
559 54858 55214 125 49035
560 55088 59629 105 179647
561 55256 57055 19 18619
562 55389 56282 113 58336
563 55394 61994 26 143829
564 55432 57123 82 78583
565 55629 67921 94 383838
566 55783 57266 66 54783
567 55829 57261 107 214980
568 55942 64975 50 194488
569 55963 58055 70 89175
570 56103 60850 63 171309
571 56112 67520 56 347208
572 56264 58112 29 38486
573 56269 57300 90 77979
574 56289 56301 125 1998
575 56412 58652 49 52554
576 56483 62922 7 7859
577 56488 65964 19 104934
578 56565 56752 82 7472
579 56757 56900 33 4964
580 56775 58812 80 87835
581 56785 61292 23 89335
582 56840 57531 78 34321
583 56881 59959 54 86019
584 56907 68652 6 36482
585 56963 73092 49 240271
586 56979 59826 54 45075
587 57063 58289 116 29987
588 57271 64307 91 399308
589 57628 61600 15 29109
590 57856 59160 147 35860
591 57938 68120 10 45270
592 58016 64645 70 212188
593 58044 62067 73 145724
594 58394 67352 99 391559
595 58478 62340 35 40344
596 58558 64413 83 128792
597 58570 61183 6 9643
598 58660 66659 83 205431
599 58678 62895 81 57994
600 58683 69740 100 388027
601 58959 59364 124 32539
602 59172 65726 27 62445
603 59209 62794 37 48753
604 59241 69375 12 58353
605 59292 60584 51 76902
606 59427 62796 41 41435
607 59479 64487 48 102159
608 59858 64819 140 139938
609 60112 73209 110 783971
610 60195 70281 53 155554
611 60297 64818 7 9127
612 60336 64678 22 18466
613 60368 61494 144 64762
614 60383 63610 56 74565
615 60424 67501 85 129818
616 60506 60666 118 10579
617 60697 67929 85 232993
618 60731 75360 28 244525
619 61189 74361 27 249927
620 61561 63788 12 10617
621 61922 63026 64 48540
622 61966 63699 64 33486
623 62171 72945 32 73154
624 62434 66030 12 10548
625 62453 63154 113 51740
626 62533 63972 130 127264
627 62692 67358 103 82704
628 62838 65617 17 16938
629 62980 63684 23 8552
630 63053 64090 136 135722
631 63066 64931 90 57101
632 63336 71047 70 331808
633 63363 63404 138 9806
634 63454 64250 23 12242
635 63566 68896 122 505230
636 63710 64681 50 27053
637 63714 72430 13 65932
638 63794 64280 84 20512
639 63899 67381 23 55025
640 64098 69630 115 410878
641 64147 69521 103 165056
642 64269 64621 117 14892
643 64392 77552 15 55054
644 64431 71912 115 654442
645 64587 85123 12 37967
646 64633 82681 5 14664
647 64686 72227 35 137162
648 64842 65705 28 22332
649 64878 65689 86 49453
650 64990 69693 103 118293
651 65220 66273 26 20939
652 65275 74044 80 300263
653 65392 66686 135 96167
654 65512 68420 75 71724
655 65618 68339 31 20922
656 65696 66338 9 3626
657 65703 75617 14 39770
658 65892 68786 81 82692
659 66061 67533 78 46828
660 66088 70331 135 615601
661 66159 69854 6 6657
662 66309 68640 46 78468
663 66372 69239 7 11150
664 66458 75366 14 99839
665 66499 68229 19 7738
666 66517 67294 7 3293
667 66589 67469 136 63497
668 66608 71534 15 87925
669 66956 75770 6 8077
670 66965 67302 54 4414
671 67031 67250 58 4975
672 67338 67497 114 8085
673 67535 79718 36 126167
674 67608 69339 33 31219
675 67667 70455 10 8092
676 67713 73761 8 36312
677 67996 72190 109 318718
678 68003 70772 65 45686
679 68027 71617 9 30113
680 68089 68864 10 1553
681 68125 71587 144 169193
682 68189 78554 17 81732
683 68268 73453 10 24854
684 68285 72823 4 6790
685 68308 69623 77 63886
686 68394 79336 119 767747
687 68421 70404 71 41428
688 68428 73197 11 8926
689 68516 73429 73 172239
690 68553 71253 49 79792
691 68643 70204 54 33885
692 68647 75744 20 62124
693 68663 70532 31 36094
694 68775 72912 7 18699
695 69108 69201 13 1481
696 69147 72295 8 13638
697 69351 70374 117 51506
698 69453 72199 53 129933
699 69561 71067 75 22201
700 69616 72089 98 187713
701 69717 73661 46 47839
702 69722 70553 11 3439
703 69801 75026 27 45345
704 70015 72240 51 21281
705 70212 72103 99 46173
706 70283 75712 47 133128
707 70384 71008 96 20714
708 70395 73325 120 526934
709 70492 72099 33 40171
710 70558 79039 80 492537
711 70571 75654 20 19615
712 70589 73917 57 74431
713 70692 70825 85 7285
714 70823 72230 96 106259
715 71317 72321 56 20515
716 71338 74155 54 93309
717 71449 72663 30 32274
718 71535 72498 81 49359
719 71615 72324 56 14678
720 71782 80755 65 272856
721 71994 78662 30 168821
722 72008 77545 57 202795
723 72082 77634 39 103958
724 72211 73226 26 7402
725 72241 77098 84 718912
726 72400 80327 4 7556
727 72427 72910 67 21934
728 72648 72960 62 20588
729 72706 78562 104 388671
730 72825 75536 79 118830
731 72839 76538 145 136267
732 73038 75946 103 35456
733 73522 73844 118 22078
734 73659 83253 89 467769
735 73724 80609 9 14708
736 73867 78054 101 183617
737 73888 80048 40 134139
738 74060 76805 20 19074
739 74132 76569 95 136186
740 74187 82317 85 381203
741 74263 77370 60 88249
742 74281 74843 114 29636
743 74301 82679 127 344371
744 74404 76020 85 75991
745 74440 75853 41 28554
746 74562 75200 79 23310
747 74568 84564 12 77856
748 74590 75016 43 11627
749 74596 76666 144 83238
750 74621 75707 23 10122
751 74635 86823 112 553424
752 74739 80503 18 95003
753 74793 75904 5 1377
754 74920 86980 8 19173
755 75003 75978 72 77029
756 75029 82460 53 210619
757 75061 77680 142 407654
758 75094 84619 29 121943
759 75153 84788 61 682945
760 75180 75514 20 1729
761 75469 77977 25 57004
762 75485 88693 129 563167
763 75529 79735 44 65404
764 75531 76006 72 12086
765 75570 81143 138 555753
766 75642 79221 10 24404
767 75669 79565 10 15840
768 75808 79197 21 23819
769 75834 76746 95 67596
770 75888 79750 58 102344
771 75931 76522 86 20464
772 75934 81565 115 721306
773 75952 77830 33 27885
774 76078 76566 114 24674
775 76245 78291 20 26720
776 76488 85243 10 15607
777 76532 81156 109 715334
778 76574 85386 38 66436
779 76627 77193 32 6133
780 76679 79725 18 11833
781 76799 81878 132 187803
782 76895 81121 131 194338
783 77198 82829 100 130059
784 77283 78791 34 26403
785 77307 79289 44 31286
786 77362 77551 52 10361
787 77524 77946 18 3205
788 77698 83632 47 100813
789 77715 87581 65 232532
790 77742 78169 78 14359
791 77823 89020 98 237461
792 77991 83217 23 24641
793 78025 78552 100 34273
794 78129 91952 29 53241
795 78130 92815 149 678428
796 78133 79014 43 28842
797 78184 79890 7 2082
798 78295 82852 90 154625
799 78428 80386 27 30985
800 78571 79902 63 19168
801 78641 81390 147 339207
802 78667 81225 105 60626
803 78711 86673 19 51003
804 78734 80443 24 21582
805 78746 97118 99 997762
806 78958 80848 73 38543
807 78969 79793 10 4801
808 79114 79582 147 36259
809 79127 82847 11 39804
810 79315 96666 114 1226774
811 79316 84018 133 264557
812 79357 81567 85 93844
813 79404 81007 6 10525
814 79441 85577 62 81517
815 79487 82672 130 85533
816 79597 80533 111 71914
817 79610 90087 27 75485
818 79625 83608 35 62335
819 79664 86597 7 12246
820 79744 86944 7 70159
821 79885 87067 35 232960
822 79904 91509 24 90025
823 79917 81897 129 36707
824 80017 84963 9 40909
825 80045 83308 94 128896
826 80287 87746 4 9455
827 80464 82206 144 130951
828 80560 81854 92 52755
829 80589 81041 8 2506
830 80617 86119 56 126513
831 80632 90001 11 68482
832 80983 81389 30 6563
833 81078 81829 90 37810
834 81091 89639 40 51765
835 81155 85907 137 316323
836 81190 82183 131 67992
837 81216 81865 65 26151
838 81261 81280 26 356
839 81301 82270 97 21219
840 81404 82191 125 84440
841 81536 81540 120 463
842 81607 92955 82 481144
843 81703 93043 109 232573
844 81790 82915 13 5298
845 81853 87516 6 46718
846 82034 82716 128 24776
847 82044 83076 52 10704
848 82058 83136 54 15152
849 82067 83083 27 25091
850 82347 94926 8 42670
851 82373 95091 101 413013
852 82400 88391 113 306263
853 82421 84662 102 128143
854 82532 82675 29 3395
855 82585 82866 19 3170
856 82713 83592 62 23318
857 82782 84847 123 171758
858 82830 89897 24 49855
859 82842 84765 39 31564
860 82977 83270 117 22328
861 83251 88398 130 984201
862 83343 85461 65 33335
863 83356 87081 10 26823
864 83415 84332 99 91707
865 83427 99394 27 94429
866 83633 84907 12 9661
867 83758 84394 88 21809
868 83769 89629 13 13116
869 83927 87010 88 134853
870 83929 87286 109 155630
871 83933 93676 6 16594
872 84042 86573 142 221362
873 84125 85802 55 94096
874 84192 88356 49 179950
875 84376 89435 27 128057
876 84779 86670 12 11106
877 84825 88681 70 110539
878 84893 85144 99 11691
879 85078 85957 28 7878
880 85239 87844 139 397844
881 85264 93194 90 693471
882 85271 90923 122 334724
883 85291 93844 110 478273
884 85358 86004 26 8996
885 85435 88352 9 4243
886 85490 89838 106 455129
887 85518 88439 38 47185
888 85555 92260 9 23560
889 85643 87047 28 16391
890 85743 90254 76 82070
891 85752 91390 138 89055
892 86029 92652 109 324338
893 86075 89542 14 55780
894 86333 92353 10 32041
895 86475 88657 115 100667
896 86551 93236 57 83210
897 86716 87908 22 13166
898 86792 86923 4 328
899 87024 87958 103 82876
900 87035 89218 10 7606
901 87197 88877 76 65072
902 87318 95442 8 14673
903 87393 91480 51 103478
904 87786 87979 85 4573
905 87802 88455 144 64228
906 87990 91751 5 15946
907 88063 89073 13 5081
908 88091 92008 13 15226
909 88097 95052 79 309684
910 88200 90611 77 84270
911 88300 91835 25 37774
912 88319 95397 109 296171
913 88324 88576 69 8347
914 88579 88988 20 4215
915 88699 94243 82 237262
916 88802 91865 21 24336
917 88808 90169 21 8086
918 88844 96264 36 98225
919 89103 89910 62 25231
920 89131 89250 11 840
921 89143 92304 12 2777
922 89368 95682 76 143964
923 89398 96725 103 432826
924 89453 98542 22 129675
925 89492 90990 25 20771
926 89506 92535 6 7867
927 89526 91064 40 38641
928 90075 92177 74 46967
929 90202 91314 25 5623
930 90215 98546 147 447725
931 90323 94219 117 235886
932 90388 93929 98 76010
933 90418 96497 142 271083
934 90481 97898 7 18573
935 90584 93332 30 11513
936 90587 90856 131 16992
937 90692 91066 135 28151
938 90765 95458 34 66524
939 90766 96177 125 482143
940 90851 91730 17 5760
941 90960 93022 57 110610
942 90968 91343 29 5010
943 90995 91051 13 1261
944 90999 92544 74 71026
945 91031 97790 4 8212
946 91075 94423 35 153317
947 91179 91743 72 36153
948 91289 98761 112 271827
949 91311 91333 99 2432
950 91834 93068 54 43345
951 92026 94612 50 36481
952 92195 92403 70 5913
953 92302 96864 99 89482
954 92356 94993 71 60177
955 92587 95361 32 35804
956 92598 95002 17 40386
957 92654 93280 65 84362
958 92656 93533 6 5400
959 92729 97818 67 266001
960 92748 92781 30 1795
961 92856 94918 123 97549
962 93001 95387 118 26731
963 93150 96564 108 408542
964 93329 97449 77 132304
965 93348 93819 17 7134
966 93542 97816 78 83208
967 93635 97163 124 76917
968 93786 96786 81 47033
969 93838 99023 13 50256
970 94022 98874 26 87202
971 94163 98564 10 15393
972 94294 95545 42 30034
973 94823 95840 144 245191
974 95210 96032 132 24505
975 95515 97188 110 62053
976 95729 95889 99 12162
977 95854 95920 63 2780
978 96076 96239 107 13803
979 96083 96550 69 25063
980 96087 97038 57 12686
981 96150 99996 137 517543
982 96171 96701 15 5717
983 96237 96426 9 1685
984 96287 97975 39 28418
985 96354 96706 63 5626
986 96546 98338 129 146926
987 96764 99641 41 58650
988 96936 97827 4 1853
989 96961 99391 19 11469
990 96976 99002 135 117213
991 97231 98168 76 62219
992 97260 98202 16 7098
993 97452 98365 79 31256
994 97622 98017 8 1764
995 97882 98062 36 3551
996 98326 98637 81 20130
997 98363 99529 86 35900
998 98908 99522 93 21128
999 99652 99916 104 8679
