50 1000 0.009
...........##....###......#..##.##................
..........###............#....#.#.....#...........
......###...###..##.......#..#.......##...........
.............#....#......##.##........#....#......
......##.............##..#..#.....#.......####....
...#..##............##.#.#..#.............###.....
.####.#.............####..........##...##..##.....
.#..###..............###..........##...#....#....#
......#................####......##.........#.####
##.#....##......###.####.#.#######.##..#......##..
#..##..###.........###.....#.##....##..#....###...
....##....#...###.###.........##.###.......##.##.#
..........#.#..##........#....##.##.....#..#.....#
...............#....#....#.....####.##..##.#......
............##..#...###.##....####..###..#........
.##.........##..#.......##.......###..#...........
...........##..##..............##.#...............
...............#.......#...........#....##.....#..
...............###.....#..........##..........##..
...............##.....##.....................##...
....#...........##.........####...###.......###...
#####.......#......................##........###..
.##...##........###...............#.#.####...###..
.#................................#....##..#.#....
.##..........#.....#.........#....#......###.....#
.#..##......##....#....###...####.#.....#.##..#.#.
.#..........#....####..##....#..#.#.....#...###.##
.......#......#.###....####..#.#.......###.##.#...
...##..##.....#...##....#......##.......###.###...
#...######.........#.........######.#...#.#.##....
##..#.##.#.........#............##..#....#..#.....
#..##.#####.##.........................##.#....#..
#.###...#.#.##..##.....###.#...........##.....###.
........#..###..........#.##...##...............##
........###....##.###..####.............#.#...###.
.........#####..#.####.#.##.#.##........###....#..
.......#..####.######....#.##..###.........##.....
.....####.#..#.#.##.##.....##..#...........#..#...
....##....#..#..#.###...#..####...........###.##..
....####....#######..####.....#...#..#.....##.####
#.##.#......######...........###...##......###.##.
......###.....#.###............#...##.....###.....
..............#..##........................#......
..#.......##.....####.#.........##..#.............
....#.#....#.......#..##........#.###.............
.....###...#.####.##..#...#......##...............
.##..####.....###..#..##.........#.......##.......
.#...#..##...#####.....#..#..#####................
......##...#######.#..#..#...####.##.####.........
.###....#####...#####.#.......#....#..#...........
0 185 10017 29 85765
1 198 3037 82 54127
2 355 1690 147 135046
3 426 3820 39 78051
4 464 10050 114 553016
5 573 1954 18 25214
6 643 3695 19 13093
7 664 17579 146 840998
8 727 877 100 8216
9 731 6050 40 111702
10 866 1394 22 4195
11 930 7470 94 576521
12 1014 1146 24 697
13 1096 4487 56 37847
14 1113 1909 76 66055
15 1349 7843 84 351455
16 1452 1528 62 2459
17 1508 3150 34 15251
18 1687 17477 145 2062853
19 1778 3031 48 21513
20 1870 20483 92 1982280
21 2013 4302 83 37761
22 2119 2335 27 1734
23 2159 3525 45 40809
24 2224 3109 142 117612
25 2399 11946 59 219429
26 2442 3253 59 18659
27 2453 9872 16 70768
28 2588 3865 28 26645
29 2740 2807 79 2583
30 2788 7641 110 147522
31 2922 5716 16 27250
32 3093 21955 141 1430648
33 3317 10172 54 131137
34 3406 10234 15 31030
35 3421 5503 70 95151
36 3469 14651 93 306493
37 3651 7999 96 228402
38 3665 5030 25 11060
39 3672 3764 4 89
40 3724 4640 15 6095
41 3785 23550 49 374157
42 3991 4832 50 15278
43 4000 11713 102 405698
44 4072 4672 111 33807
45 4094 9227 143 334575
46 4095 4500 80 16201
47 4136 4347 32 5440
48 4245 5228 30 15689
49 4266 5485 95 24979
50 4291 26904 123 346600
51 4305 23052 15 124282
52 4406 4962 43 53605
53 4419 5293 113 81753
54 4444 10480 68 110181
55 4643 8845 57 292375
56 4722 5147 50 10313
57 4779 16705 48 389277
58 4814 8034 15 75250
59 4932 11280 70 491054
60 4948 6887 7 5445
61 5158 11578 65 184293
62 5315 14426 16 45835
63 5344 7984 119 103048
64 5380 5958 6 1427
65 5389 11151 17 47339
66 5391 6116 11 10390
67 5400 6025 14 2494
68 5486 6385 17 3694
69 5511 13016 142 316461
70 5558 30933 88 2866916
71 5578 6721 23 31397
72 5586 14000 20 46072
73 5672 7652 105 103992
74 5680 8883 80 48960
75 5681 14350 13 34387
76 5701 10470 16 9502
77 5706 7322 20 5905
78 5779 9124 104 202767
79 6109 8199 61 108177
80 6260 6766 108 45573
81 6283 11858 13 29353
82 6312 11789 149 165538
83 6472 6975 16 2902
84 6520 6796 18 4430
85 6550 13529 38 105712
86 6565 15150 25 77192
87 6607 10703 65 141442
88 6650 15050 79 59429
89 6705 9970 55 46048
90 7107 7232 77 6779
91 7109 9797 30 27766
92 7239 9378 73 62041
93 7381 8594 92 57882
94 7479 8084 53 12040
95 7527 18691 114 543803
96 7755 9052 59 29549
97 7831 12830 43 51162
98 7888 11164 80 139635
99 7910 10022 95 94609
100 8138 13527 29 84734
101 8168 19935 48 270036
102 8376 9554 88 26547
103 8635 14793 107 336403
104 8877 12328 70 78597
105 8954 21958 5 35314
106 9240 13308 100 164621
107 9301 9729 66 18063
108 9416 13124 56 65211
109 9467 13906 123 340740
110 9488 12656 8 9381
111 9548 23517 24 94496
112 9560 25726 22 137180
113 9563 11012 28 22511
114 9693 15996 135 127972
115 9846 26831 45 173029
116 9975 14963 62 204741
117 10001 14704 33 77106
118 10314 11211 58 24524
119 10340 11415 98 13478
120 10473 27952 77 998361
121 10497 11648 35 52821
122 10511 12873 7 12036
123 10639 11489 11 3272
124 10642 12138 5 1770
125 10931 12543 73 70484
126 11023 13947 85 77782
127 11201 27434 29 213006
128 11241 12246 134 231307
129 11266 11497 76 10127
130 11308 26828 62 441244
131 11727 13242 32 18975
132 12140 13469 79 16557
133 12307 15229 33 44632
134 12563 17063 55 114091
135 12806 14662 119 147955
136 12818 13560 5 2159
137 12829 12924 67 6000
138 13294 14468 7 4275
139 13316 17341 5 11114
140 13343 21632 131 613245
141 13434 13576 23 5823
142 13438 14358 74 21784
143 13471 15114 105 148954
144 13745 21504 82 469710
145 13816 16715 70 71028
146 13926 31871 7 23415
147 13944 27050 86 936196
148 13971 14559 74 9896
149 14028 18171 27 64723
150 14102 15395 83 76026
151 14217 15432 10 5270
152 14231 18059 102 144517
153 14482 14891 11 1241
154 14520 15108 78 31533
155 14609 16917 14 4416
156 14703 15022 62 9613
157 14717 14924 30 5486
158 14789 21554 8 22413
159 14792 23986 20 28888
160 14822 28798 20 105277
161 15116 28938 123 301175
162 15126 17314 38 9958
163 15186 16740 124 135144
164 15198 20118 48 121095
165 15212 16601 21 13300
166 15213 17290 95 162126
167 15364 24690 22 51599
168 15378 16728 42 82390
169 15418 18615 113 358018
170 15446 22488 91 143293
171 15583 20257 68 169299
172 15689 21044 148 495991
173 15889 29832 8 29380
174 15999 26889 74 461014
175 16169 21083 97 214470
176 16216 17318 41 36616
177 16357 26844 52 101898
178 16395 28815 73 257366
179 16469 23958 27 72247
180 16631 20362 13 32663
181 16668 18514 6 3046
182 16785 17306 18 6307
183 16790 33520 6 40977
184 16813 17651 97 14718
185 16970 28352 13 29726
186 17034 17690 58 15891
187 17174 21320 22 47235
188 17275 24297 24 20826
189 17363 25272 22 91391
190 17564 24250 101 156463
191 17627 18396 44 22553
192 17700 27728 10 64253
193 17727 23906 114 476038
194 17751 19689 12 29708
195 18123 33631 70 435416
196 18167 21733 61 164943
197 18383 18533 16 856
198 18580 28140 127 925160
199 18700 20209 32 36496
200 18721 22011 113 114073
201 18759 19346 98 53543
202 18763 20189 77 77652
203 18835 20525 80 29063
204 18858 31463 101 238719
205 18885 22715 66 160024
206 19005 49902 5 90258
207 19090 37629 16 366267
208 19231 23852 89 46222
209 19247 23146 141 302177
210 19264 26918 92 445629
211 19467 20450 92 41120
212 19478 24606 101 174726
213 19713 22037 11 11843
214 19950 19952 146 548
215 20041 25957 16 25962
216 20141 25707 92 235805
217 20514 26240 18 31192
218 20647 31890 16 90374
219 20684 24666 31 68717
220 20751 21445 77 41741
221 21061 24833 47 62758
222 21323 25659 26 54659
223 21775 26436 21 28323
224 21887 24917 61 84069
225 21892 30765 33 291034
226 21911 23377 25 18800
227 22022 22408 123 40691
228 22042 31435 138 614468
229 22134 22797 39 12362
230 22139 25213 104 322269
231 22173 25495 10 7014
232 22209 24400 129 232784
233 22267 24300 33 15915
234 22321 26707 105 71249
235 22428 28027 16 108579
236 22485 26835 52 108583
237 22541 27416 22 14338
238 22583 23892 85 86738
239 22743 25049 14 15507
240 22770 42118 24 296411
241 23098 26998 17 14209
242 23136 31519 43 96392
243 23262 32771 34 130515
244 23343 24586 13 8767
245 23361 29059 50 69433
246 23504 38687 127 620734
247 23689 25253 107 70309
248 23719 33159 67 162632
249 23893 24434 23 3111
250 23964 28899 122 433310
251 23984 24058 36 4506
252 24186 28290 111 29888
253 24507 47927 10 97476
254 24525 29758 66 99656
255 24529 30619 99 101949
256 24780 24882 56 7312
257 24881 28758 51 142474
258 24954 35011 84 525349
259 25017 25207 18 2658
260 25283 30093 92 291333
261 25551 26359 6 2857
262 25753 26111 55 6590
263 25927 26657 45 13124
264 26010 26534 53 21450
265 26103 27556 120 74241
266 26115 38164 7 15905
267 26155 36946 63 111167
268 26226 44229 112 738426
269 26361 30532 5 2168
270 26457 29242 103 249712
271 26723 29126 89 211283
272 26775 28579 132 64544
273 26955 44189 39 130515
274 27004 34478 50 257482
275 27026 38039 105 245731
276 27252 41066 113 175660
277 27276 27654 144 22096
278 27359 28830 10 6948
279 27378 38066 62 218373
280 27460 40344 79 251108
281 27561 28313 63 60344
282 27606 47844 7 38350
283 27630 30257 39 94538
284 27688 30694 87 114498
285 27698 29767 76 60041
286 27829 33909 80 524997
287 27895 30278 45 51442
288 27910 27945 57 1928
289 28007 41497 10 96400
290 28136 32286 56 118382
291 28292 30041 30 15207
292 28442 40481 62 359809
293 28485 32503 63 92038
294 28608 34412 69 113709
295 28716 43133 97 410130
296 28753 34877 42 133968
297 28872 31241 136 218462
298 28875 32616 95 160587
299 28893 29604 66 36825
300 29129 30222 60 16117
301 29296 32156 11 9067
302 29467 38225 16 76597
303 29525 31167 9 8904
304 29602 33105 126 361944
305 29644 30672 9 3570
306 29834 33345 46 64323
307 29872 29970 139 14324
308 29879 30807 9 7678
309 29920 33959 54 121323
310 29934 34287 113 463437
311 29967 36365 5 12594
312 30070 34498 147 233810
313 30080 32193 100 146588
314 30127 33136 68 103189
315 30152 30927 103 15654
316 30196 35324 70 87062
317 30280 30363 33 1513
318 30296 36406 12 8738
319 30354 39015 38 110864
320 30446 34229 61 83928
321 30500 33593 23 33908
322 30524 30658 66 3209
323 30704 32390 131 84986
324 30931 31051 4 246
325 31199 34194 144 517434
326 31223 35698 67 101793
327 31381 40361 65 361899
328 31417 37229 102 344167
329 31475 38313 56 220022
330 31500 38649 110 397330
331 31601 35518 6 17148
332 31718 34415 13 5446
333 31762 34527 125 210478
334 32008 32473 23 11270
335 32198 40485 11 31685
336 32204 32764 23 4479
337 32244 36230 138 378624
338 32403 37377 76 68531
339 32562 34690 36 44905
340 32649 33956 31 14723
341 32666 33132 67 21168
342 32780 36332 82 45060
343 32793 34004 15 5615
344 32829 33169 26 3259
345 32843 41155 73 59059
346 32894 36022 37 70647
347 32899 41305 73 202897
348 32923 35245 47 42194
349 32948 33190 16 4557
350 33050 34545 91 42513
351 33063 39854 81 198369
352 33096 38886 39 220355
353 33316 36119 122 145171
354 33382 43851 34 154165
355 33399 35256 64 55067
356 33527 54035 22 418796
357 33539 43585 138 212211
358 33623 34989 6 3602
359 33644 38292 119 352244
360 33666 44826 6 13395
361 33708 35968 62 26372
362 33768 43083 141 527324
363 33810 39583 100 240828
364 33995 34231 49 16001
365 34119 35447 20 8644
366 34176 35580 57 70102
367 34214 34722 21 7913
368 34296 36952 94 241257
369 34324 35361 61 14598
370 34338 38218 19 58612
371 34562 40470 83 333024
372 34639 40377 51 54373
373 34693 40226 71 181884
374 34817 37634 27 70718
375 34821 36157 12 8096
376 34872 40448 115 150312
377 34929 35709 80 18798
378 35015 44713 122 461021
379 35030 36575 51 36481
380 35129 37657 50 49915
381 35183 40609 89 91553
382 35419 38351 10 20854
383 35637 42956 117 136208
384 35749 39612 7 8255
385 35757 36246 127 63548
386 35864 37174 59 36811
387 35960 36982 145 50501
388 36013 36710 31 24330
389 36192 39301 106 158611
390 36235 45794 95 952230
391 36261 48394 81 330912
392 36282 39773 100 112293
393 36307 39822 14 40805
394 36314 36747 36 27622
395 36315 37462 54 87616
396 36376 40015 112 306457
397 36463 40744 41 75774
398 36479 53962 43 300560
399 36508 40879 12 42698
400 36941 37930 72 11330
401 37388 38135 17 7963
402 37763 38637 5 940
403 37995 39440 137 73907
404 38107 58484 97 1043671
405 38147 38448 91 20407
406 38191 44043 29 146877
407 38342 39950 22 20039
408 38400 44593 148 192669
409 38504 40108 62 62177
410 38727 42169 70 94055
411 38734 46700 23 136276
412 38793 38852 111 3832
413 39042 48969 6 26107
414 39213 42834 83 249060
415 39294 42345 5 6820
416 39340 44850 21 41494
417 39546 39687 31 4810
418 39878 42204 87 87164
419 39908 41649 90 90024
420 40076 46581 121 492340
421 40089 46097 12 72539
422 40110 50894 97 446779
423 40169 47883 99 171524
424 40288 43636 13 35229
425 40517 42423 150 120191
426 40648 45105 65 366935
427 40666 57694 126 964706
428 40685 42183 19 13397
429 40702 47796 80 315221
430 40773 50884 45 329666
431 40818 42416 52 27726
432 40902 45786 74 237072
433 40991 46060 123 147034
434 40992 43272 11 18641
435 41000 49766 76 508614
436 41087 52423 132 671655
437 41270 44467 10 15291
438 41306 45160 71 291801
439 41317 42873 80 88028
440 41330 42148 11 4687
441 41376 42488 65 37994
442 41500 44385 28 18242
443 41586 44862 12 60954
444 41732 42296 11 2217
445 41801 49267 144 411018
446 41907 52384 99 243651
447 41956 45771 97 95956
448 42042 43317 130 186605
449 42208 44940 74 62621
450 42517 42823 23 3153
451 42522 61259 20 87928
452 42784 45484 13 15489
453 42941 45967 45 42588
454 42946 47900 9 16959
455 42992 47494 29 26451
456 43287 44010 56 41671
457 43519 44945 4 3721
458 43562 48065 15 68067
459 43588 46230 52 25714
460 43600 45017 80 26899
461 43702 46837 35 101972
462 43880 44525 53 23902
463 43974 48103 50 156120
464 44012 53159 96 677615
465 44085 52298 39 273199
466 44257 55589 30 220209
467 44398 45317 44 15237
468 44412 47043 21 30684
469 44461 45222 10 4807
470 44493 44581 75 2599
471 44512 49651 46 78626
472 44619 44938 82 18309
473 44687 52072 7 28544
474 44700 50033 145 295259
475 44725 45498 28 6435
476 44889 46803 59 79642
477 45076 50989 12 22155
478 45094 47538 41 53544
479 45108 55896 67 154029
480 45115 64569 10 38198
481 45263 48939 119 125087
482 45390 50663 22 23068
483 45466 52218 27 62392
484 45622 51077 59 182596
485 45664 50007 9 23478
486 45862 50485 117 445052
487 45879 51183 123 216631
488 46197 58714 12 165082
489 46238 50876 63 75103
490 46312 54282 66 339834
491 46397 46918 89 19391
492 46558 50402 61 55587
493 46561 47364 14 3159
494 46601 52201 45 91846
495 46784 52771 4 14502
496 46810 49596 74 62868
497 46909 51846 66 121556
498 46974 50426 53 86934
499 47033 53334 63 227203
500 47042 47785 147 61147
501 47132 56350 104 358534
502 47185 49308 9 5862
503 47301 68203 148 1371319
504 47359 58968 24 193012
505 47438 49552 20 15844
506 47470 48900 28 31276
507 47477 49352 6 6546
508 47593 49847 6 3483
509 47747 49532 75 64684
510 47950 48809 145 64105
511 48032 58547 39 243460
512 48076 51798 4 6681
513 48195 66912 9 47815
514 48201 49976 113 98540
515 48249 50030 7 2871
516 48495 53460 104 365257
517 48580 49420 68 40459
518 48632 64917 74 244186
519 48675 60569 148 647987
520 48706 52294 18 35937
521 48859 49910 7 5724
522 48910 51766 92 51071
523 48913 52216 67 48678
524 49032 55367 82 173221
525 49073 49951 99 17158
526 49122 51600 92 68378
527 49136 52236 63 163142
528 49302 52104 43 85144
529 49425 80146 5 53745
530 49521 69279 45 553337
531 49567 53094 17 28350
532 49704 56787 55 161243
533 50060 58036 88 504577
534 50154 70198 57 226135
535 50462 60687 92 262444
536 50638 56144 7 15624
537 50973 59095 143 885584
538 51031 54483 23 56903
539 51047 56622 144 267188
540 51232 63809 123 391006
541 51306 52031 87 39558
542 51603 52980 68 114803
543 51950 55203 113 95599
544 51987 56096 110 78025
545 52044 52175 54 5287
546 52058 52290 35 2837
547 52185 61714 130 891959
548 52337 54640 25 58878
549 52644 53515 31 12098
550 52899 63596 24 130751
551 53122 54032 10 3959
552 53270 56847 8 17870
553 53272 53307 66 1276
554 53295 53634 9 696
555 53322 63250 10 21518
556 53341 76631 68 489331
557 53504 58977 87 289589
558 53585 56827 47 50612
559 53594 54957 7 3921
560 53608 54443 123 34249
561 53686 56753 88 202655
562 53703 54209 76 19897
563 53758 55623 62 90835
564 53799 59950 68 104652
565 54537 58653 71 259868
566 54622 56858 145 109628
567 54736 57027 74 53143
568 54774 56709 59 38809
569 54780 56307 25 13348
570 54789 55097 122 21946
571 54896 71200 49 144197
572 55140 57221 51 20264
573 55236 62019 46 96601
574 55330 59550 70 116048
575 55373 58097 19 11438
576 55512 63501 59 144854
577 55548 83612 17 123163
578 55593 61862 11 79656
579 55691 64411 119 194285
580 55786 58487 103 98976
581 56119 63458 53 57998
582 56128 58189 93 86921
583 56267 57223 44 5853
584 56311 57744 97 163796
585 56370 56386 15 456
586 56472 59956 52 44821
587 56638 56703 24 1253
588 56984 64960 14 40342
589 56988 63813 53 98454
590 57200 64437 8 36376
591 57265 58051 13 1376
592 57326 59289 66 60274
593 57345 63015 73 154619
594 57537 59254 51 19192
595 57601 59120 17 9760
596 57831 61516 20 27906
597 57895 62919 7 19651
598 58024 62195 118 262607
599 58061 62795 81 227728
600 58096 68367 29 295204
601 58111 61266 22 60428
602 58113 64943 37 70241
603 58131 62146 28 85894
604 58138 61050 91 251018
605 58217 61080 13 15195
606 58318 65452 16 37426
607 58361 64096 113 392540
608 58368 59472 9 8898
609 58403 65786 21 168600
610 58555 62316 86 127537
611 58610 60904 66 67693
612 58648 64754 5 5931
613 58816 64978 97 610889
614 58836 59633 123 65513
615 59293 62137 16 15580
616 59296 64454 133 572162
617 59446 59473 17 308
618 59647 62940 76 81800
619 59965 60820 126 37016
620 60184 63967 23 66798
621 60249 68092 135 336772
622 60459 63266 28 12339
623 60475 64820 64 66372
624 60566 65247 105 114021
625 60567 62176 43 22060
626 60578 64564 4 9101
627 60608 61652 76 28492
628 60747 63632 25 10420
629 60890 62081 16 8004
630 60979 65958 79 505295
631 61010 63866 13 10403
632 61033 62752 12 15440
633 61069 66908 36 26007
634 61084 63331 24 15611
635 61120 64051 52 73168
636 61328 69489 92 620990
637 61495 61613 48 3007
638 61671 64555 13 8896
639 61689 67228 134 165577
640 61700 66094 55 69602
641 61702 64565 23 22057
642 61841 64402 131 73900
643 61976 64927 129 272317
644 62050 64788 119 314000
645 62055 63737 13 21858
646 62121 64731 44 66545
647 62185 62627 144 44813
648 62211 65614 23 20353
649 62255 72429 51 127847
650 62844 66489 106 210329
651 62876 64962 33 104295
652 62907 68201 34 58978
653 63032 70799 5 24726
654 63211 65568 6 9952
655 63244 63437 72 10166
656 63320 66750 53 59464
657 63342 63727 144 47051
658 63432 64849 55 49693
659 63457 66007 69 97547
660 63493 64887 143 80445
661 63567 85242 131 1747759
662 63592 78708 6 22334
663 63604 64234 44 12411
664 63725 64572 29 12339
665 63767 65350 5 6111
666 63844 66488 5 4573
667 63891 71895 89 200322
668 63912 69855 105 460129
669 64219 65644 19 8476
670 64362 65386 29 13293
671 64382 65618 59 41118
672 64440 65545 42 18517
673 64556 82589 131 689055
674 64635 67401 72 54971
675 64757 65222 75 11657
676 64790 66403 20 22155
677 64873 78852 32 180645
678 64904 75693 110 350349
679 65031 69984 137 539204
680 65090 74084 126 596709
681 65124 66949 129 331359
682 65169 65866 25 7619
683 65197 69265 12 20894
684 65571 66802 78 26367
685 65650 66777 69 49405
686 65680 75138 101 856600
687 65720 67345 63 91582
688 65732 70734 114 478979
689 65833 70652 8 17643
690 66119 81473 8 23402
691 66154 72307 64 222245
692 66189 83902 97 378404
693 66297 66880 39 15233
694 66450 72786 144 316291
695 66487 70842 11 55158
696 66870 66934 86 1789
697 66888 70615 19 30111
698 66897 69439 53 62819
699 66915 67614 59 36250
700 67076 67586 72 37771
701 67347 71908 124 172087
702 67459 68095 103 35615
703 67569 79101 68 333158
704 67707 70036 149 146810
705 67732 76015 6 12723
706 67745 77433 56 236053
707 67754 72401 25 73200
708 67822 72719 5 3828
709 67926 70743 64 62117
710 68056 68469 15 1701
711 68439 83671 20 169864
712 68791 68849 124 9653
713 68880 69189 130 27073
714 68908 69797 34 6986
715 69034 72712 13 17357
716 69172 70193 42 38326
717 69282 71126 120 264292
718 69291 76279 120 348591
719 69480 72029 112 108614
720 69491 83032 26 176857
721 69510 72801 46 58890
722 69529 72620 73 129836
723 69591 70903 12 14925
724 69596 74749 66 118650
725 69687 78037 67 210584
726 69801 74180 103 277377
727 70005 71942 33 77416
728 70167 73654 4 11664
729 70395 74684 26 57650
730 70517 72798 12 24158
731 70884 82447 137 1110300
732 70890 72792 78 69491
733 71028 75088 39 77455
734 71174 73251 122 160435
735 71285 74528 84 147941
736 71358 71548 16 1180
737 71388 74606 56 55212
738 71479 73434 141 84290
739 71628 77847 8 9066
740 71802 85378 83 325107
741 72076 75807 84 174351
742 72182 76918 67 173993
743 72200 73512 88 41198
744 72208 75704 26 32991
745 72244 88937 6 31633
746 72341 76673 78 210222
747 72527 76555 19 52159
748 72557 74532 104 126841
749 72560 74119 139 158623
750 72589 78855 136 226476
751 72628 75645 77 52357
752 72655 87435 14 37826
753 72730 75356 14 34015
754 73095 73953 39 50364
755 73315 73678 17 4581
756 73525 73691 125 22532
757 73597 73931 22 2418
758 73792 85190 54 209376
759 73966 75490 19 21468
760 74059 74527 19 5480
761 74353 76116 57 92319
762 74354 79142 6 8687
763 74724 75300 18 6821
764 74725 90045 23 107356
765 75025 80121 106 144028
766 75028 82608 118 481674
767 75194 77284 129 99782
768 75241 78922 143 178704
769 75518 75616 134 5136
770 75612 79298 61 81506
771 75893 82104 89 201038
772 75980 76213 105 8241
773 76052 80563 49 68241
774 76122 78442 17 31039
775 76364 77007 140 89864
776 76430 79778 109 217757
777 76692 82584 21 50455
778 76718 84737 78 438339
779 76794 76868 56 9190
780 76811 77042 33 2756
781 76842 79694 101 89602
782 76859 80389 6 12548
783 76895 77749 99 38338
784 76905 76961 83 6688
785 77040 83280 7 8614
786 77058 83987 67 160700
787 77063 81211 15 57475
788 77238 89004 97 245556
789 77288 79726 65 90008
790 77351 86868 93 472705
791 77405 77438 110 4265
792 77418 79105 111 61517
793 77419 79404 85 45726
794 77430 91532 60 186243
795 77517 82557 7 6486
796 77559 80200 21 19108
797 77609 83741 82 335270
798 77632 81120 6 21735
799 77655 80587 66 74171
800 77722 89299 18 59910
801 77732 88090 105 358927
802 77773 82312 74 148358
803 77814 90361 15 151140
804 77913 85506 74 868519
805 78323 78668 144 34346
806 78384 82637 98 192868
807 78425 84825 47 115486
808 78710 87643 62 271290
809 78740 80103 28 18764
810 78756 80554 17 6211
811 78773 84788 33 74711
812 78923 81969 34 39176
813 78966 80883 25 20065
814 79005 80319 12 15873
815 79017 82749 29 166667
816 79106 79287 92 14746
817 79139 87959 36 92044
818 79250 80642 99 51740
819 79394 79712 53 4760
820 79582 83038 35 29992
821 79606 90323 15 54818
822 79615 84093 99 128344
823 80025 88497 122 639438
824 80046 82451 15 13854
825 80052 83165 5 10745
826 80075 82726 108 144175
827 80107 87593 52 193724
828 80151 86436 19 61288
829 80165 94757 5 93829
830 80206 83749 28 135967
831 80239 93763 14 59800
832 80287 88063 99 135958
833 80333 84305 123 85408
834 80399 83698 90 273017
835 80407 97024 22 117513
836 80484 84380 36 91958
837 80502 83829 46 75755
838 80729 93807 125 467381
839 80755 83390 56 127555
840 80775 84190 73 208945
841 80848 84221 128 190400
842 81006 81660 10 5814
843 81040 83227 114 115680
844 81179 86882 136 394669
845 81195 85927 46 63613
846 81199 86155 17 106326
847 81249 81982 92 34218
848 81312 82717 61 37530
849 81438 81711 126 29047
850 81511 82020 98 23506
851 81595 94459 123 770789
852 81639 82526 12 9150
853 81954 85024 58 51546
854 82220 87418 32 230429
855 82298 83397 86 38611
856 82438 87933 12 37665
857 82439 87173 143 225207
858 82785 92440 107 792807
859 82800 85214 110 57581
860 82833 89334 75 324395
861 82834 94622 25 349588
862 82839 88590 12 23354
863 82877 84255 6 3258
864 82948 97554 57 1302457
865 83167 87875 8 23816
866 83230 84086 131 100795
867 83312 84025 61 26808
868 83330 84361 91 63385
869 83442 90495 31 24510
870 83447 89404 76 230347
871 83471 90786 142 388864
872 83531 93869 23 29208
873 83584 84493 12 4017
874 83706 88701 25 45949
875 83751 84455 80 83903
876 83772 84972 12 11751
877 83852 87451 10 13610
878 83871 93868 44 156340
879 83918 87853 26 97659
880 84043 86843 83 71545
881 84132 86325 12 43833
882 84143 87622 107 137995
883 84205 87464 77 169884
884 84337 90309 32 44792
885 84554 90087 31 66963
886 84668 84744 11 726
887 84815 98004 22 83085
888 84994 85518 105 33022
889 85011 88161 122 349261
890 85078 85491 65 16466
891 85218 87698 19 12162
892 85387 87510 92 42422
893 85564 86208 142 79260
894 85859 89966 7 12059
895 85886 98496 18 94787
896 86118 87004 48 11892
897 86125 87767 77 109429
898 86303 94173 8 24040
899 86328 88811 6 7813
900 86350 90570 22 94507
901 86422 87159 75 28564
902 86576 90418 23 26947
903 86615 88763 110 209792
904 86740 86768 122 3205
905 86870 89476 102 174381
906 86895 86988 41 1532
907 86904 91185 35 29240
908 86941 87641 56 26658
909 87007 87555 25 5743
910 87025 89803 25 37195
911 87150 91547 18 33900
912 87170 91098 145 259433
913 87361 90762 55 105633
914 87368 88378 26 20899
915 87384 88692 50 31017
916 87461 95658 54 137256
917 87486 90589 37 19052
918 87564 89906 73 104922
919 87566 87664 68 7950
920 87647 88630 6 2006
921 87656 88869 122 24850
922 87880 91392 39 40951
923 87950 94548 24 43853
924 88056 98054 113 512839
925 88355 96029 37 136988
926 88537 88596 67 3795
927 88622 98679 22 288631
928 88639 90654 6 3821
929 88710 93392 9 9597
930 88866 89355 45 11742
931 88915 92333 55 192000
932 89094 90285 6 2179
933 89132 93629 13 25805
934 89350 89735 50 25942
935 89488 91186 124 70960
936 89507 91341 99 72338
937 89797 92975 114 74153
938 89839 95299 31 117413
939 89916 90949 112 26585
940 90116 94514 131 294411
941 90158 95303 58 224546
942 90984 95635 29 46710
943 91166 93692 5 13171
944 91295 96438 57 81526
945 91420 93453 25 13188
946 91537 93063 48 30336
947 91635 92370 49 15767
948 91988 99179 77 607377
949 92045 99760 11 41412
950 92088 94414 123 93600
951 92185 94066 107 151370
952 92345 94606 23 47907
953 92554 95421 138 172194
954 92609 93778 18 4483
955 92623 96531 67 98156
956 92744 94956 102 64587
957 92828 93127 84 6231
958 92986 97982 71 84383
959 93428 96421 144 248812
960 93470 94774 119 102378
961 93540 99222 43 152098
962 93625 98860 63 98021
963 93766 97581 43 29843
964 93783 94828 48 40165
965 93805 95366 32 25769
966 93925 98212 4 11780
967 94114 97112 107 111942
968 94257 96377 86 104750
969 94302 95784 16 20690
970 94531 95285 97 53361
971 94839 97099 19 16230
972 94897 94906 72 749
973 94908 98306 17 60541
974 94937 95637 40 11023
975 95655 98699 36 28863
976 95685 96888 129 86357
977 95707 96184 49 6939
978 95715 98937 101 145915
979 95971 96786 129 49587
980 96177 97601 66 71251
981 96228 98645 102 205286
982 96280 98474 21 19451
983 96400 98960 7 10282
984 96432 96709 72 14775
985 96511 97523 14 2669
986 96540 98292 20 32555
987 96980 99606 4 5399
988 97042 98950 15 6274
989 97057 99166 119 160689
990 97303 97627 7 835
991 97780 97979 130 24502
992 97845 98131 95 12937
993 97901 99497 122 124324
994 98040 98647 72 16853
995 98198 98954 61 38865
996 98383 99152 70 22285
997 98527 98982 53 5831
998 98827 98836 16 167
999 99412 99625 62 16836
