50 1000 0.019
.....#..................####..........#......###..
.....#.....#..........................#.#....##...
...###.....##.............#.#####.......##........
............#.....#...........#.............##...#
..................#....##...........#.............
....#......#.......#...............#..............
.##.##..#.##.......#...#......................#...
...#.#................##..#........#..#..##.......
...............#...............#............#.##..
.........#.....##....................#.......#.#.#
.........#..#........................#............
........#..##.....##..#.....#............#....#...
....#..#..###...................#.#...............
......#....#..........#.#....................#....
......#.....#...#.......##...#..#............#....
......................#......#.##...##..##........
.......#......#.......#......##.#.#..#............
................#.#..#..#........#................
#...........................................#.....
##...................#..................#..##..###
.#.............#.....#...................#........
...............#..............#.#...#.............
...............##.#....##.......#........#....##..
....#.............##..........................#...
...........#.......#.......#.............#.....#..
.......##.............#.#......................###
..............#.......#.#...............###....###
.##...#.#.....##...####..#..................#.....
........#..........##.........##.##..............#
.......#..#..............#.......#.............###
#...#...#.......................##......#........#
.........#......#.................#.............#.
.#.#.........##...................................
.......##...................##.....#..............
.......#.............#.......###.........#........
.....................#..#.....#....#..............
......#.................#.#...#.....#..#.##.......
.............#...............##........#.#........
....#........#.................##.##....#.........
.......###..#....##....###....................#.#.
....###.....#....##......#.....##.......##........
...#........................#..#......#...........
.##..........#.......#......##.......#........#...
...................#................#..##....##...
.#........##........................#.....#...#...
....#.........#.......#.................#.....#...
...#....#.............#...........................
...##.##........#.......#......................#..
.............#.##.........#..................#.#..
..........................#.................##....
0 34 2315 139 77885
1 177 808 116 38450
2 182 21775 58 404106
3 183 3989 101 457896
4 260 2499 83 87254
5 368 12934 52 150153
6 409 1846 6 1299
7 637 7704 96 174548
8 762 3930 60 84050
9 824 1473 122 36163
10 861 4776 100 153458
11 921 2021 39 9624
12 1274 6925 5 4848
13 1361 2762 139 384886
14 1444 3152 102 202882
15 1565 2645 70 29193
16 1578 3859 59 56547
17 1788 2171 125 28115
18 1865 5444 51 138124
19 1982 3552 96 66108
20 2033 9105 21 51697
21 2106 2380 148 51781
22 2155 8905 97 739407
23 2202 9131 5 8486
24 2266 8273 67 221671
25 2339 10829 17 75023
26 2458 2462 142 464
27 2484 3891 38 15219
28 2614 2801 10 1380
29 2618 3131 41 9555
30 2766 3757 59 28013
31 2800 8593 130 195358
32 2988 5359 22 56094
33 3330 15638 72 86255
34 3357 6633 141 338712
35 3469 4559 7 7774
36 3503 10950 32 91512
37 3674 10249 42 234873
38 3834 4496 112 41572
39 3976 5159 12 15528
40 4009 9706 28 70002
41 4105 17371 8 57195
42 4172 5429 11 6727
43 4264 5639 90 52285
44 4315 4392 28 1367
45 4316 4499 74 5291
46 4397 5219 61 34799
47 4417 9882 25 20904
48 4434 7551 16 20569
49 4644 8244 4 11319
50 4710 11242 30 40763
51 4722 5018 75 21548
52 4766 9181 61 194396
53 4917 6625 78 43089
54 5145 10119 55 135789
55 5149 7032 16 28848
56 5228 6821 34 40592
57 5442 14606 40 63068
58 5446 14000 52 79557
59 5521 9162 85 312058
60 5532 6829 142 54158
61 5668 5710 6 175
62 5736 6705 39 42413
63 5810 9728 131 86084
64 5905 8467 22 15293
65 6028 9085 33 19052
66 6068 6824 15 3342
67 6192 9711 6 13844
68 6219 9643 23 52730
69 6267 15868 26 30040
70 6475 12094 115 251369
71 6520 8314 92 69872
72 6579 12333 128 511718
73 6650 11466 51 75754
74 6700 8551 74 132702
75 6854 7909 74 61132
76 6869 9390 51 83679
77 6895 16526 6 20294
78 6916 10017 12 6694
79 7130 21790 18 99785
80 7425 12422 16 24516
81 7539 9425 18 30846
82 7552 10967 119 232937
83 7629 13518 16 32503
84 7745 8366 26 6721
85 7878 8224 5 996
86 7880 11541 71 78156
87 7975 11020 36 153686
88 8187 15217 12 18979
89 8261 12803 19 58455
90 8309 12614 98 44880
91 8576 9563 13 9372
92 8733 8923 43 3118
93 8767 9834 135 119655
94 8867 12143 36 34160
95 9048 13884 115 107100
96 9164 10213 131 56226
97 9395 34411 126 689872
98 9546 14172 69 102118
99 9564 15233 46 94141
100 9569 10279 74 16357
101 9661 14592 142 130908
102 9691 10358 6 1127
103 9713 10596 82 23919
104 9756 10763 8 2264
105 9757 25806 42 690028
106 9837 10174 14 2202
107 10265 17877 9 21295
108 10316 12107 24 15294
109 10364 10762 23 5777
110 10413 21462 83 727762
111 10430 11850 35 29118
112 10527 27825 52 916066
113 10613 11886 88 67465
114 10877 17197 69 163035
115 11037 24445 122 530942
116 11058 24845 66 259651
117 11088 12542 65 37320
118 11162 13280 21 23771
119 11475 14628 63 31477
120 11618 15942 44 80760
121 11833 14348 108 134957
122 11836 14116 120 225191
123 11907 12152 45 3765
124 11948 16775 85 169223
125 12002 12930 86 43722
126 12042 12786 8 1775
127 12046 22406 7 40009
128 12088 13208 10 2369
129 12156 16711 102 167441
130 12216 20557 64 145885
131 12290 20838 108 1161340
132 12356 21962 139 337397
133 12576 23698 59 247459
134 12634 17885 88 235596
135 12702 12922 142 4679
136 12716 15221 60 92306
137 12933 13987 40 12993
138 13219 34600 107 577197
139 13297 25821 34 351324
140 13433 13469 121 1683
141 13551 15474 80 54758
142 13557 18823 141 493616
143 13712 20479 87 90017
144 14057 17704 133 336136
145 14088 18125 32 86601
146 14098 22585 8 24693
147 14240 16629 125 109990
148 14431 29340 8 77717
149 14436 16983 28 25694
150 14477 19954 18 27506
151 14846 15214 118 20154
152 14892 16112 34 22809
153 14983 19957 69 99885
154 14996 16839 6 16073
155 15091 15250 92 4552
156 15203 15667 42 17504
157 15238 19014 59 35018
158 15270 19351 87 227861
159 15369 18815 41 56014
160 15461 17451 64 96232
161 15519 18170 67 105127
162 15571 16510 16 10113
163 15804 18058 65 105993
164 15891 16771 125 114753
165 15961 27931 7 33556
166 15974 30407 14 219049
167 15975 22125 7 24972
168 16124 16361 76 5064
169 16268 19593 23 44341
170 16340 19579 8 21264
171 16420 20022 112 172213
172 16450 19065 34 36452
173 16778 19178 6 6043
174 17012 18071 25 20498
175 17026 17857 24 14272
176 17051 22259 17 40189
177 17205 17895 98 56214
178 17431 23891 44 90515
179 17486 17845 119 14579
180 17594 20121 122 265841
181 17610 25404 60 115656
182 17620 27884 20 78456
183 17637 21175 147 301811
184 17692 20856 9 35637
185 17899 26509 92 1233795
186 17917 21938 74 206180
187 18066 18598 127 54791
188 18448 23186 20 65270
189 18467 19730 64 56607
190 18483 18977 36 15205
191 18541 19399 53 17960
192 18692 21084 15 18372
193 18797 22833 144 243468
194 18858 22024 5 10294
195 18869 25501 14 25484
196 18874 19787 66 16889
197 19078 25785 20 76156
198 19112 21206 31 24973
199 19177 21643 109 75436
200 19334 25361 70 159805
201 19462 20531 98 76623
202 19463 21334 11 7978
203 19624 24491 135 408193
204 19733 25948 60 236836
205 19800 26146 85 351927
206 19892 26426 106 588707
207 19919 22539 132 103393
208 20408 22016 67 67678
209 20623 22178 4 2412
210 20634 22268 124 51075
211 20767 29848 53 138298
212 20924 25818 125 176967
213 21015 27568 140 293558
214 21132 29703 89 933386
215 21147 24003 94 185640
216 21208 21523 65 10332
217 21210 21999 18 9185
218 21217 24047 54 49098
219 21270 24201 145 324512
220 21272 25239 77 188068
221 21463 22308 12 3771
222 21494 22514 72 23469
223 21845 22831 45 17542
224 21961 26854 14 22087
225 22010 37224 118 836307
226 22172 22393 22 2842
227 22322 40949 114 867224
228 22447 24843 49 17259
229 22489 24422 114 68984
230 22801 31484 33 68441
231 22850 24275 7 6021
232 23039 25807 149 196895
233 23070 38146 41 133278
234 23115 32787 11 38367
235 23284 34690 52 317142
236 23325 27526 5 10882
237 23349 37286 28 126999
238 23493 30780 8 18508
239 23498 24041 143 58152
240 23530 25346 74 56299
241 23895 36524 22 94852
242 23973 24267 12 1113
243 23988 33351 99 908684
244 24000 25250 39 119059
245 24022 25123 42 15918
246 24130 25282 111 29048
247 24178 25889 64 78104
248 24248 37677 51 99179
249 24280 28125 4 7463
250 24309 31107 61 298330
251 24311 26351 18 14434
252 24424 29683 44 212560
253 24440 33155 5 19781
254 24498 36229 140 560902
255 24556 29002 12 14130
256 24577 28284 99 239964
257 24612 29889 95 273774
258 24707 27155 40 48697
259 24727 25134 19 2865
260 24799 32248 10 18452
261 24814 28182 17 22883
262 25186 41573 56 302345
263 25198 28206 85 121131
264 25262 28380 114 221929
265 25366 29025 58 213816
266 25491 27553 102 60695
267 25575 31418 8 19494
268 25624 28886 109 91195
269 25689 27968 44 29635
270 25852 28645 98 105405
271 25913 26975 29 11558
272 26081 30235 69 371270
273 26086 32135 5 10427
274 26140 26889 128 46685
275 26246 37337 38 81081
276 26379 36655 30 106756
277 26450 35471 49 275969
278 26454 29124 6 5986
279 26639 30874 22 26065
280 26697 30262 23 149733
281 26746 28099 4 1740
282 26761 29552 5 3957
283 26768 37527 149 1139646
284 26775 42955 130 461830
285 26879 27525 109 32646
286 26888 37324 15 24462
287 26924 30016 59 158697
288 26935 35604 85 412836
289 27105 33784 68 70503
290 27130 34083 125 166834
291 27178 33452 88 220654
292 27233 31494 112 62346
293 27244 28921 43 37393
294 27426 42556 27 225019
295 27523 27990 89 35796
296 27579 30334 25 32870
297 27696 32834 62 113712
298 27895 33120 47 44217
299 27973 33267 131 228163
300 28038 29423 4 4029
301 28078 32066 88 147955
302 28146 49845 112 398305
303 28147 30845 77 41651
304 28288 32390 89 167712
305 28290 40267 33 115399
306 28318 33111 44 95427
307 28377 29191 18 6423
308 28403 30863 134 292948
309 28525 42370 9 117666
310 28730 36031 103 302993
311 28774 28913 8 327
312 28786 31500 13 7162
313 28997 32209 39 19228
314 29027 30347 56 40982
315 29053 36611 129 809887
316 29160 31115 106 120578
317 29169 32525 8 17529
318 29415 31292 20 17061
319 29438 31988 125 154097
320 29507 35976 63 115242
321 29531 41085 21 32148
322 29850 31248 69 86737
323 29869 32224 24 57421
324 29948 39264 90 508368
325 30111 30841 19 11146
326 30561 34403 58 196728
327 30607 39274 61 300132
328 30667 34744 30 50309
329 30754 30824 35 1590
330 30829 37756 135 348821
331 30904 36489 22 35869
332 31059 40777 5 6654
333 31099 32713 9 7476
334 31139 35990 8 16464
335 31157 40530 117 354258
336 31181 37107 70 164794
337 31271 32423 104 49958
338 31368 32605 117 77858
339 31384 39416 13 73514
340 31464 47104 13 136715
341 31573 34123 5 7134
342 32294 33074 87 37567
343 32376 40481 5 19509
344 32491 33379 87 89213
345 32640 39006 120 302595
346 32708 38924 14 47479
347 32791 34354 121 50583
348 32990 36013 29 24513
349 33287 34054 10 2667
350 33514 39028 50 204572
351 33556 34573 109 108329
352 33558 37034 29 98399
353 33597 39060 11 32698
354 33755 41359 70 103657
355 33826 40799 38 241528
356 33918 45213 57 293572
357 34216 39991 19 77868
358 34219 51960 129 792231
359 34324 38752 72 164775
360 34389 37574 19 19402
361 34473 36000 12 4775
362 34511 38560 21 67221
363 34532 38869 56 104521
364 34638 35186 22 8704
365 34830 34973 85 6643
366 34866 34942 143 3405
367 34954 46510 9 23559
368 34980 45867 141 167439
369 34981 41401 35 160536
370 35011 36941 129 123439
371 35262 36444 13 4826
372 35366 42156 20 34553
373 35382 35515 19 1623
374 35402 42005 21 44046
375 35722 35915 8 2163
376 35791 39246 70 94281
377 35861 40022 35 55705
378 35912 46330 98 966077
379 36005 45813 18 68709
380 36006 36458 45 8287
381 36034 40690 104 251473
382 36054 36193 137 6434
383 36102 36868 137 20864
384 36128 43866 124 354901
385 36188 47146 40 124357
386 36215 47340 62 293418
387 36224 37530 18 27700
388 36254 37114 85 29815
389 36304 56025 14 96032
390 36468 40596 4 8349
391 36486 38727 86 72383
392 36559 36771 134 26333
393 36707 45457 72 147375
394 36744 44053 20 38270
395 36834 43145 128 90860
396 36931 41478 49 105670
397 37142 39177 119 94412
398 37168 45816 56 248965
399 37196 38169 114 66648
400 37484 40725 12 22029
401 37560 39073 36 26753
402 37566 39929 104 40855
403 37572 37713 68 9334
404 37910 48166 143 332742
405 38058 41113 24 10766
406 38074 42184 22 56961
407 38149 42144 22 39413
408 38156 39690 20 12479
409 38158 39061 20 7844
410 38254 42776 81 1418704
411 38317 38364 141 6999
412 38327 45402 14 17568
413 38338 44494 20 71724
414 38388 38699 118 22051
415 38396 39719 113 126046
416 38397 44033 28 42154
417 38426 64923 32 330694
418 38502 40967 28 59708
419 38541 44387 25 33758
420 38655 41704 49 47828
421 38660 43306 17 33949
422 38674 52798 76 344552
423 38978 41555 8 15257
424 39047 43451 35 72252
425 39049 40427 36 27739
426 39304 42200 44 66880
427 39328 41220 63 74668
428 39424 49008 22 27290
429 39480 43240 139 273247
430 39554 40073 89 39110
431 39683 42002 52 32629
432 39687 41679 36 26496
433 39691 40537 19 11381
434 39757 40712 109 74882
435 39761 45580 12 29477
436 40075 51746 123 420340
437 40147 41224 62 29996
438 40272 40782 54 8847
439 40434 42947 34 27029
440 40442 47630 78 230031
441 40516 41129 22 4802
442 40990 43065 78 49210
443 41032 41142 52 3516
444 41098 42360 139 73743
445 41111 48673 97 611148
446 41249 43573 26 28321
447 41321 45844 10 11304
448 41428 45607 83 335522
449 41469 46028 61 126520
450 41683 43967 20 36541
451 41839 42182 38 4220
452 41996 42980 22 7121
453 42100 63007 6 57645
454 42137 43084 117 68571
455 42147 51679 69 95671
456 42163 43415 122 85106
457 42187 54198 8 64735
458 42191 44131 68 104436
459 42352 43320 141 110066
460 42437 46691 47 58075
461 42538 43634 104 62434
462 42709 43069 32 11395
463 42879 43429 14 3172
464 43096 45144 41 26314
465 43104 45802 79 101233
466 43298 58943 45 332159
467 43314 44696 134 45537
468 43771 50038 63 233895
469 43787 45840 42 53101
470 43856 49617 11 15109
471 43869 46770 45 84570
472 44010 45646 81 54221
473 44068 45076 57 41731
474 44219 53554 30 166512
475 44242 53980 89 69998
476 44249 46079 34 29265
477 44392 51514 17 66037
478 44515 45167 58 24148
479 44580 54905 113 673781
480 44692 55117 96 207047
481 44736 49996 134 263005
482 44884 44962 135 5045
483 44915 47495 125 248765
484 44976 54591 4 7057
485 45035 56018 54 412088
486 45125 56833 32 107954
487 45201 47388 101 138665
488 45369 49467 130 157653
489 45532 46180 17 5966
490 45726 51540 14 96568
491 45757 56692 68 210450
492 45993 46370 46 20750
493 45999 49172 37 40662
494 46116 46519 11 1648
495 46233 55930 55 48493
496 46283 46309 16 170
497 46526 57717 52 399981
498 46545 47117 117 69207
499 46599 55485 22 136555
500 46656 47800 90 140774
501 46694 46897 98 6155
502 46717 50586 27 92420
503 46724 53849 53 108369
504 46726 53562 17 19339
505 46914 49750 8 13729
506 47074 47089 118 1783
507 47119 51430 126 75973
508 47173 63706 19 77150
509 47262 59637 35 223884
510 47480 49832 118 209120
511 47748 52630 112 153674
512 47945 48003 70 1282
513 48381 52154 129 169996
514 48480 55957 64 740951
515 48534 65035 5 27096
516 48594 48967 57 10256
517 48726 52135 7 4829
518 48877 68602 5 20642
519 49016 49793 91 34468
520 49078 49463 69 15575
521 49200 50039 11 4351
522 49209 52574 137 317310
523 49268 49720 11 2095
524 49299 53388 11 10129
525 49577 50690 65 26326
526 49745 54149 142 360736
527 49849 50192 21 13214
528 49906 51518 4 3931
529 49952 67258 135 1423092
530 49954 50035 101 11833
531 49958 51602 19 14116
532 49974 50223 10 2696
533 50085 72474 56 656492
534 50091 58751 42 143981
535 50150 53358 44 31362
536 50394 51873 37 36826
537 50604 53191 40 42804
538 50776 55359 15 15563
539 50820 53349 66 76810
540 50909 53791 108 113994
541 50957 51280 13 2035
542 50999 52071 6 2303
543 51049 54097 22 28442
544 51089 54588 116 243629
545 51149 58069 16 128909
546 51185 53328 36 37210
547 51276 55548 48 137689
548 51315 56026 64 139584
549 51482 51797 46 8996
550 51483 58136 70 44189
551 51538 52852 140 66935
552 51577 53717 25 27365
553 51629 62249 40 227500
554 51701 68112 88 1477342
555 51767 53850 9 8122
556 51806 55560 90 60189
557 51809 51882 18 481
558 51868 54465 24 30158
559 52033 54017 84 125159
560 52089 52414 97 30608
561 52128 65636 79 1345974
562 52181 55334 11 17344
563 52368 60462 18 17628
564 52620 56911 50 62818
565 52858 95473 126 2168632
566 52994 53919 69 14831
567 53076 61659 132 397406
568 53143 57074 25 51906
569 53159 55088 80 151179
570 53228 54176 14 8909
571 53249 54671 42 16255
572 53277 58753 5 10945
573 53432 60911 29 54454
574 53440 55969 66 110079
575 53565 64043 8 89335
576 53568 61071 90 525585
577 53663 56780 5 13106
578 53750 55527 56 124577
579 53872 60205 93 811523
580 53905 55415 12 24500
581 53985 56017 63 91705
582 54178 55388 44 52262
583 54220 58643 81 207513
584 54272 54414 71 5812
585 54276 58478 27 27754
586 54337 55248 42 29119
587 54428 58144 63 177685
588 54523 62791 26 208081
589 54697 55934 84 49989
590 54737 62543 130 322680
591 54791 55999 26 14440
592 54826 55808 95 59976
593 54833 55012 6 911
594 54839 61038 29 78299
595 55165 55685 56 9469
596 55246 62943 133 95596
597 55269 57698 76 64713
598 55314 70233 73 768812
599 55566 59669 146 397010
600 55604 61094 69 434522
601 55609 59852 5 14394
602 55684 66164 22 131332
603 55754 59800 99 352144
604 55766 64933 35 461071
605 55815 78285 70 730387
606 55883 56411 42 9592
607 56048 56524 7 2392
608 56112 58755 13 4485
609 56198 60583 126 569299
610 56201 61046 126 252877
611 56391 63449 88 254332
612 56623 57295 122 87333
613 56626 57047 36 3675
614 56706 67794 5 20741
615 56761 57366 27 6509
616 56936 58482 18 12946
617 57000 60234 101 115169
618 57014 61073 117 214075
619 57080 57210 26 1461
620 57161 67099 4 12320
621 57316 58937 120 186678
622 57347 59902 123 192866
623 57824 58302 105 44419
624 58023 58089 22 834
625 58040 58644 117 63333
626 58054 59790 47 40297
627 58058 58168 139 20632
628 58200 61479 109 189469
629 58308 64197 19 57103
630 58317 73623 15 66445
631 58474 59857 5 1623
632 58558 61449 67 79826
633 58603 60017 92 33254
634 58675 60560 68 35765
635 58804 58974 30 2138
636 58826 59659 68 24118
637 58861 60919 93 127156
638 58885 63298 34 86792
639 58893 62438 7 15857
640 59158 62084 99 113518
641 59537 59550 83 656
642 59779 61467 48 36519
643 60062 62796 6 8315
644 60122 64488 29 79481
645 60136 60359 58 6596
646 60226 72477 74 244290
647 60446 63203 23 48304
648 60624 66324 142 469983
649 60634 62831 109 76570
650 60685 63349 18 75886
651 60725 64597 46 81545
652 60783 69240 124 136548
653 61028 62716 9 3139
654 61088 77726 36 180158
655 61171 61245 6 1004
656 61383 63761 123 163809
657 61498 65199 141 194781
658 61616 68428 7 18825
659 61661 61780 72 5523
660 61772 64442 130 121640
661 61783 62219 19 3938
662 61869 64871 132 146291
663 61877 73178 98 137608
664 62094 67006 48 134216
665 62134 62757 64 16155
666 62155 63139 61 14942
667 62169 63255 52 19898
668 62336 62858 81 39992
669 62568 64646 55 82212
670 62619 67779 114 195566
671 62630 64578 4 8299
672 62799 63536 47 28029
673 62863 63427 78 31772
674 62952 71188 4 10340
675 62977 65516 5 3662
676 63194 72153 5 33766
677 63195 78576 77 429313
678 63315 70360 143 322209
679 63334 63974 64 40447
680 63450 64495 111 27745
681 63533 69628 53 123071
682 63586 72881 7 11420
683 63642 67026 70 189870
684 63647 63988 19 3389
685 63989 75228 56 288114
686 64349 70759 6 21806
687 64556 88657 28 428242
688 64905 68076 47 225616
689 64997 75139 18 61250
690 65233 69718 9 31079
691 65340 69903 45 63361
692 65370 69056 24 111641
693 65472 66983 6 7072
694 65545 69589 48 40734
695 65751 66276 149 66097
696 66094 73070 118 547682
697 66108 69511 47 103751
698 66128 67052 14 6155
699 66280 66949 20 17514
700 66310 73921 11 23264
701 66392 67339 6 2357
702 66479 74462 73 139478
703 66481 81814 95 753235
704 66640 82181 8 101957
705 66685 69270 114 50848
706 66773 69307 5 6489
707 66807 68845 21 17401
708 66913 73470 23 58247
709 66938 68142 41 46333
710 67017 78356 86 368478
711 67207 67569 37 3925
712 67272 68634 90 43641
713 67347 79460 61 282217
714 67440 71127 133 331806
715 67464 86279 75 829364
716 67476 68782 91 23509
717 67644 76275 27 54870
718 67684 73418 21 107897
719 67706 72090 55 24107
720 67855 71858 69 184727
721 67996 70001 140 147876
722 68011 73366 145 296271
723 68236 74505 16 25759
724 68285 71343 61 75224
725 68296 70482 21 24018
726 68364 77685 34 162834
727 68566 72616 17 44584
728 68693 70994 46 39798
729 68694 78233 101 310735
730 68705 72012 11 29995
731 68792 71197 108 183415
732 68806 70946 15 20317
733 69082 70971 29 32174
734 69655 73791 108 308581
735 69679 73603 28 82283
736 69686 70863 4 1610
737 69691 72853 53 117588
738 69795 77481 72 287915
739 69861 78136 121 769067
740 69964 73198 58 16954
741 70147 71248 63 15026
742 70252 80129 80 246946
743 70279 76059 9 24362
744 70498 82942 50 214911
745 70559 76817 13 11594
746 70589 73581 55 44036
747 70720 86800 70 245642
748 70779 72732 106 67590
749 70836 75497 16 14493
750 70894 77330 9 29817
751 71074 74069 52 119829
752 71118 80614 58 226753
753 71120 72337 54 39937
754 71215 72900 5 2574
755 71381 79309 5 14441
756 71445 80711 126 213991
757 71465 79219 122 279283
758 71512 73723 148 114773
759 71544 86480 11 60254
760 71649 85005 8 57256
761 71710 79672 37 109623
762 71728 73902 90 37782
763 71803 78271 98 216541
764 71928 73555 16 4649
765 72110 81689 25 36905
766 72193 77668 54 342186
767 72214 90933 14 139766
768 72320 73826 5 7933
769 72669 77819 53 123138
770 72751 74915 8 12592
771 72757 85143 53 332397
772 72834 75714 67 78811
773 72875 76625 62 247169
774 72880 75691 14 9373
775 72958 74242 44 7843
776 73019 81053 113 489986
777 73221 73389 115 16225
778 73222 83260 19 36772
779 73247 74177 110 42865
780 73317 75976 93 84432
781 73493 80168 69 183820
782 73517 75011 82 99005
783 73676 74908 13 5131
784 73689 76797 141 200608
785 73751 74591 101 25779
786 73806 82877 54 252387
787 73808 80348 115 325476
788 73840 74529 39 5932
789 73992 82945 77 280292
790 74169 82993 52 114951
791 74263 74783 149 83664
792 74297 78198 32 90616
793 74334 83828 16 154483
794 74358 78440 106 150414
795 74608 81234 66 571755
796 74612 79104 20 39222
797 74701 80013 147 502589
798 74710 88314 22 175216
799 74898 76250 121 41354
800 74902 78726 124 143457
801 75091 79067 75 199988
802 75154 76857 31 27448
803 75254 76555 122 27678
804 75492 77609 90 104198
805 75882 77334 140 63173
806 76058 86924 146 606927
807 76347 76856 37 11212
808 76532 82666 76 58154
809 76825 81484 17 10883
810 77000 79185 124 279078
811 77005 82588 29 57326
812 77108 83395 45 197626
813 77226 91220 49 419021
814 77262 99594 119 582179
815 77344 81083 8 10630
816 77762 84878 49 197919
817 77816 80793 5 12457
818 77818 90133 31 162852
819 77870 78673 46 18827
820 77941 78923 140 32639
821 77956 86975 108 364264
822 78002 82872 13 24147
823 78096 83979 47 128249
824 78288 82676 138 531210
825 78295 84183 13 33150
826 78394 82739 14 33073
827 78424 79342 34 12382
828 78624 81715 122 133254
829 78628 79730 5 2916
830 78771 84663 5 22190
831 78865 80204 13 12415
832 79102 79748 73 43790
833 79115 81480 142 96963
834 79187 81502 138 112604
835 79205 91161 110 726257
836 79407 80349 7 4094
837 79575 79668 15 522
838 79609 82041 45 28456
839 79641 81797 73 44652
840 79870 80663 22 11705
841 80102 83891 30 38700
842 80120 83772 150 200285
843 80159 80514 102 14068
844 80184 81055 10 7523
845 80252 86803 55 98218
846 80256 84834 34 48593
847 80257 82543 40 93235
848 80387 83855 45 92238
849 80436 81133 5 1984
850 80714 83066 54 51454
851 80816 80955 17 8752
852 80925 84363 77 145442
853 80926 89321 7 17402
854 81038 89754 117 311457
855 81048 83145 8 5598
856 81071 91806 83 395545
857 81395 98368 54 242977
858 81607 81796 13 5096
859 81650 82390 66 17147
860 81866 96444 141 1214382
861 81875 85018 17 22356
862 81963 85435 66 156630
863 82006 92383 47 323710
864 82045 85406 104 159133
865 82069 91797 14 37287
866 82157 91368 10 27477
867 82300 85631 23 25361
868 82320 84055 125 69852
869 82343 82687 9 3253
870 82525 83824 79 62505
871 82534 91484 141 695169
872 82612 85954 20 20482
873 82770 89597 124 315575
874 82821 84625 4 1845
875 82936 85502 82 66779
876 82956 90611 73 113361
877 83019 92985 13 41366
878 83054 85164 108 91478
879 83183 84236 21 19938
880 83194 93088 58 275602
881 83241 96154 141 651842
882 83368 87372 67 232189
883 83402 87743 96 189245
884 83452 94376 32 240732
885 83489 91393 12 71830
886 83667 84602 9 5540
887 83877 86034 100 196063
888 83941 84904 71 31964
889 84113 91137 96 466772
890 84156 85881 47 25168
891 84284 91818 139 710176
892 84451 85270 9 3849
893 84540 90371 97 138587
894 84573 86757 84 110180
895 84847 91549 101 267362
896 85121 85232 76 4082
897 85231 87995 23 69249
898 85266 86166 124 114381
899 85275 87568 114 214274
900 85364 85420 18 874
901 85376 87687 15 7673
902 85382 91819 86 195247
903 85399 86023 35 14170
904 85433 85592 40 2551
905 85570 89572 117 284193
906 85610 92627 56 216568
907 85811 88012 31 103845
908 85878 87792 7 5438
909 85898 89972 10 35208
910 85949 94531 32 310363
911 86040 88163 63 40094
912 86084 89102 11 15713
913 86128 87497 25 35406
914 86285 89466 54 58270
915 86348 86888 30 10112
916 86417 93422 46 104183
917 86484 87924 6 3155
918 86544 91041 78 217276
919 86667 86901 119 10081
920 86925 91096 32 61411
921 87150 89373 13 8733
922 87292 96926 9 30586
923 87469 87903 142 42244
924 87662 88301 99 26075
925 87729 87794 18 940
926 87754 89387 5 7442
927 87931 93977 37 164076
928 87959 97902 39 68184
929 88267 91375 104 158703
930 88278 90369 115 220358
931 88496 97957 77 210170
932 88542 88687 30 3207
933 88569 98819 149 330639
934 88701 96837 106 482173
935 88715 93979 17 13942
936 88771 88896 30 1919
937 88822 89539 49 12156
938 88924 94040 41 38127
939 88945 92156 40 26602
940 88949 99951 11 60648
941 88954 92268 62 76530
942 88984 89091 6 229
943 89030 94190 123 339590
944 89181 95374 140 256834
945 89499 89830 48 8830
946 89580 89976 68 31908
947 89647 98505 24 44487
948 89931 90857 132 84118
949 90146 97984 38 141200
950 90265 93112 57 69118
951 90323 98237 94 287674
952 90591 94944 149 81962
953 90618 98361 21 107032
954 90906 97926 84 217427
955 90944 91476 98 16040
956 91458 93710 18 20243
957 91599 92668 10 6928
958 91625 96400 113 195583
959 91638 94398 22 20157
960 91667 95461 83 389036
961 91841 98091 34 24663
962 91855 94691 25 72331
963 91864 92170 29 1853
964 91917 92746 118 50492
965 92177 96347 70 128276
966 92236 93133 136 233575
967 92291 93391 18 12273
968 92326 92405 142 7888
969 92716 97736 22 46592
970 92736 95625 68 154206
971 93213 93288 135 10466
972 93341 97290 13 11610
973 93712 94840 6 2601
974 93752 96726 56 42084
975 93792 94413 11 4717
976 93797 99068 104 333482
977 93929 94284 89 22550
978 94130 98633 73 266535
979 94286 99958 57 91996
980 94432 98253 142 93547
981 94654 98439 46 70816
982 94664 97634 43 40551
983 94984 98947 84 379730
984 95126 97532 6 14796
985 95184 97678 90 102844
986 95187 95672 112 25214
987 95297 96383 123 37620
988 95298 97105 20 11482
989 95453 99727 81 103740
990 95654 99376 17 27236
991 95878 99668 102 89791
992 96200 99766 4 7800
993 96230 99699 17 20216
994 96511 99405 11 50252
995 96642 98234 86 234338
996 97706 98744 84 284447
997 98416 98994 64 11834
998 98425 98732 91 8007
999 98648 99262 23 5143
