50 1000 0.099
......#..#...................###...........#......
.....##.##..................#####........#.#####..
.....#####...................##..........#########
......##..#.........##.#......#...........####.###
......#..###..#......###.....................#..##
........###...####....#......................##...
.......###...####......##....................#....
....#.##.##...##.......###...###..................
....#..#.#...##.#.......##.#####..................
....####.##...####......#...#####..............#..
....#.##.###.###...#.......####.#........#...#.#..
....#.##.#....###..##.....#...#.####.....#...####.
.....####.#..##.#.####...########.#......########.
.....###.##########.#....########.#.#..#..##.###..
.....##..######.#.........###.......##.##.#...###.
.......####.####.#.........#.#.......##.#.........
.......####.#######...#......##.....#.#...........
........##..#.#.##....###...##....#####...........
.....#####.###........#.#........#####.........#..
....##.#..####.#......#.###........###...#...#.#..
....####.###.######...#.##........####..####.#.#..
.......#######.###......###.......####...###.###..
....#.###.#.##.###....###.......#######...#######.
....######.....####....##........########.#####...
.##.####......#####...###.........##........###...
..#####......##.#......#..........##..............
####.#........#.##................................
##............#.##........................##......
.###...........................##........###......
###.........#.#................####........#......
..##.......##.#.##...............#.........##.....
..#..#...#######.#..............##.........##.....
..#.###...#....###.......#....#####........##.....
.....##....##.##.##......#....########.....#......
....#.###..######.......##....####.##.######......
...##.####.#####..............###......###.###....
...####....###.#.......................#.#...#....
..########.#####.#....................#...........
..####.#..######.#.................##.#...........
............###..##.................####..........
............####.###............#...####..........
..............#.####............#.................
...................#............#..####...........
..................##.............##.#.............
#..#..............................####............
####.........................#....#####...######..
##.##......................####....##......#..#...
..###......................######.###.....###.....
###.###....................######.###......###....
#..###....##........................#.............
0 39 3432 55 75373
1 141 9919 11 23521
2 286 5112 6 7368
3 336 3322 26 36017
4 343 8996 5 36064
5 386 21910 41 1714576
6 422 5776 24 70745
7 527 1751 12 2903
8 533 10959 28 71753
9 666 8291 29 104337
10 726 1443 112 56469
11 758 7890 29 82873
12 774 2613 70 40860
13 868 1171 20 8801
14 871 3012 16 12959
15 1050 6258 16 42856
16 1211 3575 52 90708
17 1273 10228 72 220527
18 1333 3173 8 9402
19 1372 3039 75 34234
20 1461 7158 39 176430
21 1515 9920 5 6186
22 1547 9665 81 159548
23 1591 4828 68 79920
24 1598 6330 146 193335
25 1630 9161 7 16815
26 1725 6088 53 100019
27 1895 19275 6 18756
28 1927 2580 51 20220
29 2030 3499 95 76108
30 2125 4295 147 128613
31 2278 3662 6 979
32 2310 8808 143 497605
33 2312 23186 57 1503069
34 2432 14046 137 307811
35 2444 11863 4 49728
36 2627 3706 18 12615
37 2706 9600 23 42374
38 2738 4269 36 30443
39 3052 4537 8 15938
40 3080 21795 20 138404
41 3114 22647 49 285667
42 3157 4283 58 18900
43 3176 11672 131 1684415
44 3350 4648 6 4089
45 3352 8447 126 263371
46 3396 5332 76 96999
47 3486 6429 6 8069
48 3509 6814 114 230964
49 3655 4796 92 118261
50 3697 4547 17 2934
51 3792 6448 99 135297
52 3803 8300 19 39618
53 3885 4364 4 1115
54 4020 5237 23 9945
55 4050 19027 17 207999
56 4079 6054 95 59228
57 4147 7833 5 7013
58 4328 10969 101 151877
59 4439 4832 27 9098
60 4526 9993 7 15393
61 4752 10417 23 40198
62 4760 17697 52 699403
63 4784 19838 39 153962
64 4822 5438 95 16469
65 4868 10527 26 69433
66 4881 20267 20 55801
67 4919 13107 128 425340
68 4964 6789 5 13256
69 4993 12519 51 108818
70 5070 6394 16 9712
71 5249 11769 126 812588
72 5290 12554 110 276857
73 5322 9758 85 168395
74 5323 9581 23 64321
75 5391 10046 12 18679
76 5725 7004 32 27038
77 5901 7867 92 65814
78 5991 9870 6 12351
79 6098 12835 67 376478
80 6214 6507 4 662
81 6257 12182 50 43264
82 6372 11001 131 73205
83 6393 14462 5 23585
84 6480 15083 133 164555
85 6503 13853 6 40203
86 6565 7822 69 45508
87 6574 7098 17 9677
88 6681 11479 61 112511
89 6780 6884 92 3263
90 6786 12369 6 26157
91 7066 15521 44 511268
92 7204 10235 78 127055
93 7334 12807 87 192118
94 7394 13462 76 203052
95 7405 8379 24 7075
96 7526 7682 88 11768
97 7538 15854 49 359034
98 7661 13062 127 105532
99 7785 17837 123 746853
100 7788 9051 11 3836
101 7911 10625 9 6380
102 7926 8195 69 11480
103 8108 9455 61 13156
104 8156 14921 27 45085
105 8353 9466 40 31999
106 8705 8862 96 6815
107 8849 12114 66 109801
108 8959 20261 42 314172
109 8982 9041 111 6125
110 9046 23147 6 27066
111 9081 14357 29 44213
112 9118 9564 73 10550
113 9246 23222 9 38751
114 9288 13330 7 7415
115 9380 11295 8 2864
116 9463 16254 10 96192
117 9572 15312 145 290843
118 9712 14522 129 540918
119 9913 12242 144 185174
120 9950 10348 79 15517
121 10083 12480 57 47908
122 10161 37921 139 1297618
123 10195 12511 26 25407
124 10274 12901 94 199370
125 10298 12672 12 12944
126 10308 18679 141 357071
127 10599 11171 16 13950
128 10605 12749 150 236706
129 10668 17725 34 79201
130 10690 12557 10 4895
131 10768 13104 11 6365
132 10772 28265 70 714931
133 10870 11860 45 38892
134 11287 11433 101 12144
135 11410 19070 24 105695
136 11552 13785 100 200698
137 11596 30664 108 197734
138 11629 17747 82 612677
139 12032 16741 8 13733
140 12075 18323 53 565126
141 12193 21697 51 173641
142 12257 12734 105 17902
143 12303 15693 17 68913
144 12483 15684 28 22241
145 12484 14989 119 58430
146 12512 22931 148 1273787
147 12584 41670 29 487476
148 12607 14627 72 113470
149 12623 14010 103 74213
150 12634 23794 140 733802
151 12677 18571 120 919127
152 12712 15096 31 53277
153 12804 18089 42 50694
154 13154 39875 147 2302844
155 13164 20235 59 70277
156 13609 19486 66 242026
157 14036 16227 22 50328
158 14083 14749 24 7230
159 14119 18912 123 225464
160 14162 25780 6 38712
161 14170 17178 107 117108
162 14174 17403 11 7263
163 14292 20025 19 60365
164 14371 14383 38 451
165 14441 15596 29 6548
166 14576 26811 25 343214
167 14587 18313 46 69041
168 14599 16406 81 171474
169 14659 20430 106 240530
170 14789 16777 41 50916
171 14832 16195 114 153738
172 14909 19705 126 266352
173 14945 24927 27 77049
174 15012 18315 13 14099
175 15131 15831 89 19703
176 15156 17451 48 22908
177 15231 22570 8 13499
178 15431 29400 4 35324
179 15594 19297 56 102401
180 15809 16600 76 28213
181 15830 19444 140 240530
182 16027 17064 143 124583
183 16079 16525 6 1157
184 16372 24568 112 354226
185 16408 20325 73 600639
186 16447 16560 40 2418
187 16449 20912 145 387856
188 16492 27233 24 70327
189 16569 17921 24 10628
190 16784 20422 5 9540
191 17106 18784 59 50515
192 17192 19655 134 293617
193 17240 21113 15 67859
194 17609 26131 25 78336
195 17696 18420 47 69135
196 17713 18751 11 6217
197 17827 18379 11 7220
198 17863 23092 117 299973
199 17885 25403 122 286458
200 18191 20447 61 54307
201 18196 25302 34 119070
202 18197 33009 14 172074
203 18225 22262 27 45816
204 18293 20463 77 102876
205 18600 24014 73 173207
206 18602 25535 87 252721
207 18770 21974 125 111135
208 18792 19313 80 8559
209 18976 21309 37 129052
210 19110 22993 57 63764
211 19156 20790 89 37809
212 19185 25580 134 254155
213 19745 28289 130 1052340
214 19840 22509 22 50049
215 19953 22440 118 70784
216 20101 31198 70 628312
217 20337 35769 20 81429
218 20365 21881 27 42587
219 20475 30647 54 255631
220 20599 21254 92 35815
221 20606 24522 98 117254
222 20962 24253 14 53749
223 20968 27225 21 84506
224 21091 24377 13 30233
225 21154 24560 69 81193
226 21175 24873 110 153795
227 21207 21839 16 21675
228 21221 23483 24 36601
229 21265 25375 109 128829
230 21362 28956 132 306603
231 21400 21489 52 2700
232 21588 23174 128 118493
233 21693 34689 35 109796
234 21801 28403 58 25631
235 21887 23968 68 73119
236 22140 28232 70 390461
237 22147 35017 19 102695
238 22186 24598 33 21839
239 22228 56128 12 212493
240 22229 23708 50 61709
241 22308 30262 100 691957
242 22386 24726 82 128751
243 22390 39551 39 181068
244 22464 23108 128 27695
245 22623 23605 55 57565
246 22629 28030 36 84727
247 22640 24599 94 18568
248 22999 26248 69 72505
249 23044 44084 89 748962
250 23099 25986 43 70698
251 23145 31750 24 68657
252 23152 29444 21 52778
253 23278 25564 91 84785
254 23361 30672 7 11646
255 23397 30601 46 268009
256 23398 24254 82 25526
257 23485 29560 70 287991
258 23848 40403 6 43053
259 23946 26149 85 65732
260 23989 24123 13 2120
261 24214 31282 8 15616
262 24471 25614 16 6243
263 24771 24908 120 10245
264 24791 38795 150 818090
265 25054 32147 141 355321
266 25224 26607 130 27546
267 25225 32509 26 89010
268 25469 33971 20 66529
269 25489 39636 149 549157
270 25491 31174 4 7886
271 25613 32139 7 43600
272 25721 29760 17 41549
273 25765 36318 83 271813
274 25789 30754 7 23952
275 26028 37572 7 44308
276 26069 54580 122 775666
277 26114 34252 119 320867
278 26155 26800 47 57382
279 26157 37475 24 51030
280 26246 30708 25 107973
281 26576 27472 83 52639
282 26698 28388 130 117627
283 26794 29928 47 96553
284 26926 34148 11 27782
285 27025 40387 24 73826
286 27074 27653 150 81696
287 27377 36939 10 26798
288 27420 28787 15 7357
289 27448 33003 35 265482
290 27515 28493 20 7887
291 27584 37455 66 278745
292 27673 30143 111 112675
293 27688 41116 29 57054
294 27722 29906 26 10284
295 27844 30276 127 178809
296 27939 28094 24 902
297 27942 31793 137 218516
298 27993 30219 37 33854
299 28016 31092 37 41805
300 28039 28939 109 41936
301 28055 30279 17 7146
302 28192 34793 121 471176
303 28503 30202 55 55575
304 28562 29671 123 106314
305 28564 35627 53 129307
306 28671 28992 119 16314
307 28864 29740 115 52186
308 28975 45013 13 85065
309 29134 35120 66 142139
310 29329 40129 22 37323
311 29381 29690 146 18490
312 29411 33834 111 330568
313 29471 35654 56 268256
314 29558 31229 146 118470
315 29599 31102 6 4863
316 29602 39609 29 211176
317 29614 36505 141 431169
318 29646 29870 24 3022
319 29650 30059 139 51968
320 29741 30845 133 30961
321 29821 37038 29 60347
322 29833 34197 76 113420
323 29840 38515 11 46010
324 30111 39526 83 247724
325 30191 33956 144 107993
326 30226 31054 10 2760
327 30253 30646 37 2194
328 30341 39925 32 248027
329 30355 36256 84 67751
330 30380 33558 61 100319
331 30418 31848 121 57234
332 30789 35932 62 144755
333 30915 42530 125 353492
334 31020 31156 103 15182
335 31173 33591 15 14481
336 31254 31370 86 3890
337 31365 33346 12 29202
338 31373 39425 7 45531
339 31449 36817 15 20926
340 31462 39514 124 1571950
341 31517 38186 25 63241
342 31614 41077 127 679013
343 31640 36954 30 39100
344 31658 32138 49 13770
345 31957 34639 41 36243
346 31980 35244 124 222274
347 32077 38903 8 26218
348 32101 33313 47 25302
349 32203 51932 84 1663659
350 32254 33463 101 64501
351 32270 33326 126 56092
352 32315 33807 34 39990
353 32379 33125 118 60759
354 32389 39754 14 11929
355 32579 40546 94 122034
356 32677 37727 46 202569
357 33046 33592 7 2688
358 33087 33630 26 11852
359 33223 38292 24 139055
360 33276 36461 7 6531
361 33332 34079 123 135626
362 33364 39022 93 365504
363 33376 33399 116 751
364 33440 50524 62 477160
365 33491 34059 7 3762
366 33576 33976 97 14368
367 33701 36995 12 3826
368 34102 34156 30 960
369 34111 40137 30 158328
370 34116 40326 106 166788
371 34155 46425 31 74347
372 34168 52181 134 1354776
373 34241 39584 22 62985
374 34291 35560 124 198942
375 34484 36028 43 30230
376 34695 38702 111 102029
377 34798 36749 7 1595
378 34904 37159 149 154182
379 34940 35578 101 28880
380 34989 37339 119 86026
381 35155 35384 114 18804
382 35175 37293 119 138902
383 35204 35316 78 5982
384 35295 44147 98 381439
385 35605 44668 46 303601
386 35900 38041 8 9759
387 35937 39716 33 58318
388 35949 47530 18 37883
389 36023 48360 60 146848
390 36268 36691 60 11952
391 36269 47981 18 60066
392 36613 38765 44 102454
393 36775 43546 129 511733
394 37026 42577 112 349588
395 37049 42660 90 184662
396 37076 40631 19 22735
397 37085 37094 63 326
398 37107 40146 41 76862
399 37473 43268 56 103303
400 37929 39848 59 60075
401 38093 40915 148 125493
402 38114 40227 16 28365
403 38276 41007 12 8550
404 38301 52942 90 429550
405 38332 44261 126 370611
406 38336 40347 14 13797
407 38438 38685 118 10563
408 38473 53121 118 507228
409 38528 41909 80 122351
410 38577 42927 48 92900
411 38747 40957 12 4008
412 38789 42895 74 540395
413 38939 44837 123 512049
414 39353 40940 47 38378
415 39440 61504 51 312173
416 39450 39589 15 1270
417 39728 40709 43 6023
418 39837 40667 28 9968
419 40031 52738 15 65969
420 40134 41580 35 33053
421 40136 48793 30 94437
422 40251 41962 33 44686
423 40330 58822 125 748024
424 40338 43951 13 15763
425 40419 43890 19 117746
426 40500 49894 45 75902
427 40609 41440 47 16640
428 40903 43273 129 63450
429 41243 44178 10 15113
430 41277 54243 145 405665
431 41310 45186 55 84168
432 41640 42275 139 24576
433 41715 46434 110 184717
434 41760 48410 140 410925
435 41790 42155 121 37254
436 41941 43069 19 4458
437 41957 43667 71 27231
438 41996 45161 5 14225
439 42075 42751 22 10139
440 42349 50016 85 2425621
441 42354 42431 16 538
442 42461 48462 50 125528
443 42462 52474 43 126173
444 42518 46246 122 95616
445 42556 45206 106 59187
446 42608 42759 89 6155
447 42625 43798 150 89898
448 42744 45380 104 265065
449 42772 44695 125 92156
450 42896 46722 28 53365
451 43031 50680 139 168829
452 43036 48017 14 10703
453 43270 54017 110 369160
454 43321 46537 6 9038
455 43344 43357 9 19
456 43352 44286 72 34560
457 43511 47258 143 113336
458 43541 47280 147 551133
459 43616 43983 144 39141
460 43700 51574 26 85507
461 43729 49136 8 37104
462 43939 54011 83 771002
463 43940 67857 75 1064045
464 43964 53600 123 401795
465 44034 46536 14 20137
466 44138 47997 79 266363
467 44166 48450 47 90649
468 44234 45599 67 15221
469 44289 51137 16 71121
470 44292 44436 109 12659
471 44423 45833 82 64097
472 44425 46080 48 58091
473 44514 50158 42 137981
474 44534 46068 102 58919
475 44644 46460 15 18084
476 44699 45804 41 24732
477 44834 46408 48 40774
478 44884 48787 12 30649
479 45064 52453 13 57230
480 45099 46671 48 24289
481 45121 47308 6 7903
482 45179 47336 49 31950
483 45224 46380 12 9673
484 45420 46632 29 40599
485 45534 48576 18 25692
486 45607 50125 46 43344
487 45668 50335 89 151109
488 45797 58852 134 318282
489 45842 49761 138 123688
490 45977 50691 28 49257
491 46042 46062 110 605
492 46094 48544 61 90623
493 46207 59346 127 543899
494 46335 48973 141 259731
495 46371 49465 140 220864
496 46417 51767 39 18357
497 46569 48700 57 54861
498 46684 59374 25 53715
499 46862 46942 139 7655
500 46936 47052 141 12120
501 46937 51025 31 42690
502 47099 54633 118 757098
503 47425 55486 6 11855
504 47461 56896 12 47883
505 47553 49134 27 21442
506 47622 51221 83 100660
507 47740 48780 102 126209
508 47750 60805 41 342298
509 47996 56584 13 51617
510 47998 50294 115 56078
511 48035 49075 38 20599
512 48253 48490 52 5656
513 48524 50906 49 27908
514 48533 53873 92 113912
515 48805 50490 64 63220
516 48826 53085 132 300113
517 48883 59190 9 6721
518 48959 49068 14 685
519 49105 72815 10 89699
520 49242 51701 10 13102
521 49287 49782 141 16599
522 49448 54573 57 281806
523 49584 51457 124 167743
524 49622 50847 49 16552
525 49720 59728 124 439888
526 49795 53774 9 26440
527 49815 53421 85 83331
528 49839 57679 58 96178
529 49877 51242 7 6672
530 49927 57531 5 8911
531 49943 50976 58 124304
532 49967 52817 112 180158
533 50000 50921 88 27148
534 50053 72072 26 128701
535 50070 50833 30 7326
536 50225 60213 123 1079499
537 50504 53493 29 41015
538 50510 54964 49 114582
539 50519 88174 111 1099511
540 50584 56289 147 958778
541 50587 51575 11 5048
542 50995 53223 33 31088
543 51090 52716 63 49928
544 51118 56091 43 39060
545 51490 52007 55 9554
546 51512 53269 75 36855
547 51531 54726 135 242052
548 51556 54493 13 21123
549 51591 58813 46 119374
550 51656 64563 42 211612
551 51979 54503 78 113564
552 52075 54448 122 101516
553 52249 59122 14 16722
554 52406 54317 30 60130
555 52420 59775 136 399140
556 52449 54913 147 567898
557 52727 58758 53 122499
558 52766 52994 9 1798
559 52889 54314 87 97496
560 53066 54594 6 5160
561 53190 57053 44 196283
562 53191 56576 59 83666
563 53466 56816 14 29778
564 53529 54537 106 32380
565 53573 56446 54 34636
566 53721 61513 113 282337
567 53833 54342 9 1161
568 54213 56012 150 48205
569 54256 55808 39 19999
570 54659 62211 59 268511
571 54688 59551 15 21145
572 54722 60692 57 177223
573 54791 62533 124 586950
574 54817 86329 74 990052
575 54824 60154 54 108391
576 54835 59487 37 16461
577 54869 56736 116 154871
578 54948 59838 16 25171
579 55164 58376 20 21543
580 55448 57011 76 70992
581 55528 57154 29 18420
582 55712 61330 15 45846
583 55837 61798 62 118421
584 55848 69035 15 122902
585 55898 58630 12 22937
586 55910 61074 25 51490
587 55940 61745 146 492989
588 55950 58498 67 58381
589 56009 62279 78 122438
590 56035 60315 121 226789
591 56059 62291 122 193290
592 56086 58964 40 32626
593 56203 59188 108 91969
594 56207 57789 55 71777
595 56221 58513 6 6083
596 56270 57008 116 57392
597 56318 58267 32 87741
598 56445 67328 38 195967
599 56732 66711 22 73563
600 56826 57918 110 34490
601 57016 67485 12 41603
602 57111 60807 22 57754
603 57165 58998 119 103182
604 57443 61011 115 212258
605 57542 64268 17 37896
606 57633 58883 78 99808
607 57824 67866 27 211273
608 57919 61095 57 88295
609 58192 59155 4 3316
610 58202 59642 16 8726
611 58252 59636 24 18307
612 58265 87659 129 567058
613 58361 60004 34 62850
614 58445 60442 146 271625
615 58469 61061 15 11224
616 59014 60821 104 411836
617 59049 63883 31 32003
618 59243 62579 22 9226
619 59278 62324 96 96308
620 59321 64375 7 21833
621 59326 61358 62 47645
622 59340 66294 19 164544
623 59495 61441 85 41187
624 59550 62688 84 116025
625 59714 64573 109 107541
626 60036 62254 127 78366
627 60045 61226 18 8072
628 60182 61182 56 22532
629 60219 67210 41 103066
630 60243 63802 113 189443
631 60342 60590 99 30205
632 60396 67554 42 91755
633 60446 60848 35 5800
634 60519 61985 89 44708
635 60884 63587 72 135380
636 61060 62623 34 9145
637 61112 62632 54 13322
638 61163 62616 26 8998
639 61239 65628 69 216158
640 61359 62190 23 8510
641 61486 64192 69 54616
642 61512 71525 136 470878
643 61681 81639 9 72546
644 61690 84199 11 60991
645 61907 62046 22 1003
646 62040 64261 5 6400
647 62289 65954 32 43167
648 62293 64209 31 47364
649 62408 74945 24 277976
650 62434 63358 94 18186
651 62481 62969 55 17119
652 62504 63400 33 15557
653 62538 63989 129 93160
654 62545 66996 58 54695
655 62577 75892 56 257339
656 62633 63744 125 47420
657 62766 72973 63 151473
658 62896 82751 121 1258524
659 62997 69912 130 345591
660 63111 70131 7 33506
661 63185 67841 33 46398
662 63230 90844 125 982169
663 63372 67498 9 8832
664 63447 65238 87 38236
665 63495 69034 91 193865
666 63562 76247 97 621823
667 63658 63855 76 14425
668 63669 64182 81 10240
669 63731 67086 5 4167
670 64043 71968 16 90464
671 64123 64773 51 34183
672 64181 70174 8 26071
673 64281 66806 42 40330
674 64734 75606 54 207484
675 64752 69695 142 258661
676 64966 73844 34 148074
677 64970 66394 9 7012
678 64990 71956 52 186168
679 65177 66674 52 13693
680 65266 73097 143 396414
681 65449 67935 36 28047
682 65518 67240 124 116310
683 65589 66967 116 62625
684 65671 70030 53 151775
685 65728 76767 102 674627
686 65862 65986 135 11081
687 65899 75661 71 656760
688 65914 66761 40 8455
689 65915 71975 80 145958
690 65922 86974 96 785027
691 66084 67528 9 12636
692 66285 68831 6 17436
693 66388 68687 28 14030
694 66424 69383 60 72463
695 66721 77980 31 136793
696 66792 76033 33 286077
697 66850 72258 31 57216
698 66990 75117 94 521518
699 67268 70454 54 64680
700 67271 67411 37 7544
701 67315 73596 69 317216
702 67436 74631 72 106803
703 67634 74867 43 158022
704 67651 67937 71 22203
705 67677 68480 5 1576
706 67697 75797 111 127625
707 67709 72665 7 14593
708 67754 85123 99 1317314
709 67776 73791 93 219037
710 67801 70643 104 233434
711 67847 73558 86 283031
712 67912 68303 99 8880
713 67961 70801 11 9854
714 67978 71319 20 17885
715 68109 76932 74 1174365
716 68195 71736 121 226293
717 68274 72851 127 273869
718 68375 75012 26 125863
719 68393 77691 58 116437
720 68403 75339 23 32655
721 68444 74241 74 130665
722 68483 73148 147 204176
723 68485 70325 103 94584
724 68562 72256 67 71949
725 68569 87229 52 611857
726 68661 71772 88 301682
727 68758 72458 6 12804
728 68761 74989 15 58910
729 68783 68972 60 2825
730 68990 76856 66 121791
731 68991 69106 82 4483
732 69486 70074 14 3413
733 69492 69550 146 8578
734 69771 71419 12 8357
735 69840 91891 7 87520
736 70029 73695 118 178890
737 70032 72009 27 9252
738 70162 87722 4 33169
739 70189 83659 24 107382
740 70277 75141 120 185190
741 70315 79861 23 97302
742 70556 73118 135 359571
743 70908 73377 6 4612
744 70926 71148 120 16924
745 71035 81585 32 83200
746 71062 80586 145 217645
747 71064 72182 68 19087
748 71065 79929 92 283704
749 71097 72332 23 9299
750 71187 77730 15 43499
751 71216 78095 53 155944
752 71237 76102 27 29475
753 71264 80193 138 1615624
754 71468 74499 44 88367
755 71572 75237 119 318961
756 71586 74258 58 77013
757 71639 75504 50 64972
758 71656 71804 98 9301
759 72135 77368 145 67279
760 72323 73489 71 27533
761 72697 73649 111 87398
762 72719 89881 117 880720
763 73109 73576 112 25420
764 73257 78536 64 103043
765 73448 80640 63 290163
766 73471 83568 119 206682
767 73911 77113 8 11201
768 73917 75058 5 2117
769 73939 74622 13 1082
770 73994 78522 5 4407
771 74140 80652 114 103282
772 74147 83427 119 1345498
773 74227 75525 43 15931
774 74342 75000 62 13582
775 74350 79394 138 232706
776 74545 79331 9 14636
777 74623 75804 31 13674
778 74734 77134 18 12192
779 74764 77683 93 63167
780 74768 77736 105 244996
781 75049 80237 20 8938
782 75232 78569 102 132533
783 75248 79686 146 257036
784 75252 77721 39 48393
785 75303 79931 65 158464
786 75380 77574 18 17895
787 75431 79150 24 109389
788 75528 77145 131 175803
789 75539 76638 12 8403
790 75686 85477 121 479993
791 75899 82073 29 143246
792 76255 87169 66 513190
793 76276 84136 8 33048
794 76280 97612 43 280481
795 76354 76563 37 8410
796 76463 87707 122 974172
797 76534 85029 66 161651
798 76736 77973 125 65576
799 76868 94541 96 524493
800 76889 84631 16 43978
801 76902 91248 8 15345
802 77140 85544 18 69030
803 77194 97226 38 84186
804 77250 85071 14 63419
805 77302 78577 22 30538
806 77386 89184 140 976691
807 77468 84331 9 17680
808 77512 79350 39 24694
809 77705 85431 110 320167
810 77761 80656 89 453950
811 77849 78027 13 2416
812 77962 78277 19 3956
813 78199 80739 36 10371
814 78227 88528 63 285781
815 78439 85241 10 46294
816 78600 79056 91 17405
817 78630 88908 70 426950
818 78641 88026 23 80446
819 78684 88104 75 139170
820 78740 88819 30 93028
821 79229 98046 46 135059
822 79451 86912 60 55855
823 79472 93005 11 17857
824 79601 79848 121 9682
825 79619 83288 108 196299
826 79721 82995 20 9030
827 79789 92535 133 764001
828 79820 89567 21 220083
829 79823 89831 101 520453
830 79977 80304 135 26739
831 79999 81911 11 18206
832 80041 87777 93 212143
833 80043 90198 6 15096
834 80048 80936 14 7091
835 80130 87977 86 255632
836 80140 81137 149 136784
837 80233 80366 94 5938
838 80284 97506 28 188516
839 80361 82447 109 131914
840 80384 93973 20 87026
841 80434 80938 21 7735
842 80450 82572 19 13463
843 80736 87409 18 45018
844 80839 85364 117 328765
845 80926 81595 5 2412
846 80992 85628 68 408352
847 81094 83778 89 194336
848 81195 83622 73 50906
849 81203 86342 5 6209
850 81207 86148 53 52071
851 81284 81367 123 9284
852 81308 83616 8 10090
853 81536 83124 20 5544
854 81700 82850 4 1860
855 81749 97949 16 193991
856 81929 88780 111 166158
857 81995 84894 89 124551
858 82101 87806 68 134486
859 82369 92189 52 84036
860 82429 91132 98 248182
861 82454 82709 37 3251
862 82691 84777 148 104839
863 83024 83389 122 11125
864 83133 85787 85 42231
865 83243 90177 4 8753
866 83276 91081 78 192708
867 83278 85104 18 19035
868 83291 92289 53 180215
869 83360 89781 14 100982
870 83591 84606 40 17092
871 83823 88359 82 154234
872 83824 84420 97 24116
873 84186 88944 16 27921
874 84223 85080 118 52028
875 84316 96156 57 1130251
876 84472 84642 8 666
877 84520 91637 12 31081
878 85122 99717 145 252433
879 85132 85193 50 820
880 85309 89691 21 15122
881 85397 91594 32 149846
882 85424 90350 88 137303
883 85460 91763 37 132723
884 85498 90054 5 18073
885 85598 89225 42 63663
886 85751 96949 10 19147
887 85916 91395 67 94797
888 85994 89295 109 94778
889 86126 89920 81 133354
890 86139 90065 71 131916
891 86204 92335 20 76885
892 86291 89238 85 75548
893 86322 88942 6 10335
894 86748 90226 84 105233
895 86879 92660 108 333817
896 86957 86960 87 229
897 86964 91893 69 45620
898 86992 88350 91 67533
899 87059 90077 97 96608
900 87318 88650 62 29792
901 87423 87891 90 18766
902 87511 87744 91 15417
903 87551 96838 72 477043
904 87580 90550 22 47357
905 87600 97653 127 964360
906 87706 91043 23 15729
907 87800 99065 33 198063
908 87807 89394 129 172997
909 87933 92145 50 114150
910 87988 92391 61 281640
911 88197 92831 16 39341
912 88246 88402 139 5690
913 88285 88465 17 1717
914 88286 96711 103 465227
915 88304 92424 88 128934
916 88337 90416 17 8869
917 88374 89379 19 10148
918 88451 98584 21 165867
919 88476 95987 67 300219
920 88478 97602 15 17751
921 88626 89812 85 93876
922 89024 96556 72 532615
923 89392 90834 37 28373
924 89487 91433 40 78663
925 89615 92321 119 115140
926 89810 96097 67 138331
927 89811 93530 117 341481
928 90058 90247 26 4280
929 90119 91552 123 83152
930 90147 91540 115 47800
931 90176 90200 134 2710
932 90315 91438 40 19866
933 90332 90631 57 11177
934 90540 90671 10 707
935 90566 95600 16 45515
936 90573 91330 93 32739
937 90625 91559 15 3755
938 90799 96614 20 46933
939 90816 96637 23 27653
940 90903 93999 102 80098
941 91304 92475 87 106360
942 91442 93993 58 22828
943 91528 95378 75 63223
944 91619 94337 55 58752
945 91733 91979 93 8176
946 91844 93347 61 66877
947 91911 97078 81 120048
948 91929 97342 19 21173
949 92254 98379 88 187641
950 92426 95640 56 121435
951 92432 98725 96 117759
952 92450 97718 38 51293
953 92499 98428 67 54158
954 92597 97824 86 155213
955 92614 97258 65 79530
956 92634 97672 118 914358
957 92724 94301 22 14396
958 92830 93603 4 805
959 93196 94786 60 31911
960 93328 95776 80 60631
961 93435 97306 86 237929
962 93553 99503 129 340634
963 93600 96474 136 189403
964 93655 98720 55 78034
965 93711 95128 140 280284
966 93829 99733 53 85018
967 94158 95040 31 19207
968 94355 94583 130 17323
969 94515 97972 143 153914
970 94657 94807 41 5895
971 94697 95658 7 12132
972 94751 99268 113 364331
973 94761 99699 37 70361
974 94943 96087 104 64788
975 95051 96972 66 125100
976 95215 99414 10 24709
977 95271 98313 60 51903
978 95351 98950 39 47281
979 95477 96152 32 12996
980 95684 97077 145 59933
981 95822 97552 113 71913
982 96183 97905 62 49300
983 96285 97968 5 4323
984 96581 98460 120 40305
985 96747 98711 120 179214
986 97062 97908 64 36428
987 97332 99665 127 84282
988 97333 97517 6 584
989 97640 97980 52 9276
990 97691 97716 36 722
991 97776 98863 147 62882
992 97796 98071 62 5246
993 97846 98776 14 5948
994 97853 99492 41 18598
995 97920 99140 110 156669
996 98336 98513 6 1971
997 98800 99965 5 3242
998 99523 99735 37 2556
999 99657 99755 54 7779
