50 1000 0.033
..................................................
..................................................
..................................................
..................................................
..................................................
..................................................
.........#...#....................................
........####.#....................................
........##.###.......##...........................
.........#####.#.....####.........................
........#########.######..........................
........######.#....##............................
.........##.###.....####..........................
.........######......#............................
.........########....#............................
.......####.#####.................................
........#.#####...................................
..........##.###..................................
.........##..#.#..................................
..................................................
..................................................
..................................................
....................#....#..#.....................
....................#...######....................
..................###.######.#....................
.................#####.#####.##...................
.................##..######.......................
....................##.####.......................
......................##..........................
.......................#..........................
..................................................
..................................................
..................................................
..................................................
..................................................
..................................................
..................................................
..................................................
..................................................
..................................................
..................................................
..................................................
..................................................
..................................................
..................................................
..................................................
..................................................
..................................................
..................................................
..................................................
0 15 2517 79 50306
1 166 7011 30 52285
2 235 5218 6 16720
3 387 1888 97 145369
4 457 1265 144 35666
5 508 4515 15 21152
6 564 1998 13 26166
7 733 4401 83 67015
8 912 7739 12 65702
9 947 2898 100 54117
10 970 3146 41 55935
11 1068 1189 24 1353
12 1093 1995 124 73710
13 1157 1454 9 1654
14 1229 1893 66 15188
15 1272 6356 75 173191
16 1722 6237 7 34874
17 1872 15323 147 283800
18 1877 4248 6 5042
19 1885 5834 58 101792
20 1961 2974 47 82422
21 2049 2277 34 9142
22 2078 3679 27 27319
23 2160 10214 67 169618
24 2163 7871 25 196838
25 2184 3792 5 2569
26 2185 3680 114 55271
27 2425 10194 135 530982
28 2439 3668 96 36077
29 2467 5291 28 59910
30 2507 8128 48 112225
31 2562 2862 78 26980
32 2567 3232 20 5255
33 2683 8937 31 311514
34 2720 2912 80 7430
35 2867 8452 75 192034
36 2911 3197 11 2893
37 3013 3830 84 13123
38 3055 3384 30 4259
39 3075 10835 37 121991
40 3335 4693 19 22057
41 3447 5343 8 4506
42 3597 8391 45 113829
43 3629 4830 10 9097
44 3674 9594 79 160064
45 3677 7081 73 57729
46 3692 8308 66 164526
47 3706 4974 127 147251
48 3787 11030 48 94712
49 3805 6807 14 25180
50 3815 4433 25 7258
51 3841 5521 6 10682
52 3915 6696 26 63352
53 4129 8230 83 175645
54 4176 12910 14 152055
55 4441 5574 35 18991
56 4486 5088 32 6570
57 4581 4762 48 3733
58 4619 5230 135 54411
59 4721 9921 15 68073
60 4763 5234 62 6559
61 5199 5339 71 5642
62 5348 8729 7 13419
63 5415 15003 78 500091
64 5580 11198 83 185681
65 5622 6014 124 25606
66 5648 9320 41 116341
67 5678 19764 32 1172651
68 5682 10281 67 74812
69 5693 7364 106 242054
70 6123 11370 17 77842
71 6137 6480 94 15053
72 6281 8163 23 8454
73 6282 9553 14 25250
74 6497 8370 28 11316
75 6543 11908 124 344803
76 6563 10816 50 207957
77 6737 7622 12 6222
78 6852 13878 7 55510
79 6900 11263 6 6578
80 7183 9629 37 12568
81 7420 10310 19 28135
82 7462 11024 81 106553
83 7728 13664 7 7619
84 7747 8246 15 4636
85 7763 17712 101 656951
86 7912 14691 119 196601
87 8054 16472 89 372563
88 8082 11965 29 61992
89 8158 11092 43 57862
90 8321 10324 84 141557
91 8436 13587 21 85884
92 8478 9297 150 67042
93 8691 14243 146 621237
94 8796 13804 45 99314
95 8889 24204 89 161521
96 8988 9120 79 3824
97 9135 10850 67 41490
98 9185 10271 142 143012
99 9204 13242 22 105170
100 9302 10815 17 14965
101 9602 11302 11 22416
102 9614 9725 43 5378
103 9617 12763 126 90934
104 9744 13985 145 83357
105 9747 12842 128 464005
106 10437 12116 29 15186
107 10530 10957 8 1810
108 10579 14431 34 69785
109 10662 15516 62 140541
110 10762 14134 32 61442
111 10925 11803 23 7759
112 11077 19698 28 185674
113 11194 12156 9 2783
114 11215 13636 86 74834
115 11262 13919 13 20918
116 11383 17400 105 162585
117 11388 12105 55 6781
118 11882 14034 72 89435
119 12045 14305 124 116959
120 12052 12672 8 3330
121 12284 18248 119 231623
122 12313 13875 23 32965
123 12322 15232 71 51286
124 12419 15276 72 111390
125 12640 13136 17 10197
126 12656 23364 121 460613
127 12930 17561 25 53332
128 13025 24180 20 62203
129 13146 23218 22 74820
130 13419 16458 120 335098
131 13464 17110 79 118199
132 13491 13590 40 1974
133 13534 16162 99 46570
134 13638 18466 29 21675
135 13676 16885 69 185459
136 13692 13950 31 6293
137 13734 14499 18 5905
138 13781 22706 27 63980
139 14033 16473 9 7830
140 14220 17230 26 19634
141 14339 18401 37 200804
142 14504 16259 33 158844
143 14581 15091 135 28103
144 14780 25338 40 378786
145 14855 18979 48 75337
146 14863 16285 45 33195
147 14985 31876 146 650500
148 15087 21203 137 314270
149 15105 15708 66 23846
150 15108 23467 102 96820
151 15118 17605 33 28414
152 15218 18603 109 272059
153 15408 23068 99 219357
154 15417 23552 88 270262
155 15429 16994 96 39253
156 15676 18246 61 30456
157 15815 16398 28 10776
158 15841 19026 91 63785
159 15878 18965 4 6580
160 15882 15943 39 1619
161 16075 18745 75 153530
162 16168 16351 77 5925
163 16357 23005 103 140082
164 16515 19626 62 106057
165 16532 22252 143 561130
166 16582 17547 61 32008
167 16622 19057 85 92728
168 16727 30104 133 1648801
169 16957 18247 27 7942
170 17333 17552 40 3568
171 17507 24888 41 93406
172 17549 17851 30 3385
173 17635 21225 67 131541
174 17753 18586 13 4308
175 17903 22216 116 112807
176 17936 22220 33 38777
177 17963 22172 37 99843
178 18010 20055 33 32530
179 18113 24426 36 166564
180 18121 29194 57 165961
181 18313 18325 9 49
182 18469 24061 59 115155
183 18522 25581 64 93658
184 18670 19838 46 29327
185 18790 21176 61 65222
186 18850 23736 31 48137
187 18911 22609 44 73400
188 19038 20155 4 3406
189 19127 19487 35 15748
190 19188 20934 92 84710
191 19215 20809 117 106032
192 19326 20464 130 51618
193 19396 21846 59 41689
194 19715 20284 70 47793
195 19724 23154 112 64845
196 19744 21110 130 53697
197 19989 24179 46 43220
198 20037 24266 115 344198
199 20500 24210 41 26268
200 20542 24875 8 10631
201 20585 22840 110 71746
202 20656 37087 68 364653
203 20719 21682 57 53557
204 21133 27049 58 249270
205 21157 26729 103 137974
206 21202 21622 47 11522
207 21248 26778 35 74944
208 21253 30624 5 13162
209 21425 22506 7 4215
210 21594 26649 31 45976
211 21694 36338 130 389620
212 21706 25904 80 74585
213 21726 22564 127 44488
214 21727 21910 12 1117
215 21783 27831 37 158357
216 21795 22861 7 7200
217 21911 24844 13 27689
218 21941 24165 37 33323
219 21976 25461 4 11609
220 22008 22915 23 5059
221 22083 22085 15 89
222 22383 39788 100 935135
223 22409 22998 108 41649
224 22678 23898 103 87042
225 22819 25865 23 46195
226 22858 28472 10 20363
227 22945 26615 59 147600
228 23016 26634 132 76970
229 23046 24422 24 32126
230 23057 23901 13 11011
231 23102 27099 112 212419
232 23165 29404 50 53926
233 23169 32866 10 20267
234 23180 32799 98 338802
235 23208 23269 94 6511
236 23306 23764 117 78579
237 23328 32752 43 235902
238 23507 23993 121 25819
239 23810 28086 72 75208
240 23840 35197 52 170318
241 23886 27379 24 27347
242 24258 26837 83 48928
243 24423 25993 141 185667
244 24537 26076 42 12488
245 24798 34357 85 461783
246 24878 25565 4 587
247 24906 24976 52 1435
248 25102 25371 129 17254
249 25253 28226 34 46586
250 25307 27460 46 79715
251 25311 29584 65 96524
252 25357 26342 26 18148
253 25523 27089 14 11795
254 25736 26300 9 4039
255 25786 28232 96 73048
256 25911 28011 40 147745
257 25976 39497 42 486151
258 26117 28450 14 31609
259 26313 45900 10 58843
260 26430 32969 92 181211
261 27033 28425 55 33972
262 27061 29476 69 36509
263 27369 34593 25 63123
264 27547 27741 95 3541
265 27561 27743 10 1825
266 27574 28632 7 6659
267 27649 29652 99 149575
268 27655 27670 123 1477
269 27795 29318 10 2790
270 27843 32938 132 224577
271 27891 33500 67 153967
272 27917 33904 80 221842
273 27932 28032 74 3507
274 28043 32347 56 206089
275 28127 29751 50 63969
276 28248 30348 22 19956
277 28335 28913 96 24927
278 28378 28699 47 34932
279 28502 28582 88 3089
280 28537 38075 84 754766
281 28651 29313 17 2799
282 28665 29444 25 6605
283 28734 30192 50 32373
284 28827 34672 109 421643
285 28892 28938 100 3641
286 28937 31229 27 30839
287 28969 29630 46 8806
288 29165 33646 120 166210
289 29486 30893 69 139791
290 29590 30612 97 28231
291 29618 35770 57 186072
292 29714 30222 70 35448
293 29731 34095 25 25584
294 29738 34921 20 68792
295 29783 32487 104 179817
296 30038 32920 66 315256
297 30074 34462 117 372104
298 30141 36092 60 104847
299 30231 37119 9 9632
300 30412 30620 16 4170
301 30442 37813 85 390751
302 30465 37403 112 190261
303 30517 35956 6 11837
304 30657 31275 9 1844
305 30744 36413 118 485179
306 30794 32808 109 71358
307 30983 31529 10 1944
308 31036 34733 5 20033
309 31139 37281 70 111707
310 31333 32708 75 75942
311 31373 34018 145 196208
312 31397 33776 47 32354
313 31732 38582 28 91778
314 31800 40606 36 73130
315 32055 40965 11 33214
316 32189 36393 59 126225
317 32295 32556 89 8810
318 32298 32879 23 7705
319 32457 39280 33 188421
320 32468 33393 116 82707
321 32715 36066 25 19412
322 32786 34269 106 146676
323 32885 35782 6 13865
324 32919 33720 125 37042
325 33071 37195 4 5351
326 33121 36852 26 38095
327 33207 36289 62 37278
328 33343 36222 8 54476
329 33413 39511 93 156450
330 33533 38323 118 164622
331 33564 34334 143 42920
332 33679 34742 85 40149
333 33787 35953 78 46244
334 34561 36387 103 45687
335 34663 37935 11 10457
336 34770 37625 26 43326
337 34933 36170 53 41264
338 35026 37882 8 4153
339 35166 43783 32 111697
340 35319 37082 12 8632
341 35330 38016 11 19396
342 35357 35425 97 4073
343 35381 44183 22 75756
344 35467 36157 136 19452
345 35525 37852 15 31463
346 35674 39194 70 103918
347 35941 55505 53 458034
348 35977 36742 90 40961
349 36037 64298 45 340576
350 36043 45480 7 44558
351 36101 43909 5 17281
352 36117 38595 96 172389
353 36166 45131 24 127213
354 36187 47327 52 176998
355 36260 36271 73 1293
356 36411 37404 8 1849
357 36602 41836 135 351247
358 36647 37885 70 34586
359 36738 44935 70 454061
360 36815 37338 59 8744
361 36947 37764 131 58970
362 37209 45270 69 135960
363 37263 40666 18 26658
364 37304 46101 47 102215
365 37361 38164 86 79456
366 37441 37730 75 2074
367 37463 38526 32 18682
368 37502 42745 37 62578
369 37651 39206 144 74497
370 37716 40213 17 13365
371 37718 40448 117 104975
372 37785 41170 130 180706
373 37925 40794 23 12490
374 38050 38828 113 64969
375 38116 39131 40 18433
376 38141 42430 7 12556
377 38179 40202 119 64488
378 38362 45450 9 44216
379 38381 43930 102 238433
380 38473 44955 43 36451
381 38474 44300 8 33917
382 38495 58300 138 298775
383 38580 39883 26 16918
384 38606 50247 37 272116
385 38669 43649 8 26974
386 38673 40682 50 119846
387 38678 38754 4 41
388 38876 40240 35 60550
389 38934 48755 98 276252
390 38985 42831 36 146882
391 39012 41853 39 51824
392 39030 51815 110 331949
393 39263 40854 5 3491
394 39268 42711 70 89151
395 39315 49138 20 89447
396 39762 39881 63 4090
397 39837 43920 113 293808
398 39869 44512 114 574942
399 39949 40618 139 49925
400 39958 45026 94 230999
401 40055 48954 55 111856
402 40093 53928 84 1106795
403 40120 42466 93 72988
404 40231 40287 23 864
405 40451 46890 74 225795
406 40584 44775 137 347124
407 40865 44854 146 78520
408 41069 44649 41 51752
409 41074 42814 5 6360
410 41119 46127 92 380356
411 41162 43070 20 19079
412 41176 42920 99 30277
413 41197 41623 42 13304
414 41208 41755 12 6794
415 41209 45104 93 147002
416 41492 44111 138 98820
417 41550 42516 80 54144
418 41576 53177 144 737783
419 41579 41943 6 1321
420 41606 41838 49 9144
421 41746 48182 35 132409
422 41753 44504 32 14566
423 41950 50311 92 187524
424 42070 44205 15 9600
425 42123 44169 118 254614
426 42306 47542 86 89915
427 42340 46574 90 250968
428 42441 43637 125 108720
429 42484 43327 5 1519
430 42569 42836 5 746
431 42612 45001 40 41491
432 42642 43098 63 10273
433 42651 47292 121 182359
434 42660 45561 24 34827
435 42675 44088 41 24244
436 42842 45700 74 219935
437 43189 45694 77 50698
438 43242 45394 8 13433
439 43339 48235 22 32870
440 43344 52571 27 133897
441 43365 44939 17 3755
442 43680 51782 24 39230
443 43739 53808 29 50184
444 43820 46285 43 58578
445 43843 47525 66 72837
446 43862 46593 5 3182
447 43890 44877 14 9831
448 44107 55400 124 151992
449 44229 44983 7 6366
450 44316 48991 122 232145
451 44326 56589 91 515463
452 44409 46051 8 10969
453 44420 47040 45 131834
454 44473 45327 40 14833
455 44623 45738 20 13416
456 44794 50154 7 11768
457 44803 45825 41 10545
458 44815 45926 74 48915
459 44873 46352 24 13951
460 44956 45319 110 33008
461 45071 45558 9 1406
462 45209 47949 34 28541
463 45231 50368 95 309247
464 45361 70672 46 489857
465 45447 48832 68 134508
466 45456 49130 10 14718
467 45488 50695 112 255331
468 45508 50173 86 200014
469 45520 49142 75 131159
470 45708 53742 70 162145
471 45753 55074 132 316639
472 45756 45786 133 1312
473 45791 45977 33 3089
474 45971 47071 124 31807
475 46060 52258 54 113277
476 46226 50959 139 182767
477 46255 46869 30 17235
478 46481 54576 12 49686
479 46542 51220 24 97467
480 46565 50394 98 142989
481 46581 46948 16 10958
482 46675 47647 40 21227
483 46699 53899 12 26483
484 46906 47868 26 13546
485 47187 48526 43 47677
486 47663 47703 110 1953
487 47866 50698 135 102973
488 48088 53120 81 181156
489 48225 51113 43 117329
490 48260 48911 15 4157
491 48343 52844 5 7114
492 48381 50410 37 65767
493 48417 53075 36 54641
494 48634 56201 58 168907
495 48651 54953 29 114173
496 48726 56699 95 384240
497 48809 51028 70 83189
498 48867 49576 6 1803
499 48989 50504 64 37134
500 49115 50637 7 6259
501 49119 55008 117 232060
502 49225 51304 104 157172
503 49249 52812 132 153697
504 49344 51110 22 32017
505 49518 49746 68 10541
506 49523 66375 13 62291
507 49707 53866 21 53784
508 49843 54083 139 629096
509 49917 52303 88 105094
510 49956 53711 78 131212
511 50240 60453 150 300878
512 50404 50808 48 14352
513 50424 53802 9 27903
514 50610 50691 37 3153
515 50827 52324 25 16962
516 50925 52097 9 11640
517 51075 54970 93 86588
518 51154 56869 139 302470
519 51312 55188 103 203820
520 51334 55382 63 130292
521 51343 51556 72 3595
522 51371 51776 8 2072
523 51466 51613 14 1625
524 51590 60887 81 430656
525 51705 53853 71 44615
526 51710 52990 15 8951
527 51814 58102 19 65530
528 51889 53753 57 59691
529 51901 57165 11 13921
530 52028 58105 12 130932
531 52214 54963 24 25907
532 52220 55408 120 50091
533 52225 53290 43 17276
534 52280 53167 61 13379
535 52537 59804 58 274630
536 52623 54433 34 79646
537 52635 54055 91 192003
538 52683 54044 74 37588
539 52691 53993 16 23417
540 52821 56130 102 112194
541 52968 53097 121 5450
542 53169 54995 88 107440
543 53220 53248 145 1977
544 54064 58969 27 49895
545 54107 54484 19 3078
546 54218 56332 75 47262
547 54246 59036 62 42990
548 54259 55693 9 29998
549 54283 59420 32 40331
550 54342 61092 108 397055
551 54381 59696 125 212745
552 54387 57251 106 210487
553 54475 54931 39 13812
554 54586 55771 97 50837
555 54612 62721 136 275189
556 54866 63071 63 251019
557 54993 55023 7 93
558 55012 60243 36 22008
559 55626 66574 11 31577
560 55736 55814 90 3397
561 55828 59198 89 154379
562 56227 60955 6 8916
563 56254 63848 23 40341
564 56274 60673 31 56851
565 56276 58093 146 75068
566 56354 57939 59 70621
567 56457 58262 127 97802
568 56528 58400 75 63935
569 56642 68609 28 208405
570 56772 60930 95 217204
571 56857 58239 5 2697
572 56983 58875 129 94324
573 57002 58161 18 11929
574 57195 69796 89 890905
575 57217 57353 63 7050
576 57246 59220 5 2014
577 57343 61110 71 262750
578 57415 58403 20 8872
579 57564 62966 83 150089
580 57739 61844 24 28906
581 57822 70811 9 69059
582 57827 60255 49 46976
583 57866 63798 55 751160
584 58045 59784 63 131580
585 58178 58705 9 2586
586 58316 66275 100 85072
587 58464 59860 20 8043
588 58532 61208 88 111014
589 58616 63866 20 93276
590 58629 62916 117 122016
591 58774 68445 84 249606
592 58855 72389 19 153292
593 58870 65419 127 483186
594 59006 63501 49 188130
595 59034 64434 10 8086
596 59116 66461 126 601786
597 59218 66880 8 21092
598 59320 59570 15 1616
599 59376 62408 84 296463
600 59517 61772 28 12340
601 59646 60595 81 18203
602 59879 62865 31 65903
603 59883 67703 26 41448
604 60072 60752 141 23772
605 60162 61142 125 59306
606 60364 60502 133 18036
607 60404 69960 103 466571
608 60548 64659 83 250743
609 60593 61922 15 7570
610 60668 65575 80 134179
611 60683 63258 27 109420
612 60700 65711 70 313896
613 60735 62767 58 60973
614 60746 63929 52 90280
615 60797 62678 23 45138
616 60836 61720 5 2931
617 60843 60916 65 1684
618 60898 61299 146 39481
619 60944 62520 106 101339
620 60948 61287 113 16742
621 61081 67645 147 538285
622 61211 64609 54 140654
623 61252 63158 55 12779
624 61323 61915 15 2515
625 61633 74040 81 302006
626 61937 62538 47 15030
627 61995 63851 70 29139
628 62099 66411 72 76336
629 62208 68617 112 447267
630 62235 62747 62 18567
631 62330 65197 6 12031
632 62560 71927 12 113120
633 62739 66080 76 99190
634 62843 70701 18 29593
635 62877 68327 27 72152
636 62893 66943 84 251965
637 62988 68386 63 182851
638 63421 70710 17 74958
639 63547 64971 56 62680
640 63597 68928 43 45679
641 63784 65520 19 12232
642 63875 64435 20 10178
643 64121 66975 23 22044
644 64227 64533 6 523
645 64251 64793 10 3897
646 64260 68927 50 78846
647 64319 69132 29 49547
648 64339 65405 123 28132
649 64456 71739 133 207036
650 64626 66219 141 268332
651 64637 83194 103 1748244
652 64781 65622 73 31682
653 64863 64983 5 198
654 64877 65522 116 30403
655 65006 73424 134 410332
656 65041 65093 78 1718
657 65043 68381 44 27667
658 65128 66629 13 9535
659 65350 69032 82 155830
660 65468 70545 132 228270
661 65469 68097 13 4910
662 65619 67039 135 179519
663 65885 66161 8 1306
664 65909 66043 117 6285
665 65915 70432 125 512933
666 65973 71198 7 24064
667 65993 74419 53 101492
668 66065 73789 148 678889
669 66224 68238 9 11972
670 66294 67741 139 84088
671 66359 66588 28 5493
672 66413 71364 106 458461
673 66440 73426 17 54120
674 66493 67452 61 25682
675 66806 76652 75 312184
676 66831 69872 14 42872
677 66866 66878 143 717
678 66885 68628 149 240440
679 66906 70543 73 100095
680 67119 72023 90 202502
681 67396 69787 78 55590
682 67451 69416 134 257071
683 67453 70002 142 356527
684 67498 72850 91 143666
685 67620 74948 82 337870
686 67733 71032 5 2249
687 67760 71851 14 19481
688 67880 69461 43 25292
689 68095 89232 86 641550
690 68156 70433 75 31732
691 68267 68689 5 770
692 68278 68877 94 15838
693 68309 89730 55 276719
694 68929 72327 84 215640
695 69036 69520 29 5250
696 69079 74261 116 138092
697 69195 71531 4 4845
698 69230 71321 44 39498
699 69243 69943 99 78619
700 69318 73612 7 11432
701 69592 70857 5 1804
702 69623 69691 39 1159
703 69799 69850 105 3622
704 69875 72947 40 44051
705 69901 72870 63 75298
706 69915 77264 29 96936
707 70268 74956 37 43672
708 70276 71243 65 31677
709 70281 81091 98 513835
710 70292 76825 36 66994
711 70414 74454 92 339612
712 70614 74522 29 91270
713 70642 71983 13 12551
714 70925 76352 42 97959
715 70987 71777 22 6284
716 71053 73663 97 75838
717 71254 80928 75 443865
718 71308 73205 6 8913
719 71368 72765 19 7406
720 71405 71767 120 14072
721 71504 76775 27 63084
722 71512 73639 53 34919
723 71559 74090 73 44518
724 71587 73748 9 9393
725 71645 73221 8 9419
726 71775 75304 25 40899
727 71881 86949 36 153861
728 71902 73645 46 18608
729 71982 77396 8 25116
730 72032 76445 48 77398
731 72176 85552 113 196458
732 72184 79608 8 56779
733 72249 73063 41 10371
734 72273 74480 121 39835
735 72396 72602 21 3697
736 72405 76198 133 161039
737 72476 75500 101 149327
738 72489 85698 144 594017
739 72624 73618 92 65534
740 72748 73580 96 61959
741 73007 73274 21 1755
742 73066 73893 76 39011
743 73317 75567 95 36735
744 73359 79659 86 243534
745 73425 78195 150 258817
746 73441 78916 123 461992
747 73452 76379 88 208743
748 73506 81031 117 695084
749 73557 77514 53 63344
750 73622 76610 107 117553
751 73706 79662 76 175258
752 73758 76446 99 152303
753 74126 81541 26 35403
754 74137 80119 14 14620
755 74176 76733 54 216815
756 74180 75282 29 31596
757 74313 79527 10 27248
758 74418 78875 47 100293
759 74687 85018 127 269682
760 74723 74901 61 13149
761 74983 75034 6 133
762 74994 77849 55 106705
763 75058 79023 71 97217
764 75107 77060 106 54286
765 75138 75653 19 4194
766 75142 75222 115 8250
767 75248 75611 82 53689
768 75377 82425 16 68068
769 75414 75671 60 14662
770 75852 79824 123 152077
771 76119 78149 70 20188
772 76147 76687 11 2625
773 76228 76300 51 1699
774 76516 77269 70 19695
775 76790 77028 54 25097
776 76822 77420 130 15986
777 76860 79724 37 60208
778 76971 77078 45 1848
779 77262 78139 9 5011
780 77361 78601 43 33278
781 77390 77936 11 3261
782 77606 79996 13 26047
783 77610 82598 27 36103
784 77625 81493 76 178884
785 77655 79561 13 14291
786 77668 80609 12 8280
787 77790 78164 91 26555
788 77842 81577 138 261337
789 77975 78044 63 4777
790 78006 85568 46 203443
791 78025 83332 61 205893
792 78056 79223 109 51217
793 78099 79567 145 172506
794 78261 84856 122 379218
795 78342 78448 11 835
796 78415 80366 59 61975
797 78562 84797 13 23987
798 78641 87706 7 32149
799 78870 84311 20 42926
800 78997 85809 32 45937
801 79083 80841 5 2269
802 79212 86038 7 12876
803 79271 80007 94 52878
804 79452 82338 10 7740
805 79482 90879 66 187649
806 79506 89797 33 154409
807 79517 90490 138 1013410
808 79768 83836 96 182917
809 79963 86960 96 271197
810 79967 83952 42 48013
811 80045 81393 105 159100
812 80115 82511 135 91094
813 80213 85234 57 98433
814 80306 81266 45 11410
815 80392 85483 136 393178
816 80437 80643 17 1087
817 80641 89073 102 125836
818 80685 81645 141 61897
819 80722 85238 112 132405
820 80845 81051 14 740
821 80861 81549 60 32559
822 80917 91219 17 103475
823 80997 81428 9 2106
824 81003 82282 27 11682
825 81015 84434 22 35455
826 81227 82207 32 16293
827 81693 83779 82 60936
828 81727 83985 39 70124
829 81865 95167 10 25008
830 81908 86154 119 264047
831 81910 91996 30 52401
832 81913 92016 6 47421
833 81996 88136 20 62517
834 82074 90988 44 453135
835 82229 82748 25 28930
836 82401 90044 54 213560
837 82532 90371 39 131256
838 82696 83546 18 16134
839 82812 83601 46 15325
840 82910 93083 50 376142
841 83072 84563 38 29593
842 83229 85823 15 14583
843 83299 96708 25 107214
844 83472 87590 17 21014
845 83575 85478 111 28153
846 83633 85532 92 45705
847 83712 84949 121 213236
848 83895 86909 4 4454
849 83997 84244 144 13255
850 84238 87829 26 54626
851 84269 84652 83 13923
852 84356 86346 118 351078
853 84364 85299 68 91305
854 84454 85014 65 29247
855 84488 84503 130 1446
856 84581 86556 85 102146
857 84623 86901 75 103061
858 84677 85712 38 8859
859 84692 91447 58 54649
860 84928 90222 5 6085
861 84968 90635 91 262960
862 84991 85146 10 1263
863 85022 88326 10 7784
864 85093 85574 5 481
865 85106 89223 10 7955
866 85121 89017 137 273637
867 85165 88359 80 123563
868 85261 86196 18 5291
869 85291 86241 102 57537
870 85327 88842 23 47625
871 85578 86944 9 3137
872 85636 88005 49 46177
873 85913 86201 126 8016
874 85987 96004 15 24186
875 86005 90845 60 160686
876 86043 89326 111 363718
877 86052 88535 71 120331
878 86156 87653 105 62743
879 86166 88915 49 66514
880 86265 87933 25 12547
881 86332 93597 6 28165
882 86387 95781 65 847268
883 86549 90607 20 18390
884 86630 87659 6 1958
885 86704 94043 37 199280
886 86706 91771 66 84993
887 86759 86962 23 3183
888 86836 87564 15 2957
889 86945 87038 58 7454
890 87014 93443 22 23667
891 87286 90398 113 205337
892 87409 88825 101 43826
893 87836 88748 140 148336
894 87881 88661 10 4928
895 87897 91095 5 9621
896 87928 91170 8 9200
897 87950 89221 149 47408
898 87962 89151 94 37513
899 88370 95471 44 102809
900 88465 88552 4 245
901 88496 97878 111 201836
902 88618 90537 71 64665
903 88705 88730 53 789
904 88754 90392 97 29445
905 88770 92512 51 166702
906 88908 92069 108 127391
907 89274 90967 31 24617
908 89310 93027 82 87627
909 89322 90210 23 20131
910 89347 89381 54 1455
911 89423 94329 43 94621
912 89444 90487 101 39531
913 89472 91157 61 41562
914 89503 92373 128 268556
915 89543 91005 56 17314
916 89594 93241 15 21608
917 89689 94634 39 55144
918 89754 90783 66 39652
919 89776 93100 66 93925
920 90038 96350 36 51079
921 90213 90444 96 10250
922 90489 98996 32 162793
923 90495 95357 19 115677
924 90540 91697 6 6721
925 90750 95431 76 111563
926 90797 98896 111 585382
927 90947 91064 56 5534
928 91062 99750 120 222905
929 91347 99238 64 150417
930 91366 93541 92 39456
931 91429 92852 122 55502
932 91529 99579 142 285128
933 91647 92159 150 56402
934 91661 92706 27 17607
935 91670 96502 95 268207
936 91914 93364 135 74925
937 91983 94742 36 46435
938 92206 93066 59 25815
939 92305 93450 81 81810
940 92329 95470 135 239679
941 92339 97881 10 25083
942 92359 95504 78 250933
943 92449 96177 136 104771
944 92550 93390 11 3000
945 92623 97887 59 74098
946 92637 92870 41 5469
947 92641 94882 41 55487
948 92664 92978 112 10388
949 92691 94751 44 27754
950 92695 94994 14 12802
951 92784 96961 27 54641
952 93397 94245 96 29703
953 93467 94595 27 16005
954 93472 93982 26 5390
955 93534 96489 37 60510
956 93758 96753 96 53241
957 93823 95134 12 12726
958 93842 95205 21 22729
959 93916 97149 130 92333
960 93925 96234 86 39636
961 94053 94944 12 7489
962 94298 99013 53 104943
963 94422 99644 71 88559
964 94691 94758 37 1741
965 94717 97515 55 126032
966 94782 96037 8 3118
967 94790 94950 9 1415
968 94842 96679 59 11415
969 94912 95804 43 16391
970 94934 95846 137 35760
971 95161 96121 137 62090
972 95210 98823 8 7058
973 95240 98253 62 43535
974 95249 98135 40 154589
975 95371 99126 9 22581
976 95551 96827 25 12093
977 95638 99598 10 10309
978 95909 97103 29 12352
979 95967 96734 15 11809
980 96088 99706 8 19026
981 96095 97353 19 12440
982 96253 99974 78 189624
983 96392 99552 23 13314
984 96515 96712 26 3647
985 96732 97137 36 2555
986 96868 96959 18 2308
987 97107 97373 67 7932
988 97162 97762 14 3080
989 97362 98437 26 22375
990 97746 98460 8 1907
991 97826 99604 68 44000
992 97957 99317 95 87050
993 98543 98939 37 4740
994 98588 99562 93 38173
995 98642 99906 30 24062
996 98645 98725 36 3916
997 98757 99125 12 424
998 99394 99454 69 3642
999 99536 99654 76 2291
