50 1000 0.033
..................................................
..............#.............#...........#.........
..............#..............#..........#.......#.
......#.....##....................................
...##.......................#.....................
....#.......................#........#............
....#.............................................
...#..............................................
..............................................#...
.......................................#..........
.....................#....#............#..........
..................................................
..........#..............##..........##....###....
........................###..........##.....#.....
...............#....##.................#..........
........#.........................................
........#........#....................#...........
..................................................
............................................#.....
...............................................#.#
...#............###.......#.....................#.
..................#...........#...................
......................#...........................
..................................................
.........................#......................##
..................................................
..................................................
.........#........#.#.....##......................
...............#...........##.....................
..................................................
.........................................#........
...............#.......#..###.........#..#........
#...................#......#......................
..................................................
#...............##................................
.................##.............#.................
...............................##.................
........................#...............##........
......................###............#............
........................#.........................
........#.........................................
...............................#..................
..........#.......................................
..........#.......................................
..........................#.......................
..........................#.......................
........#.........................................
..................................................
.............................#.#..................
..#...............................................
0 149 292 39 3241
1 212 1499 25 8670
2 337 3853 26 57029
3 512 4519 53 38624
4 560 2745 106 41627
5 701 999 68 30976
6 745 3124 103 117721
7 811 2707 83 31170
8 837 1066 51 5729
9 886 8709 44 315625
10 964 31204 55 482252
11 1157 7700 20 104032
12 1467 18247 45 217164
13 1641 3816 81 48007
14 1875 4877 40 38561
15 1891 3624 127 215652
16 1986 8915 14 12749
17 2248 4251 8 4221
18 2259 7825 6 23784
19 2303 3567 25 34318
20 2315 13134 127 342093
21 2555 11105 46 188976
22 2683 9643 7 16736
23 2718 6325 57 59516
24 2724 20015 45 440000
25 2762 7301 14 52384
26 2819 6964 13 11698
27 2857 4284 47 36902
28 2910 3795 6 2204
29 2927 10010 37 194436
30 3044 6614 19 19633
31 3174 3536 57 7443
32 3209 4101 15 3774
33 3241 3245 58 373
34 3547 11071 21 22691
35 3622 5610 94 30944
36 3825 6338 20 63255
37 3855 5688 18 44759
38 3924 8063 60 63145
39 3940 27994 53 732910
40 3962 4950 31 19901
41 3965 29114 96 491652
42 4062 5860 94 112422
43 4094 7085 9 7724
44 4154 15879 42 89745
45 4261 10173 8 11509
46 4299 10128 6 30804
47 4349 9401 5 5664
48 4402 21346 70 403951
49 4449 15216 21 108774
50 4472 12206 4 16175
51 4568 5803 7 5110
52 4770 5920 107 20857
53 4795 8163 87 110355
54 4858 6036 6 2951
55 4923 6086 6 4804
56 4974 6651 12 28524
57 4997 9898 66 219714
58 5054 23034 118 396978
59 5111 13907 30 42703
60 5152 6320 137 176902
61 5155 8469 23 70453
62 5160 14384 104 449335
63 5161 6874 140 135932
64 5167 7101 84 79288
65 5416 29185 47 117186
66 5503 8090 10 12887
67 5620 19991 15 45187
68 5959 14458 69 382632
69 6193 9112 136 319388
70 6208 10065 74 36979
71 6318 16704 101 495541
72 6653 14215 38 143636
73 6656 18553 46 231722
74 6750 7007 59 21609
75 6807 10927 30 104168
76 6863 15472 57 560643
77 6902 27388 81 408893
78 6917 34479 133 2891980
79 6933 10031 48 90978
80 6949 10373 29 82397
81 7018 13293 101 855118
82 7113 15307 43 63611
83 7385 10794 31 17845
84 7387 15973 28 48791
85 7406 13737 50 137294
86 7521 23932 32 248845
87 7585 41524 5 80586
88 7697 8785 95 94650
89 7742 23896 50 311515
90 7754 33729 82 1073713
91 7764 11742 63 76334
92 8014 9563 51 48594
93 8019 39803 7 77285
94 8099 11971 122 384496
95 8119 20781 102 982598
96 8374 8826 40 17605
97 8500 10653 17 15776
98 8566 21010 134 1676562
99 8587 17930 4 8720
100 8602 12595 5 2709
101 8805 28459 8 31654
102 8822 12326 100 223986
103 8841 9451 36 24462
104 9190 24136 15 145647
105 9400 10315 87 93927
106 9481 26062 4 32372
107 9496 12647 12 10123
108 9557 18519 6 24193
109 9583 19651 21 91176
110 10006 13691 42 47748
111 10048 10115 98 5639
112 10058 40943 111 1081947
113 10062 14246 25 64930
114 10235 12804 99 71647
115 10375 12678 37 41983
116 10426 12395 39 27362
117 10553 11876 41 22869
118 10558 15255 77 133024
119 10645 13077 33 47544
120 10801 20071 47 129364
121 10887 14775 58 90947
122 10997 30395 117 5951527
123 11020 14921 119 204029
124 11066 19375 79 103673
125 11072 22874 44 310737
126 11200 16847 37 85639
127 11282 21386 4 7359
128 11350 17086 26 119078
129 11419 14580 12 33361
130 11503 14535 97 111755
131 11581 21950 103 199028
132 11824 13850 97 82792
133 11825 12764 73 45605
134 11835 15068 34 36602
135 11873 19240 124 885389
136 11975 15406 58 121259
137 12076 23336 7 31808
138 12095 17457 8 39747
139 12128 12355 142 7545
140 12162 13112 24 11551
141 12269 27597 42 660771
142 12281 12388 56 2062
143 12328 32867 7 40115
144 12367 31181 59 131953
145 12553 14679 126 429739
146 12561 19399 44 106342
147 12683 33214 19 87877
148 12795 21506 6 27450
149 12846 19216 8 47818
150 12905 16725 6 10345
151 13008 22331 97 387561
152 13076 17140 46 134343
153 13373 19381 10 66433
154 13538 14331 71 37954
155 13675 14026 43 8430
156 13905 18209 57 126882
157 13955 18583 144 410332
158 14055 19112 93 122915
159 14124 19229 100 171624
160 14292 16676 70 53835
161 14322 19853 59 73540
162 14510 22596 88 121618
163 14528 30886 5 51627
164 14536 16024 17 14540
165 14549 16894 12 30491
166 14582 15576 11 2665
167 14615 19488 24 55729
168 14623 27406 134 360715
169 14674 15652 7 3844
170 14963 16369 82 12204
171 15048 29596 86 580986
172 15059 31481 36 39297
173 15151 16129 11 4433
174 15362 25225 54 267727
175 15402 17755 38 254617
176 15677 22121 129 376913
177 15965 16046 95 10546
178 16055 24107 128 414292
179 16143 18433 148 87917
180 16204 27103 23 76948
181 16251 19846 121 526184
182 16423 26673 85 985075
183 16517 23362 19 110273
184 16645 19759 23 51111
185 16772 48480 19 158984
186 16775 25330 63 237762
187 16942 26678 41 116394
188 16981 25190 19 145652
189 17125 17490 67 30211
190 17128 18120 94 18985
191 17155 23405 5 5504
192 17442 34280 15 56541
193 17746 26298 65 138709
194 17767 27567 146 969231
195 17864 20422 130 212593
196 18029 18320 51 7106
197 18035 23745 130 380286
198 18182 18197 52 811
199 18259 24051 121 344970
200 18388 29200 53 668864
201 18450 28179 77 380069
202 18602 19893 8 1820
203 18609 40436 9 115082
204 18619 18664 123 5850
205 18753 28483 148 575683
206 18787 22838 56 92132
207 19004 28268 10 19495
208 19114 25320 61 178189
209 19323 19919 40 12138
210 19613 26104 104 136848
211 19620 21030 38 33352
212 19680 35322 87 920642
213 19731 35588 114 686055
214 19753 21970 112 99919
215 20473 31497 112 649244
216 20597 22049 100 169610
217 20728 22818 96 77571
218 20827 22076 51 63548
219 20907 26442 8 28143
220 21019 22543 50 72940
221 21201 21391 65 14473
222 21204 27466 54 220414
223 21208 33117 27 61599
224 21250 21368 34 6610
225 21469 22828 126 56417
226 21535 26079 46 60617
227 21575 24545 89 208308
228 21597 27790 65 180993
229 21613 21968 64 4444
230 21787 37190 42 133616
231 21827 22503 46 14901
232 21921 24128 122 202772
233 22103 32690 33 120653
234 22163 29286 74 110145
235 22251 46037 5 39884
236 22298 27036 12 45774
237 22345 26688 7 19511
238 22394 30870 111 336726
239 22406 23678 11 4099
240 22407 25191 52 66760
241 22523 28585 58 125264
242 22540 23227 50 10679
243 22550 28004 37 82980
244 22679 24652 149 124304
245 22892 24559 95 196642
246 22916 29614 70 62854
247 23038 24502 5 1611
248 23173 26097 114 154755
249 23300 34542 30 96882
250 23338 24824 99 154575
251 23408 38399 43 254999
252 23584 27452 17 32902
253 23632 24442 11 4711
254 23765 36324 4 13368
255 23771 24933 41 34294
256 23845 29590 46 61804
257 23899 39923 8 27112
258 23966 24004 93 1913
259 24174 26522 13 14455
260 24227 24568 123 13202
261 24394 25625 46 37695
262 24500 25447 16 6454
263 24503 47910 7 203229
264 24632 52188 39 399705
265 24736 30071 64 116137
266 24877 30733 29 76551
267 24880 29501 84 177170
268 24943 25109 21 2277
269 25052 27904 42 120349
270 25064 25372 69 12161
271 25097 29316 119 346775
272 25213 55788 29 356170
273 25237 27094 98 94023
274 25309 25475 77 6827
275 25502 27350 18 7109
276 25696 27962 26 32182
277 25947 40872 94 293367
278 26037 28388 110 136618
279 26103 26986 11 4435
280 26175 34612 99 307427
281 26234 38888 5 11938
282 26319 70759 25 117297
283 26417 30059 116 234884
284 26547 37198 6 19961
285 26574 34093 128 425190
286 26583 31852 25 69288
287 26728 26851 55 5429
288 26751 32907 109 312818
289 26822 29475 127 85892
290 26872 36026 45 281902
291 26889 29320 25 28012
292 26944 36628 92 421641
293 27026 28205 107 70967
294 27046 27611 48 15322
295 27071 28574 113 50399
296 27236 27476 30 1369
297 27239 35145 119 362060
298 27272 29509 60 157896
299 27367 28888 22 26868
300 27508 39958 53 139113
301 27535 31994 12 27232
302 27545 29730 21 11656
303 27756 29315 55 143568
304 27907 29083 94 83599
305 27956 59516 96 1226800
306 28073 49386 79 1219582
307 28103 32487 13 13537
308 28160 30070 40 36273
309 28230 41672 21 38870
310 28318 41336 83 202854
311 28335 35812 119 403893
312 28428 30563 144 260782
313 28493 36483 20 44952
314 28649 38702 59 164406
315 28729 30753 24 11536
316 28831 33889 46 81872
317 29000 30340 79 69705
318 29369 34021 72 298649
319 29431 44330 70 329691
320 29437 40979 93 2250110
321 29546 29850 80 10719
322 29676 47199 45 316015
323 29808 40122 84 170343
324 29916 31364 25 6889
325 29999 34941 49 59356
326 30482 38352 36 172866
327 30546 54338 96 681804
328 30554 36737 14 58085
329 30660 36960 125 197958
330 30672 31782 102 51389
331 30696 30955 76 16087
332 30782 35373 76 98425
333 30847 34222 98 164030
334 31016 32751 9 6492
335 31073 40713 88 1015591
336 31136 57332 81 2285641
337 31220 34969 13 14392
338 31278 35599 141 333235
339 31495 32561 84 54330
340 31546 36803 8 13490
341 31567 55871 6 27295
342 31666 32190 98 27641
343 31673 33851 75 36455
344 31699 40042 83 126137
345 31708 41353 99 289875
346 31773 43005 31 235538
347 31937 38755 90 256316
348 32198 34112 64 86007
349 32229 40657 59 168392
350 32249 33934 17 39473
351 32286 37563 45 57765
352 32294 35571 12 29073
353 32305 36174 6 9858
354 32430 44185 5 21309
355 32506 35607 19 45088
356 32519 51910 105 2229015
357 32712 36252 20 19312
358 32720 52364 94 408057
359 32963 53589 14 196084
360 33007 39390 11 29421
361 33063 35531 58 31954
362 33230 37724 92 156968
363 33392 40842 30 100356
364 33422 34058 140 37970
365 33425 33786 76 11032
366 33519 40474 14 21339
367 33541 34603 67 52304
368 33587 33960 137 34299
369 33633 34038 48 12374
370 33773 43875 11 29419
371 33827 34160 11 3844
372 33866 43913 49 189109
373 33961 47302 115 928297
374 34120 36317 72 37867
375 34323 37850 19 17551
376 34405 42818 83 228512
377 34606 38414 16 34925
378 34724 38045 51 59586
379 34744 36468 122 93459
380 34939 50383 38 104833
381 34946 43373 19 67713
382 35186 47672 103 489645
383 35231 44100 55 216259
384 35250 54351 36 284054
385 35283 40389 11 27094
386 35853 50006 13 87421
387 35860 36686 36 19313
388 35983 37176 16 9700
389 36122 37586 67 50875
390 36331 37459 88 67103
391 36340 41225 139 385276
392 36419 45111 114 398851
393 36433 49844 88 1223230
394 36478 41840 96 122876
395 36528 46961 140 1092683
396 36539 37745 37 18955
397 36563 49164 12 41863
398 36671 43926 66 46646
399 36691 39743 20 19515
400 36764 42261 16 19410
401 36765 37543 21 4561
402 36844 40005 117 129012
403 36919 79593 60 1544499
404 37001 37904 66 77475
405 37044 45604 9 35903
406 37123 48551 30 83851
407 37220 42018 13 25510
408 37225 53665 13 105264
409 37243 39980 20 31822
410 37244 37605 20 2284
411 37273 43855 47 141287
412 37589 46413 36 224878
413 37651 38214 49 9300
414 37688 53183 95 493574
415 38004 38417 59 23849
416 38028 38249 7 336
417 38065 47820 51 201765
418 38097 46845 29 177706
419 38111 45228 14 16205
420 38170 41735 49 77945
421 38255 39461 38 19937
422 38256 40865 49 17203
423 38395 52096 46 489173
424 38420 60831 112 518548
425 38578 49476 30 221157
426 38613 47034 13 19929
427 38719 40774 6 13151
428 38862 40312 27 10225
429 38948 48507 135 1371701
430 38971 45235 5 27626
431 39125 40523 128 58450
432 39281 49124 47 377549
433 39566 41057 5 6443
434 39734 42536 108 388719
435 39805 41627 126 88411
436 39899 42476 20 33823
437 39975 42420 22 26430
438 40109 41756 79 69839
439 40150 41082 48 29851
440 40287 45903 136 211155
441 40380 42629 108 48536
442 40589 46337 57 157260
443 40610 44584 56 114803
444 40671 49422 147 443070
445 40751 52310 18 131585
446 40803 42322 106 156525
447 40846 44976 68 96984
448 40984 43115 53 54684
449 41038 41773 144 59911
450 41053 51605 56 101041
451 41302 52622 10 41094
452 41369 47578 54 189280
453 41470 52171 44 126261
454 41487 67263 95 1120072
455 41489 47715 77 317695
456 41504 50201 139 502453
457 41565 45845 60 82210
458 41628 42640 86 22690
459 41643 49222 59 114875
460 41648 41671 9 59
461 41762 42627 10 4165
462 41772 42790 45 20005
463 41838 50468 81 209266
464 41955 42761 118 39112
465 41982 42615 8 4254
466 41994 48363 22 59949
467 42053 48432 42 269076
468 42069 45599 6 44433
469 42256 44621 138 96762
470 42290 44199 84 48668
471 42463 52386 20 64674
472 42490 47265 124 211064
473 42528 45328 19 35364
474 42553 57992 133 1536873
475 42592 43453 14 27129
476 42618 44238 9 3061
477 42621 49583 10 33823
478 42787 50406 113 396437
479 43133 55287 12 63883
480 43258 43517 97 16362
481 43336 52277 74 194434
482 43347 49198 114 163631
483 43372 50633 30 158680
484 43431 48508 8 22248
485 43469 47626 24 17469
486 43492 44123 14 5273
487 43686 50452 11 42693
488 43820 66904 67 759241
489 43939 45709 97 70945
490 44063 61933 39 190793
491 44262 44341 94 6059
492 44271 44538 67 19004
493 44320 47726 97 46918
494 44581 48725 10 23064
495 44728 52679 42 50193
496 44756 46816 60 77309
497 44794 46007 133 68469
498 44936 52628 31 34472
499 45160 55062 5 6533
500 45170 45661 92 20033
501 45357 46164 130 46434
502 45465 50453 76 73383
503 45863 47086 22 28682
504 45970 46735 10 855
505 46219 65620 59 315340
506 46249 50690 102 156766
507 46393 52019 47 183548
508 46452 46703 145 20727
509 46484 56450 129 661093
510 46527 48475 76 126089
511 46738 48771 17 9920
512 46888 54258 106 567414
513 47021 48084 15 9260
514 47049 54510 84 193903
515 47751 51050 24 16812
516 47783 52524 11 41392
517 47885 49146 77 44617
518 47921 54942 39 89636
519 47982 51752 41 75828
520 48012 56209 124 860347
521 48290 59313 73 446108
522 48444 54977 53 36169
523 48501 51594 62 102745
524 48539 54784 65 162981
525 48590 64669 19 246738
526 48627 82811 129 752844
527 48675 50611 61 27607
528 48680 50647 93 64599
529 48762 51201 47 39566
530 49013 55985 9 16148
531 49045 52017 57 57471
532 49088 49929 95 125438
533 49117 54852 107 211696
534 49323 53809 134 268624
535 49655 52506 8 19442
536 49809 72973 17 109707
537 49830 52140 139 57991
538 49952 52878 11 23360
539 50206 62458 52 199610
540 50250 50791 6 1834
541 50301 51554 85 32449
542 50385 55196 112 644076
543 50392 50882 81 35494
544 50437 53845 31 44250
545 50451 75935 101 788712
546 50536 57231 18 20216
547 50672 55439 78 95677
548 50703 57247 6 23867
549 50708 55434 131 229138
550 50737 77138 47 481811
551 50842 60159 22 58017
552 50991 51557 126 103099
553 51143 62371 8 20813
554 51282 53882 12 8533
555 51425 68355 145 3099438
556 51446 55719 7 33901
557 51592 63343 147 1860711
558 51620 60639 62 84274
559 51700 53455 21 11380
560 51817 52935 128 73878
561 51901 73412 81 1378796
562 51971 64453 40 121920
563 52079 52238 37 1058
564 52214 56625 4 20177
565 52420 63316 111 253969
566 52480 61241 100 343686
567 52617 60148 13 68009
568 52620 65519 23 17473
569 52749 85224 15 109741
570 52751 54797 37 32621
571 52775 54636 21 10467
572 53040 59296 17 34688
573 53124 62370 66 169071
574 53137 66187 88 1338234
575 53158 53712 71 12394
576 53328 53868 21 5445
577 53347 57094 40 52307
578 53469 64533 16 18777
579 53476 57373 15 23601
580 53568 53837 44 5699
581 53601 57822 103 120623
582 53617 53774 18 2146
583 53721 57917 103 122809
584 53818 71718 41 227199
585 53867 57446 60 162778
586 53935 58012 51 56981
587 54106 64482 43 137920
588 54313 54806 33 5574
589 54339 66138 31 56845
590 54341 59304 15 111981
591 54346 60716 35 110556
592 54418 55486 19 12228
593 54440 60990 48 38348
594 54449 69362 19 74272
595 54455 59662 38 46326
596 54498 54883 33 7524
597 54508 58176 25 27349
598 54591 59174 18 60663
599 54730 67923 138 1352426
600 54738 56392 72 181485
601 54799 62522 70 78334
602 54803 61370 22 29276
603 54888 59659 52 609114
604 54966 63940 119 214551
605 55083 66413 28 137631
606 55176 55934 15 4864
607 55209 58003 20 28803
608 55271 59918 5 7786
609 55607 64466 76 220426
610 55676 58978 7 7428
611 56197 57236 4 1372
612 56221 57132 104 45924
613 56244 62302 45 200199
614 56319 56629 143 35959
615 56341 61170 54 48558
616 56615 62488 35 80580
617 56732 62672 40 134504
618 56778 59699 39 73405
619 57020 64377 15 19957
620 57099 60209 48 55446
621 57184 67083 21 21673
622 57300 64826 134 929689
623 57569 59366 139 211055
624 57692 57779 90 14306
625 57727 63490 11 17303
626 57778 64712 134 236709
627 57814 63708 50 204098
628 57975 69551 113 216955
629 58041 58991 122 112346
630 58062 61257 59 63822
631 58180 59757 71 85900
632 58374 68199 36 226901
633 58510 61427 12 10842
634 58669 74032 8 20896
635 58675 72947 7 27757
636 58763 64128 6 18669
637 58773 65374 63 93591
638 58935 66038 6 16168
639 59075 65069 66 89902
640 59116 65340 121 206697
641 59155 75741 63 135207
642 59186 65484 16 23439
643 59203 60333 67 73179
644 59211 61489 135 195179
645 59301 60255 148 165373
646 59374 78120 24 154967
647 59429 73296 39 287961
648 59500 62543 17 12026
649 59554 74843 10 85686
650 59677 62002 88 154086
651 59878 60486 17 8036
652 60038 64869 71 165137
653 60103 76105 33 265088
654 60124 72288 9 56060
655 60321 62172 30 14474
656 60422 64223 19 102288
657 60509 68531 13 27643
658 60554 60806 88 13179
659 60565 65233 50 32823
660 60762 74791 103 400449
661 60898 71232 24 133212
662 60921 80145 132 1036862
663 61038 62159 82 141036
664 61063 75007 143 814214
665 61091 64540 45 109134
666 61139 72505 29 88971
667 61176 67803 51 73251
668 61179 90834 125 2675934
669 61378 61555 144 8488
670 61415 64399 59 134880
671 61461 63232 49 27337
672 61541 62086 24 8577
673 61552 62492 47 5648
674 61574 62427 36 12224
675 61591 98345 83 1716725
676 61600 71646 90 310194
677 61634 62527 32 8286
678 61666 65502 147 145517
679 61673 68267 65 182170
680 61713 72890 24 142768
681 61768 64584 118 65242
682 61769 65437 148 323309
683 61915 69937 55 242953
684 62120 71090 6 48928
685 62182 74301 136 826687
686 62279 65206 23 20892
687 62531 64663 5 8317
688 62558 66169 107 194240
689 62711 68229 106 235628
690 62975 66435 144 71238
691 63113 64502 29 11954
692 63162 65955 42 36202
693 63282 65473 112 82409
694 63396 66547 112 184957
695 63434 80779 78 1672015
696 63473 76421 18 38818
697 63481 70983 73 432740
698 63653 76498 53 509815
699 63726 69005 50 62556
700 63873 76547 142 818005
701 63971 76655 17 73993
702 64058 68166 30 39498
703 64102 64548 120 55346
704 64121 68857 26 68023
705 64263 64872 52 38852
706 64267 78590 38 351317
707 64282 64631 43 12926
708 64442 64794 25 6620
709 64554 86616 79 627485
710 64641 67004 48 42533
711 64692 76217 22 124032
712 64855 71973 52 97263
713 65020 65839 21 10538
714 65060 67573 78 367958
715 65072 73742 86 348293
716 65194 71998 77 117541
717 65251 69583 67 231754
718 65417 68567 16 19634
719 65515 93673 34 273392
720 65534 66965 117 93429
721 65614 71628 105 85766
722 65859 73781 98 524929
723 66000 80097 42 159328
724 66125 69253 11 15523
725 66221 93967 14 303427
726 66321 86742 124 1472033
727 66329 68673 15 29653
728 66543 67911 16 10982
729 66646 78236 95 521927
730 66677 74751 78 373374
731 66693 69882 23 42840
732 66717 68371 65 56601
733 66748 70999 36 21097
734 66838 69419 24 20152
735 67067 77658 36 340471
736 67412 69792 39 65042
737 67435 68232 16 10445
738 67462 69040 94 78360
739 67609 69832 23 54676
740 67766 69049 29 14193
741 67913 73625 6 8342
742 68064 75424 18 58847
743 68172 68262 139 8652
744 68263 68532 139 20295
745 68346 71808 77 198086
746 68414 83341 143 934115
747 68614 69456 63 58750
748 68791 72035 117 204195
749 68833 87792 15 127387
750 68946 71871 77 97988
751 69252 70945 29 12792
752 69279 70249 89 43423
753 69306 70847 34 36230
754 69325 70068 85 51396
755 69446 76155 122 748862
756 69530 69709 85 5355
757 69609 88589 102 441314
758 69666 77757 72 809441
759 69869 74341 77 201556
760 69936 90082 76 1119773
761 70013 70699 12 5203
762 70150 76176 46 113598
763 70305 79407 147 1142235
764 70316 71496 7 5251
765 70327 80426 120 206830
766 70487 70673 27 6510
767 70539 75717 46 325956
768 70546 91250 124 1188700
769 70676 77455 7 37217
770 70777 77685 97 259966
771 71162 72076 93 35792
772 71277 93685 103 860123
773 71330 73588 9 8906
774 71332 92457 30 355901
775 71367 71676 14 1857
776 71461 83391 20 199016
777 71523 75266 35 53016
778 71574 73322 5 16051
779 71609 74007 59 121867
780 71856 86422 50 241653
781 72020 73978 63 36935
782 72129 87727 132 339391
783 72136 78977 58 98680
784 72391 76610 5 7262
785 72445 79643 90 434544
786 72535 74830 18 27398
787 72591 92197 27 244909
788 72605 75737 100 68521
789 72613 75233 8 9321
790 72617 84236 8 42046
791 72744 83961 10 29283
792 72772 76995 26 44982
793 72785 79844 51 426965
794 72817 76417 64 101978
795 72920 76838 142 95775
796 73017 76456 134 93499
797 73205 78608 20 19588
798 73209 83895 15 76583
799 73244 76430 40 53060
800 73586 80901 63 70744
801 73663 85785 72 360086
802 73797 79157 44 209157
803 73935 87553 141 780173
804 74030 92549 34 150814
805 74554 82497 25 136489
806 74588 78254 11 5743
807 74642 76507 17 6690
808 74648 83762 142 283215
809 74768 79056 35 42457
810 75059 75249 147 11612
811 75299 89747 13 72269
812 75339 84083 20 37815
813 75352 79388 144 265449
814 75399 81367 121 216202
815 75636 82225 30 54048
816 75760 80785 92 160687
817 75764 86290 43 94107
818 75844 79247 38 128889
819 75893 76992 7 4523
820 76106 82435 31 57757
821 76313 85686 51 231992
822 76560 84831 101 407522
823 76570 80157 79 64597
824 76740 81648 66 151882
825 76844 77758 93 33116
826 76891 83549 4 12567
827 76971 84930 8 11844
828 77063 78947 104 57892
829 77127 84074 98 530657
830 77173 95102 12 190562
831 77283 80746 22 26315
832 77418 96919 38 459137
833 77536 81364 50 43944
834 77778 77814 26 578
835 77800 78351 9 1431
836 77873 79444 49 26461
837 78010 81643 140 223827
838 78068 79976 41 13108
839 78162 87950 44 200072
840 78288 78983 138 49322
841 78446 80579 33 34429
842 78515 97970 87 469845
843 78640 83043 87 123268
844 78642 79594 25 17546
845 78736 79758 82 35446
846 78764 83658 125 308057
847 78858 84603 48 100722
848 78897 97631 93 410010
849 78923 99137 102 755282
850 78924 88018 19 61042
851 79233 80053 14 9153
852 79505 81818 140 112615
853 79620 85251 17 45376
854 79747 81879 116 299818
855 79777 97495 6 36795
856 79901 86930 13 19560
857 79968 83586 72 82007
858 79982 92806 101 340951
859 80194 84447 103 108092
860 80309 84712 9 8444
861 80314 92339 135 1467312
862 80439 85822 66 230616
863 80533 95272 71 299349
864 80537 86135 98 244042
865 80567 92490 100 746945
866 80651 83398 92 271033
867 80684 83512 77 47295
868 81008 97035 46 125364
869 81059 89194 82 230513
870 81101 86819 22 33849
871 81158 83095 57 36625
872 81164 88298 149 293056
873 81209 83419 23 12025
874 81319 96314 22 70147
875 81460 86557 108 253295
876 81653 86460 44 22204
877 81729 87157 82 131030
878 81756 98101 71 302541
879 81958 92068 140 455365
880 81972 87367 129 169705
881 82110 84114 78 67238
882 82115 90071 100 309696
883 82122 86532 86 238721
884 82144 86081 99 105913
885 82291 83030 138 63635
886 82322 82796 78 35472
887 82328 87954 95 241503
888 82371 95443 83 641048
889 82459 85528 37 32017
890 82738 88326 96 422679
891 82784 86724 69 55300
892 82930 95170 66 810814
893 83050 88793 31 76887
894 83074 84178 87 43121
895 83933 88371 69 65914
896 84104 86252 27 25237
897 84110 88776 120 163392
898 84214 88742 70 87834
899 84223 87124 44 68342
900 84292 93870 129 399348
901 84322 84826 44 9342
902 84403 93877 43 181056
903 84432 86632 115 88405
904 84616 95793 30 77079
905 84862 85685 56 9685
906 85112 87499 144 299677
907 85114 98662 145 703433
908 85138 91190 31 46753
909 85162 87953 115 133485
910 85181 87113 115 74555
911 85442 91799 10 32786
912 85462 88914 66 76748
913 85520 92684 72 189586
914 85544 89821 79 112444
915 85660 87181 20 15737
916 85803 86997 12 5492
917 85870 93502 143 392280
918 85939 97979 14 47609
919 86013 87899 17 44867
920 86150 86776 36 13402
921 86410 93742 35 131457
922 86438 86799 43 5898
923 86492 91710 32 96425
924 86494 88650 45 30510
925 86545 90216 122 172454
926 86685 92964 94 78787
927 86691 96955 124 1042529
928 86871 87483 37 14631
929 86942 88725 94 130196
930 87075 88653 80 41614
931 87091 96433 66 116444
932 87218 91171 37 66225
933 87293 89749 46 39506
934 87578 97784 82 181182
935 87733 94003 53 88843
936 87914 91742 24 83478
937 87946 95890 33 463195
938 88121 89323 130 88032
939 88257 90526 39 54076
940 88533 92819 75 129480
941 88567 92352 23 158082
942 88636 90615 18 39480
943 88772 89810 100 186577
944 88782 90045 41 42600
945 88816 94691 72 90855
946 88866 93492 69 260657
947 89140 89300 123 20650
948 89190 91195 20 58705
949 89361 91841 104 339685
950 89486 94854 7 10577
951 89603 90393 106 70676
952 89802 92396 65 56159
953 91027 91648 36 11085
954 91215 94157 68 66384
955 91216 94860 50 44071
956 91226 97038 138 195921
957 91247 94848 42 107202
958 91300 92463 8 3496
959 91434 93359 27 25694
960 91571 94668 10 5001
961 91664 98783 72 272275
962 91801 99401 63 51356
963 91866 93789 93 42588
964 91931 95926 37 85854
965 92145 97246 8 16392
966 92205 95438 145 175296
967 92282 95492 58 118738
968 92401 92719 11 3103
969 92602 97161 66 66115
970 92988 94653 143 85893
971 93373 99722 6 45131
972 93556 99054 21 68560
973 93565 95494 20 26804
974 93599 94716 79 32493
975 93656 94317 47 7673
976 93936 97160 54 88608
977 94018 95192 21 32587
978 94058 97999 38 78449
979 94118 99106 128 430017
980 94170 95821 54 28181
981 94362 95694 133 106508
982 94562 97114 23 14512
983 94783 96915 81 35625
984 94810 99060 50 59313
985 95278 99160 13 19372
986 95287 96569 38 56247
987 95605 96380 34 6766
988 96002 97271 42 13052
989 96164 98246 12 8071
990 96227 97482 16 8735
991 96313 99945 10 36884
992 96338 99481 6 7344
993 97693 98844 48 24807
994 97855 98443 21 17755
995 97977 99591 75 110248
996 98060 98188 17 1359
997 99048 99649 82 25731
998 99181 99847 111 24836
999 99867 99978 101 5079
