50 1000 0.019
.#.......#....####..#.....#.##.#..................
.#......#...####.####....###...#..................
.###...###...##.#.###..........#.....###..........
..####.##....#######.##...###..#.....#.##...#...#.
#.#####......##.##.#######.#.........###.#..#.####
####..##.....##..#####.........###..######......#.
#..###.#......#..#.###.#......##.#.......##....##.
....##.......#...#.###......##..###...####.##...#.
...#..#.....##.......#.....##....##...#.###.#...#.
......##.#..##.#......#...##....##............##.#
.#######.#..####......#....#.................##..#
###..#..###..#.###....##......###...........###.##
....###.###.######....##......#.#....###.##.#....#
.##..#..###########....#....###.#...##...###......
............#.....##.#...........#...#............
.#......##.......##...#.........####..............
##...................##...##..####...........#....
.........##......#.#......#...####..........##....
..........#......#.#..........###.##.#..#.#..#....
.......#...........#...........#.###.##.###.......
......##..#.........###..#.##.....#.#...#......###
.......##.##.............#.###....#####........###
.......#.####...##.......###..##..##.##.......####
...#......#.....##......###...##..#...#.......##..
...##...........##........##...#.##.#.##....#.....
.....##.........#.....#...##...###.##..##..###....
......#...............#...###......##.......#.....
...#.................########.......####...#......
.###.#.##.....#.....####..#.#.....###.##...#......
..#..###..##..#........###.###...##.##............
...#..###.....#.#....#.###..##...####.####........
...#..##......####.....#.#..###..####.#..##.##....
..#####...########.....###..##....##..##....####.#
...##.##....#.##..##....####....###..#.#.....#####
##.#.##...###.#.##.##.#####......#..####......#.##
####.##..#.####....##.###.....###.#.#####....##..#
..#.###.##.####...###...#.....#..#####.#...##.....
..#...#..##.##.###...............##..#.....##.....
..##....#.###.##..........##..##....#......##.....
..#.....##.#...#.##......########.###.#.#..#......
..#......###......#.......####.##..#######.#......
..#.......#########......#.#....#.##.#..#..##.....
............#...#####.......##..##.........##.....
....#.......#..###.###....##.#####..........##....
...........###..#.###.....#.#.#.###.........#.....
.#..........##........##..#####..#.#....###.##....
.#............#.......##....##....########........
.........#######.....#####...#.#......##.#........
.............#.................##.....###.##......
.............#................##........####......
0 19 4598 89 102558
1 142 6069 10 5593
2 351 14809 118 523842
3 387 25723 22 152357
4 446 1401 68 11613
5 477 5094 34 49238
6 754 4129 21 17305
7 879 27569 46 514515
8 1336 17898 109 564877
9 1359 7068 95 228110
10 1421 3329 57 56862
11 1432 1565 27 7057
12 1503 5235 6 2804
13 1654 7665 42 188638
14 1716 14789 103 944414
15 1725 8700 70 243085
16 1745 10564 150 721876
17 1771 3633 76 81428
18 1922 13267 136 992288
19 1936 2127 89 8335
20 2130 11446 70 237483
21 2193 16000 10 40523
22 2341 15192 74 391998
23 2510 9154 141 988291
24 2571 15395 11 114892
25 2618 8499 27 51239
26 2700 4514 109 80363
27 2756 9636 15 51020
28 2988 15980 99 724382
29 3034 4764 22 16906
30 3037 15263 86 241395
31 3184 8699 53 65071
32 3376 12751 12 55202
33 3552 4405 66 44721
34 3805 4378 12 2788
35 3864 8280 6 12270
36 3943 6771 70 61303
37 4033 4398 137 15196
38 4034 4938 132 140851
39 4058 8514 11 12180
40 4075 16355 100 289014
41 4164 5621 20 52684
42 4256 4722 68 36678
43 4550 14788 95 573495
44 4553 16773 146 1636877
45 4591 7335 128 75659
46 4620 18903 26 43976
47 4632 8779 111 304265
48 4860 6752 5 5406
49 4872 16659 112 591375
50 4923 10022 116 156166
51 4972 25654 15 123335
52 5100 9155 119 345204
53 5115 11159 134 745632
54 5122 12926 25 77341
55 5125 8314 13 9789
56 5149 7856 33 63715
57 5168 8546 14 26033
58 5299 11467 59 104555
59 5341 14119 68 200922
60 5414 16751 23 100618
61 5656 55794 12 340654
62 5658 8224 41 45578
63 5696 8798 34 142181
64 5882 19114 88 309840
65 5883 6121 40 7302
66 6124 8724 71 75901
67 6162 10228 22 38733
68 6188 7975 117 87486
69 6369 11236 12 31598
70 6483 10020 31 13888
71 6645 10032 7 3129
72 6810 15733 90 489058
73 6878 6993 120 22336
74 7006 21383 65 378268
75 7029 15077 37 125033
76 7103 12172 40 107845
77 7243 13779 94 542807
78 7294 8532 33 12596
79 7395 8553 103 17182
80 7429 20585 66 232699
81 7561 15676 62 240984
82 7753 14407 11 26201
83 7837 8578 144 42862
84 8046 8953 62 17293
85 8111 11723 8 5604
86 8574 12850 13 15128
87 8682 18788 74 243884
88 8743 10490 76 107050
89 8831 15871 35 118853
90 8863 30665 67 354642
91 8905 10018 13 4234
92 8915 10583 95 79844
93 8924 9937 101 78151
94 9063 13702 76 76782
95 9143 9690 32 12112
96 9249 17129 42 121471
97 9256 16804 74 277695
98 9345 10966 43 28012
99 9371 16890 21 57930
100 9542 18598 18 37109
101 9573 19264 16 84690
102 9609 16556 27 118245
103 9631 11741 40 35069
104 9640 10409 35 13149
105 9810 12204 141 259965
106 9866 14537 67 86422
107 9953 10900 61 10561
108 10027 20797 42 270050
109 10215 24071 52 185590
110 10244 12641 24 42789
111 10263 15793 99 91483
112 10425 10705 21 2798
113 10468 19510 43 80331
114 10499 18658 93 123144
115 10510 10786 10 2580
116 10606 16221 70 217080
117 10748 17760 133 383043
118 10976 12562 5 1934
119 11011 16608 133 150621
120 11124 15607 16 36375
121 11174 19376 18 80251
122 11220 12565 39 25118
123 11240 21478 70 235599
124 11274 12880 21 7209
125 11277 15402 51 116380
126 11361 13575 44 80214
127 11506 30541 138 711338
128 11580 20532 51 583575
129 11586 11828 16 1999
130 11626 13772 31 32075
131 11682 13317 100 59379
132 11748 15753 9 19307
133 11920 74236 10 273224
134 11923 20885 7 27552
135 12014 19316 26 73702
136 12082 19209 12 44370
137 12329 18649 63 226805
138 12393 22046 32 167013
139 12438 20924 70 261093
140 13003 22324 9 43549
141 13016 25456 7 25022
142 13111 20672 26 97104
143 13463 19674 101 118055
144 13512 16210 56 112564
145 13527 15417 119 132844
146 13571 26031 61 246645
147 13617 31906 32 177047
148 13676 25009 20 49704
149 13815 16442 44 26572
150 13999 16234 38 31386
151 14077 21729 6 16589
152 14360 24515 56 392059
153 14561 29009 58 432646
154 14574 23227 143 740594
155 14651 15691 79 35995
156 14692 19802 134 239856
157 14954 28596 7 84716
158 15052 19134 9 27104
159 15196 23348 33 109115
160 15340 22722 12 36247
161 15506 35595 18 263421
162 15547 21829 60 207852
163 15769 19088 13 10866
164 15928 24656 101 898786
165 15952 20921 102 384203
166 16160 21533 8 24047
167 16174 18656 135 166975
168 16189 28987 116 578263
169 16233 23635 5 13363
170 16391 20230 82 216787
171 16501 17007 78 9466
172 16597 28885 52 185842
173 16738 18143 94 52357
174 16759 25178 42 394455
175 16800 17206 135 46041
176 16825 21416 7 16134
177 16949 25781 89 514178
178 17085 17723 39 10227
179 17244 23221 6 22365
180 17319 21145 37 56415
181 17381 24475 6 14252
182 17402 20822 87 123290
183 17430 21889 56 124024
184 17486 32848 51 109535
185 17653 23917 25 40648
186 17658 27390 89 327317
187 17708 26994 16 48970
188 17823 22292 67 62234
189 17829 21067 98 148241
190 17878 33585 139 304313
191 18018 18920 125 37327
192 18105 23779 41 61536
193 18133 20846 48 67593
194 18607 21943 59 94762
195 18665 23243 29 55363
196 18692 40758 146 1390188
197 18716 22479 14 14926
198 18787 19524 59 14134
199 18918 19278 8 2816
200 18929 22883 74 113194
201 18953 22032 16 16603
202 18971 20030 93 33634
203 18980 22877 101 386870
204 19140 23737 138 156946
205 19165 39254 64 825814
206 19199 25297 29 89109
207 19268 25797 22 206171
208 19294 25980 129 218003
209 19372 31900 55 200853
210 19382 20015 35 20678
211 19462 19654 7 867
212 19471 48912 131 992949
213 19593 36345 44 313277
214 19596 26832 12 64134
215 19629 30162 44 167131
216 19752 25894 112 137415
217 19766 21447 36 11530
218 20051 30210 67 765888
219 20188 21205 26 8286
220 20216 21946 42 86397
221 20232 27207 5 10033
222 20333 21423 34 25184
223 20369 39893 20 94272
224 20625 33364 27 285825
225 20727 23782 25 29949
226 20852 21702 62 31601
227 21079 23517 5 5023
228 21123 27060 67 132259
229 21182 25083 21 23539
230 21367 26960 10 36041
231 21370 27327 144 400745
232 21421 29318 24 50423
233 21485 21864 26 12157
234 21782 55399 141 1757077
235 21850 23394 33 61980
236 21854 23191 8 2839
237 21923 22086 11 1108
238 21953 25915 134 153366
239 22097 43392 10 252680
240 22169 23834 85 123544
241 22393 24591 25 30772
242 22442 24147 82 73286
243 22452 34511 83 585396
244 22507 23119 55 23977
245 22656 40815 73 555310
246 22816 25048 139 122255
247 22827 23714 112 41462
248 22873 27484 66 107485
249 22924 33877 17 82664
250 22993 24872 138 210120
251 23120 23538 51 8192
252 23168 30977 122 188173
253 23386 23804 82 31128
254 23406 24527 44 54865
255 23534 24668 108 26997
256 23642 37843 86 282141
257 23696 24553 90 14032
258 23707 28132 65 253908
259 23902 25392 81 46426
260 23934 24692 7 3949
261 24006 45454 67 330176
262 24079 31657 122 534427
263 24082 26210 83 329003
264 24154 30878 61 100873
265 24160 25916 83 103273
266 24198 24957 7 2738
267 24240 31983 68 168411
268 24359 26945 114 105022
269 24393 27346 6 10676
270 24821 26979 120 81523
271 24843 40296 97 996151
272 25236 28807 33 77699
273 25255 28993 74 92478
274 25335 40289 98 581156
275 25500 27803 17 30185
276 25637 26297 116 51057
277 25665 26410 20 6265
278 25871 25918 18 727
279 26015 31538 150 299188
280 26088 26317 5 463
281 26245 40050 82 445572
282 26705 26707 18 41
283 26750 27447 9 4983
284 26783 41415 51 465583
285 27255 27767 122 17415
286 27360 31304 143 325341
287 27662 53768 85 1398119
288 27704 34525 25 74858
289 27762 37753 63 245394
290 27949 32481 36 121045
291 27974 38765 49 156604
292 28226 58789 110 504123
293 28250 29305 4 1178
294 28305 29895 73 220741
295 28359 31463 45 107540
296 28360 29356 107 34561
297 28479 53182 18 150174
298 28668 34412 126 327173
299 28751 36353 130 816574
300 28818 34390 122 451688
301 28871 37422 12 18974
302 28906 49441 47 345146
303 28948 28997 97 4870
304 28999 29579 24 7309
305 29022 36362 97 200460
306 29227 29565 52 4417
307 29286 32795 98 257718
308 29459 30749 88 83125
309 29937 31914 17 18822
310 29960 35789 22 67661
311 30078 36613 14 75432
312 30290 56585 38 146264
313 30463 35505 61 193742
314 30624 32294 43 24344
315 30675 32610 49 47920
316 30693 35470 13 16310
317 30752 34005 77 96633
318 30796 34494 125 114596
319 30803 34108 82 202541
320 30829 39750 17 107342
321 30907 39761 128 628708
322 30984 33179 83 75073
323 31112 32410 113 87130
324 31282 31513 81 7584
325 31468 38814 16 32074
326 31675 35967 15 54446
327 31884 34167 39 31737
328 31891 54447 52 317981
329 31904 41110 18 63446
330 32270 33026 44 20883
331 32305 40069 31 135376
332 32567 43605 27 72731
333 32592 36504 138 53553
334 32668 38072 38 71783
335 32670 32990 87 17666
336 32767 43592 28 92238
337 32868 35210 95 276782
338 33023 33731 56 23732
339 33120 41217 41 68418
340 33195 35670 60 77671
341 33319 33823 137 28232
342 33340 55196 109 712263
343 33445 43560 119 261821
344 33471 49600 34 225840
345 33486 41259 27 52005
346 33511 34749 110 111357
347 33885 36726 96 46535
348 33954 41957 7 15083
349 33984 34291 10 1394
350 34319 34834 27 19780
351 34382 37901 18 19049
352 34387 40752 24 82609
353 34448 35637 54 22455
354 34462 45017 14 36067
355 34519 37019 12 7198
356 34545 42005 76 310287
357 34569 35295 27 10950
358 34825 37086 7 13441
359 34870 55625 11 154104
360 35091 40946 91 94305
361 35114 46364 91 232148
362 35348 42880 11 28438
363 35404 39610 16 26775
364 35826 36668 8 2052
365 35876 39689 8 9014
366 35901 36219 31 4469
367 36094 37370 26 28362
368 36128 40823 29 57685
369 36141 36925 101 47163
370 36282 41619 20 24112
371 36289 41197 56 41343
372 36320 50066 23 55667
373 36675 38309 14 23215
374 36699 36997 76 26377
375 36701 47602 56 435129
376 36759 45556 11 30237
377 36977 67150 146 1076802
378 37242 42143 26 47571
379 37255 45975 116 233905
380 37314 39497 37 34458
381 37476 37783 143 32857
382 37653 48478 83 667049
383 37907 44194 34 47737
384 37954 38158 11 1130
385 37989 45474 43 169946
386 38047 40189 117 241703
387 38065 38379 65 21556
388 38148 46040 27 65659
389 38174 43570 90 106571
390 38246 54708 32 184189
391 38289 41826 56 39598
392 38306 43274 74 161027
393 38350 58393 14 38408
394 38448 48892 22 90829
395 38623 41799 73 126473
396 38663 40896 53 89928
397 38806 39215 150 36986
398 38819 45184 120 262387
399 38948 48257 45 124491
400 38959 46027 113 295097
401 39062 46058 45 191453
402 39100 42584 19 55624
403 39126 48806 25 99831
404 39250 43249 83 89955
405 39490 41097 90 34278
406 39503 43860 18 47293
407 39563 39858 57 24094
408 39818 48353 115 135911
409 39920 42725 21 14898
410 39941 51257 56 149560
411 40047 42721 95 321530
412 40140 42516 10 3726
413 40292 46012 139 462474
414 40398 41702 9 3561
415 40431 40848 29 5993
416 40615 45526 138 1269386
417 40706 51074 8 15129
418 40876 45630 114 230575
419 40890 54250 31 191468
420 41042 45005 22 21474
421 41096 41494 147 14340
422 41327 55291 34 277147
423 41361 53723 42 164003
424 41390 42195 21 12079
425 41412 42846 109 52711
426 41421 45935 17 27351
427 41457 42495 36 18464
428 41532 53919 74 338211
429 41569 50394 43 242166
430 41588 50817 121 405968
431 41631 42682 31 18952
432 41666 52782 144 1368958
433 41742 46778 97 595217
434 42053 44551 111 68998
435 42100 47414 105 196461
436 42263 54616 92 614245
437 42337 50218 70 189361
438 42340 47405 123 478172
439 42472 44058 7 6892
440 42596 46884 95 108883
441 42597 46143 119 119130
442 42687 44716 100 159647
443 42909 43888 114 26755
444 42919 44054 19 13288
445 42934 59985 47 278858
446 42940 43915 24 35392
447 42945 45139 53 61698
448 42948 47174 16 17594
449 42987 43406 48 42810
450 43029 61261 20 240570
451 43111 44414 131 78619
452 43148 53947 86 317616
453 43326 45571 48 145772
454 43513 48017 79 132749
455 43577 65816 8 61617
456 43580 51299 40 50915
457 43665 63657 8 30802
458 43716 57574 4 17949
459 43824 54751 143 258272
460 43905 46967 31 42563
461 43973 44929 88 66051
462 44261 51465 67 559758
463 44297 57202 90 466172
464 44334 45093 28 12079
465 44360 61483 32 384118
466 44425 47362 113 109169
467 44573 50466 65 122664
468 44694 44950 14 729
469 44977 48648 33 54316
470 45174 46141 5 1335
471 45276 67543 112 663460
472 45304 48392 117 124231
473 45341 46658 11 8494
474 45631 46201 15 4374
475 45916 46914 79 12035
476 45959 46456 60 7775
477 45994 46767 73 40249
478 46020 46408 23 2873
479 46066 46904 35 16329
480 46213 52469 36 121140
481 46237 55244 99 742621
482 46335 48976 130 193687
483 46428 50089 92 154615
484 46628 47984 33 28036
485 46700 55490 31 189778
486 46795 52788 28 25098
487 46869 53014 45 204428
488 46878 52603 11 80600
489 46945 47675 13 3615
490 46966 68887 17 89302
491 47133 50130 111 242921
492 47139 63542 6 28950
493 47270 59508 29 573904
494 47359 51375 121 259508
495 47368 54245 11 82511
496 47589 49541 106 87526
497 47647 56034 23 38382
498 47811 64897 67 201810
499 47849 60866 71 251273
500 47920 50019 134 134388
501 48208 50448 131 71345
502 48313 48881 126 144520
503 48427 51636 95 116515
504 48491 50386 121 122313
505 48552 57042 25 106166
506 48561 50144 5 4947
507 48684 49116 52 20865
508 48759 49134 15 3400
509 48861 59209 99 443839
510 48966 53067 7 9128
511 48967 63953 125 2672878
512 49462 55964 73 94029
513 49563 53730 41 30488
514 49595 59018 83 162869
515 49665 49816 15 1031
516 49745 55309 39 68370
517 50049 58229 34 136922
518 50070 52666 5 16720
519 50134 50698 103 50271
520 50158 51453 90 43529
521 50371 50722 10 2479
522 50484 53020 68 94086
523 50548 66490 43 69995
524 50602 51908 70 100282
525 50893 52538 26 11067
526 50926 54713 119 507236
527 50987 53286 80 131233
528 50992 57797 5 39084
529 51009 54956 28 99034
530 51269 51810 51 5044
531 51387 62450 104 513043
532 51584 51899 31 1098
533 51792 56609 32 155547
534 51836 58133 146 135824
535 51843 51846 10 41
536 51914 52330 79 34163
537 52098 66192 8 58209
538 52637 63454 44 144858
539 52670 60695 45 543615
540 52889 57049 77 259717
541 52993 54109 60 27528
542 53118 53436 5 508
543 53136 57165 26 62001
544 53216 57432 129 162057
545 53391 59346 81 353091
546 53421 54820 116 93577
547 53521 59133 16 51785
548 53637 64945 24 35019
549 53651 56999 33 51599
550 53673 58046 38 91777
551 53719 69444 14 35587
552 53827 54836 124 63241
553 53849 56662 113 91165
554 53853 64898 36 135327
555 53867 59656 87 311545
556 53960 68150 112 362879
557 54121 74180 115 351722
558 54131 57282 131 305156
559 54159 54382 109 18976
560 54237 58561 105 173765
561 54417 60026 102 81224
562 54459 61423 82 161062
563 54534 58639 28 17101
564 54556 55797 67 34302
565 54792 59714 136 518187
566 54991 62798 87 250268
567 55053 63148 31 90820
568 55102 67012 15 227657
569 55236 57538 41 102294
570 55305 65666 51 121809
571 55492 61107 91 153598
572 55604 61854 103 339299
573 55621 61701 81 173076
574 55774 59476 146 228992
575 55910 57289 81 22462
576 55936 57288 110 126507
577 55963 64211 92 289659
578 55977 57511 104 113483
579 56032 57642 51 15788
580 56228 57373 147 72109
581 56258 56330 31 912
582 56272 65568 6 24977
583 56318 61953 125 397850
584 56333 73382 51 84312
585 56357 58528 43 80977
586 56606 58508 67 68658
587 56614 73267 59 437240
588 56900 57347 25 17909
589 57111 61633 36 25980
590 57315 61775 77 77084
591 57396 60464 53 65809
592 57476 60326 80 59783
593 57549 59403 42 50620
594 57596 60494 45 23383
595 57598 61333 12 42162
596 57629 68607 24 339088
597 57648 63768 104 450177
598 57965 58892 10 3630
599 58176 60828 12 13954
600 58193 60775 74 41753
601 58280 58972 90 53120
602 58409 58832 137 107076
603 58457 67109 7 19719
604 58656 64042 12 9462
605 58657 75807 81 693069
606 58684 73899 61 280453
607 58698 59892 35 30786
608 58853 61604 9 21167
609 59103 64537 31 30006
610 59128 65604 110 141226
611 59245 62605 22 73913
612 59361 77340 44 739037
613 59368 63371 91 295496
614 59396 64516 92 531855
615 59487 61169 4 2959
616 59648 68235 4 11486
617 59902 61959 19 20680
618 60071 61496 103 77200
619 60154 63361 11 27588
620 60199 61321 14 6644
621 60263 60649 88 12478
622 60281 65062 142 280853
623 60356 72907 11 30895
624 60418 72627 61 248453
625 60467 61344 113 15805
626 60523 70918 10 31684
627 60555 74045 83 321097
628 60680 61495 31 32595
629 60976 75964 130 509207
630 61093 73972 10 47087
631 61102 63374 48 85117
632 61179 73679 89 715029
633 61239 84850 4 26393
634 61241 79521 6 36733
635 61379 64884 6 18938
636 61425 64031 20 28848
637 61453 67501 68 375906
638 61625 62566 8 2335
639 61724 77814 6 36285
640 61791 72231 78 1622064
641 61933 82983 102 690992
642 61976 63118 6 5761
643 62014 69484 22 83831
644 62189 70339 97 317018
645 62196 73223 5 17870
646 62233 74995 144 1012998
647 62276 63790 20 14208
648 62440 63652 18 8045
649 62546 65196 85 63075
650 62556 66889 58 114830
651 62893 70878 23 220587
652 63004 63402 60 18836
653 63007 69825 75 590833
654 63025 65966 77 129099
655 63397 68401 23 32912
656 63472 69456 56 261139
657 63481 66657 13 21424
658 63602 66994 82 137440
659 63689 68360 132 322498
660 63876 65281 83 130589
661 63888 70268 7 33623
662 63931 94759 85 1677446
663 63997 78470 4 20682
664 64133 69916 23 121177
665 64437 78400 30 129933
666 64467 74292 130 510515
667 64577 68381 103 150919
668 64685 65789 83 42166
669 64718 66454 28 12448
670 64997 65611 147 48521
671 65019 71563 82 192454
672 65105 66810 117 43654
673 65157 65751 13 9222
674 65185 66577 93 92011
675 65189 87398 98 1157067
676 65200 66246 76 52999
677 65775 67347 9 8930
678 65908 66723 77 40675
679 66170 76253 14 80945
680 66183 69356 37 58130
681 66218 68127 104 67298
682 66222 70087 27 39688
683 66346 66532 5 869
684 66535 73465 126 366070
685 66668 76231 103 610194
686 66830 70819 98 243458
687 66976 71456 37 67294
688 67011 69863 6 3496
689 67018 68060 8 2201
690 67195 68643 4 2332
691 67257 67378 80 6287
692 67403 67871 8 931
693 67421 67498 4 73
694 67468 81883 77 301453
695 67560 67958 88 19161
696 67640 68626 81 13994
697 67676 72306 19 67387
698 67708 69158 116 117605
699 67719 70716 117 678827
700 67726 68788 44 61841
701 67974 79267 9 66921
702 67983 70088 67 62340
703 68083 70546 28 23372
704 68090 71531 9 10386
705 68200 70131 50 76357
706 68233 69728 133 172616
707 68260 69094 38 10147
708 68473 68556 11 750
709 68514 80333 132 1245935
710 68594 69519 77 46255
711 68633 76461 82 119390
712 68785 69146 44 10316
713 68858 69526 135 54233
714 68956 82467 139 464485
715 69140 75413 20 76444
716 69355 76953 15 14813
717 69408 74557 88 119814
718 69441 89699 105 292270
719 69578 77568 121 635823
720 69666 72420 97 173611
721 69677 77938 84 420487
722 69697 80089 76 278245
723 69802 73830 23 77938
724 69819 70293 62 9522
725 69976 73193 105 122409
726 70210 70975 93 31208
727 70297 75008 66 127434
728 70303 75875 32 71814
729 70313 76789 82 339399
730 70603 72700 18 19067
731 70707 75178 66 48418
732 70748 93120 61 906675
733 70891 86934 29 148640
734 70948 80223 112 393270
735 70959 74824 54 91329
736 71039 86847 143 1284640
737 71209 85611 130 539987
738 71285 76970 89 193714
739 71386 92586 90 576754
740 71535 77429 88 220876
741 71667 78703 122 989254
742 71687 72194 113 18304
743 71727 79820 22 103525
744 71749 71971 137 9801
745 71918 73901 58 67979
746 71941 74734 65 151443
747 72054 73561 105 63824
748 72172 73421 12 5432
749 72213 72631 136 28606
750 72240 85082 33 125560
751 72269 81106 67 185943
752 72296 73157 24 14642
753 72406 78335 106 173676
754 72526 74829 123 89724
755 72666 80208 129 280654
756 72781 81728 70 418305
757 72879 75538 28 45957
758 72937 74383 33 26471
759 72965 84158 61 110834
760 73069 78236 28 60475
761 73125 76058 62 36180
762 73254 80524 110 362109
763 73275 82718 21 130970
764 73370 86276 55 179682
765 73394 79476 34 151363
766 73405 82132 112 869589
767 73426 86760 135 1102807
768 73447 79096 35 84377
769 73450 73754 91 10302
770 73486 79008 19 42060
771 73640 80298 10 12878
772 73759 75838 19 21395
773 73887 78724 76 119771
774 73946 76162 23 10346
775 74228 86727 38 267017
776 74277 84994 111 299681
777 74414 76396 8 5602
778 74465 75821 5 4196
779 74589 82440 69 275597
780 74618 82281 70 114544
781 74633 91175 121 459216
782 74648 81374 6 7232
783 74672 77587 73 78542
784 74674 77875 103 152945
785 74760 75740 70 64786
786 74821 77825 50 276661
787 74999 81930 100 251701
788 75047 87289 21 37433
789 75072 78451 61 45747
790 75420 84128 8 44788
791 75478 78503 125 71909
792 75763 85232 39 63805
793 75956 88668 51 173332
794 75967 82670 28 106347
795 76125 81590 13 31063
796 76151 84954 99 202760
797 76306 81670 102 89540
798 76430 76991 12 3975
799 76506 82201 126 459953
800 76575 79265 44 60209
801 76691 99549 21 102659
802 76798 78621 32 28695
803 76934 86454 38 235811
804 77015 84107 11 25403
805 77180 90205 15 98532
806 77228 77709 99 29815
807 77238 99077 148 1261785
808 77333 80413 56 49493
809 77601 84941 18 64555
810 77641 81922 80 131965
811 77810 78932 6 3290
812 77864 81652 23 76659
813 78099 87996 31 165910
814 78129 80841 18 13098
815 78253 79772 85 81562
816 78289 83593 11 17496
817 78495 89411 94 677595
818 78533 82592 88 118439
819 78666 79137 60 9746
820 78677 84548 17 50818
821 78700 84965 63 296693
822 78842 96766 5 30668
823 78876 85337 48 94643
824 78916 82946 82 693580
825 78985 86697 56 393882
826 79163 96747 37 335076
827 79391 84844 114 277480
828 79471 82492 23 17218
829 79548 83652 114 432765
830 79653 94192 24 88234
831 79769 86526 45 99342
832 79819 83443 20 27673
833 80028 86867 31 52154
834 80233 80657 32 28967
835 80307 81947 10 3806
836 80550 80909 80 9970
837 80712 90274 44 133722
838 80859 81665 33 38664
839 80889 81841 34 8330
840 80919 83930 21 43892
841 80942 89253 14 132505
842 80979 94480 137 1111175
843 81007 86286 5 7941
844 81036 87039 36 96938
845 81122 97437 12 127314
846 81375 85032 50 45047
847 81576 84693 78 132568
848 81765 84571 83 207509
849 81875 91319 5 15048
850 81954 92669 141 522341
851 82194 92930 95 536616
852 82256 82411 22 1828
853 82560 84609 83 136147
854 82628 90119 71 143907
855 82773 83572 104 71687
856 82914 86729 26 85698
857 82919 87514 112 92957
858 83039 85183 122 106515
859 83103 92456 25 61194
860 83151 86097 69 61723
861 83217 83462 24 3656
862 83295 86255 72 55112
863 83309 89794 6 39812
864 83526 85815 12 17737
865 83646 85394 104 116848
866 83768 88103 5 2192
867 83796 89629 26 97978
868 83842 87309 141 131170
869 84030 86865 71 124595
870 84047 87578 126 196086
871 84117 90663 45 144893
872 84122 89500 21 61194
873 84309 97189 59 286357
874 84341 84812 90 23313
875 84430 89366 115 222298
876 84490 91889 71 116806
877 84492 89435 78 71815
878 84507 97270 78 1195974
879 84565 94585 115 332373
880 84618 88738 149 256505
881 84738 85853 138 209878
882 84898 94233 108 546861
883 85021 85437 17 3722
884 85057 85547 8 2101
885 85086 91198 6 14245
886 85113 88404 14 14564
887 85158 87805 29 64887
888 85184 87765 23 34114
889 85458 90865 8 23490
890 85561 87771 19 14456
891 85807 90751 81 154563
892 85828 87801 44 34006
893 85829 87151 102 47067
894 85872 86448 4 1084
895 86033 86401 18 4299
896 86210 90371 135 499493
897 86224 86581 90 15834
898 86256 87070 33 14283
899 86675 87315 12 9825
900 86725 96847 18 123843
901 86869 90682 7 14620
902 86985 88496 55 34600
903 86997 89894 124 95218
904 87019 93630 16 61763
905 87231 90573 24 44015
906 87354 88208 76 24763
907 87392 88696 47 38551
908 87551 94186 61 53399
909 87636 91644 16 51547
910 87976 89700 125 142557
911 88249 91783 18 28939
912 88359 96484 117 300952
913 88361 99224 11 20563
914 88395 90396 27 40054
915 88520 99234 135 302270
916 88595 99142 87 96710
917 88635 94310 106 128430
918 88902 93494 109 999074
919 88926 93966 44 260770
920 89000 93928 105 233112
921 89139 90113 9 7402
922 89173 89466 55 23710
923 89475 94869 135 150794
924 89622 98943 96 153462
925 89664 90438 74 26593
926 89850 92081 57 88258
927 89859 90503 144 52959
928 90052 97221 6 20804
929 90148 92460 72 37978
930 90199 95225 23 95564
931 90369 91093 91 30193
932 90471 92008 128 244857
933 90479 91506 77 36365
934 90724 98366 73 345683
935 90772 93692 12 18717
936 90807 96235 9 29774
937 90899 91216 102 26008
938 90908 94184 29 45172
939 90927 92784 25 12286
940 91095 94421 90 165013
941 91366 95520 116 100384
942 91408 97643 10 22950
943 91410 92425 29 18373
944 91538 95597 139 183191
945 91596 94012 97 130414
946 91801 99915 6 55438
947 91942 93554 34 17324
948 91948 93022 59 59019
949 92031 98966 13 39080
950 92096 93538 32 26218
951 92122 93015 79 109685
952 92156 96423 56 111116
953 92193 98713 140 232869
954 92367 96638 63 188404
955 92429 97385 9 35238
956 92435 92447 127 1076
957 92478 94003 38 36567
958 92697 98113 34 137468
959 92706 93347 32 8486
960 92861 94680 33 13157
961 93002 96161 56 130404
962 93177 93238 6 201
963 93223 97151 30 31193
964 93263 94650 105 139235
965 93306 94924 67 34966
966 93590 95286 32 15408
967 93657 95606 44 48849
968 93664 98900 131 950859
969 93830 96653 20 12681
970 93981 98169 85 157215
971 94266 95836 33 64890
972 94306 94621 71 28660
973 94489 98493 48 36389
974 94597 99924 23 43773
975 95030 99870 118 721920
976 95039 98172 143 282891
977 95045 95545 31 5090
978 95104 96205 19 10454
979 95132 95930 97 94671
980 95372 97663 80 170792
981 95424 97253 18 26824
982 95616 97649 57 187805
983 95690 96677 10 15251
984 95739 98212 110 79931
985 95799 97953 83 160346
986 95978 99185 6 2939
987 96073 99114 88 65249
988 96262 97280 139 38751
989 96304 96980 66 22396
990 96495 96510 143 2825
991 96682 96952 109 8698
992 96958 99889 6 6585
993 97202 97509 98 37839
994 97286 99130 20 10434
995 97316 99821 128 140390
996 97922 99449 27 6535
997 98007 98981 28 9918
998 98475 99392 120 85593
999 99172 99362 97 22448
