50 1000 0.071
..........#.......#...................#...........
.........##...#...................................
#..........#.............#....................###.
....................................#.........###.
....................................#.........##..
...............................#..................
...............................#..................
................................................#.
#.................................................
#.................................................
.............................#....................
..................................................
...#..............................................
..................................................
..................................................
..................................................
..................................................
..................................................
..................................................
...#..............................................
...#............#.................................
................#........................##.......
..................................#.....#.........
..................................................
..................................................
...........##..........##.........................
...#.......##..........##....#.....###............
..##..........#.........#...........#.............
..##..........#...##....................#.........
..............#...#...............................
........#................................#......#.
..............#...................................
...##.........#...#...............................
....#.............................................
..................................................
..................................................
#.......#.........................................
#.......................................#.........
..................................##..............
.........................#........#...............
.............................##...#...............
..................................#...............
..................................................
..................................................
.#................................................
.#............#........#..........................
.#.....................#..........................
.#................................................
..................................................
..................................................
0 14 2350 104 94208
1 61 4683 9 12997
2 130 1476 34 42000
3 382 11467 53 201089
4 446 5975 96 536858
5 506 3056 65 66880
6 513 10662 69 332427
7 565 14843 49 339327
8 664 7963 44 358340
9 675 1261 58 17890
10 744 2698 8 13964
11 765 12035 14 99917
12 790 8337 10 36373
13 923 7187 90 120882
14 952 2669 5 6374
15 977 12190 43 473058
16 1042 6000 92 275090
17 1068 2201 83 50292
18 1177 3545 78 21959
19 1258 16534 59 381133
20 1385 13986 35 129869
21 1439 27018 94 516352
22 1768 2910 63 79643
23 1837 8138 75 334941
24 2056 4984 21 7934
25 2060 22138 9 64957
26 2176 4648 87 134116
27 2216 4086 96 60352
28 2225 8931 41 175959
29 2246 13177 19 95399
30 2302 25267 101 826553
31 2498 13242 48 136891
32 2593 5756 106 172590
33 2741 12175 144 1533991
34 3139 3329 16 928
35 3161 5276 97 203805
36 3362 10906 134 118053
37 3708 12754 116 743031
38 3867 8327 37 121163
39 3911 4631 23 10407
40 4042 15932 53 338679
41 4135 6099 23 70420
42 4313 15163 44 289377
43 4326 12074 98 600480
44 4413 20428 12 171981
45 4424 9006 6 10770
46 4585 5656 4 4945
47 4619 12173 52 265602
48 4797 13679 80 360010
49 4850 6207 149 97087
50 4964 19224 46 140333
51 5210 11444 140 311755
52 5250 24006 102 902176
53 5389 5521 22 1217
54 5479 15459 109 579494
55 5571 10362 5 20936
56 5688 6301 31 4682
57 5816 8869 41 60921
58 5896 16762 19 131473
59 5989 7674 79 240592
60 6070 7164 14 10709
61 6080 7053 139 100987
62 6091 7503 14 11140
63 6334 10348 7 6093
64 6371 8506 12 5073
65 6437 8848 140 218973
66 6571 8278 39 40755
67 6656 8032 43 56496
68 6871 8635 80 92551
69 6978 16433 9 20160
70 6993 8319 50 73663
71 7176 34927 42 465492
72 7204 10984 27 102487
73 7321 11274 120 324466
74 7556 13423 24 83176
75 7659 15180 121 295592
76 7711 8634 88 17215
77 7735 12815 21 55751
78 7784 9717 35 30886
79 7861 20946 13 45129
80 7884 12533 99 184948
81 8242 14796 41 135822
82 8258 11834 44 59942
83 8372 20268 10 74773
84 8422 8953 123 28845
85 8424 25261 24 51904
86 8763 9504 13 1896
87 8934 9498 37 8415
88 9020 9250 131 11109
89 9087 26723 21 833656
90 9121 10089 6 2098
91 9227 14181 16 51851
92 9360 10845 10 6139
93 9362 13985 57 277516
94 9420 17928 17 19062
95 9449 13520 36 56331
96 9506 17099 7 15968
97 9580 10772 92 37624
98 9598 17221 110 816267
99 9742 10210 119 18971
100 9905 9956 22 1519
101 9931 20060 58 137652
102 9991 24842 68 121320
103 10208 17695 5 16574
104 10266 10970 147 138183
105 10307 15495 61 91632
106 10338 11523 142 117034
107 10351 19397 13 27670
108 10549 18440 14 61798
109 10628 10977 20 2966
110 10681 12306 110 35864
111 10729 21362 7 32748
112 10778 16553 14 31048
113 10972 11072 22 3453
114 11020 21047 11 90012
115 11215 12721 11 6328
116 11232 23672 38 318530
117 11270 31416 25 152817
118 11414 13707 49 55087
119 11447 12015 105 35370
120 11629 13000 129 37566
121 11660 17310 139 324828
122 11698 13108 20 14604
123 11734 12977 144 45801
124 11870 15753 47 90901
125 12064 13224 26 20315
126 12122 12931 61 40477
127 12231 13091 26 14023
128 12350 13206 125 30149
129 12362 27176 147 1710312
130 12373 12403 69 1237
131 12454 16437 11 17714
132 12508 17152 107 112218
133 12558 14535 106 272292
134 12682 13475 120 50212
135 12772 26645 110 318658
136 12983 19612 52 61678
137 13361 22221 141 913168
138 13367 14453 126 132381
139 13422 25192 38 526638
140 13487 13517 43 714
141 13500 16547 9 7801
142 13534 15326 11 21863
143 13560 19932 25 43996
144 13603 24677 96 208655
145 13795 21999 134 177717
146 13813 15700 56 55703
147 13849 15732 20 38870
148 13862 18142 5 25396
149 13910 15879 45 24808
150 13975 21922 147 617525
151 14149 22667 63 326922
152 14163 26137 96 177053
153 14233 24169 21 89076
154 14500 43445 42 300956
155 14575 14688 12 523
156 14645 16523 61 32312
157 14650 16639 11 12726
158 14697 20023 21 120543
159 14868 18373 125 185023
160 14998 23010 39 184092
161 15169 15784 44 6273
162 15291 19423 9 10151
163 15370 17108 22 30429
164 15373 17705 123 204658
165 15627 21119 36 54797
166 15637 24486 55 299179
167 15751 16444 44 18907
168 15774 18986 59 118126
169 15869 21962 44 290530
170 15886 27366 7 28093
171 15897 35236 15 145848
172 16177 16732 8 1929
173 16384 18607 29 30035
174 16427 18981 58 42908
175 16456 20798 67 236713
176 16479 18918 112 138758
177 16586 17009 34 5072
178 16657 20787 43 97541
179 16703 30281 12 65147
180 16721 23165 34 39504
181 16950 22457 72 198026
182 16956 28960 88 354511
183 17045 18634 137 223972
184 17157 26627 25 45449
185 17220 25207 137 251764
186 17226 18433 97 49436
187 17458 31100 146 1858906
188 17712 22146 28 70672
189 17821 22503 120 179977
190 17853 26363 55 144642
191 17880 23041 98 312969
192 17892 18711 83 92308
193 17936 24777 6 8634
194 18041 18961 35 8972
195 18175 21306 63 110812
196 18406 18829 80 22000
197 18467 22141 12 11660
198 18493 25913 59 184714
199 18598 19650 46 14286
200 18629 23689 43 63370
201 18680 37522 7 128840
202 18717 20158 110 52114
203 18780 27363 108 182200
204 18953 19272 120 18040
205 19067 21520 36 89586
206 19171 23269 122 389094
207 19268 24449 116 134850
208 19292 29646 30 130234
209 19319 19952 10 1486
210 19334 27254 93 230792
211 19394 24212 88 131047
212 19511 25008 117 314789
213 19604 19823 95 13299
214 19627 21321 56 28578
215 19710 19916 86 9451
216 19716 21092 7 6502
217 19771 24470 99 174258
218 19960 21706 102 317340
219 20099 24732 38 162677
220 20126 24919 106 356003
221 20182 23361 23 20430
222 20183 30900 13 59203
223 20240 26364 26 50922
224 20444 26355 137 180085
225 20470 25835 31 24803
226 20639 22511 133 113214
227 20867 21811 26 7796
228 20894 39163 30 309996
229 20938 38388 17 145247
230 21166 25864 25 37415
231 21592 28100 17 37574
232 21662 26874 8 30443
233 21732 33514 58 114443
234 21795 27030 75 98855
235 21874 25687 90 264100
236 21899 39281 19 155050
237 21914 24830 62 92383
238 21991 22107 17 1611
239 21995 23859 45 26615
240 22066 37633 65 196220
241 22096 25366 9 14684
242 22203 33818 11 26630
243 22247 23102 75 30026
244 22291 26415 19 16060
245 22436 23351 88 33209
246 22634 22965 130 10426
247 22765 22792 104 2877
248 22825 25054 16 39572
249 23129 31580 124 507952
250 23558 42128 57 288201
251 23707 30576 13 28468
252 23926 40228 135 302022
253 23955 24259 8 745
254 24058 25285 148 142541
255 24083 25333 103 172911
256 24130 39125 50 513917
257 24361 25468 36 17082
258 24442 28035 89 105306
259 24509 25920 82 88659
260 24759 41356 92 692480
261 25109 25186 77 10801
262 25116 26484 55 13687
263 25118 28546 19 11836
264 25385 27476 130 312155
265 25456 25529 116 5428
266 25564 31481 149 419437
267 25587 29806 91 160554
268 25664 32010 23 94418
269 25819 35372 98 148715
270 25861 27307 15 14072
271 25972 29911 63 119482
272 26012 36045 94 460978
273 26048 58690 67 2388150
274 26080 32385 49 230195
275 26194 36275 93 786051
276 26217 27113 6 4428
277 26281 34645 72 228005
278 26298 29555 93 63700
279 26331 35146 27 78565
280 26344 27690 11 3630
281 26399 26876 68 18828
282 26446 32840 54 133438
283 26570 30144 134 123705
284 26634 30200 25 22519
285 26676 42785 47 166904
286 26962 39242 37 92713
287 27073 32998 65 269426
288 27322 37105 27 53384
289 27463 41738 7 70688
290 27615 43611 56 649297
291 27623 28644 20 5046
292 27648 30312 74 39476
293 27710 28055 12 1804
294 27845 33731 60 192810
295 27931 28254 146 17587
296 27936 31570 28 16525
297 27985 38365 51 169163
298 27994 33422 66 87300
299 28008 33302 75 164817
300 28093 33857 86 183049
301 28250 30010 49 40624
302 28270 28844 78 54846
303 28729 47802 75 275971
304 28795 30773 20 24165
305 28801 30821 98 106677
306 28904 41708 88 532621
307 28976 30954 10 10342
308 29017 30617 45 107873
309 29133 35811 67 151149
310 29162 38421 59 136527
311 29205 30785 29 52590
312 29378 29543 29 2983
313 29409 30745 5 1750
314 29433 40027 110 655219
315 29435 41542 75 554603
316 29452 41816 37 314220
317 29581 30604 19 2443
318 29747 30668 9 4193
319 29890 31316 49 38835
320 29942 35378 43 312532
321 29986 31175 12 3185
322 30072 30147 19 830
323 30216 34737 17 19397
324 30282 39042 54 222074
325 30433 32107 140 67525
326 30526 31527 79 33932
327 30538 34707 49 240210
328 30782 55332 90 656984
329 30858 32987 45 76340
330 30897 36670 23 55508
331 30924 39447 91 311097
332 31073 37579 59 50500
333 31309 31367 13 470
334 31543 34140 11 11206
335 31585 34789 35 43703
336 31637 33717 84 47163
337 31878 32314 138 41978
338 31902 37448 25 32752
339 32014 37662 62 102439
340 32019 35059 35 34966
341 32197 33803 65 42991
342 32199 33077 94 21785
343 32301 43690 45 168874
344 32489 42252 69 228253
345 32702 37783 53 107460
346 33046 37282 132 119958
347 33152 35611 99 63035
348 33164 41140 89 774842
349 33277 39552 9 6287
350 33410 36873 27 63417
351 33450 39976 22 63702
352 33476 35464 11 7918
353 33540 37225 35 51632
354 33557 40558 111 226675
355 33675 34909 7 5839
356 33688 33922 24 11338
357 33865 38603 6 21658
358 33984 52490 4 38946
359 34008 34929 118 61858
360 34388 34649 36 5425
361 34679 35894 140 64221
362 34792 48307 20 89638
363 34801 51798 142 2052687
364 34900 38442 66 65223
365 34919 36265 9 4399
366 35155 51613 121 1786184
367 35238 44575 4 15966
368 35327 35941 21 4076
369 35374 47818 11 58943
370 35416 36923 72 48544
371 35465 37950 21 24694
372 35600 41767 27 209195
373 35642 36353 135 23831
374 35726 40513 133 87109
375 35851 42661 69 453657
376 35905 39274 107 1180019
377 36147 37211 5 1740
378 36181 38876 48 53284
379 36212 38096 59 24245
380 36549 54725 103 827217
381 36615 37059 15 1882
382 36622 42345 114 233079
383 36697 56692 136 1357416
384 36743 44859 10 19276
385 36874 39033 109 62818
386 36885 37652 52 50290
387 37143 39890 66 47803
388 37196 40633 51 86309
389 37362 47466 41 124357
390 37484 43253 41 160120
391 37487 38503 70 23446
392 37622 44875 16 20479
393 37627 49985 100 345933
394 37695 41263 133 183686
395 37880 48289 16 75409
396 38009 38031 68 1441
397 38067 47457 44 113705
398 38079 42056 17 53021
399 38410 40335 98 126565
400 38476 41127 14 21081
401 38624 38946 106 23954
402 38650 42458 146 188995
403 38744 42505 130 224890
404 38754 39777 36 7837
405 39045 57042 5 16532
406 39061 46223 52 92267
407 39127 44768 9 11429
408 39259 40182 14 3062
409 39310 40474 135 136398
410 39375 40817 27 16670
411 39407 40166 106 20653
412 39523 40743 44 24899
413 39682 40077 31 7717
414 39726 40998 34 14549
415 39745 44817 145 306543
416 40142 42214 83 193699
417 40310 43447 105 141491
418 40432 48917 124 431733
419 40942 41969 109 18874
420 40994 47972 33 51162
421 41029 44454 33 54377
422 41275 52843 13 48540
423 41309 48903 146 395920
424 41476 42293 6 1808
425 41536 44209 39 67249
426 41559 42823 17 8409
427 41688 47366 22 75634
428 41765 49784 66 658137
429 41841 43454 103 74958
430 41864 45795 100 198408
431 41896 43102 58 27987
432 42076 53224 76 120436
433 42138 43737 135 179199
434 42146 46090 133 216152
435 42240 42453 24 4378
436 42289 47845 15 9991
437 42338 43411 33 21265
438 42452 48406 83 122480
439 42779 50426 94 122322
440 42956 43940 40 14813
441 43139 46787 22 36188
442 43358 46008 8 12593
443 43412 50470 39 215088
444 43418 44181 42 15870
445 43428 44987 58 35899
446 43590 44196 77 22433
447 43866 46914 39 27806
448 43871 44330 76 36756
449 43958 47264 54 146470
450 44021 50702 65 148849
451 44026 47701 6 11646
452 44054 51101 7 15546
453 44530 46982 148 331311
454 44650 58773 31 85329
455 44761 45255 7 1469
456 44825 51329 18 84087
457 44922 46525 6 5421
458 44928 47307 4 2761
459 45049 45635 24 8414
460 45131 47576 90 80817
461 45164 52092 6 12592
462 45248 49860 37 35448
463 45256 46256 128 146054
464 45267 46843 99 111003
465 45314 55684 77 424833
466 45367 50270 47 45429
467 45374 45771 59 15393
468 45461 47220 101 184079
469 45496 55406 100 687116
470 45509 49666 4 15640
471 45694 54995 37 215380
472 45851 49529 74 130836
473 45855 55666 44 199908
474 45867 49904 44 44718
475 45874 47163 24 19407
476 46028 47422 99 70445
477 46160 66646 53 799967
478 46301 62463 25 160793
479 46304 50341 5 11175
480 46323 64836 51 412620
481 46376 47421 31 25769
482 46398 46550 15 1603
483 46711 48193 10 2519
484 46747 61807 9 83034
485 47010 54283 67 178738
486 47145 49599 61 24280
487 47173 54320 36 83496
488 47279 53774 104 444722
489 47280 48450 45 69704
490 47383 60802 30 435234
491 47612 70959 94 3433675
492 47722 61848 146 844229
493 47864 49677 60 69446
494 47865 50739 125 153404
495 47887 55713 76 297249
496 47903 64615 8 36105
497 48040 53547 15 32893
498 48042 51202 15 24367
499 48074 49455 109 69560
500 48305 58672 49 162589
501 48452 67135 33 414514
502 48507 49264 22 25978
503 48523 54661 81 294164
504 48613 52169 137 134511
505 48823 51631 102 264354
506 48900 56566 54 193631
507 49251 54109 129 167832
508 49336 69549 5 17292
509 49656 54082 137 309154
510 49684 49970 145 22172
511 49721 52072 78 75924
512 49757 57393 7 11637
513 49772 50444 9 4492
514 49923 50176 41 9538
515 50069 52940 71 152588
516 50111 50218 125 30450
517 50129 50585 69 22428
518 50237 63275 48 230405
519 50261 52987 7 10886
520 50343 52611 55 51199
521 50377 58953 114 460527
522 50410 52503 77 108795
523 50517 56307 119 198667
524 50568 56702 12 58943
525 50574 61855 13 134289
526 50660 51970 88 70841
527 50661 51316 108 32781
528 50694 55434 6 14330
529 50962 59068 57 323522
530 50970 73918 140 983794
531 51460 52326 97 27332
532 51590 54005 40 75220
533 52061 62710 8 27988
534 52163 53630 150 164930
535 52313 57708 8 19270
536 52651 53522 7 3667
537 52664 55053 29 22572
538 52740 65354 149 657557
539 53081 54248 136 66020
540 53197 65372 82 795583
541 53261 61784 91 193543
542 53292 55073 149 91974
543 53315 63742 132 454833
544 53532 65427 105 648129
545 53758 62399 12 52742
546 53785 53974 12 363
547 53887 62220 6 27802
548 53965 64314 18 80493
549 54104 57053 4 1980
550 54254 54285 128 3852
551 54482 57540 137 47980
552 54507 62006 140 385419
553 54531 54569 22 281
554 54591 74705 65 1011177
555 54898 61349 7 25732
556 54978 55099 7 340
557 55127 58230 64 85582
558 55157 57619 5 3139
559 55189 60495 103 100130
560 55224 56558 46 43180
561 55257 56637 17 22771
562 55260 84917 127 496972
563 55603 65904 43 226569
564 55629 56560 144 37915
565 55757 56288 57 15314
566 55859 67493 41 259278
567 55950 57303 41 34930
568 55979 57490 145 133972
569 56164 59050 31 44962
570 56296 58370 107 117779
571 56452 61958 38 77650
572 56471 67000 135 279807
573 56501 61149 35 39584
574 56801 59317 38 44193
575 57019 62985 6 31059
576 57212 57402 11 1067
577 57327 60994 35 31252
578 57434 64240 146 126226
579 57705 62595 58 84107
580 57859 58788 86 15653
581 57910 60592 109 172961
582 57948 67601 23 77091
583 58142 76780 60 131424
584 58158 58309 93 4548
585 58173 61403 11 15514
586 58194 62240 19 17781
587 58393 60092 81 57154
588 58395 60621 12 22505
589 58509 60615 90 146124
590 58616 63971 19 33631
591 58842 65975 25 152059
592 58848 59540 11 2234
593 59125 62526 86 129028
594 59185 67466 112 1470810
595 59203 63837 20 8410
596 59223 65098 139 762189
597 59293 62673 4 11113
598 59328 62860 37 54696
599 59348 64734 146 327619
600 59362 59935 16 7667
601 59368 61135 34 17231
602 59491 66086 58 101955
603 59586 60014 54 10675
604 59737 65991 5 16527
605 59794 64373 46 27682
606 59804 68462 90 345630
607 60029 73464 11 52423
608 60069 63395 110 768640
609 60433 69011 135 287892
610 60521 62281 10 4776
611 60574 63015 125 617598
612 60591 62499 12 5691
613 60737 66930 10 23989
614 60821 63472 31 75791
615 60871 61459 14 2175
616 61227 65739 14 64217
617 61277 61430 62 7900
618 61300 62603 16 7648
619 61380 66324 126 189773
620 61381 65218 67 88345
621 61447 72649 113 395859
622 61471 70002 14 72625
623 61524 62073 71 39765
624 61675 69512 25 88123
625 61679 65819 96 158963
626 61697 61702 63 199
627 61728 64212 7 10088
628 61750 66677 12 34199
629 61788 69397 11 59206
630 61959 66708 74 128398
631 62221 66099 51 86828
632 62231 64509 6 6758
633 62267 68361 13 36534
634 62274 97358 26 560324
635 62454 68688 18 55513
636 62507 76984 17 81795
637 62512 63427 6 10618
638 62578 64184 9 5563
639 62778 68934 6 16121
640 62925 65065 14 3737
641 62966 65845 11 14058
642 62978 70342 124 357146
643 63307 70766 138 562624
644 63406 71684 130 288868
645 63506 71523 10 34376
646 63682 68480 47 127614
647 63758 68453 63 77189
648 63851 81982 35 242796
649 63923 70496 29 66955
650 64084 66639 97 165560
651 64312 68079 103 139715
652 64354 65896 45 42989
653 64405 79716 13 60421
654 64504 65805 40 30615
655 64538 66730 5 3816
656 64573 65461 19 7648
657 64656 67588 117 98189
658 64699 68819 24 48728
659 64848 67054 4 5046
660 64860 77688 41 285135
661 64901 66724 83 46326
662 64957 66958 89 77449
663 65370 68257 139 380431
664 65415 67657 38 80248
665 65449 70973 31 73017
666 65903 88812 135 1010087
667 65932 68868 41 67542
668 65974 70024 5 10432
669 66008 66612 44 12943
670 66056 68316 110 102096
671 66117 67379 61 24361
672 66123 77118 97 1499553
673 66358 72950 28 234304
674 66427 67831 35 47032
675 66469 70512 11 51545
676 66608 67665 136 74788
677 66707 68381 15 10022
678 66731 70130 146 154090
679 66782 74337 10 30858
680 66878 68276 43 29459
681 67003 70991 67 186127
682 67030 68349 11 7175
683 67034 72359 35 95615
684 67063 68099 70 50890
685 67159 70330 150 176587
686 67280 72774 137 459759
687 67319 67402 11 349
688 67343 99335 8 119541
689 67514 75260 40 214751
690 67518 67945 42 11766
691 67539 74801 63 228081
692 67602 68904 109 65087
693 67624 72849 10 19902
694 67699 67960 28 3520
695 67777 74261 72 146174
696 68014 81641 99 216039
697 68083 72868 84 44266
698 68148 78919 39 226412
699 68172 73785 4 16176
700 68223 68660 78 11905
701 68321 68509 8 1952
702 68572 71612 143 210299
703 68613 69398 34 16953
704 68678 87120 50 368391
705 68701 73427 37 85130
706 68712 70454 28 20063
707 68753 73026 112 253604
708 68827 78814 12 60641
709 68833 69557 113 56738
710 68880 75781 71 207929
711 69036 69925 57 30991
712 69152 78167 29 96946
713 69160 71848 33 66685
714 69293 70542 75 43930
715 69504 89865 89 119395
716 69535 73692 94 145836
717 69689 75381 96 395482
718 69799 70776 25 22494
719 69809 77700 48 369669
720 69812 69998 85 4502
721 69895 77426 27 38110
722 70174 77591 87 217665
723 70305 73376 32 36042
724 70327 97370 31 731492
725 70329 71709 45 38529
726 70398 78742 123 480653
727 70439 77026 132 476139
728 70616 79784 120 377236
729 70716 73135 69 109345
730 70821 76617 16 74753
731 70895 73192 62 46877
732 70936 75428 79 73543
733 70951 75678 134 224617
734 70958 80062 82 667567
735 71103 71899 79 50115
736 71120 83984 75 561221
737 71125 79849 137 422178
738 71167 74349 117 425554
739 71367 72350 9 2128
740 71543 98911 71 975645
741 71597 76258 143 230179
742 71615 79867 17 78760
743 71618 71814 79 9820
744 71742 79845 107 622357
745 71798 75342 22 50466
746 71846 82300 101 375408
747 72004 75830 13 27015
748 72089 92802 19 342269
749 72103 83146 21 80824
750 72141 78839 131 397031
751 72162 73052 10 12576
752 72166 73365 94 115865
753 72185 72945 68 18167
754 72213 77208 63 126386
755 72422 80504 10 60192
756 72424 87881 148 749249
757 72497 73122 99 12244
758 72519 92828 100 1012019
759 72529 80776 14 58824
760 72683 75198 6 10219
761 72700 75236 84 100182
762 72717 78097 107 317755
763 72754 78301 50 114849
764 72855 75772 33 48463
765 72992 78526 10 10222
766 72994 77669 66 149051
767 73079 78952 136 259675
768 73171 73776 18 11847
769 73205 76052 95 74663
770 73217 76992 4 4642
771 73379 78137 36 33979
772 73433 80234 140 348863
773 73463 81983 23 30310
774 73541 85910 14 59726
775 73593 84618 12 127115
776 73759 74037 4 2244
777 73965 74528 49 25802
778 74119 86514 40 316414
779 74298 74335 70 968
780 74444 87631 5 18928
781 74458 95787 30 155248
782 74708 76947 12 26316
783 74731 78302 47 83987
784 74746 82105 24 26338
785 74748 75003 26 5803
786 74792 80360 147 975494
787 74855 78023 7 13131
788 74997 75890 6 3053
789 75089 75230 5 223
790 75143 76503 5 2163
791 75388 77499 5 6372
792 75525 76770 84 27354
793 75644 77608 24 34059
794 75663 80018 26 60532
795 75741 86408 115 485339
796 75767 78789 85 42902
797 75783 76875 121 69742
798 75859 84706 35 64868
799 75863 83447 109 361082
800 76081 79352 107 62125
801 76618 88899 11 38521
802 76623 76827 148 53269
803 76694 84888 7 67527
804 76735 79732 68 41737
805 76812 81189 62 197847
806 76897 80482 52 217980
807 76932 86395 143 803082
808 77126 81893 61 178136
809 77132 78721 120 89685
810 77195 93640 15 141157
811 77198 79913 145 282342
812 77281 78743 12 8434
813 77311 82827 14 30022
814 77354 89484 5 18464
815 77372 82295 55 174128
816 77456 90132 120 822300
817 77463 82626 139 732239
818 77481 81568 90 77401
819 77810 85878 76 338709
820 78036 78193 5 251
821 78151 78281 15 3276
822 78340 81354 88 215809
823 78410 93047 79 320963
824 78784 82286 126 220647
825 79422 89532 25 28449
826 79531 79668 133 9232
827 79533 81876 20 8710
828 80069 83648 11 13828
829 80164 81347 25 6826
830 80252 81548 102 91379
831 80334 81945 12 27622
832 80391 83503 84 73128
833 80416 87717 95 366268
834 80574 83006 34 39497
835 80763 89766 114 938065
836 80939 86851 9 31120
837 80961 85590 60 197579
838 80980 89441 76 135598
839 81017 82504 148 81548
840 81042 86202 51 110517
841 81105 83834 7 6645
842 81173 82615 44 35489
843 81240 82401 40 14601
844 81450 86342 91 81303
845 81515 83826 83 70749
846 81528 87144 134 140878
847 81578 82171 130 93872
848 81748 86129 27 68436
849 81984 88903 44 190762
850 81995 83802 137 280979
851 82050 82929 30 27420
852 82120 87095 14 31209
853 82227 93940 83 1173950
854 82375 93484 79 400851
855 82388 83569 47 16796
856 82449 90636 118 598789
857 82500 88562 24 130133
858 82544 83924 38 18238
859 82582 92408 6 20758
860 82818 86777 40 64657
861 83060 83952 29 4531
862 83180 90743 14 21189
863 83221 84280 130 129653
864 83607 91040 5 18678
865 83625 84216 63 26393
866 83746 90469 41 157181
867 83777 85644 88 43679
868 83923 86347 98 86792
869 83992 86273 8 28468
870 84043 88575 19 19403
871 84192 86824 8 3640
872 84248 87141 6 7770
873 84352 96537 15 55190
874 84574 84791 38 9082
875 84621 93666 120 587027
876 84643 95162 122 655719
877 84662 95367 69 268195
878 84672 88089 29 39681
879 84866 87584 14 15202
880 85060 85426 47 7673
881 85193 89725 136 388612
882 85354 91448 40 197070
883 85412 87800 120 438242
884 85450 86039 110 20823
885 85481 89648 123 531782
886 85502 90752 32 140825
887 85877 88088 33 36073
888 85953 88473 133 253636
889 86036 89442 18 16103
890 86160 99464 108 346916
891 86176 89021 5 7093
892 86178 92519 10 63202
893 86305 94663 46 113942
894 86317 88538 6 3240
895 86510 86679 20 1995
896 86523 88830 78 35161
897 86591 87528 76 23610
898 86817 91083 36 65241
899 86898 94191 46 376831
900 87114 89198 18 10977
901 87233 90389 102 255139
902 87309 91757 6 6809
903 87376 87964 12 6631
904 87403 94325 29 23381
905 87463 92944 13 32988
906 87492 88763 69 51364
907 87509 92751 135 679023
908 87607 90544 11 13256
909 87611 90983 64 39971
910 87838 88448 39 25115
911 87903 94999 54 300984
912 87974 89153 76 71099
913 87999 91051 41 53171
914 88087 98572 18 68625
915 88097 89514 7 2545
916 88111 89508 64 31837
917 88129 88508 111 59405
918 88509 91242 83 92405
919 88517 89161 40 17251
920 88588 90824 91 178179
921 88592 94212 6 20731
922 88714 95957 85 199073
923 88720 89389 17 18104
924 88878 89377 125 16911
925 89030 92552 25 28258
926 89124 91066 62 27413
927 89240 93620 80 85752
928 89559 92574 61 75007
929 89637 90514 10 2510
930 89736 96317 10 20655
931 89785 93114 49 147707
932 89920 92940 18 51492
933 90255 99387 81 104912
934 90348 99768 124 219398
935 90360 91989 57 39572
936 90374 96873 42 167409
937 90566 98832 5 7428
938 90905 91765 129 28399
939 91059 98615 9 19342
940 91093 92631 58 28480
941 91320 93522 23 18995
942 91592 91964 22 3376
943 92108 95574 39 152404
944 92186 95094 42 53193
945 92199 95938 112 730701
946 92270 98028 114 180708
947 92271 97159 13 17473
948 92386 97253 14 21309
949 92457 93078 84 13935
950 92804 96726 73 66397
951 92960 97304 16 41744
952 93061 95031 39 28345
953 93101 99455 4 14836
954 93144 94351 19 15964
955 93176 94303 100 19630
956 93312 93517 104 11801
957 93351 97264 41 42984
958 93359 94082 131 102061
959 93582 93622 54 1745
960 93592 95543 65 29001
961 93660 97234 140 95420
962 93735 96974 7 14786
963 93743 95730 139 105555
964 93820 94611 27 12129
965 94332 99541 9 37189
966 94526 95337 76 12968
967 94591 96205 23 10257
968 94736 98124 120 453018
969 94738 96969 6 7574
970 94756 96366 8 1646
971 94788 96602 19 18133
972 94809 97737 100 116489
973 94814 97507 123 74571
974 94822 97044 34 29980
975 95089 96768 5 4506
976 95131 97439 26 36473
977 95134 98961 70 142630
978 95150 99589 95 231245
979 95175 99929 25 56815
980 95227 96821 47 13560
981 95530 97679 21 41868
982 96047 99782 27 40447
983 96090 97574 58 85045
984 96100 99905 123 378054
985 96185 98821 67 156773
986 96187 98861 77 61301
987 96233 96341 7 446
988 96297 96397 65 5060
989 96878 97546 26 16199
990 96903 97498 48 37370
991 97154 98633 30 32797
992 97282 97997 146 50958
993 97678 98910 139 120743
994 97850 97869 36 467
995 97854 98742 11 5513
996 97932 98696 6 4472
997 98449 99849 20 14999
998 98624 99090 68 13378
999 99351 99920 86 20769
