50 1000 0.039
.................................................#
................................................##
................................................##
...............................................###
...............................................###
..............................................##.#
.............................................###.#
............................................####.#
..............................................##..
..............................................#...
..................................................
..................................#...............
.................................###..............
..................................###.............
.................................##.#.............
................................#####.............
..................................................
..................................................
..................................................
....................................#####.........
...................................######.........
...................................#.####.........
...........................#....##..#######.......
..........................############..##........
..........................#.####..#########.......
.........................#####..#.######..........
.......................####.#######.##............
......................########...##.##............
........................#.##.##..##..#............
...........................##.....#...............
..........................###.....................
.........................###......................
.........................#....#.#.#...............
.............................######...............
..............................######..............
.............................#######..............
..............................#..######...........
..................................###.............
...............................######.............
..............................########........###.
...............................###########.#####..
...............................#..###......#######
..............................##..#.......######.#
..................................##......########
............................................##.#..
............................................####..
..............................................####
............................................#####.
............................................####..
..............................................#...
0 331 3590 78 92822
1 393 5302 111 323740
2 451 1448 16 13183
3 489 11878 30 47379
4 495 807 5 620
5 612 3298 56 111706
6 1050 6945 96 585578
7 1071 2234 112 141166
8 1152 16569 92 515403
9 1195 30455 27 254756
10 1212 6509 118 259128
11 1254 4371 46 50569
12 1259 5268 61 299903
13 1277 8011 22 58090
14 1342 15540 141 1707654
15 1379 11564 114 165575
16 1451 14633 88 861650
17 1509 13179 29 47656
18 1575 12803 5 17452
19 1644 3045 17 13917
20 1656 6739 5 5300
21 1754 2943 22 40317
22 1790 10987 25 296120
23 1867 7301 106 108559
24 2042 19544 34 155069
25 2184 19153 7 36719
26 2214 4369 83 53596
27 2365 8714 112 628120
28 2436 7491 18 34928
29 2677 10094 53 190059
30 2693 8706 10 9812
31 2724 7500 132 302708
32 2803 17549 53 119148
33 3051 13264 101 358597
34 3341 19015 55 258071
35 3360 6069 76 62461
36 3405 3709 43 5139
37 3408 13831 32 81110
38 3495 19321 27 98745
39 3538 10901 18 20967
40 3550 14423 101 369485
41 3587 4652 36 15422
42 3670 27439 73 307784
43 3928 14759 36 225886
44 3945 19879 109 1015704
45 3987 6814 35 42082
46 4077 4490 30 2881
47 4223 6037 88 103147
48 4338 4496 16 2723
49 4354 8024 14 29071
50 4461 21225 64 439071
51 4617 8628 21 56951
52 4690 7773 14 16197
53 4732 6056 60 62809
54 4873 24422 18 107343
55 4961 5538 85 26281
56 4964 5580 73 63227
57 4974 5477 88 190285
58 4976 23989 31 134656
59 5010 13455 31 83368
60 5067 7347 39 53483
61 5141 5614 74 3206
62 5206 11485 77 134273
63 5312 11041 113 304519
64 5330 13554 14 79707
65 5382 8351 111 182820
66 5417 7698 39 17255
67 5606 9084 13 29249
68 5675 9890 6 7738
69 5837 7120 68 51570
70 5874 6931 9 3714
71 5973 11768 77 122412
72 6018 10506 111 280319
73 6087 12523 147 305952
74 6091 24092 8 63680
75 6369 8062 108 100721
76 6432 6910 33 4136
77 6446 29588 34 169404
78 6462 15253 4 26215
79 6513 8693 13 40343
80 6620 18094 18 101562
81 6709 8864 45 32455
82 6765 12241 6 11866
83 6794 9374 122 57218
84 6845 10310 96 214090
85 7013 11247 26 15557
86 7203 28358 67 1085040
87 7559 10644 19 68097
88 7594 18121 16 52299
89 7614 17863 73 198175
90 7777 32282 21 91155
91 7937 25410 76 165626
92 8031 18423 82 195661
93 8101 15572 118 770029
94 8196 10082 18 49120
95 8376 11030 108 62681
96 8691 21365 40 113247
97 9076 15001 121 378250
98 9171 13154 12 36242
99 9197 9232 26 923
100 9214 12410 62 107015
101 9413 22444 103 527345
102 9415 17249 4 10681
103 9461 15086 24 74120
104 9531 10878 20 5790
105 9559 15484 38 73807
106 9594 11007 78 33854
107 9638 15419 59 229875
108 9689 20993 19 53148
109 9802 22519 8 18845
110 9880 13926 75 416872
111 9888 15926 74 286105
112 10011 19715 131 213712
113 10060 10190 27 2557
114 10083 12414 57 82868
115 10085 29464 22 236657
116 10222 10928 79 70531
117 10498 13883 26 22436
118 10551 12743 24 44210
119 10580 56375 41 512786
120 10673 15920 8 17129
121 10679 11061 140 36737
122 10704 18017 109 283306
123 10763 33229 122 1143467
124 10775 11540 70 23978
125 10842 16836 6 10437
126 10895 12389 24 11307
127 10953 24000 46 276959
128 11006 16664 8 20574
129 11085 13077 78 79934
130 11125 11886 61 13994
131 11192 12590 5 5944
132 11290 14112 16 20045
133 11325 11933 36 6606
134 11442 12202 66 11255
135 11491 35367 25 330898
136 11587 12134 115 22424
137 11732 12406 55 35428
138 11958 41621 5 26124
139 12052 17919 72 274383
140 12077 23250 96 375434
141 12090 25041 51 338354
142 12339 17735 112 726765
143 12361 15923 41 79507
144 12371 14311 79 76607
145 12606 13980 5 3883
146 12621 20835 142 420627
147 12664 13009 64 10078
148 12703 15275 28 34907
149 12764 14291 8 13423
150 12864 20323 85 129630
151 12989 38131 14 298714
152 13024 29362 7 44797
153 13074 19434 35 194688
154 13108 14934 37 22657
155 13206 23307 92 800119
156 13215 14351 68 22130
157 13259 14837 37 8707
158 13315 27400 99 322427
159 13384 25685 42 292416
160 13423 14222 139 60075
161 13541 14169 51 9774
162 13731 17212 85 139061
163 13767 17049 6 5969
164 13844 14993 47 50132
165 13848 15982 38 79070
166 13988 38383 9 76436
167 13989 22547 51 167614
168 14010 23002 24 56100
169 14055 23661 24 105290
170 14129 18863 145 378924
171 14445 27266 62 200645
172 14500 28817 55 438869
173 14524 18068 122 215480
174 14532 18673 72 191627
175 14563 20873 54 801518
176 14990 17924 93 112992
177 15026 24676 7 58633
178 15301 22374 7 23556
179 15495 23542 12 17538
180 15497 16147 63 14655
181 15760 23687 7 24730
182 15772 16331 48 3351
183 15798 22310 21 88997
184 16101 17973 85 48144
185 16163 20577 125 227322
186 16169 39670 19 222425
187 16210 19990 102 144646
188 16259 18196 10 10255
189 16300 26662 37 171532
190 16340 17800 11 17379
191 16420 21532 110 361541
192 16464 17759 53 55176
193 16734 22588 65 274223
194 16736 17571 33 4807
195 16749 26267 7 29680
196 16765 27364 10 56746
197 17024 20155 10 17199
198 17334 18142 10 1338
199 17406 19543 62 75903
200 17432 19196 51 38672
201 17487 19175 16 15186
202 17606 26841 78 557437
203 17856 19417 50 16869
204 17974 23375 22 50077
205 17982 23602 148 503126
206 18166 23517 8 31520
207 18220 27064 108 607865
208 18230 29675 13 36813
209 18237 18409 72 12179
210 18357 19211 43 6780
211 18383 19641 21 50199
212 18412 25845 4 14445
213 18577 23240 35 68267
214 18599 33190 102 442588
215 18776 30881 34 274377
216 18786 28748 103 283818
217 18864 20909 14 10132
218 19049 20383 48 39545
219 19053 28254 24 69860
220 19111 19471 16 10102
221 19120 24956 42 107815
222 19266 29401 22 99314
223 19503 19873 6 793
224 19655 39443 16 122239
225 19774 21808 84 89951
226 19868 26311 43 81260
227 19916 25347 12 63916
228 20080 21263 57 33078
229 20143 28303 27 77235
230 20474 31666 74 158870
231 20599 20985 33 8464
232 20643 26558 85 154591
233 20898 22049 71 33187
234 20973 30953 32 122974
235 21259 26333 42 36009
236 21341 23762 63 111540
237 21346 21367 136 1213
238 21418 23452 16 8922
239 21975 27393 110 81032
240 22117 32236 39 372686
241 22203 23509 68 50286
242 22212 26387 103 56966
243 22215 25761 136 86519
244 22338 23229 103 35670
245 22546 25212 102 86346
246 22603 26972 66 83428
247 22644 24376 113 81371
248 22711 27360 102 169095
249 22861 24197 5 3061
250 22884 26560 128 147137
251 23177 39906 9 50764
252 23372 26482 56 161709
253 23528 42172 149 521430
254 23591 34525 81 254013
255 23692 28958 82 97586
256 23864 30755 4 31661
257 23865 24663 8 3248
258 24060 36355 60 1032493
259 24277 26169 141 132085
260 24334 34614 84 256536
261 24354 36838 19 156276
262 24382 30308 25 153586
263 24404 32949 99 385317
264 24602 29008 30 106144
265 24634 27421 106 59504
266 24654 29300 73 139209
267 24665 34075 106 844848
268 24773 27265 11 11618
269 24862 33765 5 20912
270 24919 31091 13 64763
271 24982 26578 49 28106
272 25089 29140 148 102084
273 25358 34787 27 53941
274 25368 29006 56 152183
275 25471 27694 111 55509
276 25530 33532 5 13027
277 25698 26264 106 27495
278 25924 27172 50 37042
279 25956 29733 12 11021
280 26251 33006 38 38230
281 26300 27801 59 32545
282 26472 50158 104 1116354
283 26484 28461 28 26285
284 26760 26884 9 1284
285 26830 28522 7 4281
286 26942 31405 61 77436
287 27096 28014 9 4297
288 27322 28161 26 23204
289 27551 28073 87 15218
290 27603 30602 38 131542
291 27669 35113 27 68154
292 27678 30384 43 73047
293 27736 34918 83 444945
294 27963 48042 25 109316
295 28041 30692 104 255123
296 28245 38914 84 318977
297 28368 29693 15 23285
298 28473 50083 13 56572
299 28563 29446 96 86714
300 28647 34454 120 264652
301 28765 37101 19 22786
302 28906 29586 38 22952
303 28941 32163 107 77140
304 28968 31908 58 265408
305 29031 32688 19 11500
306 29122 30486 5 1212
307 29225 32372 12 27089
308 29508 45295 47 541685
309 29575 36941 34 124005
310 29681 37823 31 83412
311 29691 31856 64 48892
312 29711 39444 12 97168
313 29794 31043 34 10200
314 29821 34884 110 249265
315 29931 51993 67 248528
316 30134 36656 60 148952
317 30183 32201 30 64255
318 30192 42098 148 359526
319 30336 52979 30 256783
320 30350 35484 40 140533
321 30389 30656 97 12189
322 30414 38727 142 794865
323 30673 42834 27 105401
324 30709 34502 116 326279
325 30763 37922 46 29968
326 30827 31024 7 1001
327 30833 39866 5 24239
328 30948 42508 4 7890
329 30960 42435 21 105878
330 31008 36178 99 58007
331 31082 31169 145 17913
332 31143 39172 125 403018
333 31280 33745 24 27390
334 31338 32586 98 87792
335 31363 36542 51 186883
336 31605 32569 10 5855
337 31735 32241 30 8032
338 31830 32074 5 942
339 31842 40714 130 433688
340 32046 32114 15 1378
341 32334 34969 77 123691
342 32480 47272 55 157216
343 32547 35845 148 388368
344 32574 48217 132 914067
345 32671 32712 8 260
346 32875 40739 73 359588
347 33074 42698 34 133246
348 33100 37336 49 90562
349 33154 39432 82 166811
350 33286 41508 81 216705
351 33307 38350 10 9780
352 33495 35615 111 216801
353 33551 37607 107 88129
354 33582 65997 100 985734
355 33590 36146 7 9486
356 33810 35230 87 92528
357 33858 39314 13 25035
358 33905 44610 23 83480
359 34005 34225 14 675
360 34074 41848 67 260885
361 34183 34325 14 656
362 34369 43121 17 54832
363 34591 42734 118 194477
364 34677 43531 68 200188
365 34698 37923 12 27797
366 34915 36322 43 49937
367 34956 44768 11 36709
368 35100 42082 5 15081
369 35102 42442 125 95214
370 35195 37030 52 48213
371 35253 52087 31 132118
372 35318 48411 37 172022
373 35578 41702 19 86863
374 35710 63466 109 869420
375 35846 53436 21 81984
376 36037 41145 8 33257
377 36185 48215 6 17834
378 36208 44092 44 68011
379 36244 43083 6 24134
380 36371 50001 38 419744
381 36427 42319 59 142827
382 36492 38391 18 30650
383 36496 36732 109 12939
384 36533 44120 58 225411
385 36553 37329 6 4733
386 36627 49615 56 130000
387 36876 44252 13 50407
388 36918 37876 112 62506
389 36990 44975 15 25944
390 37004 41705 25 56984
391 37186 44809 48 128361
392 37201 53241 132 209166
393 37213 45279 10 20526
394 37216 38910 77 58778
395 37316 38431 71 64021
396 37339 40500 34 35679
397 37352 37680 126 16618
398 37601 41821 9 5187
399 37683 46575 96 423629
400 37736 41918 15 22526
401 37866 38631 31 14462
402 37983 47076 120 481568
403 37991 40468 79 58814
404 38008 43022 150 179066
405 38048 40203 9 9924
406 38174 38796 37 14920
407 38181 40967 12 30989
408 38182 44235 7 16110
409 38388 39729 92 39997
410 38405 51138 5 21925
411 38544 47448 110 148755
412 38900 43149 83 407256
413 38928 53391 29 290868
414 39000 42179 25 55568
415 39004 44605 117 227958
416 39048 39236 30 4217
417 39072 40523 57 66703
418 39130 52703 83 199766
419 39186 46578 77 395380
420 39188 45205 144 379781
421 39243 52627 7 45863
422 39278 46773 15 92744
423 39283 54205 125 692170
424 39312 50061 51 321040
425 39439 42851 17 18997
426 39622 53162 7 36915
427 39973 44856 16 75833
428 39991 43515 63 51822
429 40088 40433 120 18773
430 40161 45005 141 117255
431 40292 41939 39 23853
432 40432 45656 33 46866
433 40528 50677 92 362392
434 40539 41031 75 37309
435 40613 53042 27 121403
436 40704 52245 63 244190
437 40803 51923 136 609028
438 40963 53478 21 113937
439 41001 46412 25 26111
440 41253 66354 17 133946
441 41312 46853 37 103609
442 41378 55777 75 708881
443 41483 43759 4 1813
444 41521 42637 57 32925
445 41732 45389 31 30331
446 41749 41762 25 217
447 41868 44564 132 145806
448 41980 42531 12 2115
449 41992 46645 13 74369
450 42118 42732 7 1454
451 42186 50119 19 55068
452 42204 52112 58 307048
453 42253 46400 38 58693
454 42257 42421 117 4831
455 42315 49699 6 7114
456 42379 42485 144 8088
457 42433 54170 16 45548
458 42484 51089 20 86991
459 42493 43606 116 54940
460 42705 50737 96 296269
461 42748 46562 105 183262
462 42782 47100 121 271542
463 42819 43525 40 10491
464 42844 43476 75 23332
465 42971 50575 76 364465
466 43141 68873 108 1288612
467 43160 49659 37 43687
468 43185 62701 37 172242
469 43325 46886 83 254430
470 43355 46650 77 56511
471 43385 43464 23 1366
472 43409 43824 73 14090
473 43419 47798 138 303765
474 43468 49087 9 39758
475 43472 43505 6 142
476 43519 46818 12 11440
477 43521 52510 28 145200
478 43585 44132 99 27866
479 43597 50871 90 211422
480 43614 53605 121 601257
481 43825 44943 38 21100
482 44176 45013 124 49720
483 44197 45806 53 124036
484 44289 47570 23 27654
485 44307 45211 93 51824
486 44562 47305 87 99433
487 44590 45258 138 38259
488 44607 47931 34 36757
489 44706 47154 97 188107
490 44718 47919 67 98753
491 44727 49284 40 79973
492 44931 46377 32 16971
493 45029 47138 36 46704
494 45272 54861 8 47068
495 45428 65024 51 573826
496 45554 48374 54 51811
497 45663 46931 109 106668
498 45914 47575 13 14458
499 45948 49038 27 69555
500 45958 59366 45 426329
501 46062 47357 13 7087
502 46165 46472 7 1087
503 46448 52537 98 165772
504 46488 50836 8 19090
505 46542 54875 23 79638
506 46607 59967 82 187784
507 46617 48288 6 4640
508 46799 49727 12 6589
509 47003 53318 32 75070
510 47021 48795 65 30470
511 47038 49310 13 7312
512 47147 57107 42 189716
513 47189 47959 30 10472
514 47339 49549 88 36585
515 47492 48697 11 15017
516 47646 61544 20 98317
517 47681 54581 105 411831
518 48103 51369 97 285579
519 48284 64422 61 214140
520 48408 49292 23 18289
521 48440 49912 82 93421
522 48702 51202 91 252741
523 49030 53852 80 560693
524 49051 49487 39 5386
525 49100 60175 55 547676
526 49113 50069 109 115381
527 49116 56552 12 43301
528 49504 58899 36 212113
529 49688 58806 80 230060
530 49704 55207 66 171428
531 49730 55935 7 37067
532 50057 53545 104 90679
533 50178 52384 13 3993
534 50297 50342 12 669
535 50533 58239 38 177497
536 50604 51398 6 2278
537 50764 65053 86 361316
538 50766 54169 14 33420
539 50797 54403 43 175021
540 50880 54179 141 183008
541 50908 56912 70 83877
542 51031 57487 76 336234
543 51056 52211 6 4983
544 51118 77807 21 144287
545 51228 68518 113 1470420
546 51270 52458 5 3579
547 51509 60220 9 111979
548 51527 59009 80 335675
549 51551 58464 10 12442
550 51559 53151 5 5073
551 51614 52928 4 1624
552 51673 51988 31 3433
553 51716 52424 15 22060
554 51856 63671 7 116907
555 52330 52422 96 1479
556 52357 59457 14 67695
557 52391 56043 85 57931
558 52396 56490 45 63364
559 52488 60247 76 269790
560 52515 79279 105 3639244
561 52659 54925 82 127085
562 52788 53447 7 2055
563 52922 64670 139 412536
564 52999 53335 40 10299
565 53126 71609 27 99538
566 53174 56304 147 255697
567 53317 55029 88 55025
568 53324 53892 46 21519
569 53347 57315 5 10397
570 53443 73176 29 177929
571 53482 53565 37 1176
572 53558 56946 56 68618
573 53674 83589 14 211449
574 54005 56011 130 91801
575 54011 64610 144 587368
576 54349 60968 17 29347
577 54485 75209 15 56544
578 54562 59555 129 718927
579 54593 72860 126 1568582
580 54673 56420 9 5864
581 54705 59449 102 276604
582 54844 59401 71 63954
583 54907 65807 129 462754
584 54964 57685 39 45144
585 55044 55695 19 5321
586 55279 64570 14 33044
587 55327 58235 115 143667
588 55345 61705 12 28272
589 55383 73632 134 647201
590 55434 55924 11 2809
591 55487 66344 83 105967
592 55681 56895 107 39195
593 55877 60589 121 225257
594 56030 57244 119 57567
595 56379 57039 60 61583
596 56498 59389 138 207764
597 56532 57940 59 61933
598 56571 63092 9 16134
599 56634 65456 118 841182
600 56654 62927 7 19945
601 56784 57414 16 3957
602 56938 60419 11 8127
603 57028 63425 109 328648
604 57085 71033 25 85055
605 57092 63448 83 225000
606 57160 66639 88 575467
607 57305 70016 18 62158
608 57370 77550 74 2655102
609 57742 76767 33 88367
610 57887 58932 22 18801
611 58067 60924 127 119825
612 58175 60602 28 18145
613 58176 61738 127 252619
614 58363 63832 25 71303
615 58393 68634 44 452741
616 58455 77333 44 166092
617 58591 58622 45 1541
618 58877 59971 52 22890
619 58927 63231 54 96461
620 59054 78502 19 150900
621 59066 60917 119 123659
622 59070 59763 48 24847
623 59200 67692 84 133726
624 59368 61088 48 112851
625 59484 59972 101 31419
626 59490 76199 135 1224039
627 59518 66891 148 756831
628 59614 64103 19 66864
629 59882 61685 23 10394
630 59950 65191 52 111947
631 59987 65495 67 49890
632 60021 72212 56 195578
633 60123 62484 136 137145
634 60193 62455 25 28649
635 60284 68991 19 116164
636 60380 63370 63 50678
637 60625 63030 4 3609
638 60654 66877 54 129170
639 60854 69100 14 42223
640 61028 81545 75 376994
641 61153 62268 4 4900
642 61177 66579 121 129888
643 61194 63135 139 205062
644 61211 73145 129 416312
645 61232 65444 123 173674
646 61284 64959 82 128689
647 61495 67689 83 119645
648 61755 67593 109 461747
649 61772 62047 133 56969
650 61791 76558 17 78020
651 61962 88561 5 75964
652 62144 63193 23 14660
653 62203 71679 34 72324
654 62262 62646 28 6359
655 62334 75834 57 568076
656 62355 70684 27 27390
657 62422 73035 82 228882
658 62505 72996 121 418139
659 62517 75025 134 491264
660 62650 76894 49 180832
661 62775 65826 93 432149
662 62907 65353 71 128703
663 62944 65118 10 4665
664 63086 64271 47 46968
665 63125 67135 25 38694
666 63200 68496 133 244949
667 63241 64701 51 43088
668 63268 76166 86 570683
669 63619 78318 7 62050
670 63849 69149 6 17470
671 63920 85922 51 323128
672 63955 64284 41 8433
673 64187 67017 82 253299
674 64210 65256 19 4469
675 64226 72871 7 64349
676 64295 80760 30 151625
677 64459 72105 84 259114
678 64511 67910 122 208649
679 64614 67395 25 29935
680 64660 68193 65 206718
681 64744 68858 21 70622
682 64835 79430 113 1244625
683 64919 69921 111 190776
684 65056 74717 4 17041
685 65336 71320 99 136317
686 65363 71552 129 329602
687 65372 77551 84 435065
688 65375 65839 32 8677
689 65428 67415 133 77130
690 65440 65858 59 21240
691 65601 70419 24 65664
692 65663 65769 115 46288
693 65708 75655 84 686894
694 65715 76415 39 158003
695 65720 70612 28 51959
696 65790 75427 4 12219
697 65951 80627 58 133394
698 66038 66909 96 33199
699 66159 74518 30 78850
700 66213 75751 103 485402
701 66240 70337 32 24955
702 66396 67224 42 13528
703 66409 69563 131 126692
704 66448 69269 9 14390
705 66453 70259 70 91226
706 66454 67039 57 9305
707 66571 89282 140 1729489
708 66596 67558 29 10398
709 66663 82559 6 60706
710 66721 84071 143 1526333
711 66802 69513 143 208516
712 67021 71993 10 29890
713 67290 68474 61 45232
714 67301 77393 69 324125
715 67307 68339 75 28813
716 67336 67676 55 12321
717 67406 69114 60 186392
718 67421 76843 41 64106
719 67430 68071 75 12424
720 67445 71468 11 33034
721 67470 73618 33 40208
722 67608 80898 6 29093
723 67701 69977 36 52702
724 67901 69504 6 4905
725 67941 68870 26 17403
726 68051 79473 31 270058
727 68155 69085 12 9178
728 68167 70416 105 159838
729 68234 92131 17 211159
730 68301 68737 52 7585
731 68401 78119 81 134894
732 68503 70983 21 17012
733 68592 70657 11 8955
734 68609 70247 51 39559
735 68720 96692 21 316999
736 68801 70928 28 9901
737 68978 80698 137 352252
738 69192 91564 31 419374
739 69339 83360 29 357067
740 69540 77791 44 57628
741 69545 77408 148 688354
742 69575 85387 7 51601
743 69761 70636 35 32906
744 69767 73318 65 122579
745 69779 70121 10 1711
746 69896 94568 66 252471
747 70031 73439 5 7899
748 70205 71902 93 84419
749 70266 73068 12 17540
750 70288 70849 53 24896
751 70464 81343 126 525806
752 70827 70832 17 97
753 70872 72414 74 37011
754 70979 89664 128 2121548
755 71166 72800 70 52088
756 71262 78104 83 183705
757 71669 74305 118 66384
758 71710 71994 11 2642
759 71725 73866 76 73061
760 71734 74153 17 43381
761 71832 80926 122 623425
762 71864 76542 34 144507
763 71867 84826 79 338392
764 71888 72671 9 2981
765 71893 76789 54 47179
766 72148 78061 28 134038
767 72333 90469 144 1444990
768 72417 73637 130 157463
769 72541 72834 39 5007
770 72584 91860 104 742940
771 72588 74381 35 25236
772 72589 76722 28 77308
773 72661 79548 42 225621
774 72672 73537 6 4909
775 72716 80922 142 388708
776 72789 73006 144 19358
777 72790 75568 52 80306
778 73261 75685 45 31648
779 73300 79363 48 68059
780 73948 80602 126 450141
781 73978 75928 27 11100
782 73999 81169 40 98500
783 74021 76561 23 17991
784 74317 78530 16 39330
785 74347 89508 46 1271477
786 74449 82900 139 650454
787 74486 78952 124 418754
788 75111 81014 9 5742
789 75251 83890 15 46090
790 75335 84707 10 46427
791 75401 81380 39 61906
792 75509 76430 133 80929
793 75517 92753 130 1074218
794 75656 82718 45 74805
795 75716 78412 4 3753
796 75742 76637 136 120962
797 75827 75836 135 979
798 75849 76159 87 10278
799 75950 78012 82 76901
800 76108 79073 86 141088
801 76254 78379 11 17525
802 76287 81165 56 129297
803 76314 92396 88 680683
804 76473 78671 36 25691
805 76578 89770 82 327301
806 76757 78147 50 49169
807 76886 78100 12 13880
808 77047 84889 132 269827
809 77064 80803 81 73323
810 77073 87593 44 251314
811 77189 87153 110 141995
812 77193 84947 36 150498
813 77200 86924 124 527573
814 77251 87476 120 264524
815 77389 83586 16 51780
816 77491 79488 29 28859
817 77618 78843 97 117884
818 77653 88909 18 120011
819 77726 81182 75 87003
820 77765 84902 36 138411
821 77790 87011 68 93622
822 77872 82161 15 47153
823 78091 80325 9 19196
824 78213 81850 77 119437
825 78384 83160 22 65261
826 78441 87410 20 37855
827 78540 85941 63 153653
828 78732 79909 36 15445
829 78828 83374 71 190986
830 78903 92167 110 487984
831 79005 83667 43 39756
832 79091 80840 124 73735
833 79114 79522 92 16677
834 79156 96325 33 409855
835 79211 81352 120 124234
836 79262 89565 74 407951
837 79351 83343 53 159559
838 79436 92953 7 18401
839 80034 81282 147 248398
840 80131 86812 127 154662
841 80413 92183 131 403215
842 80476 82895 24 37381
843 80496 80740 7 542
844 80542 85456 84 165303
845 80590 87727 120 736467
846 80594 80732 24 2424
847 80720 84718 117 169603
848 80801 95886 29 205058
849 80809 90565 135 1233445
850 80837 87423 22 25440
851 80861 86210 114 404446
852 80908 87100 107 320410
853 80948 84869 114 194473
854 81018 86778 119 325772
855 81046 87988 15 33617
856 81139 92901 42 82303
857 81241 82758 15 11494
858 81254 84435 115 117169
859 81336 87573 14 16979
860 81607 82523 142 83259
861 81740 84271 131 48531
862 81911 90330 59 106597
863 81918 87574 138 451571
864 81942 98476 48 209235
865 81957 84890 31 12379
866 82091 85214 14 8040
867 82107 87127 8 14729
868 82119 85467 14 3546
869 82133 92880 8 29375
870 82162 83882 14 15273
871 82268 99117 98 781176
872 82322 88935 108 704806
873 82406 87207 112 326073
874 82487 89982 30 111521
875 82745 86578 131 313252
876 82795 91644 51 127559
877 82798 83748 70 37576
878 82858 85359 37 24361
879 83031 90967 49 55977
880 83149 83451 53 3082
881 83280 85113 78 53681
882 83310 92571 142 322358
883 83357 85142 118 58516
884 83458 92490 8 69038
885 83465 85805 45 49976
886 83508 85446 8 9304
887 83587 88968 53 53023
888 83690 84203 7 3122
889 83766 85827 81 91825
890 83947 88300 62 158981
891 84046 86877 21 19748
892 84152 91036 27 101752
893 84409 84613 33 2478
894 84722 89519 104 131419
895 84857 91557 102 498710
896 84904 88974 44 113630
897 84971 88893 53 114899
898 85086 89965 75 85875
899 85164 97430 19 58895
900 85200 98879 13 23033
901 85367 87653 106 208652
902 85393 92053 5 10718
903 85433 94638 44 121421
904 85669 87758 87 63737
905 85817 86933 13 7617
906 85926 90908 74 364196
907 85931 86864 76 32154
908 86111 93180 129 392061
909 86134 90233 117 308947
910 86282 89587 37 39588
911 86357 97469 60 157320
912 86542 97916 107 121892
913 86555 94481 23 40929
914 86633 98942 16 113511
915 86637 88743 18 31250
916 86682 88469 67 51371
917 86702 88622 53 43967
918 86780 87655 120 34405
919 86841 99399 61 150657
920 86959 95228 14 64022
921 87156 93497 139 514270
922 87164 91684 78 303314
923 87166 88466 63 21143
924 87200 90942 68 213730
925 87208 88606 134 91149
926 87239 90593 133 97405
927 87349 90201 6 11650
928 87564 93141 102 132985
929 87568 89056 14 22299
930 87637 89039 23 8739
931 87669 89817 11 18642
932 87860 89810 4 4017
933 88157 91743 68 188659
934 88176 99225 9 22760
935 88186 97529 24 126351
936 88225 94382 123 786140
937 88259 94051 9 12838
938 88290 98911 87 314838
939 88384 95970 89 351130
940 88491 92566 108 216722
941 88495 89460 54 43800
942 88498 92251 52 103270
943 88694 97283 22 59361
944 88861 90813 41 49047
945 88946 91284 24 10878
946 88958 88983 120 1765
947 89045 99994 112 320168
948 89123 93971 29 90622
949 89154 94847 38 89009
950 89268 99486 7 49721
951 89450 90837 104 34896
952 89609 97320 85 267318
953 89793 89827 88 2891
954 89954 93393 114 219881
955 90078 91844 5 1819
956 90307 97280 16 41247
957 90613 93412 99 91087
958 90778 93347 79 57170
959 90802 96931 101 298584
960 91047 92492 84 49461
961 91248 91345 62 2037
962 91384 99314 119 236271
963 91398 93247 103 164468
964 91516 98901 25 117505
965 91525 95095 97 145731
966 92222 93974 61 26491
967 92347 96115 128 153797
968 92357 96966 106 151665
969 92559 92776 115 9096
970 92568 94170 118 112387
971 92623 94140 42 21151
972 92793 92849 28 1178
973 92898 94264 35 18311
974 93168 94591 32 18297
975 93197 97230 26 77777
976 93506 93692 86 7348
977 93522 96507 17 9936
978 93843 97409 36 27146
979 93929 95438 59 21029
980 94002 95338 69 40572
981 94299 95264 83 24498
982 94368 98579 56 206437
983 94374 95189 123 114457
984 94790 96787 31 24989
985 94888 95148 89 13370
986 94929 95756 10 5673
987 95222 99674 66 156624
988 95246 98439 51 69291
989 95272 96564 9 3994
990 95682 99160 85 127715
991 96458 96595 72 3100
992 96610 98370 119 92392
993 96630 98098 43 47054
994 96896 97734 110 28955
995 97666 98918 74 10583
996 97896 99961 44 46646
997 98105 98559 49 7196
998 98186 98445 139 27985
999 99042 99546 80 19390
