50 1000 0.054
......................................#...........
...................................######.........
....................#..............###.#..........
...................###...............#............
.................###.................#............
................####...........................##.
.................##..........................#####
................................................#.
..................................................
.........................................#.#......
.........................................###......
....#.....................................####....
..#####...................................###.....
...##..#..................................#.......
...##..#..........................................
....####..........................................
.....###..........................................
....####..........................................
.....##...........................................
..................................................
..................................................
..................................................
.............................................#....
.#........................................##.##...
##..............#..........................###....
.##............###.........................#......
.###..........#####.....................#####.....
.#######......######....................#.###.....
###.#.#......######......................##.......
#...............####....................##........
##..............##................................
.##...............................................
.#................................................
.###................#.............................
.#..#...............#..##.#.......................
#####...............#.######......................
.###...............########.......................
#####..............####.###.......................
###................#.#####........................
##...................#####........................
###..................##...........................
..#...................#...........................
..................................................
..................................................
..........................#.......................
........................####......................
........................#.#.......................
....##..................####......................
...######................###......................
..########........................................
0 65 9580 94 435206
1 263 1059 144 125321
2 304 671 8 3478
3 365 11787 28 54882
4 384 13036 9 54646
5 421 814 120 34477
6 426 2121 11 4602
7 489 750 105 32088
8 577 2986 6 12982
9 601 1342 74 31303
10 630 1690 56 41121
11 711 7143 33 84871
12 915 9632 116 984143
13 943 3366 84 104188
14 969 5018 68 134507
15 1084 3362 100 83818
16 1135 26556 146 3062801
17 1188 2867 123 196299
18 1243 3657 61 44251
19 1290 1676 28 9584
20 1362 12498 115 173993
21 1380 16994 12 29819
22 1451 1491 108 2169
23 1471 7170 45 184463
24 1982 3853 48 40380
25 2169 2432 29 3464
26 2373 3235 38 30551
27 2430 7749 150 139010
28 2487 3029 39 22913
29 2495 2769 21 4697
30 2539 3461 54 45384
31 2575 7454 56 144870
32 2668 15659 36 193502
33 2707 12297 51 123168
34 2795 5512 96 128716
35 2841 5699 92 117521
36 2872 19564 117 941056
37 2995 3440 55 18918
38 3070 6625 111 206394
39 3071 4105 129 70942
40 3087 9908 19 102629
41 3176 15432 14 110162
42 3529 4673 65 26943
43 3603 12635 15 69037
44 3625 33004 112 1612918
45 3685 4317 43 30579
46 3719 5068 12 5439
47 3847 6841 9 15009
48 3962 11263 108 418659
49 3987 12974 118 423089
50 4000 16625 148 691785
51 4053 15388 59 180476
52 4108 5035 125 44618
53 4187 6948 54 59336
54 4261 5309 15 4688
55 4288 11866 22 75171
56 4330 12267 72 147672
57 4369 7172 61 24401
58 4390 8219 48 65291
59 4568 13045 147 1385243
60 4732 9582 81 161408
61 4835 8369 30 42935
62 4839 14571 10 33759
63 4912 6312 5 2014
64 5085 21540 29 184882
65 5130 20770 26 278483
66 5155 5504 59 13099
67 5225 11110 7 19740
68 5267 7548 117 210347
69 5308 19729 110 952764
70 5433 11722 17 54148
71 5474 5553 5 317
72 5605 6946 148 51141
73 5606 6038 104 8371
74 5672 8926 53 41638
75 5752 7087 33 15548
76 5754 15410 15 68317
77 5773 17566 17 25683
78 5838 13283 124 582780
79 5978 8749 11 21687
80 5982 13238 21 74545
81 6111 9810 34 69250
82 6153 11700 102 210681
83 6306 25838 86 961205
84 6570 13687 12 40383
85 6653 17529 56 137174
86 6682 10993 78 149420
87 6843 38753 148 1055056
88 6861 12912 92 325558
89 6929 9253 53 62007
90 6973 10513 144 107557
91 7144 8236 24 16206
92 7411 9325 138 240188
93 7450 23759 6 19506
94 7458 19627 144 897872
95 7523 12713 117 303748
96 7786 16011 10 48517
97 7896 15699 11 60694
98 7992 8453 5 1218
99 8022 14327 147 972955
100 8227 31151 69 1332009
101 8250 17171 140 893156
102 8333 13394 6 17534
103 8406 14377 19 37368
104 8407 17142 11 32884
105 8481 22228 137 813957
106 8482 13708 46 64384
107 8535 12581 126 192900
108 8595 8747 71 14733
109 8729 8940 10 1378
110 9031 9801 19 13909
111 9223 12595 56 85314
112 9463 21006 19 60375
113 9589 19990 22 109488
114 9624 15004 55 50960
115 9824 10236 36 8186
116 9834 10990 95 27085
117 9866 12447 39 42288
118 10158 15628 8 41258
119 10169 14498 80 237330
120 10216 31077 77 624141
121 10359 15679 16 17580
122 10362 14534 104 172671
123 10372 19097 82 137373
124 10583 20203 10 80589
125 10714 18084 113 287084
126 10742 18291 59 273080
127 10773 22403 40 339160
128 10847 21884 39 155345
129 10855 12771 37 21127
130 10958 21972 70 869315
131 11032 11640 81 27929
132 11042 12119 54 48572
133 11146 26055 26 84180
134 11273 16743 111 201376
135 11408 15846 26 56662
136 11426 11708 32 4770
137 11443 17034 99 244552
138 11445 22039 148 1103708
139 11476 28468 32 128503
140 11523 18864 91 265964
141 11591 12232 11 2055
142 11690 20815 142 499338
143 11863 24878 22 111442
144 12345 22943 10 25546
145 12606 13001 5 1442
146 12763 17856 39 26918
147 12831 16169 126 175064
148 13095 20525 23 38056
149 13399 14636 100 24062
150 13413 15421 12 6478
151 13439 36363 115 868455
152 13505 13589 82 9280
153 13575 18638 7 22418
154 13588 14058 5 1698
155 13604 22037 11 29942
156 13614 24377 101 683724
157 13639 21867 55 127261
158 13647 31180 8 90259
159 13666 19020 125 189224
160 13685 15096 80 68948
161 13785 19306 113 135633
162 13930 30937 14 94344
163 13987 15359 93 162653
164 13990 20800 67 77765
165 14033 20789 144 1151295
166 14191 16470 68 43049
167 14462 19900 104 348888
168 14484 34243 39 113180
169 14759 16631 135 91195
170 14808 26168 60 468519
171 14835 16963 28 9335
172 14897 37189 127 1769034
173 14964 20994 52 140412
174 15006 34227 88 1468573
175 15054 16429 16 7018
176 15088 23867 46 163252
177 15581 17124 37 53516
178 15610 19310 107 147230
179 15672 17947 93 69135
180 15784 28293 40 216570
181 15861 16525 65 49137
182 15881 37894 95 2386737
183 16164 40453 95 1094288
184 16306 17285 29 11826
185 16311 20172 19 20662
186 16341 50245 23 317041
187 16361 20016 72 119556
188 16630 25763 63 344003
189 16724 18177 71 71205
190 16746 25568 130 1026968
191 16941 27061 11 75905
192 17030 23072 107 230023
193 17045 19507 18 18533
194 17052 30657 30 65725
195 17121 25066 32 63861
196 17424 18540 51 33591
197 17570 18619 19 17030
198 17713 19296 119 83446
199 17723 24668 74 113644
200 17944 19103 67 26279
201 17960 35179 96 1418243
202 18038 25652 41 61442
203 18058 20243 49 71631
204 18098 28590 11 37545
205 18350 19226 37 11745
206 18388 25392 70 143144
207 18414 31031 9 39296
208 18502 22106 84 129045
209 18529 20028 121 137060
210 18545 19053 5 1157
211 18643 21968 12 18266
212 18691 27049 19 98068
213 18712 19844 20 13008
214 18778 21657 59 141146
215 18797 27890 83 329149
216 18980 24362 39 86263
217 18999 22022 25 88913
218 19056 21623 22 12070
219 19076 35376 128 1225555
220 19105 25716 32 153467
221 19204 19643 7 1370
222 19247 23810 30 42250
223 19427 21775 132 196153
224 19456 23239 32 14533
225 19466 27223 44 236509
226 19536 26607 61 75578
227 19543 25706 86 255579
228 19587 25614 30 62098
229 19612 20213 5 1248
230 19645 40646 12 180537
231 19666 28594 133 879582
232 19798 22276 77 52297
233 19806 24989 11 25585
234 19813 22566 74 98481
235 19872 21790 17 23407
236 20141 22556 68 150604
237 20266 23660 13 29074
238 20426 30537 30 223031
239 20654 21122 7 2185
240 20731 22336 66 52535
241 20873 24295 40 86588
242 20993 21980 119 50408
243 21043 35824 13 144960
244 21054 22101 47 37514
245 21098 24636 44 121561
246 21115 33081 5 13170
247 21144 21630 61 33413
248 21218 22889 82 32361
249 21357 39028 83 349929
250 21390 28837 140 357089
251 21396 47675 36 164500
252 21519 21627 24 3185
253 21583 33614 13 154261
254 21679 26434 79 138087
255 21757 21800 88 4989
256 21988 22531 34 41630
257 22141 23909 8 7871
258 22239 27161 114 151627
259 22350 26285 33 186239
260 22465 36208 6 9558
261 22535 26281 32 48316
262 22545 22663 122 7464
263 22603 27343 47 51580
264 22621 23776 108 41229
265 22649 31500 25 62472
266 22821 50058 46 315178
267 22844 23676 127 58435
268 22846 24571 137 68358
269 23015 37263 30 54093
270 23179 26166 9 12188
271 23297 27169 5 3805
272 23511 28214 112 253402
273 23520 25861 79 40122
274 23646 33843 34 241012
275 23668 24713 148 101709
276 23772 27344 66 106693
277 23842 24851 96 46554
278 23962 30975 28 239675
279 24294 30515 72 317524
280 24321 30970 103 252186
281 24351 25168 25 17747
282 24352 28683 42 91360
283 24624 28678 24 35050
284 24818 34005 7 32452
285 24825 32866 118 351611
286 25059 25118 34 754
287 25232 26061 65 34117
288 25235 27127 38 19786
289 25436 27164 7 4177
290 25495 25889 21 10147
291 25580 29525 41 85452
292 25682 28518 61 120483
293 25719 26470 43 17839
294 25767 26289 17 2530
295 25791 46602 53 776583
296 25795 26201 117 21413
297 25985 46113 101 967436
298 26138 31553 58 375481
299 26163 32190 72 171535
300 26174 37955 8 70234
301 26250 27519 8 6697
302 26316 28536 5 4939
303 26355 33174 47 45244
304 26428 36855 136 891181
305 26525 31029 129 103526
306 26584 44005 107 924628
307 26730 32251 44 112689
308 26799 27871 68 15694
309 26970 42882 95 581481
310 26981 47225 59 104500
311 27089 29545 121 179383
312 27132 33615 42 98993
313 27138 53692 116 450354
314 27213 28486 74 40904
315 27255 43801 32 233005
316 27348 27870 41 12346
317 27787 29547 111 102178
318 27823 53637 7 74516
319 27830 35612 22 36943
320 27932 37627 18 124687
321 27977 33670 44 92743
322 28034 32264 6 12657
323 28083 32677 133 246302
324 28353 33054 96 143514
325 28389 30138 12 7454
326 28441 29669 20 11532
327 28629 32715 6 11023
328 28732 29031 8 1478
329 28735 29880 65 25622
330 28768 40751 34 86352
331 28770 30583 27 67767
332 29147 32738 48 48528
333 29223 40333 125 475206
334 29462 30891 83 35654
335 29482 41245 68 187042
336 29539 30636 74 15430
337 29602 31369 106 247218
338 29745 30200 8 702
339 29800 31381 53 40719
340 29879 36891 79 369329
341 30216 30785 134 21094
342 30396 40654 100 447659
343 30503 33310 68 196346
344 30545 34752 18 71703
345 30756 39953 102 414101
346 31001 43056 150 687598
347 31085 36062 86 68951
348 31119 32066 54 17241
349 31145 39679 22 35432
350 31252 47207 119 3232785
351 31310 31565 64 10404
352 31356 34553 120 150310
353 31372 35388 136 327002
354 31376 35171 75 230252
355 31572 45980 14 62494
356 31586 34957 41 45093
357 31612 48953 91 440921
358 31673 43595 34 120317
359 31674 34212 18 20023
360 31808 54482 30 224050
361 31856 32165 27 1933
362 31962 32391 39 7646
363 32001 34134 28 25996
364 32115 38212 18 23465
365 32145 40474 61 243207
366 32260 32897 122 45857
367 32411 32423 141 934
368 32609 38950 18 23893
369 32716 37707 143 118521
370 32810 47333 45 126998
371 33067 66710 41 136671
372 33155 37527 29 23812
373 33425 36235 25 32351
374 33552 35948 23 10367
375 33701 41742 8 43713
376 34046 36426 101 136542
377 34117 48167 73 688113
378 34166 34459 116 42053
379 34206 49161 50 316613
380 34245 36839 36 18907
381 34294 38198 32 14835
382 34399 46040 7 13739
383 34498 36445 14 10863
384 34507 39234 32 62215
385 34559 37727 41 134300
386 34645 42965 25 117523
387 34667 34784 19 1000
388 34848 36045 141 55422
389 34878 60948 7 47726
390 34938 38346 72 111169
391 34986 41410 54 387619
392 35003 35434 11 1484
393 35192 35296 106 9185
394 35209 36194 107 27362
395 35223 37428 70 100310
396 35252 39826 9 36641
397 35361 37281 5 7973
398 35383 48771 20 130525
399 35521 43112 105 456356
400 35663 43794 69 168159
401 35761 44823 97 738592
402 35762 37921 32 19273
403 35809 50912 50 205325
404 35855 41173 54 95009
405 35871 40605 138 205635
406 35884 48352 66 375698
407 36066 36240 83 22466
408 36091 36112 109 2645
409 36223 51317 36 255736
410 36307 40712 6 7352
411 36350 38504 84 90213
412 36380 49062 5 29539
413 36524 36695 91 9960
414 36598 47042 77 280269
415 36644 38429 120 55471
416 36732 38849 9 5870
417 36808 45484 6 30882
418 36921 59527 125 687213
419 37373 45769 120 508136
420 37377 38936 149 69235
421 37547 39133 95 128329
422 37600 39185 102 56463
423 37852 47746 143 1026063
424 38152 40466 67 33783
425 38182 43377 128 336086
426 38246 44131 43 43218
427 38319 54674 5 34664
428 38656 40977 66 95874
429 38669 49413 25 203536
430 38905 45740 43 155204
431 38941 40727 71 44343
432 38983 46060 11 38859
433 38985 40563 74 65354
434 39022 49704 57 327004
435 39092 43799 119 253787
436 39395 45856 44 133859
437 39437 50544 45 169159
438 39541 40889 39 41075
439 39604 43560 62 177648
440 39607 45425 16 104906
441 39615 45291 8 14333
442 39635 63006 8 32168
443 39865 42177 28 15225
444 39912 45611 55 180900
445 40032 40265 11 1377
446 40033 40245 11 1125
447 40102 42535 113 154004
448 40131 40395 8 950
449 40163 48668 111 740482
450 40165 64536 68 352437
451 40168 44021 55 65709
452 40218 64895 106 3136722
453 40233 44575 52 134203
454 40409 41579 98 48181
455 40468 46586 24 66150
456 40471 42812 111 275181
457 40472 40946 134 17553
458 40724 47106 74 122056
459 40834 48060 76 210752
460 40845 54589 19 78254
461 41025 44996 37 58816
462 41146 46225 82 118431
463 41148 55936 46 361971
464 41183 43164 9 5882
465 41191 46061 11 33109
466 41222 51799 149 705092
467 41274 53430 36 131973
468 41278 49929 33 122797
469 41361 43717 71 49686
470 41406 51551 94 435064
471 41483 41565 22 2474
472 41644 51542 19 127409
473 41917 49066 70 616212
474 42064 42768 22 20703
475 42137 59442 15 209069
476 42222 43734 29 29175
477 42320 43956 9 7482
478 42691 44389 13 6528
479 42753 51013 35 264221
480 42776 45658 6 7440
481 42914 46231 58 182109
482 43011 49275 6 31212
483 43032 43780 82 29112
484 43163 56094 87 180325
485 43202 61787 20 229661
486 43244 55601 9 29844
487 43305 70903 126 2512440
488 43312 45737 10 14754
489 43402 45266 63 156280
490 43428 43859 41 24727
491 43450 48789 9 28672
492 43495 43694 139 52507
493 43533 47597 130 373389
494 43565 46485 6 11690
495 43714 44880 68 51037
496 43784 49016 42 90466
497 43800 47670 42 33586
498 43856 48635 57 71271
499 44127 46737 96 131529
500 44403 45462 13 11678
501 44529 46767 15 14856
502 44628 71389 85 650519
503 44645 54220 5 23925
504 44738 46966 138 130486
505 44774 50833 40 46593
506 45062 52399 19 52316
507 45217 48101 35 60326
508 45261 46118 49 22801
509 45416 50045 5 16871
510 45548 52562 113 288653
511 45572 50949 53 196893
512 45653 48775 109 66820
513 45691 55289 27 125349
514 45791 50813 146 439296
515 45876 47050 7 1589
516 46069 48572 21 11599
517 46204 47925 23 40413
518 46237 50468 21 28835
519 46263 64659 68 911861
520 46484 49221 32 40884
521 46699 54533 23 68797
522 46908 53579 23 53658
523 47158 52308 35 142460
524 47185 47608 38 9505
525 47219 52037 39 33874
526 47512 51970 38 77748
527 47534 58633 140 444508
528 47566 50364 110 250688
529 47617 48397 131 141118
530 47745 48809 72 25118
531 47858 56172 38 127155
532 47912 50149 91 106288
533 47921 55871 28 32084
534 48388 49800 65 28088
535 48510 48677 130 13816
536 48513 57590 25 85672
537 48544 49296 82 36107
538 48782 69709 20 809726
539 48881 58393 131 297388
540 48950 58720 127 341270
541 49013 49082 48 1648
542 49101 49212 11 1152
543 49261 57196 8 21363
544 49375 56555 13 76504
545 49433 57693 92 141255
546 49480 61132 15 69737
547 49723 49751 106 2419
548 49739 68660 58 801049
549 49817 52442 101 399137
550 49833 59553 84 197250
551 49903 58226 135 305824
552 49987 59111 23 71811
553 50096 54607 21 61921
554 50155 50374 37 4716
555 50283 56061 124 163578
556 50348 57692 146 541997
557 50353 50629 69 3394
558 50451 52844 21 17052
559 50711 69067 126 1142219
560 50782 58772 27 107529
561 50925 57088 73 97683
562 50970 58103 42 261174
563 51055 66260 54 276907
564 51168 53348 149 91026
565 51263 61519 146 385917
566 51268 56735 8 17387
567 51271 52807 10 8071
568 51397 63071 23 114126
569 51534 74605 6 79602
570 51625 67913 27 203502
571 51684 63982 76 594877
572 51735 52550 100 9838
573 52114 54807 15 8893
574 52281 58414 9 54038
575 52358 56825 7 37030
576 52457 56246 128 189130
577 52517 65155 4 18980
578 52607 55998 128 223990
579 52670 56833 86 393841
580 52723 70698 109 547267
581 52829 75550 61 395679
582 53033 65786 47 408610
583 53051 58553 7 18706
584 53080 82431 36 2303130
585 53122 63777 59 112190
586 53211 63223 38 171546
587 53567 57354 4 4842
588 53767 72934 52 247031
589 53897 74602 8 33289
590 53917 61356 63 431243
591 54099 56461 95 73766
592 54140 70935 124 1364904
593 54282 73202 47 328015
594 54292 60068 51 119807
595 54414 57080 10 33287
596 54492 57654 74 42676
597 54665 81346 19 124959
598 54743 63842 125 137881
599 54964 68831 112 1634274
600 55106 62235 27 15722
601 55114 61265 56 135301
602 55200 58557 11 24582
603 55338 66180 125 551667
604 55471 62039 7 16535
605 55556 55943 56 5558
606 55681 57855 76 136149
607 55736 57535 101 110470
608 55810 57227 20 32786
609 55822 56096 19 968
610 55977 57768 57 87596
611 56003 58446 132 575934
612 56014 70448 66 525810
613 56022 57913 4 4572
614 56081 62093 13 36678
615 56084 59136 11 23817
616 56193 65643 137 533822
617 56383 59576 21 41170
618 56508 60135 49 63778
619 56650 62643 11 43376
620 56666 57083 33 4513
621 56900 59973 6 5814
622 56996 63058 23 81175
623 57038 62613 82 214259
624 57074 63180 114 782792
625 57139 68676 23 201649
626 57231 59130 129 71615
627 57312 74760 125 994698
628 57315 58873 149 71670
629 57321 58348 83 43496
630 57511 62499 58 65808
631 57551 62266 76 262454
632 57585 63901 142 542729
633 57586 72824 130 359359
634 57603 58529 146 106605
635 57686 65735 102 117417
636 57687 61152 24 21582
637 57850 68751 78 477197
638 57949 71422 101 641770
639 58046 59016 86 56620
640 58078 78416 20 111542
641 58106 58608 33 7424
642 58180 63734 95 242811
643 58209 64180 45 108780
644 58217 75634 70 952855
645 58352 69169 139 1711854
646 58358 70123 59 148324
647 58625 59619 43 14168
648 58703 59293 14 1734
649 58799 68138 97 422830
650 58936 61665 8 7570
651 59041 63088 5 7222
652 59116 61927 49 46994
653 59180 62492 43 73497
654 59478 61754 91 77671
655 59608 60077 25 16652
656 59632 78806 66 407702
657 59752 71626 82 250823
658 59895 70625 22 67417
659 59965 73881 10 85482
660 59986 68237 118 478177
661 60104 70106 64 179347
662 60182 79351 129 1419643
663 60302 60539 107 15189
664 60368 62680 41 21957
665 60536 68264 85 500288
666 60577 65298 41 47010
667 60602 62598 116 53318
668 60612 62516 34 18783
669 60671 77120 14 145279
670 60969 64526 81 83040
671 60978 61918 71 58923
672 61055 63152 43 71797
673 61139 62438 22 19620
674 61481 62141 88 14160
675 61498 65166 131 189362
676 61515 62728 22 20544
677 61526 64025 37 30778
678 61662 62502 12 2978
679 61680 79591 107 511468
680 61687 76971 52 364694
681 61845 62998 30 21634
682 61872 71478 6 22642
683 61876 67433 37 54893
684 61908 64142 116 156296
685 62007 63827 148 147438
686 62213 76955 4 83999
687 62240 68934 41 65608
688 62254 71916 18 49553
689 62276 72153 15 146692
690 62377 62898 29 3441
691 62526 65371 13 28492
692 62528 64875 105 218880
693 62696 73233 38 118692
694 62700 62805 62 1832
695 62729 64832 92 68043
696 63207 79131 122 681499
697 63227 69636 48 140909
698 63268 63531 137 11605
699 63499 80608 49 331673
700 63637 66052 29 26999
701 63711 67762 9 15369
702 63799 73628 104 419358
703 64216 71109 19 58189
704 64222 66034 108 53894
705 64246 77644 9 52778
706 64275 66600 94 115829
707 64315 66074 93 84595
708 64365 68171 97 345663
709 64392 68549 54 85030
710 64439 84832 33 471944
711 64496 79204 132 587227
712 64531 65154 56 42362
713 64830 72581 92 287895
714 64912 71148 63 107049
715 64987 69358 25 55582
716 65028 65588 12 4304
717 65260 70209 33 29956
718 65350 73278 17 65744
719 65488 71266 76 141141
720 65563 77278 76 275009
721 65571 88086 23 139930
722 65689 71052 19 20704
723 65853 69881 37 59814
724 65952 75502 110 297029
725 65954 77369 7 42311
726 65963 67197 6 2186
727 66005 77298 33 162512
728 66185 69429 64 75983
729 66211 71309 118 470349
730 66262 74934 38 69642
731 66490 66739 38 1034
732 66556 87987 19 89602
733 66570 70964 20 90863
734 66585 74984 12 14561
735 66719 76842 22 86155
736 66763 71332 56 224114
737 66778 69747 7 13661
738 67104 71439 75 363195
739 67165 72208 73 248809
740 67252 76780 28 152790
741 67388 70215 28 34351
742 67452 67934 101 41573
743 67463 85138 53 232913
744 67473 72440 12 9009
745 67516 72105 30 64857
746 67564 92277 85 582773
747 67591 75563 18 36872
748 68143 92843 72 995402
749 68310 72023 19 42546
750 68438 84405 63 688207
751 68440 72003 11 17025
752 68544 76033 27 130405
753 68643 86338 45 359254
754 68690 71387 26 54671
755 68832 83132 11 125899
756 68836 75524 28 48277
757 69002 70772 9 15292
758 69088 69721 17 8451
759 69144 70630 85 74050
760 69407 70058 43 37648
761 69448 77727 143 650077
762 69507 71754 41 21422
763 69659 79950 22 87980
764 69686 86406 70 304219
765 69734 96315 16 152387
766 69758 78034 144 349430
767 69952 71054 68 40165
768 70047 76598 128 286066
769 70087 70616 80 15249
770 70249 81660 135 457490
771 70264 71600 44 42998
772 70268 79012 33 114373
773 70629 74848 117 122147
774 70833 73795 21 23901
775 71028 71264 100 23832
776 71165 77743 5 16645
777 71261 72325 79 41770
778 72004 94796 13 110386
779 72048 75068 12 14217
780 72067 72100 125 966
781 72178 76254 35 101574
782 72214 83385 137 344248
783 72407 76158 140 278998
784 72553 84503 73 168448
785 72599 73018 6 1086
786 72643 74026 29 14602
787 72704 90025 81 177698
788 72735 84007 43 250158
789 72940 93965 73 2177420
790 73037 81518 50 137678
791 73128 76194 9 3822
792 73179 77249 54 91429
793 73250 77014 148 149250
794 73251 77843 7 20801
795 73267 73760 58 11295
796 73398 82607 74 279903
797 73453 79880 12 42853
798 73586 77367 16 21311
799 73623 78469 99 336323
800 73799 78182 8 11089
801 73825 75130 4 2584
802 73843 89452 12 53414
803 73857 78661 22 39959
804 73940 75711 69 28648
805 74003 79707 27 76082
806 74009 75302 81 75352
807 74017 83069 63 123936
808 74646 94382 147 2202669
809 74695 93393 36 447847
810 74717 75164 49 25285
811 74838 78024 22 7809
812 74902 75208 37 9842
813 74918 90061 119 345827
814 75132 82723 24 23339
815 75214 79795 116 221503
816 75320 83252 139 452356
817 75402 98317 121 577971
818 75414 81237 32 59056
819 75437 87933 116 828749
820 75576 75792 49 2004
821 75578 90621 41 435661
822 75582 82774 51 536934
823 75638 87590 102 396190
824 75789 79829 96 88093
825 76054 81653 7 19594
826 76062 80876 10 15460
827 76082 79760 113 222455
828 76089 87220 35 105229
829 76197 87167 75 511729
830 76221 76803 31 6250
831 76273 78141 79 78438
832 76500 89044 83 616430
833 76501 77159 99 24794
834 76518 83846 127 308953
835 76594 81383 98 220022
836 76640 81175 21 35063
837 76644 80163 8 15461
838 76790 82903 6 14685
839 76848 81970 4 12943
840 76880 97350 118 536044
841 77004 84729 15 30485
842 77041 92021 100 268383
843 77058 80789 37 36138
844 77505 91339 111 611317
845 77522 80390 10 13327
846 77586 97279 56 650257
847 77752 79026 77 51936
848 77830 89215 106 322523
849 77854 84604 39 179276
850 77902 79737 26 41052
851 77932 87399 15 126178
852 78114 94376 18 302389
853 78281 83773 87 132310
854 78376 84780 100 302689
855 78395 84955 98 540506
856 78481 80214 129 141481
857 78609 81405 71 81195
858 78748 79907 30 28872
859 78901 82777 23 60189
860 78965 82705 5 17236
861 79190 88128 40 186997
862 79261 80716 38 54931
863 79557 83561 41 43392
864 79576 85692 122 347903
865 79582 80733 14 4859
866 79666 89477 26 71060
867 79794 86390 11 18261
868 79836 84991 60 211158
869 79995 92059 6 28928
870 80042 80467 25 8039
871 80059 83650 56 13649
872 80104 88622 147 646632
873 80183 86024 18 41658
874 80200 81045 37 15868
875 80219 85982 37 49970
876 80468 85631 71 54144
877 80602 82062 6 2967
878 80605 81626 141 111638
879 80631 98909 125 518105
880 80792 92986 55 415503
881 81115 84927 39 81234
882 81212 89332 7 24004
883 81254 89214 38 92920
884 81325 84818 6 10281
885 81442 84051 11 20906
886 81585 94590 32 493532
887 81593 82001 108 13924
888 81682 91167 25 30590
889 81922 84224 10 24867
890 81994 92586 35 140407
891 82332 87336 5 11198
892 82433 83600 10 4534
893 82506 86994 134 264216
894 82604 84573 7 9855
895 82658 84121 125 76515
896 82859 86558 26 122161
897 83076 97052 111 510713
898 83314 89225 133 258296
899 83341 94873 63 172405
900 83501 86381 39 40222
901 83511 95789 9 22971
902 83527 92190 59 105094
903 83543 85560 59 55845
904 83861 94922 46 122457
905 83916 90455 35 51647
906 84120 84773 55 11313
907 84143 84633 67 8078
908 84253 85607 11 7041
909 84469 88333 83 207099
910 84589 91723 101 518065
911 85015 89108 108 489984
912 85162 94546 26 438373
913 85242 86092 30 12497
914 85472 86199 19 19110
915 85528 96615 42 104299
916 85536 90468 5 27544
917 85639 98891 50 370578
918 86144 93619 125 352128
919 86203 89710 8 7363
920 86336 86537 121 15666
921 86361 88863 26 25327
922 86546 88808 58 30014
923 86739 88331 46 15172
924 86817 96545 41 152035
925 87066 88270 42 25704
926 87087 94926 118 603249
927 87234 91096 26 71072
928 87406 99255 103 380617
929 87479 97155 142 540071
930 87660 89133 103 101353
931 87717 91400 86 128084
932 87739 97858 145 409037
933 87791 91220 25 75683
934 87829 90544 137 109428
935 87885 88298 50 20971
936 88277 92000 11 13619
937 88422 96430 121 263387
938 88437 92387 19 37884
939 88534 88952 129 11802
940 88624 95345 140 181713
941 88667 88944 5 1127
942 88866 89951 7 2180
943 88917 92899 49 110875
944 89020 91733 97 100414
945 89244 91410 56 82687
946 89451 91418 88 219423
947 89626 91380 19 13958
948 89800 91589 98 68149
949 89834 96421 44 99010
950 89909 92729 67 122346
951 90055 91116 135 128804
952 90107 91013 25 17830
953 90162 94187 8 5445
954 90266 94509 122 119745
955 90625 92480 56 123504
956 90952 95964 53 50708
957 91008 97390 108 181001
958 91026 93203 49 66985
959 91295 96399 21 96814
960 91593 98817 24 75447
961 92304 94598 128 29258
962 92388 94815 10 5573
963 92419 93981 121 114661
964 92648 94094 12 7101
965 92761 95194 114 274798
966 92997 99351 120 224317
967 93031 95459 12 14631
968 93169 96854 16 17546
969 93238 97888 35 89904
970 93246 96952 41 46890
971 93703 98673 25 63196
972 93806 97790 125 233850
973 93990 94395 82 15322
974 94412 97362 65 73151
975 94502 97968 71 104269
976 94703 98799 87 258975
977 94736 99154 37 76173
978 94738 95377 5 2803
979 94849 98085 26 36328
980 94941 97184 110 101951
981 94998 95420 75 20153
982 95051 97099 43 59140
983 95129 97312 118 93454
984 95288 98144 107 506715
985 95376 98616 31 100268
986 95977 96439 51 16954
987 96338 99228 67 84733
988 96462 97686 117 112731
989 96643 99856 15 15504
990 96927 97652 91 25906
991 97016 97192 18 1667
992 97153 98534 114 79114
993 97673 99702 114 85500
994 97870 97993 63 6664
995 97930 99236 9 4453
996 98659 99652 15 4171
997 98776 99673 97 71892
998 98929 99827 14 1562
999 99045 99149 35 3243
