50 1000 0.023
..................##.........................##...
...................#........................###...
...........................................##.##..
...............................#..............#...
...............................#.........####.....
...........................................#......
.....................#....................####....
.................#####..........#..........###..#.
.....................#..........#.#........#.#....
...............................##.#...............
...............................####...............
...............#####.............#................
................#####.#..........#................
...........##.....#####..........#..##............
..................#..#............................
.....................##...................##......
..........................................#.......
............................#.............#.......
............................##............#.......
............................##....................
.............####...........#.....................
..............#...........####....................
..............#.............##....................
..........#...#..............#........#..#........
....###...#..........................#............
....##....##........................##............
.....#.....#........................##............
..................................................
...............#..................................
...............#..................................
..............##..................................
...............##...#.............................
................##..#.............................
................#.................................
................#.................................
................#.....####........................
......................####........................
.......................................#..........
...............................#.......#..........
...............................#..................
......................#...........................
..###...............#.#...........................
..................######..........................
..................#...##..........................
..................#....#..........................
.....#................##.....#....................
.....#......................###...................
..............................##..................
..............................#...................
..............................#...................
0 15 11719 7 42870
1 95 9061 128 252390
2 133 7573 75 404454
3 264 2258 16 18920
4 614 1534 6 1321
5 806 7467 5 16204
6 901 1179 19 2801
7 955 3233 6 10465
8 1049 25460 135 853356
9 1438 2604 138 41188
10 1626 10157 31 75278
11 1712 25267 10 160258
12 1737 9463 47 95929
13 1787 14948 60 654092
14 1811 8311 5 21387
15 1890 4878 39 38052
16 1984 9105 16 122433
17 2143 5516 24 46254
18 2359 2701 5 1008
19 2370 15145 5 27972
20 2390 4207 33 34615
21 2441 2799 45 19248
22 2525 2874 59 8889
23 2533 4886 43 90624
24 2557 6040 130 146268
25 2800 5467 5 2609
26 2810 6327 120 85159
27 2832 3332 68 18028
28 3037 11643 17 42417
29 3046 6559 126 274238
30 3237 18702 78 462435
31 3315 8596 105 106447
32 3340 5093 57 41201
33 3511 8813 8 40674
34 3512 11546 19 58517
35 3526 20251 4 70483
36 3619 10597 7 11865
37 3621 10332 26 61114
38 3646 14747 16 80009
39 3753 3763 35 421
40 3921 4237 54 3300
41 4183 27158 70 1014632
42 4233 11548 57 222300
43 4311 5547 42 31887
44 4356 6011 13 18311
45 4484 12661 23 42837
46 4514 8704 9 26576
47 4527 9937 49 202376
48 4671 12351 135 249975
49 4676 17086 80 313656
50 4867 10624 4 16719
51 4943 12374 124 303495
52 5030 18484 6 65198
53 5081 6013 12 13163
54 5197 11059 66 173331
55 5350 7436 93 61556
56 5439 9880 90 226959
57 5440 6384 143 44648
58 5523 20363 20 126943
59 5662 8230 112 311131
60 5783 18516 89 330056
61 5868 9707 52 228431
62 5911 16902 68 151067
63 6178 6359 6 1018
64 6258 11620 13 8654
65 6406 21312 49 247326
66 6464 6819 83 58364
67 6785 14371 43 123644
68 7300 11726 27 58823
69 7486 15082 30 111492
70 7555 14503 66 87927
71 7647 11023 59 207380
72 7831 23559 48 99777
73 7853 11991 54 49600
74 7861 8155 17 2403
75 7994 8335 128 28422
76 8028 21708 49 335701
77 8039 9726 8 5880
78 8121 12695 36 45529
79 8128 8480 35 3974
80 8360 9554 78 58646
81 8393 9629 51 17712
82 8622 9474 31 15737
83 8727 26538 43 366702
84 8737 12283 61 158162
85 8766 9520 126 34185
86 8951 9783 75 101144
87 9423 10402 10 5414
88 9517 13359 25 44912
89 9527 12239 102 126848
90 9624 10154 109 13397
91 9685 11072 55 40430
92 9750 11020 62 42853
93 9752 20253 10 77641
94 9835 11057 46 49054
95 9888 19483 137 802161
96 9890 11069 93 62906
97 9989 11713 15 5058
98 10036 13918 40 93045
99 10113 16124 8 37469
100 10537 16762 101 433489
101 10565 19676 8 30968
102 10588 12830 36 23870
103 10786 12264 65 51534
104 10830 11973 50 8929
105 10925 17002 32 163336
106 11004 15131 125 392044
107 11169 28007 132 1594922
108 11371 18076 123 368030
109 11490 29649 117 692578
110 11766 12684 67 65359
111 11854 29886 14 247306
112 11883 26840 107 519554
113 11888 30400 45 350253
114 11921 17392 100 103916
115 12049 12616 44 12978
116 12478 16749 41 119253
117 12654 15624 111 606132
118 12662 22462 10 57070
119 12732 31293 41 232035
120 13132 18475 136 207178
121 13406 34951 7 52461
122 13416 13514 34 648
123 13590 13686 97 4953
124 13652 14032 19 2167
125 13698 24436 34 412420
126 13776 14613 28 10374
127 13902 16368 88 176674
128 13956 14741 21 4430
129 14042 24339 7 64202
130 14177 16431 10 11904
131 14219 23239 39 217494
132 14382 19022 117 127162
133 14519 21828 15 123427
134 14541 19261 123 143276
135 14570 25446 118 677760
136 14587 31222 5 29068
137 14593 22455 142 417771
138 14665 19221 97 207971
139 14695 21575 8 8477
140 14767 18274 6 3342
141 14867 15942 121 50750
142 14868 16804 62 38735
143 14965 44509 77 1211399
144 15303 17167 77 97767
145 15387 20421 25 49094
146 15494 21230 109 160847
147 15508 28962 5 29959
148 15525 21396 144 417677
149 15920 31899 26 79485
150 16009 20689 19 127052
151 16015 25489 65 420371
152 16041 25469 9 50932
153 16109 22445 58 124644
154 16116 18145 10 6897
155 16282 17053 42 30634
156 16371 21335 34 76690
157 16466 19054 98 39058
158 16617 30717 9 41244
159 16627 23301 122 98905
160 16718 24948 110 476678
161 16731 16999 47 7596
162 16754 17612 103 44321
163 16854 24527 40 103442
164 16900 20095 69 44821
165 17210 17861 88 31138
166 17216 35844 82 756076
167 17261 26036 69 412746
168 17587 18284 131 41290
169 17805 24779 17 17250
170 17898 32490 93 269685
171 18007 41739 128 930011
172 18020 23610 9 38043
173 18025 19366 11 6265
174 18046 27183 10 15426
175 18115 18644 10 2546
176 18307 20190 110 26255
177 18432 19695 5 2814
178 18445 23507 29 89056
179 18455 23625 125 286777
180 18566 27748 5 17026
181 18643 33967 16 69478
182 18675 18683 85 330
183 18695 21563 9 30756
184 18766 28092 11 53944
185 18778 23150 113 143986
186 18849 42102 51 101946
187 18932 30432 138 271571
188 19100 30805 5 35946
189 19251 52923 22 79911
190 19303 27233 5 10583
191 19362 21521 99 71025
192 19470 24439 78 210696
193 19611 26925 42 122738
194 19725 23933 41 54094
195 19750 24140 73 154532
196 19956 23026 67 129927
197 20050 22049 37 27468
198 20138 21051 33 57983
199 20242 28117 12 35187
200 20247 28988 18 25886
201 20272 23272 32 63632
202 20330 20618 38 10005
203 20744 26540 16 64896
204 21097 35040 121 1048752
205 21106 24106 19 38673
206 21152 30317 84 154759
207 21155 36148 130 649453
208 21326 24380 15 25913
209 21465 23692 12 12293
210 21500 40183 46 276909
211 21665 38190 57 173508
212 21783 24409 79 46448
213 21792 30738 142 770957
214 21803 24505 39 23211
215 21831 23420 37 32957
216 21912 35455 89 648884
217 21995 26411 34 60728
218 22075 25545 45 76559
219 22379 23135 67 16585
220 22643 28121 24 71835
221 22738 35051 32 169110
222 22982 24150 137 37799
223 23155 39458 25 194219
224 23196 32813 61 110146
225 23253 27017 74 152287
226 23370 25617 20 19862
227 23372 26755 95 142834
228 23376 24108 37 12043
229 23460 26982 64 68383
230 23493 31282 30 168440
231 23621 24893 7 2855
232 23776 32908 30 64644
233 23786 24486 9 5493
234 23811 39316 89 1172621
235 24011 24303 70 6164
236 24065 28855 130 342506
237 24139 53914 6 37721
238 24270 31065 12 14029
239 24351 29136 50 104033
240 24395 25601 13 13308
241 24446 36896 118 303665
242 24543 31364 8 10621
243 24646 31886 50 167136
244 24766 29424 121 167500
245 24795 34363 48 380215
246 24820 34859 141 394066
247 24880 37085 7 16410
248 24907 35162 5 14219
249 24917 42767 9 64952
250 24953 49091 80 832686
251 25069 37495 21 88041
252 25075 26463 120 241840
253 25200 25886 35 11843
254 25240 33890 9 17973
255 25517 31945 72 278853
256 25549 31054 132 212680
257 25577 26805 137 192205
258 25718 35180 16 67374
259 25748 32156 60 104110
260 25836 44962 19 123344
261 25936 26866 127 30853
262 25981 35701 13 63157
263 26120 29963 121 429329
264 26235 39600 39 402657
265 26259 30572 118 693568
266 26317 28081 105 123429
267 26318 31063 25 29629
268 26364 28711 8 3541
269 26461 32641 80 372394
270 26498 31013 72 66151
271 26567 43199 107 469734
272 26624 29472 134 150091
273 26629 29131 64 83723
274 26753 28206 16 25749
275 26795 27164 140 34013
276 26930 27584 24 5259
277 27107 44249 33 68653
278 27129 30969 84 94423
279 27171 36200 39 120108
280 27293 28097 26 17419
281 27331 32019 5 20190
282 27639 29126 21 8726
283 27707 29457 18 14144
284 27716 33214 53 167503
285 27732 33911 12 16971
286 27832 30531 4 3897
287 27847 30153 43 39775
288 27886 33323 69 381477
289 27887 46034 12 107831
290 28192 33458 25 34428
291 28202 42459 65 200020
292 28250 34889 20 42636
293 28362 31409 13 16346
294 28430 37476 91 387822
295 28456 34518 71 225192
296 28573 44453 77 454904
297 28689 30478 67 80460
298 28702 32898 40 38966
299 28959 30669 18 8692
300 29012 29179 148 9681
301 29101 37696 21 42285
302 29283 34190 5 26920
303 29306 32479 70 48177
304 29387 31188 9 4369
305 29388 36129 123 936391
306 29392 30414 93 43747
307 29486 32176 40 95665
308 29529 33271 102 208537
309 29862 36030 97 143272
310 29876 34654 58 159445
311 29882 31386 70 160831
312 29893 30720 4 2221
313 29958 42247 38 118505
314 30030 31280 31 20852
315 30081 34002 11 18962
316 30203 36113 72 146720
317 30294 38868 102 220759
318 30395 51144 5 74337
319 30592 32314 107 28106
320 30625 58061 135 2814779
321 30811 31310 30 5707
322 30839 32306 99 29951
323 30933 31315 61 29340
324 30989 33067 70 84259
325 31069 33137 65 57220
326 31178 33805 28 91354
327 31259 37797 65 160916
328 31261 42651 8 31147
329 31444 36340 89 392038
330 31638 33594 29 17565
331 31676 37169 63 90336
332 31775 46617 73 673269
333 31790 40237 41 293446
334 31906 33840 111 26698
335 31961 38976 44 235011
336 31967 34919 5 5464
337 32130 78576 116 1358914
338 32315 32901 20 7412
339 32430 33358 68 24355
340 32511 40962 18 24377
341 32622 33935 7 5875
342 32626 39928 106 208905
343 32702 33113 45 16158
344 32815 38187 98 110874
345 33399 34182 19 6352
346 33460 35227 10 6412
347 33545 34782 30 11897
348 33578 42762 58 186773
349 33580 49870 110 1075427
350 33647 36766 122 184309
351 33713 40711 32 209126
352 33725 41198 85 129009
353 33784 33817 5 156
354 33812 38335 45 54684
355 34132 49118 100 249027
356 34207 37111 59 69871
357 34233 34407 4 289
358 34251 36570 25 39638
359 34306 46106 24 120984
360 34353 34702 33 7477
361 34394 35664 112 67088
362 34483 38611 56 193098
363 34508 55490 34 64463
364 34588 47423 34 127659
365 34738 40605 8 4882
366 34748 47533 110 438306
367 34755 45142 16 59320
368 34862 39653 35 49459
369 34865 37638 66 59527
370 34932 36097 24 9961
371 34964 39021 63 207110
372 35047 38897 106 156266
373 35170 38861 23 35729
374 35186 44687 19 127564
375 35188 36489 35 27139
376 35372 35383 81 680
377 35391 68288 127 2394694
378 35449 43502 81 548718
379 35502 37889 11 30274
380 35601 36933 7 2698
381 35631 77292 10 397345
382 35654 44055 104 348611
383 35668 44609 21 66010
384 35720 44524 123 205104
385 35743 40969 7 25795
386 35793 49838 134 371550
387 35965 45341 85 374689
388 36087 41765 30 53406
389 36243 43318 31 33665
390 36287 49504 19 103728
391 36311 40842 81 198660
392 36424 37595 6 1524
393 36640 48081 16 57674
394 36777 45056 5 30846
395 36839 37212 37 5521
396 37054 46197 17 101630
397 37088 41209 36 67507
398 37175 38656 22 19191
399 37344 42115 106 205139
400 37470 42067 137 397129
401 37502 47412 138 1306046
402 37816 42439 134 252737
403 37831 40638 7 6317
404 37867 79069 22 382338
405 38122 42537 130 150588
406 38276 39338 13 7965
407 38282 70264 11 182776
408 38288 56919 10 190768
409 38322 40366 80 80942
410 38332 47861 59 125630
411 38551 59882 115 341884
412 38594 72939 5 89736
413 38659 53749 146 1556394
414 38672 39474 10 3591
415 38747 46677 49 116349
416 38785 40389 99 76171
417 38890 40075 97 66425
418 39154 43567 6 10977
419 39170 45877 90 363882
420 39284 41686 120 60910
421 39353 39363 136 1421
422 39358 39789 6 1157
423 39662 47430 149 160164
424 39805 45399 54 63721
425 39900 51912 62 277246
426 40188 49818 14 109527
427 40449 57835 93 495253
428 40531 40579 24 770
429 40593 41321 61 27008
430 40666 48113 35 312678
431 40674 48330 13 29580
432 40773 43512 66 71012
433 41078 50870 55 340274
434 41241 45554 116 228095
435 41267 46507 131 779241
436 41437 50024 31 69698
437 41443 48709 19 42122
438 41451 46504 50 148801
439 41854 47716 102 325262
440 42055 43610 51 23889
441 42071 59136 19 103164
442 42133 52756 8 25735
443 42432 42753 6 570
444 42568 45876 68 55056
445 42807 49455 16 48345
446 42947 44596 86 97438
447 42972 46067 54 44674
448 43004 61113 77 827085
449 43014 46940 115 194154
450 43023 45397 41 24453
451 43504 44534 143 50980
452 43587 48789 133 109555
453 43630 47831 93 223574
454 43657 52706 52 103504
455 43706 46639 69 152582
456 43715 46014 112 78517
457 44007 51463 116 675802
458 44380 49755 25 72007
459 44490 62553 18 255242
460 44538 46159 113 93335
461 44550 47601 97 128236
462 44623 45319 117 89011
463 44684 48369 114 327668
464 45035 55445 119 1187464
465 45248 55580 85 433586
466 45378 59554 9 52559
467 45415 59033 25 77885
468 45426 60223 144 1132243
469 45436 46773 73 31173
470 45461 45623 20 1592
471 45728 45915 65 8782
472 45771 53077 5 15155
473 45805 46236 11 1686
474 45905 46747 75 19996
475 46221 49788 8 23645
476 46382 49705 28 32028
477 46455 61387 5 32241
478 46488 47070 7 3432
479 46780 49913 15 9400
480 46852 55405 15 35027
481 46869 53733 108 294353
482 47105 55074 96 231045
483 47187 54288 8 17997
484 47264 50610 11 15687
485 47500 49581 35 27838
486 47518 49831 68 21687
487 47539 49681 17 8976
488 47560 60663 96 413879
489 47691 49148 142 109954
490 47780 54173 94 528014
491 47887 52316 131 459258
492 47966 48811 111 33357
493 47992 48300 8 1711
494 48008 48571 43 10411
495 48099 55093 76 246131
496 48109 49194 9 4277
497 48150 51574 79 87529
498 48241 50130 17 11373
499 48290 51415 22 25659
500 48308 56290 53 169751
501 48548 49160 118 21448
502 48665 53565 102 264332
503 48896 50104 81 33451
504 49181 52550 133 203450
505 49268 50289 4 2157
506 49436 51640 62 153073
507 49600 52901 15 24996
508 49823 58796 94 739438
509 49872 62480 109 217824
510 49918 52447 69 358995
511 49929 52831 57 61420
512 50042 54157 140 208811
513 50051 53216 37 113018
514 50082 54175 56 248324
515 50167 51209 50 15232
516 50202 60885 18 142205
517 50250 52760 36 121420
518 50441 61239 103 313477
519 50510 52427 89 41939
520 50552 66307 108 392814
521 50695 63052 10 48917
522 50844 57549 5 13885
523 51014 52796 33 23322
524 51033 59429 10 9012
525 51261 58594 69 144897
526 51409 51417 41 365
527 51465 56292 146 202800
528 51491 53959 52 52899
529 51499 54011 113 342997
530 51629 55551 90 87837
531 51709 58842 34 75743
532 51815 59860 12 52882
533 51985 55416 93 79454
534 52067 56908 127 775394
535 52264 76270 15 298141
536 52290 52609 8 822
537 52397 52580 140 26453
538 52460 55571 87 134201
539 52536 73573 91 373383
540 52574 78661 36 262385
541 52619 59259 110 336994
542 53050 55291 61 106925
543 53105 56233 40 34537
544 53128 59571 38 69322
545 53130 59752 124 467904
546 53232 54474 126 81503
547 53336 56945 4 7884
548 53408 55254 31 20887
549 53436 55042 22 15825
550 53535 55298 66 36917
551 53609 55258 58 77322
552 53673 55838 138 194051
553 53709 54548 68 45272
554 53721 54434 51 58341
555 53945 54656 54 9942
556 54073 57893 110 298542
557 54103 68112 134 416368
558 54226 58540 43 56663
559 54344 55083 132 52339
560 54641 63338 76 209039
561 54792 55549 30 6576
562 54832 55906 91 57255
563 54890 73039 31 310579
564 55355 58264 59 14649
565 55458 55755 126 34494
566 55604 57386 59 72367
567 55641 64093 66 388889
568 55700 61335 113 218213
569 56192 62153 37 120244
570 56206 57405 121 49372
571 56217 57248 52 19097
572 56346 57218 48 32431
573 56538 57804 18 8460
574 56671 72145 34 129632
575 56910 59196 125 116345
576 57029 58634 84 66844
577 57137 59466 16 42241
578 57160 63769 59 234794
579 57389 59912 97 182104
580 57456 60177 11 7850
581 57505 58272 9 4223
582 57614 68120 77 607546
583 57643 64154 42 111973
584 57679 62858 90 49538
585 57760 60723 40 98176
586 57868 61092 37 53165
587 57871 67669 28 152821
588 58077 59793 51 55269
589 58111 64806 13 22100
590 58226 61907 23 46759
591 58329 63284 33 44244
592 58412 59193 26 20773
593 58557 58748 149 21874
594 58582 62736 7 3300
595 58598 86778 21 260041
596 58783 64938 33 72581
597 58791 60872 21 39610
598 58809 61609 96 109473
599 58921 71059 102 373572
600 59055 64020 5 21581
601 59084 76445 6 64798
602 59278 71556 11 58597
603 59767 67252 37 335769
604 60094 66286 87 218261
605 60193 66688 54 159229
606 60465 69984 15 51548
607 60643 66140 18 15893
608 60666 67402 13 30335
609 60820 61332 37 20388
610 60913 64147 128 117364
611 61188 64859 96 128119
612 61251 88493 89 1713771
613 61254 65558 86 76180
614 61284 66430 8 13338
615 61489 68581 69 150925
616 61546 63937 134 63984
617 61726 76568 8 57270
618 61756 61891 139 6809
619 61935 64432 93 56575
620 62078 68724 107 303314
621 62113 88552 74 685104
622 62140 67926 20 60857
623 62168 69606 100 148191
624 62209 62538 7 402
625 62223 69019 24 20652
626 62279 64272 33 51591
627 62381 63217 8 4102
628 62431 66413 90 166552
629 62461 67225 9 17174
630 62580 72712 41 113787
631 62594 65210 134 122276
632 62596 76390 133 496889
633 62602 99473 42 443747
634 62657 64361 78 151382
635 62831 65995 31 118738
636 62954 78587 83 273150
637 62963 67604 71 333193
638 63017 65298 7 6254
639 63128 70305 71 591280
640 63190 63483 115 14621
641 63237 67418 6 8536
642 63256 73197 7 14027
643 63265 65346 85 72845
644 63306 64678 21 8093
645 63341 64403 60 30150
646 63399 72936 83 1253707
647 63437 63663 62 7311
648 63484 70719 133 175091
649 63493 64551 22 6433
650 63513 73653 109 324836
651 63517 69037 60 145598
652 63530 69151 149 228147
653 63567 63920 116 32879
654 63660 81402 28 97765
655 63720 76803 113 360720
656 63743 71223 67 249654
657 63798 76223 107 1002091
658 63849 78333 72 198544
659 63861 65604 7 2946
660 64029 76722 43 79023
661 64167 66707 139 86160
662 64296 66773 10 12536
663 64353 74211 9 33049
664 64380 83445 27 299620
665 64425 69613 52 139318
666 64554 65186 72 24758
667 64926 68592 9 9809
668 64973 66823 74 58619
669 65200 69014 66 83331
670 65233 70935 96 121490
671 65338 65486 7 1597
672 65388 66963 27 18750
673 65474 68215 23 13506
674 65588 65883 45 4982
675 65606 71772 137 322001
676 65615 67084 8 5986
677 65628 70576 142 186506
678 65639 81349 127 231844
679 65717 69038 68 125034
680 65802 70663 7 26810
681 65978 66504 17 5491
682 66019 74020 39 117390
683 66062 77161 141 248183
684 66169 67444 19 13187
685 66428 72219 93 490175
686 66562 82599 90 1483587
687 66613 67151 61 10896
688 66690 88591 28 236221
689 66779 81350 44 246796
690 67073 74941 26 81480
691 67106 67784 7 5007
692 67170 89305 11 62888
693 67194 85152 63 658030
694 67210 67562 128 25402
695 67239 76315 67 138496
696 67391 77438 8 18400
697 67475 79042 35 120274
698 67691 72454 37 98380
699 67723 77256 52 106784
700 67733 69375 33 45232
701 67759 68587 14 5253
702 67763 70882 38 34849
703 67863 76227 62 210320
704 68267 70543 88 15056
705 68321 69607 106 35275
706 68331 75532 136 255154
707 68394 72047 115 216982
708 68440 73937 86 118410
709 68620 79109 56 301900
710 68656 74620 101 278947
711 69075 91566 95 349649
712 69126 76734 39 59474
713 69189 76599 54 122744
714 69432 86339 6 85597
715 69453 72397 49 15633
716 69595 72859 127 209760
717 69638 72407 111 148711
718 69901 77641 29 126574
719 69906 75329 125 370437
720 69910 76138 105 384662
721 70033 78042 122 312886
722 70046 76406 94 184363
723 70245 74984 76 183554
724 70297 71972 115 69179
725 70457 75933 6 14507
726 70704 73695 7 2374
727 70920 71997 74 51823
728 70926 91277 42 493256
729 70959 95612 16 105449
730 70986 92913 143 812465
731 71097 76820 116 254572
732 71100 86100 17 135570
733 71174 74301 66 37467
734 71175 71897 19 6549
735 71208 76714 6 6731
736 71229 75419 81 266805
737 71311 73007 138 153460
738 71349 76573 32 80581
739 71429 72960 15 24727
740 71451 72517 51 59330
741 71453 76934 8 6581
742 71585 72246 19 2454
743 71626 72183 141 28210
744 71677 78841 109 528817
745 71754 71865 83 3962
746 71783 81275 18 57056
747 71803 93129 6 90457
748 71877 73157 16 17665
749 72099 74954 17 15433
750 72125 73163 15 7989
751 72157 74190 128 77227
752 72221 74602 56 49941
753 72245 86886 38 257436
754 72274 76438 111 252245
755 72340 88958 52 785623
756 72352 80111 16 20364
757 72411 81029 24 93932
758 72430 72912 89 15280
759 72491 82373 114 207066
760 72533 80488 30 251035
761 72584 76552 45 88250
762 72687 93844 10 101517
763 73003 78057 15 51242
764 73099 87419 110 1203673
765 73132 79949 86 218926
766 73140 74270 8 5753
767 73212 75111 44 30724
768 73341 87154 15 56529
769 73422 74429 27 8162
770 73511 78769 58 284473
771 73524 74268 44 19991
772 73688 81114 28 23823
773 73713 81816 31 56348
774 73848 77941 12 22020
775 73911 80996 30 454054
776 73955 75663 12 4198
777 74060 77357 67 206441
778 74292 75212 116 23742
779 74294 88494 21 169948
780 74323 77413 16 26864
781 74347 74697 89 20953
782 74424 74962 4 662
783 74438 76140 95 67261
784 74465 75070 21 7722
785 74497 75220 24 8055
786 74503 89102 142 1291283
787 74641 78549 74 93788
788 74748 77715 116 174721
789 75109 77827 126 238554
790 75152 75877 108 20506
791 75237 82038 101 155644
792 75617 79194 63 68331
793 75650 77518 143 61359
794 75675 75724 8 269
795 75709 81297 133 393366
796 75720 77031 132 109378
797 75736 81263 40 118781
798 75779 78319 134 261378
799 75872 79380 139 71941
800 75888 76466 13 5879
801 76037 80914 56 84271
802 76075 79279 11 9112
803 76254 80515 16 81176
804 76522 84470 135 128671
805 76601 80440 76 268319
806 76693 76985 16 4326
807 76746 79043 143 139922
808 76897 80802 8 10691
809 76951 81571 4 5843
810 77179 78314 76 62554
811 77222 80492 28 44418
812 77306 80469 91 51966
813 77411 81653 6 20598
814 77425 85363 5 17624
815 77436 81069 132 778141
816 77685 82387 118 419207
817 77879 86985 24 78165
818 77992 81270 47 45184
819 78265 80071 128 91179
820 78453 78803 21 5479
821 78541 88720 4 29166
822 78662 81172 5 3467
823 78809 98028 85 393552
824 79006 84210 53 163551
825 79033 87376 20 113925
826 79153 88967 8 18602
827 79158 83703 64 172487
828 79261 82925 79 213035
829 79343 83476 17 22269
830 79592 90034 13 77852
831 79601 86006 57 84720
832 79677 97540 26 115422
833 79715 81843 99 41061
834 79777 82401 47 46319
835 79846 81858 57 50271
836 79900 83589 96 181948
837 79905 94535 49 466104
838 79977 83584 45 61335
839 80123 81670 131 149262
840 80141 85252 32 58347
841 80236 84752 65 179518
842 80278 85193 27 63299
843 80421 82306 12 23018
844 80447 85545 140 307825
845 80448 99576 89 359308
846 80496 87581 46 242813
847 80538 84804 28 73366
848 80556 81175 12 3475
849 80625 93968 4 16373
850 80860 86206 130 265344
851 81000 88190 114 100397
852 81001 81295 88 9408
853 81021 86109 133 212557
854 81055 83564 135 175071
855 81084 91229 62 131581
856 81095 96678 37 44164
857 81103 83154 5 7326
858 81188 84451 36 70800
859 81279 95951 5 14467
860 81315 82199 93 104053
861 81371 89073 76 345226
862 81692 84616 116 151923
863 81776 83469 27 24799
864 82022 84060 17 8485
865 82054 85278 20 32521
866 82116 83307 39 29779
867 82250 83067 116 66526
868 82345 90431 16 36882
869 82431 99475 89 765612
870 82899 89800 64 564393
871 83050 84345 39 25161
872 83094 95289 69 120613
873 83281 84263 143 46921
874 83364 85891 128 121033
875 83545 87350 50 72722
876 83605 91641 82 365703
877 83607 85784 23 8825
878 83658 86562 72 80268
879 83724 88103 9 5297
880 83776 90786 125 482077
881 83883 86229 44 41449
882 83898 87641 141 227947
883 84000 87548 108 78952
884 84170 88124 54 60073
885 84284 87493 10 16882
886 84303 91995 37 128265
887 84459 87216 5 6598
888 84528 87028 16 8584
889 84575 92625 5 14475
890 84589 89573 30 70193
891 84637 89274 23 14921
892 84646 87416 113 89208
893 84746 85419 108 13162
894 84775 90965 74 117579
895 84816 85464 20 5287
896 84829 87306 53 72662
897 84838 86247 4 1636
898 84849 94758 12 52106
899 85032 88010 13 37529
900 85080 88266 10 16772
901 85146 89649 137 298118
902 85281 85879 100 76501
903 85358 85610 63 4195
904 85426 85437 100 761
905 85635 86644 89 25238
906 85638 85977 42 5463
907 85870 98545 54 231765
908 85948 98699 36 46045
909 85971 86374 41 12038
910 86090 87476 25 7391
911 86292 86993 53 11980
912 86452 88366 5 4972
913 86536 96431 94 232125
914 86556 87655 12 17919
915 86625 89917 65 115901
916 86679 91574 93 235757
917 86731 96639 25 164608
918 86885 96773 77 272531
919 87132 89868 13 9500
920 87151 87381 133 43096
921 87248 93777 43 150284
922 87288 93369 45 154189
923 87362 93879 47 37785
924 87559 90104 34 18212
925 87586 88074 112 39423
926 87762 90378 47 36419
927 87794 88752 149 88878
928 87865 98994 7 50059
929 87896 92155 25 42395
930 88053 89316 13 10026
931 88054 93971 40 75203
932 88072 91310 51 99515
933 88091 89878 100 58455
934 88197 90394 51 67587
935 88377 91601 69 211665
936 88391 88568 127 16447
937 88639 93454 24 49515
938 88722 95724 114 101211
939 88868 99914 70 165454
940 88907 96669 90 220856
941 89120 97997 124 533789
942 89172 90555 127 28655
943 89283 94573 71 236105
944 89677 92099 15 6454
945 89812 94641 76 70999
946 89896 92725 9 18041
947 89965 99680 67 352503
948 90131 93009 36 34206
949 90154 97317 17 159367
950 90188 94304 146 268082
951 90207 91615 19 9934
952 90222 94436 148 113630
953 90265 90420 13 739
954 90369 98115 96 399877
955 90516 94326 124 314518
956 90561 98261 102 663335
957 90791 96758 108 242463
958 90863 93993 7 12289
959 90992 92509 7 4543
960 91572 94962 40 142130
961 91743 93465 113 75385
962 91812 93410 8 20995
963 91821 95173 54 32906
964 91844 94433 38 59907
965 91908 99293 12 55060
966 91965 98221 50 210467
967 92042 92918 44 9316
968 92149 93880 8 16564
969 92379 94328 125 117643
970 92628 96386 47 70453
971 92705 96100 60 200570
972 93147 95130 18 11932
973 93165 99765 68 215356
974 93244 94015 76 45682
975 93411 94561 146 113047
976 93582 96453 8 3015
977 94002 99448 72 111152
978 94134 95542 78 74976
979 94173 96161 78 96062
980 94629 97721 16 64682
981 95071 95242 10 1786
982 95109 95208 113 5973
983 95157 96177 7 4513
984 95411 95788 8 2748
985 95605 98756 144 209386
986 96016 99279 8 20757
987 96490 98183 25 17192
988 96560 99196 14 19880
989 96738 97818 21 9516
990 96945 97575 85 14749
991 97030 97974 38 10643
992 97141 97265 105 6614
993 97213 98522 14 5439
994 97408 98751 20 11348
995 97472 98170 45 6310
996 98060 98122 83 2742
997 98143 99922 24 20010
998 98352 98828 25 11236
999 99938 99993 74 3536
