50 1000 0.026
........##......##.#..#...####...#.........###....
......................#....###..............#...##
..........................###.....###.............
...........#...............###.#####..............
.##....#...##...........#..#......##....#.........
.###..###...#...........##.............##.#.......
..#....................#..........#.....#.#.......
..#....................##..##..#..#.......#.##....
.......................####.#.....##..............
.................##.......##.............##.......
....#..#...............###........#......##.#....#
......###..............###.......##.........##...#
....###.#..###...........##......#.........##.....
........#..###......#....#.................#.....#
......##...#.#..##..###.#..................##.....
...............##...#..###....####......##..#....#
#..###....#...#.#...#.#.##............#..#......##
#.........#...#....######.###.........#...........
..........#..##..##.#.#.#.#...#......####...#.....
..........#.#....###.......#.###..................
............######......##..........#.............
...........#####.#......#..........#......##......
...........##..#.#........#.#......#....########..
.###.#.....##..##.........###.....##...#..##......
.....##........##.........#.###..##...##........#.
.........#......................#.....#.....#.###.
..#.....###.....###...........#.....#.##.....###..
..#......###....#.##......##..##....##........##..
..#......##.#.....#.......#...###...##........#...
..#.......#.#.....#.............######.......##...
.....##...........###.#..#........#.#.............
.....#.........##.########........#...............
.....#.#.......##.#.###.#....##......#............
....#..#.......#..####........##....#......#......
.......#.....###..#..#.........##...##.##.........
...#.........##.............#..........#.......#..
.......#.#.#..#............##..........##.##..###.
.......#####.###...#.#.....#...##.......#.###.....
........#....#.......#..........#.....##..........
..#................#.#....###...#.#.####........#.
##.......##.....#..........#.........#..##......#.
.........#......##.#......#........###.....#..#...
..#......#...#######.#....##.......#..#....#####..
........##...........###..###........##...##.###..
.........#..##..............#....##...##..#.......
.........##.##...................##..#........#...
##.......#..#####.......#........##....#.#......#.
....#..........#........#........#..#....#.#####..
..#.#..#.......#.................##.####.###......
..####.##............................#....#...#...
0 27 8101 67 162523
1 336 9399 42 242859
2 397 2686 116 93502
3 427 7676 31 75138
4 435 9013 8 78794
5 469 7157 27 94481
6 727 5382 57 98035
7 755 1470 44 5289
8 888 7232 12 35881
9 1030 8243 87 159054
10 1120 4394 12 34944
11 1172 10389 129 281462
12 1300 20026 131 729875
13 1481 3626 138 336830
14 1611 11988 39 93205
15 1757 18722 16 112498
16 1801 10149 24 148230
17 1842 14551 110 171343
18 2028 15318 28 80092
19 2055 5145 87 229225
20 2075 7895 11 20640
21 2207 8291 44 73926
22 2353 8751 17 34385
23 2426 5697 16 41207
24 2542 3730 55 137472
25 2617 5248 130 98677
26 2875 19170 46 247838
27 2900 16788 104 659442
28 2917 18346 22 117948
29 2985 4448 132 85957
30 3051 8556 62 89251
31 3059 4543 131 58963
32 3095 10539 12 25526
33 3097 4473 19 11509
34 3140 7947 110 330945
35 3151 28050 36 438791
36 3281 7266 7 8060
37 3335 30878 12 239231
38 3400 7665 5 3236
39 3415 20837 124 1274741
40 3544 5547 29 18978
41 3677 7568 148 158673
42 3727 5949 135 249624
43 3883 4035 61 3643
44 3959 12758 52 116023
45 3972 5688 54 70216
46 4077 15100 69 356414
47 4221 16114 38 181855
48 4265 13716 45 226101
49 4504 26909 13 46938
50 4562 5315 70 28063
51 4739 10914 70 207409
52 4820 17873 131 356720
53 4826 10922 39 158463
54 4974 7927 47 62316
55 5097 9758 71 110185
56 5210 6104 21 16692
57 5267 6835 141 228787
58 5291 17785 48 129430
59 5331 10199 120 213071
60 5366 12640 11 14085
61 5573 7917 81 68151
62 5596 9810 12 14408
63 5617 8924 106 275625
64 5790 6534 103 36155
65 5802 21327 125 360152
66 5908 10576 99 220698
67 6024 16293 5 13740
68 6076 12837 18 106742
69 6260 7026 19 5690
70 6276 7349 28 9542
71 6334 8697 40 14194
72 6394 16077 18 84430
73 6462 8722 44 114594
74 6556 27407 55 826916
75 6561 14826 13 62122
76 6717 14144 24 34048
77 6770 12578 5 11046
78 6970 8676 9 7231
79 7013 15571 104 561859
80 7155 10840 7 13686
81 7257 8149 106 76057
82 7330 20545 5 26487
83 7332 13200 33 182867
84 7351 11457 65 107157
85 7382 9800 62 85895
86 7386 8652 28 17897
87 7541 12008 57 186771
88 7597 19217 6 75535
89 7613 7680 76 4412
90 7683 10116 17 14447
91 7755 15022 22 124359
92 8024 14739 143 481262
93 8066 12910 51 102151
94 8201 11194 80 107801
95 8505 15064 66 147063
96 8563 8690 23 2773
97 8675 23543 93 540494
98 8741 11429 141 233843
99 8826 12481 24 35274
100 8889 15701 7 43898
101 9028 9533 18 8616
102 9203 18833 116 1595197
103 9249 17639 109 359402
104 9261 30051 5 72340
105 9285 31185 81 580221
106 9490 9891 82 20364
107 9496 22403 100 205149
108 9590 10473 10 3854
109 9803 26304 62 344486
110 9821 32568 17 68979
111 9833 18955 111 284888
112 9933 16798 31 35939
113 9964 13747 52 74711
114 10072 15135 120 373240
115 10099 23146 64 1068200
116 10208 14937 57 58215
117 10215 12318 10 18674
118 10218 30457 86 482157
119 10264 12994 19 21489
120 10373 21159 116 1585600
121 10553 18588 43 161574
122 10573 27223 44 710783
123 10823 36605 59 654385
124 10946 27944 69 205705
125 11057 15867 10 29288
126 11275 19949 99 200158
127 11604 16884 124 352043
128 11686 21883 28 107464
129 11687 16410 49 95562
130 11752 12551 21 14179
131 11826 22221 33 124091
132 11877 19474 109 339482
133 11903 31521 34 180557
134 11907 23391 87 504360
135 11910 12443 55 17284
136 11958 18921 150 250295
137 12070 17403 94 171713
138 12137 12806 111 13818
139 12144 12246 18 1724
140 12253 19777 108 226170
141 12262 12536 100 15680
142 12274 19426 27 55413
143 12359 18070 48 143627
144 12459 18641 65 76445
145 12730 34485 66 1098227
146 12764 15948 23 83245
147 12807 20437 98 757366
148 12869 16226 133 165312
149 12999 20092 69 125973
150 13241 15665 80 110994
151 13699 20914 17 77656
152 13793 20929 122 464113
153 13865 52187 129 871921
154 14067 22412 25 71062
155 14250 18527 5 7216
156 14399 16871 65 96044
157 14588 17295 7 11170
158 14614 29108 43 92144
159 14675 25822 138 905324
160 14731 25912 19 90042
161 14916 23657 109 860306
162 15004 25472 5 20079
163 15029 23281 84 542519
164 15103 19607 35 101750
165 15180 15936 25 5299
166 15204 23570 9 31269
167 15218 26774 52 448888
168 15292 18849 20 69732
169 15441 18343 126 188504
170 15583 24905 4 12876
171 15695 31990 105 345193
172 15768 16520 92 95376
173 15797 17123 17 6061
174 15802 17181 37 9854
175 15814 16650 120 556566
176 15953 20801 81 205742
177 16206 28700 44 217098
178 16212 16938 7 2333
179 16299 25823 57 202725
180 16375 23460 73 228515
181 16423 17418 48 32357
182 16484 21215 21 35844
183 16612 19893 83 120208
184 16722 32208 25 190630
185 16750 23998 106 539050
186 16827 16933 90 13219
187 17499 24327 50 246479
188 17690 19093 16 5156
189 17928 19667 13 18108
190 18048 19352 55 17954
191 18084 20370 42 32387
192 18107 22663 26 53030
193 18178 33410 107 287349
194 18191 39651 53 265874
195 18249 19228 55 70877
196 18336 27009 37 179086
197 18385 22952 29 43940
198 18435 24727 82 251124
199 18436 25558 13 21511
200 18519 24652 46 47505
201 18553 19348 28 26119
202 18767 28379 38 176086
203 18829 21247 66 156228
204 18868 26675 77 445934
205 19160 20081 140 19016
206 19218 22380 8 10346
207 19299 25359 31 39087
208 19318 22371 58 31527
209 19389 20828 142 115453
210 19432 28126 9 36689
211 19455 20578 70 117714
212 19468 24265 30 37034
213 19562 26630 120 175284
214 19694 21313 88 136071
215 19729 21045 136 70198
216 19967 26176 10 44510
217 20086 27969 114 118892
218 20200 30133 59 152537
219 20273 30841 10 18407
220 20274 24085 86 459222
221 20324 26166 9 11778
222 20353 24550 126 127953
223 20374 22736 59 80234
224 20419 20982 145 34983
225 20484 27184 28 115780
226 20542 21903 23 30125
227 20568 47625 103 667041
228 20576 26186 28 74512
229 20580 20834 133 42344
230 20611 22831 102 60688
231 20664 26083 6 6872
232 20865 22015 38 15316
233 21075 28037 113 478003
234 21583 48287 93 448260
235 21711 23826 90 52447
236 21863 27948 47 146025
237 21956 29020 35 213981
238 21960 25973 7 11970
239 22022 29462 117 474959
240 22130 27435 41 86862
241 22321 43448 72 1118840
242 22372 26008 46 67732
243 22591 25401 46 45238
244 22638 28218 67 214404
245 22644 30154 145 312324
246 22959 29192 106 1090637
247 23173 28848 61 101399
248 23398 32253 91 162388
249 23429 24940 83 76350
250 23498 24032 23 9516
251 23568 29327 8 23132
252 23609 30397 105 132128
253 23795 28014 149 242634
254 23875 24430 31 9421
255 23947 28944 9 21941
256 23954 42615 81 1076414
257 24016 37143 84 1111985
258 24058 27542 16 17170
259 24153 26362 4 10763
260 24157 24984 121 45264
261 24207 53235 102 1250098
262 24360 30404 41 178264
263 24576 33492 134 187773
264 24604 26142 55 45367
265 24662 29095 22 49648
266 24674 29460 105 219641
267 24730 25289 80 63962
268 25097 25246 7 185
269 25165 37049 62 119919
270 25450 28311 48 83153
271 25482 35917 91 270093
272 25589 26575 54 14237
273 25630 39392 50 270577
274 25635 26934 74 25579
275 25636 28755 135 215598
276 25669 26915 50 37714
277 25726 27635 11 7723
278 25759 46642 141 915307
279 25762 30604 11 11136
280 25778 33095 92 230596
281 25780 29945 70 159642
282 26011 41749 111 1529720
283 26035 39170 15 67589
284 26103 28271 66 86799
285 26128 31534 24 90716
286 26129 49509 37 178605
287 26143 29494 124 313783
288 26198 30716 77 71196
289 26238 27392 88 52528
290 26307 30674 31 51540
291 26406 34097 48 153465
292 26701 27227 121 18846
293 26754 36522 41 54638
294 26772 33805 28 74753
295 26817 29536 113 146460
296 26822 26951 92 5409
297 26830 28364 75 62419
298 26868 35170 7 9770
299 27337 28069 127 53591
300 27374 31244 21 59446
301 27432 36674 33 138871
302 27503 47963 121 1671198
303 27567 33589 128 245968
304 27645 30685 98 97412
305 27925 28781 59 15366
306 28002 49374 45 510558
307 28189 30078 130 99513
308 28221 35353 107 336894
309 28285 33937 138 825440
310 28549 41438 30 109739
311 28562 33660 46 50659
312 28659 48928 9 149361
313 28696 30468 94 33823
314 29048 35484 29 121281
315 29066 30631 57 32490
316 29131 35132 29 84707
317 29141 30239 26 5334
318 29495 34853 132 665407
319 29566 31008 122 145532
320 29606 30590 5 4517
321 29622 30512 59 30575
322 29628 36439 31 156070
323 29724 32984 107 147818
324 29920 32842 6 4913
325 30069 41561 115 572525
326 30121 32231 25 41948
327 30210 39604 24 116781
328 30461 57638 55 1750523
329 30510 51238 12 72200
330 30725 33486 52 31476
331 30734 33716 35 38495
332 30889 32560 64 23089
333 30897 51895 41 332007
334 30928 32835 37 20920
335 30935 38007 135 309686
336 30999 31831 64 14543
337 31067 42939 24 78989
338 31075 31467 77 11875
339 31080 32979 145 164552
340 31544 41826 24 192443
341 31701 37521 127 206611
342 31780 37833 74 85413
343 31931 33648 64 60901
344 31944 33979 58 116933
345 32098 33987 21 20390
346 32107 37576 44 107382
347 32116 36316 133 302093
348 32134 33007 94 129149
349 32407 38822 127 179871
350 32430 49300 10 35903
351 32561 38077 32 121784
352 32952 33112 103 19573
353 32962 33794 51 42622
354 33069 60622 46 387451
355 33113 37020 56 190454
356 33257 34589 106 103527
357 33416 52190 14 36658
358 33518 45977 8 45878
359 33552 39613 141 166869
360 33555 34749 136 268214
361 33640 33891 16 1360
362 33800 41547 15 65383
363 34126 37167 27 87346
364 34311 34854 56 30916
365 34368 38629 26 92044
366 34388 35668 68 14696
367 34439 47318 45 143877
368 34521 41256 30 162360
369 34540 56889 142 845914
370 34545 38669 78 113765
371 35243 39527 33 80169
372 35475 41928 95 347552
373 35545 45314 34 249558
374 35748 36165 10 1894
375 35749 37847 116 172955
376 35794 40996 16 37693
377 35950 68231 69 409261
378 35969 40829 72 274884
379 35972 37369 26 16066
380 36071 39477 26 20219
381 36238 37087 145 36690
382 36336 43567 106 421075
383 36465 37337 30 10575
384 36468 42325 143 1028861
385 36554 41976 52 143546
386 36575 37429 96 173256
387 36577 37917 41 21793
388 36596 36747 18 4367
389 36660 66602 24 344922
390 36666 40615 87 71600
391 36745 39455 5 4421
392 36945 44747 69 186641
393 36996 71637 67 962062
394 37002 71755 106 554075
395 37027 48249 11 61237
396 37051 53436 48 399656
397 37055 39245 26 65817
398 37220 44479 45 101358
399 37221 43433 38 78064
400 37229 37679 27 8292
401 37261 62982 45 390647
402 37294 52440 79 1811367
403 37313 39770 4 4281
404 37324 40658 36 26462
405 37423 43636 109 621799
406 37528 39925 72 74585
407 37604 43572 28 29340
408 37710 38405 136 67439
409 37922 44520 58 161923
410 37933 38257 59 7526
411 38009 51940 148 1765928
412 38033 44269 67 164086
413 38120 55676 58 455556
414 38143 38264 61 4263
415 38177 42017 109 549900
416 38376 41408 46 90076
417 38566 41060 10 10563
418 38587 47432 7 8027
419 38617 42417 144 114528
420 38653 43284 114 136302
421 38703 52604 44 139795
422 38798 43616 144 359842
423 38983 39588 94 29624
424 39036 41395 115 53278
425 39084 53055 28 152671
426 39109 41608 23 20870
427 39390 45962 136 563533
428 39426 39874 93 20948
429 39435 44484 75 166370
430 39453 42779 119 197812
431 39682 41047 102 45723
432 39778 47995 13 80496
433 39784 43972 27 31233
434 40149 44263 38 163577
435 40152 42394 149 163524
436 40443 40791 15 2419
437 40514 44556 10 42815
438 40720 44011 54 287018
439 40852 49332 27 95845
440 40891 40972 24 790
441 40987 50548 103 212181
442 41070 48000 110 269312
443 41087 58932 9 41740
444 41089 42385 112 47615
445 41145 41987 9 5607
446 41307 44271 14 28529
447 41317 41863 31 23077
448 41413 44898 11 15260
449 41439 47967 26 50908
450 41659 74832 83 928617
451 41842 44532 11 16966
452 41870 42081 102 5234
453 42125 44265 117 77518
454 42226 43592 145 55516
455 42244 44190 116 104880
456 42398 47328 10 14391
457 42742 49925 37 85053
458 42761 45071 68 177371
459 42820 53310 9 81483
460 42964 46369 15 30768
461 43036 57423 107 694649
462 43372 47510 80 74548
463 43388 43494 31 1350
464 43419 51507 63 175515
465 43607 62658 6 85525
466 43669 59415 11 46933
467 43675 56248 24 165560
468 43698 51799 36 81631
469 43710 53883 107 1679987
470 43902 44720 65 76008
471 43944 46729 133 127287
472 44095 51626 31 118844
473 44589 49978 40 108786
474 44714 46312 20 12156
475 45041 48426 140 209223
476 45085 47343 38 161171
477 45207 50527 40 243599
478 45213 47017 34 64642
479 45351 51056 78 197970
480 45398 45528 47 2257
481 45529 46468 122 14620
482 45595 48073 147 459380
483 45635 46659 70 11515
484 45860 47135 23 10031
485 45984 56650 147 1252798
486 46013 50578 78 184497
487 46406 46893 63 21231
488 46597 49142 7 7832
489 46804 47942 20 17597
490 46861 50127 45 93928
491 46915 51920 35 82438
492 46923 53422 9 19632
493 46981 49120 66 63662
494 47012 47065 68 3692
495 47018 59002 6 29892
496 47050 50842 69 60161
497 47133 56592 136 819159
498 47334 55520 37 247435
499 47348 57364 38 107627
500 47541 68844 14 182260
501 47808 55457 31 73459
502 47866 49349 84 29600
503 48193 51622 76 217259
504 48236 48470 7 1325
505 48276 50351 47 76018
506 48323 50671 71 94408
507 48413 69284 50 369465
508 48656 51164 43 51024
509 48849 50158 14 5312
510 48954 50330 58 36990
511 48983 56719 48 125968
512 49019 60862 120 964476
513 49042 51840 32 27231
514 49428 60505 9 82625
515 49631 50864 28 15124
516 49709 52158 144 294347
517 49711 62745 34 154373
518 49713 65156 20 228156
519 49897 85428 61 980479
520 50014 51322 52 21495
521 50157 55482 59 231196
522 50220 51011 6 1458
523 50322 55834 64 298866
524 50554 51608 72 9456
525 50607 54360 22 80913
526 50669 51340 9 2816
527 50709 53898 11 23019
528 50810 56143 6 6299
529 50887 56254 14 15564
530 51057 53847 76 163624
531 51069 62023 6 9568
532 51132 54018 105 165938
533 51251 55312 49 277401
534 51606 53905 58 23623
535 51623 53897 38 26331
536 51709 53348 113 123777
537 51768 59080 19 35996
538 51784 54280 121 168118
539 51943 52041 93 7042
540 52681 54758 134 101017
541 52695 53863 19 25714
542 52821 53682 35 6454
543 52907 63304 92 247068
544 52937 76111 92 876832
545 53205 54342 54 51067
546 53215 55409 145 100201
547 53227 54507 8 2987
548 53244 56312 20 19812
549 53290 53611 75 8673
550 53442 55715 139 164971
551 53544 56370 8 12695
552 53580 62421 8 23442
553 53828 56929 59 104830
554 53899 70498 57 174501
555 54122 56226 7 6810
556 54180 54230 15 322
557 54274 55236 8 6799
558 54312 54751 42 13607
559 54416 55574 144 27540
560 54439 55183 45 22708
561 54573 55194 35 4146
562 54621 62286 117 217830
563 54773 55514 73 33104
564 54896 60922 38 100899
565 54964 63701 41 225396
566 54977 57515 48 58021
567 55043 67746 19 28445
568 55273 57299 149 185274
569 55406 60894 50 91976
570 55432 63347 95 534788
571 55436 65937 28 375571
572 55474 65672 114 604653
573 55493 58853 11 28501
574 55509 59087 28 81436
575 55808 66961 48 278476
576 55932 59853 61 46009
577 56139 60789 6 18155
578 56146 72199 134 619564
579 56200 57224 7 1680
580 56204 71860 7 85967
581 56339 70573 36 197337
582 56425 59313 12 27234
583 56622 69274 56 528951
584 56672 61104 67 90348
585 56717 63358 35 346915
586 56795 58106 78 132144
587 56900 62022 107 293411
588 57139 58766 141 87884
589 57166 57397 91 31156
590 57199 59447 140 221974
591 57261 60747 144 434035
592 57523 67086 24 53390
593 57599 64523 12 52218
594 57699 90927 6 349400
595 57987 66273 14 21098
596 58007 59786 35 74671
597 58010 72706 47 560585
598 58057 59821 8 3538
599 58287 58809 58 24788
600 58387 60163 74 29754
601 58531 63934 119 124537
602 58675 61483 20 39553
603 58742 87753 54 722678
604 58804 67742 4 8360
605 58882 66224 42 39750
606 58962 63853 11 19619
607 58983 62357 75 89273
608 59012 60693 93 61425
609 59038 59458 77 30606
610 59089 61667 149 304644
611 59182 63602 34 49068
612 59265 76748 70 343964
613 59270 65126 84 344974
614 59418 63400 7 4111
615 59513 62904 58 60141
616 59689 61627 47 72321
617 59816 61205 14 14429
618 59826 62005 46 49565
619 59842 64378 45 217087
620 59904 60298 15 2087
621 60019 72871 10 97883
622 60064 64003 24 11093
623 60107 73447 32 107401
624 60311 74883 117 550098
625 60473 71856 39 101040
626 60518 68197 61 125477
627 60523 65670 10 60502
628 60570 65345 11 28003
629 60653 77166 32 209295
630 60821 69586 98 131486
631 60828 65847 15 33562
632 60858 66373 68 161473
633 60942 63946 14 16358
634 60987 62295 122 101301
635 61028 92675 38 916181
636 61108 67005 116 484468
637 61185 77063 9 17020
638 61250 62588 17 5311
639 61443 72558 71 645263
640 61544 76172 8 71806
641 61606 73387 29 198044
642 61668 74413 21 158475
643 61758 66761 22 42493
644 61804 85483 14 255429
645 61855 79434 71 939311
646 61876 70459 66 439863
647 61916 84366 22 107222
648 61963 81905 73 754427
649 62009 79917 28 101901
650 62017 68023 20 92881
651 62075 73634 62 183736
652 62168 69931 9 52729
653 62376 77117 139 378256
654 62385 62924 145 53227
655 62413 63224 5 2685
656 62523 71704 11 114938
657 62573 76536 60 452450
658 62623 65981 89 47399
659 62720 66660 52 125705
660 62865 71659 19 48232
661 62910 73152 115 275978
662 62948 64880 52 86395
663 62988 65521 147 133827
664 63001 65638 37 25882
665 63082 67573 31 65050
666 63161 69675 128 322881
667 63201 78846 12 51152
668 63423 65939 33 12550
669 63634 67493 11 7890
670 63714 63903 33 5287
671 63731 68330 15 9232
672 63925 64057 148 11227
673 64200 73191 49 167844
674 64232 65813 82 61559
675 64375 74911 74 319730
676 64708 72186 136 245270
677 64986 73311 59 326133
678 65083 69783 20 43316
679 65295 66066 58 67507
680 65459 67175 135 158906
681 65499 68096 37 42949
682 65531 70728 36 116373
683 65537 69850 121 78335
684 65711 67598 114 79217
685 65951 66775 69 43748
686 66069 79315 69 252811
687 66077 66663 36 26053
688 66110 67583 117 84652
689 66276 69979 17 10963
690 66438 67399 22 23598
691 66460 69714 27 162115
692 66475 75306 50 244271
693 66479 69741 14 19537
694 66557 68934 46 78657
695 66566 68110 84 46081
696 66623 78141 9 26689
697 66768 69379 80 69159
698 66818 66953 7 217
699 67132 68400 79 54340
700 67193 78788 22 180146
701 67194 68977 13 24150
702 67651 83141 89 206242
703 67767 96306 104 682761
704 67833 74638 143 386107
705 67859 68845 70 42834
706 67877 72749 36 121145
707 68006 69851 29 28366
708 68040 72258 38 69246
709 68128 68501 25 6333
710 68237 75830 26 100463
711 68325 76984 5 18011
712 68337 69234 61 21894
713 68426 69532 109 114503
714 68460 73665 64 83370
715 68483 75327 92 183259
716 68615 75743 95 273148
717 68633 68699 119 9324
718 68738 71724 135 64827
719 68742 74651 5 5082
720 68937 77615 18 74053
721 68940 73477 123 392207
722 69087 73549 31 90822
723 69174 72151 25 52439
724 69260 75193 95 231112
725 69265 72106 12 14650
726 69306 70135 59 17887
727 69635 75713 44 40679
728 69726 76955 24 56014
729 69958 71900 58 43566
730 69982 72613 100 144054
731 69987 72630 43 74461
732 70059 73561 17 24555
733 70126 87200 61 219129
734 70253 86321 92 647631
735 70349 72287 93 81198
736 70441 75677 137 407148
737 70446 78949 150 1372328
738 70455 71505 25 14368
739 70504 90423 38 779979
740 70569 79059 15 41403
741 70589 72548 4 8853
742 70762 82251 114 247845
743 70857 73264 23 17960
744 70967 77184 61 312797
745 70997 72204 40 21024
746 71067 79356 12 58065
747 71094 82248 24 258064
748 71116 85321 76 1013439
749 71253 88937 6 99952
750 71597 81786 85 420255
751 71664 73236 36 35069
752 71669 93319 122 1397197
753 71804 79922 17 73113
754 71938 78275 29 82171
755 72398 73727 57 21093
756 72439 73247 47 16619
757 72444 78567 24 26003
758 72490 90046 45 162101
759 72643 91820 50 344351
760 72867 73613 107 18260
761 72931 86605 63 285603
762 73051 73297 42 13262
763 73232 79064 46 54626
764 73334 76329 14 21356
765 73460 75611 31 15136
766 73494 73810 11 3739
767 73640 73875 100 19868
768 73667 79953 48 240599
769 73674 75839 30 42180
770 73838 76862 128 248980
771 73898 79596 146 271714
772 74133 79520 78 139686
773 74217 75231 30 20823
774 74722 76275 119 61504
775 74803 78295 4 10294
776 75121 81148 6 14815
777 75139 84139 24 54525
778 75177 75987 56 28328
779 75379 77630 85 111200
780 75613 77183 98 199012
781 75627 87803 48 83407
782 75648 95873 20 97082
783 75704 77134 30 41505
784 75726 83326 36 77215
785 75761 92485 35 128301
786 75789 87160 29 149662
787 75904 79253 96 89868
788 75989 86393 89 402309
789 76061 76834 53 80085
790 76156 78622 71 72127
791 76389 86935 94 172847
792 76426 78645 65 70855
793 76941 80000 85 158320
794 76980 78455 24 19347
795 77173 81956 89 92245
796 77314 97893 28 293995
797 77360 84972 53 193227
798 77420 82455 62 44538
799 77448 82911 146 184139
800 77467 93523 5 22977
801 77470 81195 50 140954
802 77611 93194 26 161449
803 77898 79458 21 18419
804 77985 83534 110 396898
805 78083 88200 42 97368
806 78135 78186 18 475
807 78242 87698 22 68934
808 78333 82538 18 19274
809 78335 86974 142 175244
810 78342 87769 5 8906
811 78344 79570 64 18950
812 78350 91769 40 59047
813 78557 80856 7 12600
814 78626 81412 91 71605
815 78666 80568 25 27018
816 78673 96505 73 321467
817 78715 89379 149 455372
818 78721 98281 116 1113816
819 78781 91914 132 443598
820 78957 94063 10 50247
821 78971 88013 94 425021
822 79028 92212 15 130056
823 79070 93295 81 211109
824 79072 88850 49 178952
825 79121 85018 96 59007
826 79134 82594 133 121911
827 79166 84035 8 20488
828 79189 80895 23 7764
829 79243 79967 41 24128
830 79449 81171 147 225181
831 79647 79907 66 7383
832 79771 80916 129 83822
833 79837 82544 5 5084
834 79938 83685 58 32628
835 80194 80632 120 87297
836 80197 80781 74 28146
837 80250 82419 56 29937
838 80263 85095 7 29715
839 80266 81023 106 29560
840 80344 83732 6 5625
841 80419 83877 76 66324
842 80463 86268 13 36121
843 80506 82073 55 37680
844 80537 81204 26 21725
845 80592 92492 49 770323
846 80709 88278 127 318596
847 80779 90473 68 340213
848 80805 98228 103 229745
849 81054 82292 59 78178
850 81224 89871 45 444062
851 81238 82272 16 9092
852 81300 90406 49 424440
853 81315 82148 133 27342
854 81378 89585 60 105619
855 81474 85528 12 44228
856 81478 93485 50 131583
857 81694 84451 31 62163
858 81757 84420 16 13197
859 81773 92920 53 238280
860 81783 89944 79 244471
861 81880 89504 133 420133
862 81898 85558 68 95419
863 82277 83547 26 27533
864 82323 87930 57 185525
865 82405 86013 134 478658
866 82422 84563 22 16569
867 82532 92326 130 457504
868 82543 85214 112 80766
869 82585 85331 106 127106
870 82602 85911 61 86161
871 82732 83004 37 6297
872 82769 84121 4 1382
873 82807 88414 12 19004
874 82830 94212 35 217570
875 82838 89935 6 22172
876 82879 85977 32 46727
877 82919 85496 113 135127
878 82939 87367 10 17834
879 83016 85148 95 68601
880 83149 84043 36 34165
881 83214 91575 27 82244
882 83254 85733 66 17552
883 83255 85440 107 56627
884 83277 89010 39 179498
885 83464 85549 97 84484
886 83533 87584 6 8000
887 83597 88823 113 429485
888 83623 85197 133 89924
889 83646 83787 18 569
890 83653 89511 83 103986
891 83708 84965 40 28295
892 84021 90541 22 75854
893 84085 89429 149 253310
894 84087 87626 5 8905
895 84527 90101 35 165884
896 84543 87729 30 58089
897 84827 93024 10 28749
898 84902 97095 43 354962
899 84959 87805 80 179429
900 84963 98917 62 171626
901 85040 95438 11 130488
902 85092 99689 66 156405
903 85096 88775 51 143827
904 85103 93213 7 17248
905 85195 89349 67 291498
906 85339 91666 90 597551
907 85348 95269 104 226640
908 85698 90335 104 82452
909 85756 86581 26 14454
910 85824 94828 65 336304
911 85923 90644 130 136037
912 85964 93528 60 197247
913 86231 87883 80 32902
914 86445 92431 5 8265
915 86497 91167 26 61331
916 86536 88160 81 33291
917 86600 89486 132 768222
918 86863 91101 89 278435
919 87137 87513 27 6567
920 87143 95337 137 580807
921 87155 90965 57 321461
922 87248 91382 89 143125
923 87298 88479 45 22208
924 87423 87759 141 41624
925 87822 94590 9 12972
926 87834 92742 35 95070
927 87902 88987 19 13672
928 88017 88420 8 3093
929 88025 97399 11 162894
930 88127 93123 29 45371
931 88443 96924 144 918130
932 88572 91885 23 22281
933 88739 90573 115 88927
934 88803 90232 34 30245
935 88925 94073 144 259864
936 89193 96257 16 62768
937 89348 89869 43 23600
938 89475 93953 125 159355
939 89579 90483 146 60624
940 89665 93126 97 174306
941 89673 94364 32 45595
942 89773 93531 22 32800
943 90037 94869 114 201135
944 90083 91940 23 14965
945 90123 97847 134 982303
946 90172 93581 122 93244
947 90345 95979 140 131919
948 90458 95737 28 86268
949 90522 93086 6 19084
950 90637 97104 27 106520
951 90769 98956 29 60247
952 90956 93345 60 90372
953 91074 94705 61 93378
954 91283 95514 43 53967
955 91377 91874 46 16583
956 91429 94200 25 18186
957 91581 97840 17 21874
958 91681 97822 67 57992
959 91840 92347 43 19333
960 91848 97713 24 92454
961 91850 95404 100 222841
962 91890 92384 127 49280
963 91908 99010 5 25702
964 91972 92616 20 5902
965 92032 94654 13 26275
966 92121 94070 87 153214
967 93094 97520 86 230714
968 93139 96792 38 103563
969 93290 93471 116 7182
970 93303 98771 31 103367
971 93616 97344 69 202176
972 93771 97462 149 349892
973 93957 94539 90 15521
974 94089 94432 113 33902
975 94169 99165 4 10696
976 94592 96627 75 41303
977 94698 98727 37 111724
978 94721 95730 8 2585
979 94827 96020 16 6314
980 94836 96477 15 16170
981 94946 95021 78 2956
982 95010 97086 61 63689
983 95106 96540 5 1114
984 95131 99590 14 72347
985 95273 97960 48 74233
986 95282 95747 5 3526
987 95926 99619 71 136302
988 96004 96561 37 36191
989 96037 99286 50 155707
990 96112 99849 24 17574
991 96200 99789 59 52434
992 96527 99516 30 65866
993 96810 97343 121 73430
994 97233 97497 49 3785
995 97511 98458 19 8235
996 97711 97735 34 918
997 98533 99844 61 43954
998 99564 99649 6 345
999 99693 99874 139 12333
