50 1000 0.099
.........................................#####....
...................................#....######....
.................................#.##.#.##.####...
.................................######.###.##.#..
...............................##########.####.#..
..............................##..####.##.######..
...............................#.######.######.###
................................#.#.###.##########
...............................###...#############
...............................####..#############
...............................#.##..#############
...............................###########.####.#.
............................##.###.##.############
...........................#########.#.#########.#
.........................#.###########.###########
........................############..#.##.#######
..........................#.####.####.#.....#.###.
.....................##.....#####.######....######
...................#.##......###....##.#....#####.
....#...#......#######.###.#.#.......#.....#######
.##.#..##.........##########.#.............#.#####
..#######.........########...##...............##..
.######.#..........########.########..............
..#######........########.###.########............
########.##.#....########..##########.............
#########.###....#.######.###.########............
############........#.################............
#########..#.........###.#.#########..............
#####.#.#...........##############.##.............
#########.................###########.............
#.###.###.................#######.#...............
###.#.##.................###.########.............
###..##.................##.#########..............
.##.....#..............###.##.###.##..............
........####.###.......###############............
.....#.###.####.......########.######.............
.....##########........#.##.#..#####..............
.....###########.........###..##.#.##.............
.....#########............#....#..................
.....#.#######...............###..................
....##########................##..................
....#########................##..#................
......#####..................#####................
....#######.................###.###.#.............
...#######.#...............#####.####.............
.....###.###...............####.#####.............
..........................###########.............
............................#######...............
...........................##.#####...............
...........................#####..................
0 232 4684 45 43781
1 292 9162 132 576411
2 522 7401 49 111018
3 588 9397 4 8959
4 596 12502 5 24754
5 727 4188 47 98445
6 951 1871 41 18150
7 986 1786 58 11317
8 992 8556 5 18944
9 1056 10360 17 94397
10 1077 7481 136 231744
11 1119 7006 45 146915
12 1121 6534 143 291108
13 1250 9284 22 62279
14 1410 1506 72 8597
15 1469 3716 124 287792
16 1486 1820 12 2360
17 1519 5072 51 230610
18 1649 5457 82 181045
19 1652 4931 7 6942
20 1693 11732 63 518562
21 1727 3082 50 26686
22 1869 13785 109 646227
23 1938 5491 121 59790
24 1978 2955 14 5293
25 2064 2122 55 6110
26 2121 3521 52 38897
27 2148 7177 9 35899
28 2232 3802 54 38612
29 2418 6210 103 125315
30 2449 4688 140 94494
31 2551 3938 8 6747
32 2680 4150 100 105639
33 2729 3406 72 8764
34 2826 7032 128 376517
35 2886 12286 65 281993
36 2949 6173 21 49202
37 2975 25017 66 732851
38 3063 3471 36 15765
39 3105 5430 142 112078
40 3160 5499 83 91920
41 3178 5653 51 66604
42 3347 14661 27 165750
43 3370 5037 5 2897
44 3457 5740 87 92118
45 3473 5801 42 39533
46 3579 10857 50 177216
47 3728 3816 49 1138
48 3738 5679 7 4517
49 3806 8501 66 263616
50 3844 6313 60 73683
51 4027 15390 9 47638
52 4066 12257 8 17557
53 4092 4749 129 46422
54 4124 8574 26 70023
55 4185 9039 43 124228
56 4300 6155 5 6399
57 4339 8185 100 115102
58 4361 9335 120 390870
59 4551 7815 9 24935
60 4689 5467 124 53932
61 4796 11101 57 312131
62 4995 14319 20 32947
63 5197 13482 32 111114
64 5338 7215 97 55647
65 5822 6436 138 18934
66 6069 14247 28 326055
67 6079 16622 99 579323
68 6264 10927 62 149725
69 6284 7939 8 5010
70 6524 7224 55 6898
71 6925 9753 62 120241
72 6956 9977 16 34190
73 7037 7128 59 2179
74 7174 8315 16 5231
75 7466 9260 68 69394
76 7679 13407 95 273792
77 7702 11617 25 88140
78 7791 8800 7 2617
79 7897 10122 88 85826
80 7954 10725 48 110309
81 7978 11921 81 115018
82 8025 8431 85 17580
83 8139 16875 21 69747
84 8248 15798 142 905600
85 8344 31799 10 83580
86 8516 21517 44 179072
87 8559 11079 6 8197
88 9242 16484 41 69004
89 9370 11893 103 41541
90 9403 9496 40 3341
91 9415 12769 49 75025
92 9486 11015 47 27712
93 9531 11233 89 37256
94 9595 22320 109 801808
95 9645 11600 10 15104
96 9917 14527 33 138907
97 9963 12454 11 6020
98 10206 11272 5 2785
99 10377 11184 122 100698
100 10594 12299 17 7904
101 10673 22005 111 1030084
102 10695 11891 24 17914
103 10851 11399 108 32765
104 10963 16521 132 302463
105 11098 14976 6 12606
106 11108 12532 28 15016
107 11185 13195 14 20489
108 11277 14858 104 196788
109 11316 27599 149 1465836
110 11327 12075 114 19063
111 11344 20105 8 16938
112 11393 15308 80 208240
113 11419 19106 15 15118
114 11489 13225 106 154281
115 11545 15108 23 34697
116 11591 12481 8 2697
117 11619 13974 115 198503
118 11642 22353 118 317705
119 11725 16562 41 31402
120 11742 23888 130 446566
121 11760 14222 57 60668
122 11841 13567 46 26771
123 11884 19130 43 167132
124 11938 18548 23 110481
125 12045 15811 47 230220
126 12095 14847 22 27691
127 12105 20871 52 253571
128 12150 12536 9 827
129 12156 14149 20 8643
130 12186 13815 122 192462
131 12233 17771 70 174051
132 12270 40588 14 563403
133 12291 13617 42 26887
134 12306 12485 95 6496
135 12572 13294 52 21043
136 12694 22154 71 699863
137 12728 15010 29 51702
138 12782 13792 28 28638
139 13066 14959 48 33650
140 13109 13863 93 81467
141 13196 15897 18 15843
142 13319 18853 146 1129912
143 13514 14601 8 17522
144 13579 18074 11 7951
145 13659 21155 35 89148
146 13677 13835 69 12791
147 13729 15017 39 37727
148 13951 25999 47 365984
149 14019 15265 43 19328
150 14068 16843 21 81684
151 14304 16324 90 75590
152 14379 15876 114 131388
153 14381 16980 73 82702
154 14578 19368 9 26883
155 14713 21096 47 179853
156 14856 22989 6 8347
157 14979 16545 99 36790
158 15287 17114 26 13750
159 15403 16737 40 57569
160 15451 24364 8 18377
161 15612 17830 116 90568
162 15617 26460 19 123327
163 15912 23546 21 130850
164 15981 19625 7 6405
165 16042 20829 10 18089
166 16251 16478 149 12005
167 16371 23774 66 208480
168 16633 20047 17 35918
169 16663 30100 56 116136
170 16839 17573 111 60975
171 16907 20604 97 254387
172 16908 18220 64 25511
173 16984 19321 55 21016
174 17010 19140 29 25316
175 17070 21909 31 49630
176 17126 18504 82 57059
177 17198 23247 124 248941
178 17314 18564 54 26861
179 17396 18301 43 32218
180 17425 23429 64 180824
181 17495 18870 68 72251
182 17594 20140 74 132826
183 17687 19329 85 90196
184 17755 19597 19 9405
185 17853 19269 54 33376
186 18128 19593 43 20858
187 18181 19521 99 31915
188 18317 19484 8 4555
189 18339 21347 48 39578
190 18442 25448 54 104195
191 18465 26917 30 113207
192 18625 21895 10 16183
193 18636 30629 78 282528
194 18738 27829 14 48717
195 18762 32081 125 340929
196 19110 20492 30 7349
197 19204 22069 103 51220
198 19278 19736 21 5630
199 19317 33610 137 1734527
200 19333 27559 21 102020
201 19347 20857 136 195032
202 19384 29214 11 78860
203 19445 36919 30 180039
204 19448 26554 13 34583
205 19523 21462 90 465369
206 19526 24750 34 125801
207 19643 22082 134 219586
208 19656 26481 67 332481
209 19833 20166 110 21180
210 20291 23961 4 4449
211 20418 20943 81 9842
212 21093 21979 4 1235
213 21204 22572 46 44351
214 21276 28025 29 102057
215 21456 34969 25 73446
216 21518 22155 55 16574
217 21597 32603 139 446167
218 21749 23054 88 123803
219 21765 22134 9 2102
220 21840 21978 33 3132
221 21942 37398 75 479698
222 22126 23053 82 44133
223 22203 22296 74 3544
224 22232 27930 27 71345
225 22299 30233 15 53773
226 22357 43628 4 89914
227 22415 23290 92 16781
228 22454 25877 25 31730
229 22560 44772 124 999401
230 22599 23973 74 47862
231 22602 23923 113 65864
232 22677 23926 6 5170
233 22876 25712 6 4348
234 23120 32327 15 75954
235 23216 41573 8 109169
236 23369 26069 113 196888
237 23469 30727 40 77035
238 23498 26825 105 167571
239 23532 29490 27 59110
240 23591 28287 98 423762
241 23621 24645 137 234524
242 23636 25537 19 21122
243 23669 38350 16 58879
244 23712 25662 50 32796
245 23787 42726 8 43450
246 23945 35016 29 257792
247 24033 25822 46 75902
248 24094 38828 98 370081
249 24096 26301 33 20538
250 24137 24827 57 17053
251 24154 26273 29 29634
252 24286 33959 16 51337
253 24332 28853 132 303491
254 24349 25690 143 86067
255 24580 29593 95 849062
256 24742 31177 57 116538
257 24840 26288 36 39838
258 24843 25277 14 6317
259 24991 25860 22 6606
260 25020 27956 27 20508
261 25100 27370 8 6104
262 25122 30236 45 62132
263 25199 37721 22 139602
264 25262 49741 40 200408
265 25280 28490 8 9621
266 25327 28497 7 18297
267 25436 26296 53 25744
268 25684 26958 126 45814
269 25686 27125 48 21611
270 25845 35860 36 271381
271 25912 28866 18 18703
272 26516 27883 27 27964
273 26526 32047 129 169584
274 26542 28098 32 32113
275 26556 27777 13 14375
276 26565 28743 47 42953
277 26595 31073 5 10287
278 26732 26800 7 136
279 26877 28516 18 13121
280 26964 37582 43 275748
281 27073 29481 31 8822
282 27172 38357 6 10469
283 27188 32015 66 216506
284 27305 27330 107 686
285 27317 32150 46 74923
286 27337 27804 105 50883
287 27356 30979 8 12247
288 27372 31336 124 288876
289 27754 36233 99 91049
290 28061 40699 32 167476
291 28100 36517 96 571564
292 28157 37022 8 28548
293 28171 28340 42 4031
294 28235 30730 55 44963
295 28268 32802 82 239317
296 28370 41586 144 829189
297 28472 29857 94 71046
298 28512 32168 85 165292
299 28699 31701 12 15948
300 28738 48847 16 269012
301 28927 36207 15 24148
302 28955 29971 138 28389
303 29099 37169 45 102386
304 29119 29781 28 19938
305 29228 33481 9 22902
306 29338 46101 54 303745
307 29576 29974 8 3206
308 29589 29684 27 722
309 29598 30613 8 3336
310 29608 30240 137 33567
311 29739 30426 41 39471
312 29742 31716 45 77133
313 29791 35022 15 13964
314 29823 33995 102 87559
315 29863 36044 114 220784
316 29899 35525 5 10554
317 29955 31351 15 37508
318 30174 32585 14 10575
319 30310 35758 45 121625
320 30334 33188 67 117271
321 30493 31133 37 27883
322 30607 46838 23 86926
323 30723 35546 39 27532
324 30739 34237 61 154508
325 30743 33507 24 27178
326 31068 32143 25 29856
327 31112 47389 98 1028876
328 31444 34036 94 171181
329 31522 32961 13 12225
330 31822 32074 102 35749
331 31829 39310 134 1028743
332 31870 43933 38 108004
333 31900 34813 111 77317
334 31947 37428 100 162299
335 31949 44929 76 562681
336 32347 34322 103 58709
337 32380 36930 116 994317
338 32406 46067 58 493556
339 32431 33446 15 11849
340 32485 36518 9 16130
341 32601 39940 4 15460
342 32705 34195 150 137047
343 32722 33816 6 4129
344 32766 35068 13 18028
345 32769 43090 4 16751
346 33022 37278 81 179977
347 33119 36546 127 301506
348 33194 38613 91 234920
349 33297 36686 23 13879
350 33323 36330 51 46879
351 33411 44237 24 63409
352 33442 39622 9 8231
353 33466 36720 79 127273
354 33483 49129 95 835756
355 33566 34748 57 54585
356 33568 37667 122 320128
357 33633 39368 38 181754
358 33688 34302 63 25951
359 33707 36380 58 165925
360 33787 44322 6 24799
361 33806 38919 48 105824
362 33841 34948 16 11329
363 33842 43877 52 144785
364 33951 35070 55 78833
365 34016 36574 66 19458
366 34258 36502 112 156967
367 34421 36895 43 70446
368 34723 37418 43 66040
369 34769 36048 62 29051
370 34840 37018 132 92786
371 34926 39014 24 77323
372 34951 46715 83 460778
373 34971 36729 19 15398
374 35007 39542 110 487871
375 35027 35567 117 66210
376 35041 36581 53 103692
377 35062 38185 60 78676
378 35334 49516 31 96298
379 35383 44432 11 50898
380 35573 37572 86 89554
381 35773 37610 21 25518
382 36035 45062 28 162467
383 36122 42857 24 122994
384 36135 41689 141 170946
385 36275 39532 105 215006
386 36314 39416 43 59809
387 36335 37554 13 7006
388 36385 39211 45 24464
389 36415 36552 93 4091
390 36626 40480 10 42451
391 36674 52664 54 428121
392 36842 40615 29 81608
393 36970 38006 68 23292
394 37138 37602 38 6179
395 37154 43625 141 229523
396 37192 37451 50 5953
397 37552 39973 44 33293
398 37590 38959 5 8347
399 37867 38336 64 10137
400 37877 37896 62 334
401 38047 41368 6 7014
402 38363 45824 11 98151
403 38425 41416 79 82794
404 38447 39661 31 14978
405 38586 39521 141 56765
406 38710 39613 67 50058
407 38787 50365 5 32078
408 38791 39102 61 13914
409 38801 40316 112 64714
410 39129 39741 36 21636
411 39210 48039 4 22021
412 39217 44058 108 187038
413 39353 44553 20 69765
414 39427 45933 57 67484
415 39466 44675 16 47983
416 39489 39507 134 3680
417 39537 39687 37 2633
418 39575 42381 89 49830
419 39626 50222 113 746088
420 39729 47590 144 676386
421 39750 45214 20 226065
422 39875 52021 74 528833
423 40031 47854 5 11698
424 40190 44191 22 19080
425 40489 41940 32 34944
426 40532 42739 21 54412
427 40900 44728 29 53413
428 41030 42592 43 26069
429 41071 47052 38 25911
430 41134 43153 24 12031
431 41477 45675 38 22060
432 41615 46078 42 60062
433 41672 44275 14 24391
434 41966 50061 39 148174
435 42031 49325 14 33789
436 42038 43539 13 10439
437 42111 46144 13 23205
438 42181 43040 136 65516
439 42220 51141 38 128127
440 42229 45604 58 72239
441 42332 49411 69 510094
442 42337 43511 23 7264
443 42498 47199 122 101252
444 42710 46586 11 12915
445 43197 43371 95 7093
446 43443 50408 77 232844
447 43686 49514 28 92216
448 43807 46819 6 9284
449 43812 58524 4 9871
450 43836 46363 14 31614
451 43843 45673 149 162729
452 44333 44613 47 5839
453 44382 45796 120 29764
454 44546 46401 62 63461
455 44579 46447 108 115674
456 44637 53398 19 51998
457 44714 51814 6 26526
458 44757 45182 108 50584
459 44806 46626 134 34302
460 44876 47254 43 61662
461 44889 45276 12 1530
462 44907 47170 21 14827
463 44920 50084 42 38579
464 44945 47020 13 25163
465 45045 50702 53 185092
466 45134 46892 20 32151
467 45157 51881 14 37396
468 45287 46918 97 63613
469 45309 45750 144 24461
470 45318 53258 5 34293
471 45427 54747 131 444608
472 45437 47797 106 297206
473 45505 48944 5 5014
474 45678 56044 51 712321
475 45702 56549 23 55397
476 45969 50333 15 38044
477 45971 49448 4 7105
478 46003 46321 10 3237
479 46233 50852 8 20815
480 46352 53518 7 20892
481 46415 49887 72 55503
482 46563 63136 31 237991
483 46614 56672 118 461516
484 46646 46657 10 50
485 46719 48043 8 7273
486 46799 49733 125 147069
487 46811 59839 54 410859
488 46832 50400 42 82313
489 47174 68733 11 80622
490 47202 60270 26 72819
491 47205 58598 75 174803
492 47209 48019 8 2526
493 47218 48460 22 23201
494 47345 50020 121 218699
495 47428 50233 5 6364
496 47435 50218 40 78892
497 47523 49961 49 75112
498 47581 60079 14 51238
499 47609 52133 36 79462
500 47616 50319 83 23979
501 47800 54115 101 161015
502 47809 50510 118 228944
503 47887 48439 114 39427
504 48202 54162 4 13650
505 48274 50110 84 70591
506 48452 58427 38 177008
507 48501 71852 42 310397
508 48635 64281 78 877580
509 48836 58128 98 156526
510 48929 53908 91 335323
511 48962 59141 144 365513
512 49027 50113 45 12208
513 49184 53911 23 21982
514 49188 51331 16 15279
515 49266 66568 128 615344
516 49378 50850 104 53533
517 49382 53915 35 60039
518 49500 57284 54 88534
519 49667 60756 60 171468
520 49760 50267 141 45783
521 50060 53042 92 141863
522 50152 51465 93 133526
523 50337 52793 97 78923
524 50352 52210 100 88831
525 50432 50622 23 1567
526 50589 54034 46 57248
527 50608 53957 92 197396
528 50631 52020 55 33115
529 50647 64158 5 41726
530 50739 51635 114 17671
531 51134 60966 10 43576
532 51273 51298 144 1655
533 51313 58812 88 503751
534 51354 54439 5 12120
535 51386 55522 76 148116
536 51419 53310 130 108009
537 51488 63504 76 420044
538 51665 60454 117 1001518
539 51780 53786 9 3643
540 51877 53356 117 31275
541 51937 53549 135 30940
542 52014 53101 131 130692
543 52092 54778 126 140023
544 52150 55608 147 97235
545 52219 53775 73 43284
546 52335 53400 19 9365
547 52349 60289 66 343735
548 52382 54555 12 35846
549 52457 52718 14 2403
550 52480 53221 35 7628
551 52546 60025 66 239032
552 52561 53079 67 40457
553 52660 54180 52 30684
554 52688 55404 133 154955
555 52744 61612 135 397887
556 52900 55333 128 152804
557 52920 54738 8 5564
558 53120 54866 32 95319
559 53195 68661 7 14987
560 53247 57381 7 5354
561 53251 54676 58 40519
562 53435 56612 36 43770
563 53707 69207 4 34632
564 53712 62070 8 42317
565 53788 58224 6 22948
566 53821 57415 150 217629
567 54127 61442 25 79336
568 54146 54482 44 8214
569 54309 58514 116 206658
570 54409 55445 22 8848
571 54438 54585 114 6881
572 54494 61471 11 17757
573 54565 61290 14 32343
574 54621 56303 103 69231
575 54775 57372 11 26837
576 54907 57060 76 78033
577 55170 58663 110 386425
578 55366 56162 74 60197
579 55399 55432 125 3403
580 55517 60116 4 2483
581 55595 61966 119 154158
582 55709 60220 41 54755
583 55711 64282 78 145582
584 55717 58631 101 245803
585 55749 69208 142 906905
586 56129 57672 56 29365
587 56137 57793 30 67544
588 56354 58088 20 22550
589 56617 56700 13 1265
590 56739 58918 56 84036
591 56767 60809 25 106620
592 56991 82565 104 513034
593 57066 67252 94 213449
594 57119 57443 88 13220
595 57123 67035 22 216138
596 57219 57329 9 758
597 57303 57902 46 36899
598 57323 61321 49 68138
599 57349 58432 12 2753
600 57408 59049 77 77775
601 57427 65417 14 56618
602 57571 64692 53 213047
603 57740 75547 133 415840
604 57805 58765 42 33905
605 58049 62138 121 78333
606 58276 65936 74 184800
607 58294 58422 113 6155
608 58576 68772 11 48951
609 58604 60257 59 72168
610 58729 59352 119 32081
611 58990 61040 50 26582
612 59227 65404 5 28053
613 59292 61775 71 39971
614 59300 59328 15 259
615 59478 62533 5 3960
616 59547 60335 41 16192
617 59637 62722 9 18914
618 59691 62548 10 19944
619 59744 67195 106 441368
620 59763 78147 21 117654
621 59841 62029 127 104055
622 59892 61376 40 11295
623 59937 65237 132 178671
624 60000 62237 39 17607
625 60041 62982 7 10679
626 60067 61099 103 38513
627 60187 62798 69 64469
628 60321 97422 135 1690802
629 60340 68306 48 117117
630 60496 64573 93 262797
631 60630 70886 125 919594
632 60646 76874 45 244121
633 60829 66089 117 462539
634 60836 67572 136 329466
635 61051 79887 85 157216
636 61168 69913 14 55049
637 61362 61656 67 17061
638 61400 74646 6 16525
639 61586 73769 54 412185
640 61594 71929 106 1497794
641 61647 61700 9 527
642 61657 65524 125 124306
643 61705 63632 9 6993
644 62057 63077 9 18572
645 62328 71674 67 127418
646 62442 68702 39 103361
647 62458 69037 80 97540
648 62493 63967 55 38631
649 62682 63852 14 10249
650 63040 74467 15 60988
651 63089 66622 115 225859
652 63125 63509 144 53754
653 63183 84580 27 349667
654 63190 65241 8 13514
655 63195 65402 144 70436
656 63241 66897 125 181418
657 63314 69047 13 21369
658 63616 66409 77 420471
659 63672 77801 88 383978
660 63851 65492 118 62591
661 64024 64529 107 13681
662 64026 64823 13 4780
663 64059 64222 4 281
664 64096 64155 16 474
665 64188 64765 107 18390
666 64223 77828 101 670108
667 64489 65427 65 27781
668 64515 75625 144 325269
669 64567 73404 10 11040
670 64602 65741 36 31446
671 64693 76994 17 54840
672 64799 68616 28 83120
673 64864 67771 110 88668
674 64948 68934 85 91111
675 64951 67177 10 17965
676 65111 68236 8 21831
677 65211 82275 118 963994
678 65434 68737 23 65149
679 65436 69113 41 118335
680 65822 67301 141 48259
681 65858 74250 79 526696
682 65923 73752 47 73692
683 65972 72882 29 271573
684 66005 72194 126 212325
685 66168 72288 56 154015
686 66188 67856 120 64027
687 66205 68475 10 5078
688 66252 67369 90 45872
689 66316 72095 96 215757
690 66437 78458 125 343327
691 66448 68758 45 21965
692 66484 66809 106 28308
693 66796 75338 115 161131
694 66865 67778 17 10949
695 66886 68931 81 86008
696 66921 69498 6 6628
697 66955 69471 78 209802
698 67093 68796 144 99828
699 67241 72469 123 387899
700 67330 74242 9 36684
701 67474 68424 7 3521
702 67527 73742 79 77053
703 67601 67763 74 4049
704 67639 69921 32 42492
705 67877 72654 8 7519
706 68025 68605 89 30262
707 68054 75748 72 97612
708 68185 69966 91 60553
709 68340 68876 80 18634
710 68387 73192 131 543171
711 68647 77148 77 288350
712 68824 73692 4 5603
713 68954 77852 67 263411
714 69002 69805 38 9507
715 69294 77255 5 47712
716 69307 87207 61 465907
717 69395 77806 133 467378
718 69419 71621 82 68805
719 69505 71277 38 23670
720 69562 70706 56 31071
721 69614 85331 40 330591
722 69623 70376 139 59430
723 69834 74659 42 177520
724 69837 71029 8 3690
725 70034 75015 72 100569
726 70074 75174 18 114550
727 70126 74439 58 174928
728 70229 74442 60 220437
729 70299 79487 6 25987
730 70399 79459 12 35629
731 70631 71061 11 2023
732 70692 71045 7 3108
733 70841 72703 61 19828
734 70850 71011 7 665
735 70918 85164 146 997579
736 70947 92658 57 300851
737 70977 72495 76 55634
738 71046 71494 116 20445
739 71139 75647 29 36849
740 71184 72641 17 15944
741 71301 89889 66 429687
742 71337 72528 78 111838
743 71393 73230 32 32490
744 71413 75249 76 221251
745 71419 79338 140 1523717
746 71427 76966 23 40979
747 71447 79553 43 187761
748 71663 79485 8 33402
749 71846 75293 11 10866
750 71893 74813 34 127780
751 71963 77552 23 31742
752 72366 77456 19 44488
753 72404 75798 87 188466
754 72570 80813 6 27085
755 72610 76028 9 20668
756 72677 77229 47 74399
757 72896 85468 31 108878
758 72941 76551 8 19816
759 72999 85561 45 232710
760 73089 83684 100 227676
761 73118 74409 57 36999
762 73151 73468 19 3229
763 73421 74085 15 1245
764 73579 75904 88 97590
765 73594 78850 47 49216
766 73668 80946 137 1016175
767 73702 77206 111 127742
768 73821 77075 67 52564
769 73852 75078 32 15435
770 73940 75812 26 9159
771 74163 74522 43 13089
772 74194 80934 85 93435
773 74447 78377 93 161684
774 75087 75582 15 3196
775 75191 78709 98 112257
776 75362 77731 33 40735
777 75435 77043 11 5529
778 75509 76131 10 4223
779 75531 79255 19 10106
780 75649 76261 7 1091
781 75719 92760 26 85944
782 75745 76855 46 51452
783 75754 75835 147 7599
784 75788 79017 127 275675
785 75818 79513 37 68824
786 76071 76212 26 1421
787 76119 91797 41 326445
788 76352 88963 34 220995
789 76402 83047 29 124848
790 76451 82403 61 142139
791 76683 80915 11 12860
792 76846 81214 54 132455
793 77067 77762 8 7171
794 77073 81525 48 128756
795 77095 93281 31 332735
796 77445 80473 4 12828
797 77461 80124 94 275530
798 77470 80738 147 176489
799 77474 86418 39 104724
800 77588 78779 119 160453
801 77913 86280 5 20417
802 77980 95319 35 110319
803 78026 87869 14 42603
804 78073 84877 6 18901
805 78086 91975 95 466919
806 78109 81660 45 37038
807 78115 78582 4 1076
808 78279 89709 9 42416
809 78302 80368 118 120409
810 78375 84146 94 205441
811 78390 78674 146 46010
812 78428 79433 62 18446
813 78429 82017 90 303349
814 78597 88720 46 164487
815 78676 82319 74 289195
816 78713 83422 9 19289
817 78924 79114 115 5417
818 78963 80038 67 32080
819 79048 79514 129 55203
820 79358 83992 123 153906
821 79766 81200 7 3953
822 79936 80417 31 12328
823 80045 81943 122 30293
824 80117 84208 6 13889
825 80123 83098 142 165523
826 80170 80579 134 39475
827 80387 85142 8 11400
828 80423 81331 9 4585
829 80464 82092 107 42890
830 80494 83436 62 159458
831 80542 84008 96 187383
832 80549 88627 54 180141
833 80691 84391 14 45809
834 80695 84135 37 71737
835 80767 84149 29 65938
836 80912 81497 11 1812
837 81012 81543 22 6082
838 81066 82407 21 23472
839 81169 83641 61 69062
840 81207 84289 98 123454
841 81210 87116 13 21653
842 81238 92625 30 95662
843 81289 83354 145 212810
844 81425 87232 32 36698
845 81489 81697 93 26454
846 81499 83771 118 279235
847 81572 89805 77 163797
848 81654 85410 47 37573
849 81689 86229 56 106361
850 81787 83099 96 52822
851 81837 83530 79 95110
852 81975 82696 126 37120
853 82042 82436 138 10617
854 82075 83882 56 63875
855 82252 92098 45 276905
856 82265 95428 84 475447
857 82312 82497 50 3924
858 82330 83364 19 18301
859 82374 95911 47 175936
860 82580 86321 26 47712
861 82623 89046 61 307436
862 82656 87025 12 24620
863 82709 92824 4 22751
864 82773 86978 47 92822
865 82789 88986 79 158091
866 82954 87928 85 87453
867 82957 86732 48 51920
868 83072 84058 25 12969
869 83112 87212 75 167347
870 83191 85422 24 41071
871 83299 94421 98 875169
872 83311 85620 91 84079
873 83463 84344 107 36493
874 83503 90173 6 25241
875 83607 84585 143 66772
876 83652 86420 70 83398
877 83778 86506 14 21603
878 83796 92747 7 13616
879 83803 83888 35 1027
880 83856 84327 16 3710
881 83868 92213 134 400819
882 84023 87889 117 137022
883 84102 88637 53 150227
884 84178 84895 45 9754
885 84384 85874 128 85892
886 84519 86003 119 58662
887 84568 85735 139 44786
888 84781 91284 66 295671
889 84785 84888 8 377
890 84790 87464 63 99143
891 84842 86886 93 114267
892 84914 85811 119 234689
893 85443 99200 37 309777
894 85473 88873 98 197563
895 85808 93087 67 109400
896 85861 97599 109 435280
897 86019 88051 18 18973
898 86029 93564 95 228336
899 86247 86924 77 45094
900 86262 88717 68 49478
901 86306 86763 27 8130
902 86483 89500 5 7767
903 86568 87666 92 42507
904 86714 87673 97 30509
905 86843 90288 43 43333
906 86847 90228 12 24389
907 86971 98777 46 74215
908 86987 87487 110 11747
909 87028 97994 101 277644
910 87107 91090 112 79880
911 87378 89212 36 33382
912 87443 90828 40 35825
913 87456 97536 5 43933
914 87559 91838 15 47969
915 87568 88404 37 12237
916 87617 90792 112 236935
917 87749 93523 104 226273
918 87835 89097 56 18759
919 87891 89044 79 29010
920 88004 95395 109 329538
921 88025 91547 38 70779
922 88075 99577 80 449119
923 88088 91023 54 109930
924 88136 88138 71 66
925 88227 88783 61 18501
926 88234 88630 73 11876
927 88242 88469 145 14777
928 88480 90176 32 52095
929 88493 97446 47 116978
930 88511 97176 77 108536
931 88736 88867 125 9792
932 88842 94734 10 28022
933 88847 97081 26 62157
934 88957 94169 63 154893
935 89121 89173 60 3449
936 89623 90076 103 15003
937 89697 90775 5 1967
938 89760 90256 118 74175
939 89963 92209 131 327555
940 90239 91420 52 44598
941 90255 95063 6 12790
942 90476 93495 92 246517
943 90641 98636 28 115801
944 90753 93787 28 42384
945 90936 93982 25 49293
946 91287 93643 47 22008
947 91485 96023 58 125051
948 91886 93748 50 54465
949 91945 94782 13 22829
950 92005 96521 77 163537
951 92057 92926 14 6890
952 92065 95404 100 185709
953 92167 92446 12 3915
954 92169 96850 16 24361
955 92240 94747 12 19746
956 92560 94130 21 30461
957 92690 95027 64 60491
958 92773 93364 58 28884
959 92876 96157 19 21555
960 93006 95497 105 179944
961 93022 94123 147 96470
962 93272 97382 27 15878
963 93305 93426 146 11504
964 93453 94948 15 13944
965 93465 97381 5 18964
966 93478 99410 15 37142
967 93480 94042 53 23878
968 93663 94151 114 23567
969 93711 94506 79 75341
970 93867 95976 126 273898
971 93926 95963 74 54271
972 93928 97999 48 156764
973 94109 94264 92 14106
974 94354 96289 117 147591
975 94471 96878 9 16497
976 94632 95957 71 87535
977 94675 95463 27 10577
978 94846 95090 101 12178
979 94921 96571 95 73045
980 94944 96338 64 16495
981 95215 95494 74 6747
982 95731 99046 47 39903
983 95758 96407 75 27846
984 95938 99285 37 41621
985 96154 97921 148 160016
986 96236 98163 90 149443
987 96450 99464 5 9669
988 96456 98318 48 49176
989 96503 97549 42 29195
990 96587 99550 127 292445
991 96653 96775 108 10818
992 96681 98935 16 10322
993 96792 97609 114 40713
994 97365 98152 112 46095
995 97547 99160 98 77418
996 97561 98076 56 13603
997 97731 99616 35 56739
998 97968 98216 69 11242
999 98449 99861 84 59544
