50 1000 0.010
.......#.#..#...................#.#......#........
..................#.............#.................
..#..............##.###.........#........##......#
..#...........#...#.........#..#..................
...#......#...#..#...#.##.................#...###.
.................#####..#......................##.
...#.....#....##.#...#.......#....##...#.#........
.........#........#....................#.###......
#..#..........#...........#.##............#......#
................#...##...........................#
#....#...........................................#
.##................#.#............................
......................##..........#...............
..........................#..#........#.........#.
.....#....##..............#.#..#.......#......#...
..#...........#.............#..#......###....##...
.......##.......#.......#.........................
......#........#...##..##.........................
..#.#...........#..........#......................
..#.#................#...................#.....#.#
..................................................
.##....#...........#..................##.#........
.#.#...##..#.......#..#..##...........##.........#
...#..#...............#................#..........
.............#........#.##........................
#...................................#.....#.......
.......#..................#.......####....#.#..#..
......##..#.#......#.##......#.....#...#..........
.....#............................#....#..........
.##....#......................##.....#.....#.....#
...........#......#.............#.............#...
...#....#........##.#......................#......
#.........#....#......#...#...#..#................
..#........#....#...##....#.......#.##............
##.#.......#....#.........#...........####.......#
.........................#...##.###.##..........#.
...............##........#......#...#.............
#...#......#....#..........#........#...##........
...........#....#.....#.......##......##..#.......
................#.......##....#...#####...#.......
........#............#...#.#..#.#....#.......#....
.......#.#......................#.................
.....................#.....................#......
.#.....#.#..................#..............#......
..##....#....#..................#..........#.#.#..
............##........#...#....#.........#....#...
.............#.#...#.......#..#.............#.....
............#...............###...#.........#.#...
.......................#.....#..................#.
..................................................
0 34 4332 41 74590
1 115 2278 143 103817
2 128 2222 92 138204
3 182 5986 48 106463
4 240 7170 115 710047
5 278 11257 70 418019
6 449 13531 45 183285
7 584 13396 9 26246
8 702 12770 5 37187
9 733 3987 12 20643
10 794 3688 36 85141
11 856 7960 25 135045
12 941 9925 103 392605
13 1073 6749 112 389619
14 1129 4667 55 107935
15 1232 13382 9 24670
16 1240 5570 149 165085
17 1384 2110 41 24745
18 1468 5876 60 539528
19 1555 4272 9 6566
20 1656 4591 47 57032
21 1672 7661 38 116221
22 1690 13961 47 242988
23 1700 2220 42 9435
24 1741 2303 4 1444
25 1800 2238 119 21694
26 1892 8009 119 296376
27 2027 18299 6 76669
28 2066 13091 9 29543
29 2102 5696 31 47221
30 2180 10575 4 7938
31 2235 10574 30 58921
32 2252 6068 105 211831
33 2548 3772 89 69911
34 2610 12954 56 129931
35 2715 9141 49 92229
36 2743 3530 40 20727
37 2882 3639 114 40452
38 2964 6411 66 92154
39 3051 4829 49 34181
40 3205 16759 93 200589
41 3227 4714 27 17813
42 3477 7806 15 16715
43 3628 4114 16 3715
44 3741 4830 87 80334
45 3896 10263 27 80972
46 3985 8512 16 16029
47 4012 9416 45 61247
48 4016 15731 90 588493
49 4056 6496 8 3091
50 4075 5927 17 12991
51 4129 6668 108 230482
52 4184 20717 98 131914
53 4201 15410 12 220968
54 4302 5719 8 1231
55 4407 14803 9 46773
56 4432 9111 130 171164
57 4450 7797 71 399105
58 4491 5074 130 32644
59 4534 8842 8 25237
60 4639 5622 50 9575
61 4786 11435 27 105623
62 4854 8245 102 128245
63 4985 6187 7 4272
64 5079 7572 12 4886
65 5091 9828 47 265609
66 5117 5708 112 32420
67 5156 9656 45 49154
68 5213 6335 8 2499
69 5236 9322 138 163856
70 5277 7745 10 10146
71 5336 7398 14 45683
72 5391 14645 21 91939
73 5399 17074 133 436134
74 5432 11901 120 613331
75 5501 5517 120 2173
76 5617 10479 84 131339
77 5638 9644 14 19857
78 5761 9536 18 30839
79 5801 18032 4 25302
80 5867 13227 15 59748
81 6042 9154 51 24613
82 6080 15536 42 129656
83 6318 12464 65 84604
84 6371 8298 6 8777
85 6405 14557 55 172900
86 6438 9065 39 71609
87 6493 15938 69 240644
88 6633 10102 25 33385
89 6755 13316 5 14734
90 6828 13610 40 145081
91 6867 8770 81 54563
92 7076 8377 127 47177
93 7084 15657 10 56498
94 7187 19230 86 321606
95 7231 9112 17 8576
96 7232 10697 144 141064
97 7278 8658 20 5020
98 7482 9677 8 7086
99 7693 12830 20 27991
100 7712 9358 76 94262
101 7764 8780 117 30239
102 7888 11673 39 132496
103 7946 9033 33 40172
104 8310 16396 50 245112
105 8417 11159 76 67323
106 8421 16313 12 21006
107 8499 15127 101 236984
108 8506 12633 124 194374
109 8606 21155 124 1057350
110 8669 9451 127 44894
111 8702 13525 12 12645
112 8708 17706 49 271528
113 8710 10947 119 65888
114 8724 11318 23 22466
115 8790 12099 144 112480
116 8933 9999 119 42662
117 8934 27956 10 83191
118 9273 9387 8 646
119 9465 9955 65 21968
120 9518 21874 10 123319
121 9587 10336 17 6971
122 9804 10486 116 66639
123 9839 16618 30 43068
124 9923 27055 127 1750009
125 9988 21555 60 356270
126 10057 27319 73 249105
127 10082 21698 25 127990
128 10156 10714 132 19346
129 10235 10413 8 885
130 10292 21320 74 415252
131 10383 13072 22 54748
132 10425 15317 7 16611
133 10646 15403 94 451418
134 10670 12232 81 24285
135 10682 15638 77 136714
136 10693 13711 143 182650
137 10815 11501 123 130000
138 11057 12718 105 44033
139 11235 11952 11 3821
140 11248 14465 69 143360
141 11262 12192 60 52847
142 11315 12173 97 41283
143 11598 13755 54 139330
144 11635 26246 49 264062
145 11865 36544 39 263333
146 11877 18554 57 129814
147 11904 13193 65 39737
148 11943 19264 88 151137
149 11944 23597 122 212841
150 11980 13999 31 44983
151 12056 12076 55 728
152 12135 14758 141 87044
153 12161 12506 15 1019
154 12213 17791 23 176649
155 12267 15355 24 23316
156 12466 13622 82 50031
157 12469 19301 105 422289
158 12488 19149 94 180989
159 12630 13768 27 15641
160 12753 17469 102 326671
161 12808 16813 61 58269
162 12941 13094 66 12839
163 13060 37954 4 35327
164 13185 29182 121 856880
165 13402 24660 12 43413
166 13458 15681 54 49262
167 13812 15128 137 140995
168 13978 18644 35 55105
169 14003 18572 50 59228
170 14024 19084 18 15744
171 14069 24897 10 63769
172 14299 22358 37 123001
173 14375 16755 87 91364
174 14526 23903 46 119405
175 14768 18647 142 282339
176 14772 28614 19 51564
177 15038 19683 69 81833
178 15313 19310 32 147712
179 15388 16764 6 7610
180 15464 29183 52 777459
181 15532 17064 8 4146
182 15659 16170 110 22513
183 15759 18530 120 221868
184 15765 28455 8 34212
185 15935 20064 72 181586
186 16102 24746 24 74343
187 16304 26211 28 38841
188 16397 30985 21 189668
189 16476 34280 10 61417
190 16652 28716 82 244831
191 17228 23344 10 23496
192 17249 20255 56 127775
193 17429 24374 66 322485
194 17576 27716 106 154103
195 17592 35638 79 1233702
196 17684 21911 82 171426
197 17776 17814 41 1199
198 17792 20450 34 45926
199 17910 26946 88 308655
200 17924 23326 10 26318
201 17945 35316 57 1009913
202 17949 36604 142 1602011
203 18133 28185 118 732666
204 18143 21448 64 167373
205 18158 23453 74 70245
206 18249 20952 73 77212
207 18281 21036 38 80417
208 18332 22127 6 4647
209 18479 38927 81 359616
210 18512 28092 4 23730
211 18700 20239 129 180042
212 18785 28622 8 89326
213 18948 23498 30 24280
214 19002 28392 147 774802
215 19031 19241 73 6606
216 19033 39806 48 1598566
217 19134 34389 88 450373
218 19248 26367 56 194868
219 19499 30102 82 116135
220 19544 21664 129 65383
221 19576 21260 88 27920
222 19631 36405 97 586253
223 19742 21652 128 146974
224 19847 33871 19 89729
225 20546 20633 8 336
226 20548 20644 11 1665
227 20811 23295 10 6470
228 20950 24522 30 126912
229 21176 22439 8 4028
230 21385 21948 24 9577
231 21391 26759 8 66842
232 21442 28450 38 123761
233 21513 24064 110 106121
234 21519 51938 14 65392
235 21575 27789 5 16935
236 21620 26831 10 23183
237 21699 35525 137 1080377
238 21799 23171 120 98772
239 21878 37367 143 619539
240 21896 22604 27 13279
241 21923 23810 13 7633
242 22145 23043 48 17242
243 22153 22472 14 3010
244 22189 25922 4 4298
245 22230 23209 79 26343
246 22329 22399 39 2235
247 22335 26638 10 32966
248 22375 23618 37 6346
249 22382 25595 53 64089
250 22480 31483 26 61668
251 22626 30413 148 453900
252 22662 33104 37 109814
253 22697 25281 55 72627
254 23100 24791 129 280710
255 23192 28445 24 52020
256 23205 24586 25 12035
257 23225 27221 140 98966
258 23275 23550 12 5925
259 23580 29685 67 137687
260 23694 35792 69 497425
261 23787 23949 139 32432
262 23812 26557 7 6462
263 23834 41532 17 125712
264 23880 25074 52 25404
265 24051 29168 11 15391
266 24435 25056 21 3658
267 24549 24943 142 32457
268 24638 24915 26 3257
269 24648 26162 121 83595
270 24729 31202 59 81347
271 24896 25038 110 7715
272 24930 33967 38 152292
273 25227 30794 13 54879
274 25239 25435 17 2878
275 25259 36972 135 1016156
276 25306 29612 5 12993
277 25516 27157 6 3851
278 25558 28104 5 5373
279 25562 32941 84 396307
280 25575 26648 89 62087
281 25709 32502 107 251866
282 25757 28110 16 42598
283 25772 29573 131 433004
284 25856 27928 100 172484
285 25864 31492 25 146055
286 26082 29971 54 62946
287 26187 31191 123 820577
288 26261 30022 149 864388
289 26444 30038 50 46558
290 26455 31564 7 11159
291 26507 29148 51 75564
292 26551 29090 141 220670
293 26580 29219 27 46810
294 26801 29717 25 24380
295 26882 29217 8 15910
296 26908 27166 44 10946
297 27021 27556 23 5692
298 27079 27683 106 43754
299 27219 27561 145 25056
300 27238 28438 10 4975
301 27594 27729 94 2464
302 27798 29501 4 1865
303 27816 47143 49 356335
304 27954 31607 137 362913
305 28170 31275 121 729083
306 28234 29375 61 59186
307 28353 29842 4 4690
308 28705 40661 82 298143
309 28765 30931 26 44855
310 28812 39719 9 45718
311 28865 39459 25 177502
312 28884 42636 7 17181
313 28982 32376 70 189704
314 29150 33664 36 36263
315 29306 29981 135 38201
316 29477 36913 93 331854
317 29590 33131 74 135101
318 29807 32215 83 139531
319 29855 31168 73 117968
320 29858 37603 74 114947
321 29878 32624 92 105535
322 29997 35060 31 56163
323 30032 44638 13 31366
324 30045 32506 18 8547
325 30143 31572 43 24262
326 30288 34346 25 35269
327 30311 31039 23 5189
328 30412 31733 100 116425
329 30438 33922 29 40638
330 30484 36034 7 8555
331 30490 32218 20 12996
332 30542 35862 91 107213
333 30566 34857 82 382864
334 30766 31692 91 50511
335 30905 38120 93 179528
336 31054 35766 76 108304
337 31110 33177 4 15155
338 31259 46221 7 146060
339 31338 31930 30 11624
340 31373 31542 38 8582
341 31471 31704 14 2255
342 31620 48083 27 97642
343 31644 35940 92 167421
344 31697 33694 36 17231
345 31768 34123 14 5091
346 31820 34204 42 46421
347 31838 41181 38 246208
348 31922 37564 18 37507
349 32045 37787 56 168579
350 32275 35201 17 25692
351 32433 33812 58 48950
352 32519 37581 29 107764
353 32684 34349 33 21775
354 32839 37205 5 6076
355 32919 38299 47 59840
356 33042 39377 72 189210
357 33053 41722 39 105030
358 33062 41507 96 247493
359 33100 34145 11 16376
360 33154 36932 14 15772
361 33231 38576 36 151223
362 33247 37732 36 59096
363 33302 47067 43 202539
364 33550 34722 27 12072
365 33680 35058 90 54348
366 33681 37299 62 119026
367 33774 34631 77 38098
368 33895 35983 72 99464
369 34255 35417 30 33810
370 34260 34653 14 10375
371 34302 45475 53 602353
372 34350 35350 117 107057
373 34373 35278 15 8891
374 34401 37522 55 49353
375 34419 36581 23 46188
376 34633 38599 5 11781
377 34891 37955 18 39890
378 34970 39246 17 25156
379 34983 36143 25 16290
380 35006 39943 139 205699
381 35048 37786 28 26196
382 35195 35357 42 2767
383 35254 40422 58 101767
384 35365 36425 26 3893
385 35655 35757 13 833
386 35746 41868 33 61735
387 35771 46857 27 176398
388 35773 44102 7 9095
389 35777 48171 35 158883
390 36144 36373 6 639
391 36295 38914 4 8272
392 36432 43389 61 96557
393 36494 36632 8 1387
394 36843 38879 42 23766
395 36860 44854 27 94514
396 36863 40809 115 433268
397 36868 44099 15 50080
398 36971 38559 49 27907
399 37007 37762 41 20433
400 37064 39243 57 227638
401 37090 49031 78 326620
402 37109 37941 12 4987
403 37124 53450 54 304098
404 37150 40958 29 33039
405 37215 52293 56 265475
406 37218 39177 69 56981
407 37382 38429 61 29652
408 37383 45690 25 180421
409 37394 38975 64 19804
410 37551 46261 10 23904
411 37853 47131 130 612338
412 38067 48111 8 24805
413 38071 40509 10 7378
414 38160 48294 120 704511
415 38183 40984 21 28414
416 38279 38383 68 7511
417 38342 40179 139 225934
418 38463 41614 58 83505
419 38557 43003 73 54728
420 38728 38759 137 1503
421 38922 45345 7 18989
422 38991 39295 62 3644
423 39050 46405 41 170399
424 39084 44512 133 200951
425 39444 40095 23 17710
426 39495 55527 27 138813
427 39503 43090 18 27230
428 39509 44147 10 14547
429 39573 40200 118 34174
430 39651 44567 77 124084
431 39778 47898 25 90722
432 39865 43652 27 38211
433 40068 42110 105 32779
434 40192 43740 142 421312
435 40292 42779 12 7224
436 40491 44674 17 26075
437 40681 42385 7 1077
438 40957 42879 44 46472
439 41077 42165 25 7876
440 41127 43621 6 4154
441 41139 41693 6 1251
442 41169 56585 61 1462286
443 41192 43242 143 126603
444 41683 42572 9 5904
445 41800 42177 19 2995
446 41834 43366 80 59633
447 41845 43010 7 5602
448 42049 43599 70 16386
449 42065 43998 31 33546
450 42086 49755 5 10694
451 42113 43487 111 22134
452 42148 42375 82 19809
453 42356 45370 57 93889
454 42511 56582 13 49193
455 42519 48822 31 56808
456 42635 46312 101 127980
457 42663 43301 18 5938
458 42710 66398 14 80716
459 42753 43347 19 10183
460 42984 51175 81 255296
461 43185 45890 56 191468
462 43290 46806 28 53982
463 43336 43385 62 843
464 43338 47293 56 45858
465 43384 55815 86 503009
466 43415 44507 80 100356
467 43594 43690 63 3448
468 43917 60343 74 832915
469 44041 49078 47 89369
470 44052 47607 92 218882
471 44219 50135 52 40782
472 44225 47573 128 253688
473 44281 52887 48 152827
474 44338 46507 107 240734
475 44394 45535 108 31597
476 44479 51179 96 209222
477 44575 46546 25 30304
478 44576 44824 145 78908
479 44631 50931 10 54161
480 44819 60497 130 1113326
481 44820 50707 93 321443
482 44857 46361 40 56308
483 44983 52840 9 27314
484 44988 48010 42 96119
485 45088 55130 15 89680
486 45105 47844 63 171439
487 45142 57984 147 1615984
488 45395 48599 137 292690
489 45742 49524 38 76882
490 45795 49852 53 126519
491 46180 54280 80 202911
492 46207 56268 76 89078
493 46339 48851 41 30334
494 46372 47903 92 50675
495 46684 48017 37 10201
496 46729 51735 59 110359
497 46739 48087 35 37917
498 46864 50664 87 97685
499 46900 47317 28 2943
500 46958 50064 116 78003
501 47128 53511 78 96807
502 47156 48243 57 31777
503 47286 47966 76 25425
504 47418 54699 102 207530
505 47441 48767 112 108932
506 47640 52074 24 61928
507 47665 57449 132 607062
508 47888 53893 107 244346
509 47923 51835 59 116721
510 48049 52597 88 289016
511 48079 56500 133 663490
512 48125 49795 8 4671
513 48126 74730 11 78617
514 48145 53762 31 244940
515 48223 69448 28 114436
516 48232 50903 64 124151
517 48277 55030 83 282852
518 48296 54350 6 14938
519 48316 55709 12 36381
520 48476 51042 138 236116
521 48491 57830 28 246222
522 48701 53949 67 179982
523 48706 49787 144 64151
524 48772 50133 25 39734
525 49126 54954 26 47701
526 49128 49222 10 378
527 49271 50725 136 70517
528 49460 54516 139 656901
529 49503 52542 94 225669
530 49514 57214 137 585385
531 49571 50933 48 55658
532 49685 50503 136 68161
533 49756 58987 112 429844
534 49793 56645 102 164210
535 50348 52866 5 2287
536 50465 56845 137 358203
537 50479 57935 47 215233
538 50562 51129 24 2268
539 50651 54511 5 6463
540 50891 61416 16 94066
541 50912 58957 4 22289
542 50923 54948 93 190967
543 51026 54117 16 18781
544 51145 55409 137 313088
545 51170 54245 110 308749
546 51180 58008 20 39162
547 51181 53866 120 111932
548 51223 57523 70 142410
549 51230 52569 130 37139
550 51446 61546 146 670398
551 51556 68490 27 196234
552 51573 57874 30 79089
553 51627 55699 6 7935
554 51701 56553 116 446688
555 51841 54300 128 85780
556 51994 52362 84 14203
557 52041 58595 142 133817
558 52063 57029 89 230706
559 52166 58184 30 51875
560 52184 61411 30 62333
561 52486 53204 83 19052
562 52540 62770 16 57222
563 52605 56299 106 87535
564 52735 65219 113 355652
565 52858 56989 136 171085
566 53032 73756 22 84845
567 53073 56933 25 51601
568 53216 55141 66 59965
569 53234 64246 113 1098033
570 53235 58841 11 13646
571 53301 54690 99 39477
572 53341 55058 119 118777
573 53376 57445 124 156594
574 53415 57312 68 158708
575 53717 58845 137 537877
576 53855 56062 142 178125
577 53916 63256 106 299062
578 53942 55763 27 23631
579 53947 67211 21 209143
580 54109 70706 64 426650
581 54393 55451 88 62992
582 54631 55692 104 63676
583 54794 61111 10 21202
584 54825 64477 14 55884
585 54921 58961 14 34665
586 54978 55294 146 11411
587 55142 71369 117 670439
588 55445 58733 58 109530
589 55472 58208 34 38302
590 55665 59781 81 198925
591 55671 57663 53 22094
592 55786 56907 57 62014
593 55865 59250 82 110208
594 55923 66230 136 1645807
595 56091 59831 59 157888
596 56282 56658 45 7778
597 56286 63793 7 62656
598 56509 58475 20 12956
599 56646 63649 22 82360
600 56715 58296 64 32868
601 56923 60592 133 190634
602 56947 61730 121 163012
603 57044 71137 28 171247
604 57176 67684 77 495406
605 57639 59409 79 36072
606 57725 66188 128 333284
607 57785 58952 50 55929
608 57797 63690 16 38468
609 57829 58174 124 29504
610 57865 59050 17 11738
611 57998 63573 28 50362
612 58088 65973 10 45695
613 58213 60150 115 136785
614 58222 61870 24 30876
615 58230 61537 95 46860
616 58383 64519 140 644330
617 58391 61660 10 15356
618 58460 62762 89 64992
619 58532 77572 42 180587
620 58540 62660 36 57963
621 58615 58768 103 2539
622 58682 59820 127 133527
623 58729 61635 29 32835
624 58757 65792 74 247886
625 59145 65613 131 314506
626 59251 59720 141 27330
627 59327 61430 93 72840
628 59338 68690 125 364118
629 59353 66831 10 27964
630 59687 60169 121 26524
631 59690 60103 105 34592
632 59849 73964 21 83132
633 59861 62204 60 40425
634 59878 63907 5 9100
635 60119 66654 75 309250
636 60300 66349 13 17076
637 60352 60750 72 28029
638 60546 60785 26 7617
639 60558 61290 84 24007
640 60639 64368 129 468130
641 60802 63353 138 163135
642 60835 62381 55 30400
643 60852 65242 31 20523
644 61085 63335 61 72687
645 61199 62699 102 98769
646 61233 65335 136 363400
647 61265 68835 51 132857
648 61361 69568 96 319727
649 61393 62282 75 21840
650 61754 63766 26 20462
651 61815 64903 114 95772
652 62036 65541 10 32651
653 62115 64980 53 159561
654 62220 62785 8 3935
655 62243 67259 108 436284
656 62273 64594 139 100817
657 62458 64593 23 12438
658 62460 74768 63 301621
659 62473 68183 86 296444
660 62489 63032 59 27087
661 62568 63049 30 8272
662 62656 62690 86 1571
663 62684 65914 105 242720
664 62779 76989 137 360338
665 62983 65899 106 151066
666 63068 64714 79 76574
667 63134 68050 12 45488
668 63236 65493 44 49370
669 63269 71588 98 97846
670 63416 69144 6 38667
671 63432 66921 102 495885
672 63478 85626 19 101355
673 63571 63982 5 1191
674 63585 71685 130 887551
675 63724 65936 11 10018
676 63823 69276 106 75549
677 63874 63929 116 2275
678 63963 68046 67 348577
679 63980 65515 100 46013
680 63994 74467 104 902097
681 64023 65309 27 31204
682 64070 77505 112 812406
683 64100 68996 133 210162
684 64119 73216 21 99324
685 64159 68962 134 120727
686 64269 68045 87 115571
687 64416 66269 66 107610
688 64474 65741 50 18379
689 64649 73158 21 24179
690 64810 67556 38 36343
691 64877 69607 58 130389
692 65023 70256 29 77380
693 65062 66115 42 16477
694 65128 65351 10 1296
695 65199 85440 50 484898
696 65217 70345 53 332197
697 65324 66407 56 62362
698 65428 66044 122 57174
699 65464 65923 31 8420
700 65620 70843 10 25243
701 65676 66835 135 96857
702 65779 66712 100 30487
703 65789 75531 146 144681
704 65813 68150 21 26389
705 65960 78744 51 356228
706 65983 70536 119 134450
707 65991 72566 93 1345534
708 66015 67732 20 9864
709 66343 67406 102 59178
710 66457 77967 10 21628
711 66465 70387 98 132610
712 66844 67242 79 17994
713 66862 71073 39 189513
714 66949 67347 77 16989
715 66975 72635 102 638524
716 66978 67339 141 19134
717 66982 73538 109 369533
718 67114 69710 42 43499
719 67137 84013 31 305315
720 67177 67432 38 12678
721 67286 70750 86 247324
722 67338 92070 14 90646
723 67352 68483 122 30024
724 67533 75257 127 249620
725 67574 79685 112 225179
726 67706 71381 31 85815
727 67802 69845 90 65985
728 67831 68961 57 24648
729 67933 76685 13 20811
730 68009 74320 4 12710
731 68055 68163 25 5355
732 68265 70797 83 73969
733 68350 76746 31 107952
734 68405 78088 142 299571
735 68409 69067 99 70070
736 68507 69198 124 23152
737 68662 69001 63 33403
738 68705 73746 56 307291
739 68817 70978 39 14887
740 68909 73257 62 107223
741 68957 70180 72 22627
742 68966 78047 104 318299
743 69114 82453 6 14493
744 69122 70128 55 15357
745 69390 72837 120 212125
746 69440 69901 128 34634
747 69484 81113 97 161370
748 69589 99292 4 70587
749 69642 70542 44 12341
750 69724 78808 15 57573
751 69852 79648 95 290347
752 69915 71295 12 7824
753 69922 73261 18 12457
754 70176 81697 26 138261
755 70295 70539 104 7954
756 70552 81084 90 237195
757 70663 71063 141 18395
758 71024 73875 120 170944
759 71028 72000 115 54968
760 71160 74677 124 466788
761 71302 73133 56 44116
762 71399 72176 98 95189
763 71408 78199 28 41227
764 71547 81812 54 218554
765 71864 76943 54 227056
766 72202 74667 77 129770
767 72251 74208 87 129462
768 72336 74244 54 13348
769 72522 73008 68 29850
770 72792 77426 7 12137
771 72863 86452 45 357941
772 72920 83500 110 271645
773 72967 73368 8 1285
774 72971 81227 16 62026
775 73327 80456 103 372521
776 73381 75125 12 6580
777 73403 74116 14 2969
778 73455 75082 89 66598
779 73584 81169 52 170854
780 73587 91787 145 3505295
781 73610 92068 99 880206
782 73959 87251 93 824138
783 74045 76305 146 152704
784 74222 74875 39 17959
785 74407 94999 82 602040
786 74466 74684 35 3561
787 74518 91494 12 56314
788 74531 76180 64 30169
789 74717 83118 109 616909
790 74773 75304 135 50221
791 74793 80279 53 82361
792 74899 78564 79 137666
793 75274 76485 90 87460
794 75305 82663 5 11178
795 75425 81004 95 345886
796 75491 86772 140 187575
797 75581 77169 59 23036
798 75745 79155 13 24182
799 76188 80012 33 57436
800 76597 80714 19 22285
801 76611 78173 76 56498
802 76660 84460 10 19806
803 76668 78837 30 19225
804 76729 89886 73 207245
805 76755 94820 34 556697
806 76788 77253 87 22225
807 76815 83378 101 151631
808 76819 80925 19 28336
809 76850 77644 138 57971
810 76973 83242 74 253021
811 77027 79204 25 36076
812 77056 80819 25 72013
813 77092 77464 14 3624
814 77200 79346 70 57949
815 77257 85686 31 72681
816 77324 83190 17 59819
817 77678 80166 39 32356
818 77726 80345 66 181832
819 77878 82087 48 44113
820 77914 78228 101 18348
821 77947 84567 74 310911
822 77969 78013 23 420
823 77990 79255 62 39452
824 78101 78713 80 41132
825 78150 87309 4 13971
826 78154 82671 22 47749
827 78306 82871 94 205376
828 78308 87234 142 629928
829 78325 79205 34 24364
830 78600 80670 33 63950
831 78655 80596 65 38198
832 78672 88495 74 862509
833 78715 87299 74 251897
834 78801 89152 7 33765
835 79000 85716 18 52876
836 79059 80263 46 33160
837 79092 80469 114 63161
838 79105 81107 148 108409
839 79109 79242 69 3731
840 79197 83198 93 141929
841 79476 80208 10 4321
842 79524 83766 62 209930
843 79543 95072 136 4083003
844 79667 81135 16 14210
845 79701 84586 20 79543
846 79796 83574 104 91565
847 80134 90383 53 310797
848 80141 84179 100 87999
849 80184 88361 130 400266
850 80236 82195 35 44212
851 80428 85814 8 12647
852 80453 86296 146 638610
853 80518 87822 91 263245
854 80578 81580 60 35800
855 80751 84112 55 99989
856 80873 96919 10 226121
857 80896 83067 97 56315
858 80926 88580 118 532380
859 80983 82481 7 6449
860 81014 84701 24 220901
861 81047 94644 70 581692
862 81289 86535 133 492373
863 81355 82548 14 6413
864 81374 86135 70 153951
865 81412 82599 96 61081
866 81417 87584 6 8987
867 81455 92948 54 150426
868 81631 83096 129 72108
869 81644 83022 79 22027
870 81689 82852 45 41614
871 81717 83130 6 4754
872 81944 88127 80 85936
873 82237 82934 123 32414
874 82293 85034 127 141090
875 82515 83013 6 2672
876 82534 91534 118 493933
877 82608 93704 120 511151
878 82790 85942 21 25915
879 82836 94053 14 129570
880 82981 85641 137 119546
881 83023 85912 17 20612
882 83049 85105 26 48848
883 83080 83605 40 8688
884 83300 90409 91 429752
885 83482 83504 24 307
886 84509 94275 72 243001
887 84536 84576 34 919
888 84618 92782 83 168943
889 84678 91641 29 56340
890 84765 89251 11 30137
891 84798 92329 47 309555
892 84973 94609 43 121930
893 85010 91759 11 24920
894 85193 86392 98 53245
895 85311 88561 131 312802
896 85419 89328 23 16726
897 85478 86777 9 11306
898 85535 90014 10 9937
899 85599 89170 19 26872
900 85638 92893 59 295367
901 85715 86219 99 50144
902 85728 86570 102 21538
903 85964 87575 19 4177
904 86044 86387 117 7219
905 86109 98733 144 770530
906 86166 89547 57 84010
907 86222 89729 49 174444
908 86413 96514 50 75574
909 86415 90800 108 190257
910 86505 86592 55 4279
911 86624 88297 106 38220
912 86828 90440 142 69036
913 87135 91926 48 80025
914 87235 91406 37 222782
915 87389 89751 130 102476
916 87558 93291 34 130252
917 87627 89422 96 55287
918 87712 91917 50 131856
919 87810 90301 31 50050
920 88088 88283 24 1455
921 88204 90157 71 19551
922 88412 89200 42 23909
923 88504 96706 135 890654
924 88658 88740 133 9947
925 88684 90587 10 19426
926 88808 89739 53 25018
927 88823 99711 29 127141
928 88888 90775 16 12435
929 88891 93418 114 127002
930 89095 92081 46 80967
931 89155 89482 60 6663
932 89286 90546 110 17857
933 89784 94797 88 465001
934 89976 92703 29 22546
935 90029 93178 122 197476
936 90096 97124 135 203694
937 90184 92035 30 11969
938 90186 92681 132 304021
939 90206 90829 139 19300
940 90402 92157 90 29226
941 90429 92531 77 125635
942 90461 92231 18 42534
943 90619 96972 60 205950
944 90761 91820 115 88643
945 90794 91714 64 35680
946 90859 91138 7 1349
947 90893 93349 15 16972
948 91021 91751 83 16627
949 91051 92541 113 40881
950 91194 91757 94 30572
951 91203 91701 10 1499
952 91426 98165 76 518785
953 91743 95073 35 37673
954 91819 92980 4 3207
955 91890 99961 132 335154
956 91916 92354 118 55407
957 91992 96313 95 511419
958 92055 97194 49 132549
959 92155 94233 57 94506
960 92160 98435 35 100033
961 92196 99177 42 246121
962 92233 94034 4 2173
963 92336 95140 36 48566
964 92507 98097 77 164147
965 92510 98791 40 84475
966 92886 95338 38 98235
967 92993 96089 24 43543
968 93042 93713 7 1412
969 93045 95615 24 24615
970 93127 96112 35 123772
971 93400 95544 106 98529
972 93415 93935 5 2057
973 93627 96379 124 184998
974 93662 97968 12 15619
975 94083 98050 63 101874
976 94401 94487 86 15604
977 94471 99779 18 28056
978 94542 95171 56 34138
979 94619 98575 119 276019
980 94870 95463 139 70663
981 94973 97895 52 234574
982 95237 96823 12 29120
983 95252 95362 48 2955
984 95294 99765 34 38928
985 95312 97651 101 63208
986 95393 98391 147 539695
987 95400 97912 74 120971
988 95834 97897 9 10116
989 96212 96914 114 21950
990 96400 99830 142 260743
991 96483 96573 87 2436
992 96685 97807 131 104047
993 97369 98728 42 30978
994 97582 99399 32 24871
995 97638 99942 111 215588
996 98224 99471 77 55892
997 98457 98509 108 4925
998 98657 99016 140 35897
999 99243 99703 70 25443
