50 1000 0.060
.#######....................##.##.......#.####....
.####.##...###............########..#..###........
..####....##..#...........##.....##.#.##.##......#
.#.#.##......###..........##.....#..#..###......##
.####.#.......#......#.................###........
..#.###..#.........#.#...................#........
..##.##.##.......#######.....................#..#.
................####.##......####............####.
.......#.#.........#.#.......#...............####.
.##....####..........##.............##....#....###
..##...###..#........##.........#.......###...##.#
......####.##..................##...####..#...###.
...####....##........................##.#......###
.#.#.#.....##.........................#.##........
.###.#......#.....#....................###........
..###.......##....#...............................
..##.......###..#####...........................#.
..###.......##...##.....................##.#...###
..####............#.....................####.#....
...###.....##.....#........#.............#####....
.......##..##..##...##...###.............#.#.#.##.
....##.#.####.###...##.#..####..............####..
...#####.#.#...###..#####..#..##............#.##..
..#.##.#...#...###....#......###..........####.##.
.###..................##...................##...#.
..#..................###....................#....#
.........#.........###.................#........##
.......###.........#...............#...##........#
.........##.........##.............##..###.......#
.......#####.......###.............#...##......##.
.............#.....#.##.........###.....#.....###.
..........##.#.....###........##.##.....#......#..
.........#####....##..........##.##...##......#.##
..........#.##....#..............##...##.....####.
.##..#...................#.....#####.......#..####
.#####.........#....##.#.#....###..##...#.##.##.#.
#####.........##.###.######..###.###..####..###...
.#......##..#..#...#..##.###.###......#########...
.#......##.###.#####..#...######.....###..#.......
.........#..#....##........##.......##....###.....
.........#.......###.......#...#....#......###....
...................#.#.........###..........###...
...................###.......####........#..###...
.................#.#.........#####......###......#
...............#####.......#####......####.#######
..............#####.........#.........###..#.#.##.
...........##.....#........#####.##...............
............#..............##..####...............
...........................###.###................
......######....................#........#........
0 124 1614 58 31181
1 190 4364 75 101223
2 428 445 50 573
3 489 5740 82 130807
4 494 18928 108 367091
5 507 5617 97 791139
6 654 18917 11 87639
7 841 33081 69 1001591
8 915 2160 101 41968
9 990 9245 132 631028
10 1598 5553 81 114255
11 1688 28647 110 1257214
12 1696 2670 61 36533
13 2050 3776 60 116794
14 2272 7589 85 118921
15 2379 8030 17 30187
16 2395 3990 65 59560
17 2427 14512 108 391642
18 2526 29476 116 860934
19 2616 7675 6 18247
20 2825 7951 43 73110
21 3077 3506 54 8917
22 3130 9444 93 370661
23 3260 10957 74 320772
24 3281 11616 75 354358
25 3320 23739 13 86589
26 3341 24570 30 231174
27 3371 5371 10 5765
28 3502 13822 4 18562
29 3854 5628 75 42621
30 3886 11410 85 561648
31 3940 4698 53 17369
32 4264 10936 25 46635
33 4431 6526 28 18488
34 4494 20669 93 751592
35 4574 12980 55 136481
36 4713 6516 42 21570
37 4909 12879 140 405920
38 5000 11391 20 39206
39 5074 18068 39 205514
40 5281 9394 8 3762
41 5406 17361 54 560592
42 5442 8539 149 216016
43 5621 7628 101 80748
44 5651 6169 19 6777
45 5899 8299 119 74882
46 6116 12556 79 267693
47 6234 12629 40 100009
48 6254 17342 52 319587
49 6422 12565 12 42985
50 6480 12321 18 39056
51 6493 15410 51 199198
52 6665 10480 12 10086
53 6695 14642 14 52966
54 6709 18713 38 42250
55 6716 8897 6 2008
56 6718 7122 76 17456
57 6752 16111 115 129850
58 6796 7813 14 1379
59 6832 7844 90 48959
60 6835 8034 8 3039
61 6859 19210 28 190952
62 6902 23111 7 68420
63 6955 7681 96 43773
64 7005 19377 29 170834
65 7009 11143 15 6829
66 7120 10990 8 8690
67 7233 7847 11 6620
68 7323 19436 97 349224
69 7523 15162 7 28992
70 7564 17066 31 144874
71 7795 8741 16 9848
72 7812 19625 24 93093
73 7840 14048 8 8750
74 7952 10724 73 71021
75 8068 9806 7 2240
76 8315 14645 66 92302
77 8440 19119 16 120007
78 8463 14714 43 39101
79 8626 12251 33 83449
80 8724 32895 107 942559
81 8727 18203 26 121095
82 8795 29962 64 607662
83 8949 35555 79 344355
84 8998 10083 36 14564
85 9167 21297 5 46009
86 9409 10092 36 30861
87 9426 10187 24 15103
88 9509 13340 6 4387
89 9561 11578 77 79902
90 9633 34072 75 555418
91 9714 15014 37 96196
92 9798 10142 54 10115
93 9804 10509 78 21349
94 9883 19726 17 76937
95 10002 18519 8 38407
96 10155 18377 118 321156
97 10189 10651 73 25326
98 10211 11035 6 4424
99 10424 10789 10 1591
100 10429 14185 43 131244
101 10603 28865 128 425537
102 10616 27208 112 712462
103 10684 11952 13 11208
104 10763 16129 93 96346
105 10871 14770 70 140098
106 11480 24095 59 342575
107 11495 11756 35 8790
108 11649 16756 121 227935
109 11891 21143 73 318666
110 11935 28112 9 71680
111 12072 19998 16 26068
112 12119 15351 22 7757
113 12131 12377 41 4024
114 12300 20321 5 21943
115 12412 24782 141 224171
116 12542 28845 39 733761
117 12646 14217 103 86801
118 12655 27342 129 1124298
119 12726 26464 25 148228
120 12905 41249 6 47227
121 13137 15854 27 16873
122 13172 29175 43 371445
123 13215 25512 43 169953
124 13391 33363 141 1040559
125 13456 30807 14 153674
126 13466 20674 137 223678
127 13475 16145 104 153947
128 13724 19319 103 218035
129 13824 20421 21 43288
130 13841 25219 68 339264
131 13852 15107 9 4034
132 13871 45456 9 113554
133 13875 31581 57 689425
134 13909 21079 53 183863
135 14037 24179 131 219652
136 14039 14461 102 17271
137 14074 31296 43 305862
138 14078 28076 115 502897
139 14262 33116 15 39246
140 14580 15945 134 92202
141 14819 24853 53 284256
142 14934 17868 49 28169
143 14942 15742 9 2274
144 14943 15391 83 38246
145 15081 32925 16 58115
146 15101 18909 26 28973
147 15154 29274 142 521890
148 15251 16969 105 134823
149 15304 17449 27 19711
150 15353 29468 107 299239
151 15484 18159 41 29340
152 15657 21662 9 68552
153 15661 30593 37 655354
154 15768 23789 82 150920
155 15992 35377 22 96087
156 16084 16246 115 18277
157 16161 18311 42 20918
158 16269 22201 120 196679
159 16373 17760 22 18386
160 16535 17407 66 32476
161 16566 20387 48 80773
162 16593 20259 30 81398
163 16630 19369 54 117037
164 16665 26203 14 54754
165 16886 28333 33 103480
166 17011 19951 56 52981
167 17126 28042 119 1510010
168 17358 21684 20 15151
169 17395 24870 49 314360
170 17428 44721 57 441110
171 17500 60791 52 725665
172 17798 24018 15 43418
173 17833 27502 140 409634
174 17865 19553 8 4672
175 18031 18099 63 4773
176 18056 24698 46 64114
177 18334 19087 12 4784
178 18376 20915 8 13263
179 18420 30235 12 110854
180 18430 34305 34 272964
181 18440 20158 134 84541
182 18533 31328 16 68518
183 18727 22534 5 10785
184 18769 24882 28 64516
185 18861 22674 14 56281
186 18914 39899 51 357459
187 18997 19908 142 39027
188 19016 49504 94 1969851
189 19144 26967 83 119679
190 19260 32911 86 328385
191 19437 25014 32 119013
192 19635 32648 19 77092
193 19639 26566 91 171120
194 19654 22963 125 201512
195 19811 26614 32 70147
196 19930 36707 53 256813
197 19991 44455 40 191672
198 19996 22883 82 250044
199 20012 36395 117 799008
200 20076 21104 5 6890
201 20125 42681 125 1319758
202 20383 24603 109 322530
203 20431 32950 51 134373
204 20459 27845 127 561611
205 20553 24328 7 17809
206 20733 21821 60 21140
207 21022 29795 14 22182
208 21064 29118 141 328217
209 21254 22076 8 3138
210 21303 29085 36 132274
211 21336 28268 5 22990
212 21359 22018 32 15700
213 21656 21951 21 1570
214 21964 30568 8 42403
215 21993 23688 53 31969
216 22061 23404 74 77771
217 22075 24967 11 17503
218 22324 24489 22 42715
219 22342 23310 111 151479
220 22353 39975 94 914033
221 22427 25659 43 79288
222 22468 29384 52 206070
223 22472 29218 68 296015
224 22521 23816 140 141002
225 22545 24678 60 42510
226 22576 30048 100 140600
227 22593 23841 23 9493
228 22605 27272 140 350271
229 22801 51111 130 5307159
230 22873 35238 79 226663
231 23319 24383 17 7075
232 23378 32231 20 86138
233 23444 52055 18 112876
234 23994 59793 54 1020199
235 24173 26277 116 67161
236 24296 34429 8 22871
237 24324 27532 141 126960
238 24341 26687 99 112574
239 24393 30732 9 35515
240 24424 27401 46 116630
241 24614 25738 22 26540
242 24646 52859 7 159269
243 24672 73080 44 250405
244 24799 26410 81 100487
245 24806 27356 10 6999
246 24807 48183 15 175359
247 25080 30479 10 22939
248 25111 33053 142 285917
249 25268 31215 81 435253
250 25521 27293 144 63535
251 25552 30490 114 214285
252 25618 27307 35 9135
253 25770 32541 100 155724
254 25911 28858 13 6385
255 26147 35333 70 287105
256 26348 50805 112 460673
257 26575 27062 13 5215
258 27039 36387 32 76446
259 27061 52198 16 101768
260 27224 32902 111 281787
261 27226 33848 19 63341
262 27345 35228 79 256005
263 27388 35991 47 125185
264 27417 28087 130 37499
265 27455 28175 64 18057
266 27576 29239 100 181821
267 27585 28556 13 6544
268 27713 31055 13 26998
269 27943 28285 89 25600
270 27944 32540 6 9370
271 27950 38760 135 359169
272 28024 50349 61 521221
273 28063 36842 149 735950
274 28118 36938 57 397428
275 28159 44177 32 109310
276 28205 29887 47 16992
277 28331 42104 71 549483
278 28487 37505 51 216239
279 28558 28937 17 640
280 28585 34032 115 205864
281 28605 32468 24 62974
282 28756 32934 25 76080
283 28799 29058 54 9582
284 28978 33647 20 74419
285 29014 32285 136 87272
286 29095 35357 7 18024
287 29108 31879 58 21474
288 29166 32029 133 130512
289 29253 39809 147 583518
290 29277 55321 41 580630
291 29565 47907 6 71069
292 29634 32912 112 282040
293 29697 31128 138 65808
294 29700 31079 18 27312
295 29713 32754 65 140152
296 29951 37447 53 175382
297 30003 90257 41 1881835
298 30029 36687 14 22333
299 30164 32949 6 15235
300 30238 40841 114 241673
301 30244 44497 21 55641
302 30249 32331 8 5267
303 30260 38257 136 586469
304 30449 34033 47 154897
305 30482 31623 44 68612
306 30866 35482 81 75491
307 30962 60355 113 804018
308 30973 45915 43 479860
309 30989 32836 45 19141
310 31130 50122 4 38431
311 31308 39200 75 352398
312 31428 37384 12 27275
313 31588 43611 35 104180
314 31642 31835 135 12825
315 31646 34092 121 126131
316 31775 59366 93 717366
317 32113 43425 81 861351
318 32314 38482 52 139083
319 32356 41809 17 47021
320 32403 51373 120 532776
321 32443 33999 70 110933
322 32733 42689 82 94203
323 32843 51163 44 180111
324 32846 40875 138 558710
325 32860 51806 113 367499
326 32983 45276 57 1193066
327 33189 50615 117 422830
328 33200 38815 50 160060
329 33319 38150 9 27269
330 33543 34582 58 18542
331 33630 46881 29 228705
332 33666 45052 36 101509
333 33696 37278 72 228160
334 33867 36177 93 105251
335 33910 42887 53 105482
336 34108 37880 51 63156
337 34182 53648 149 456071
338 34326 37261 111 315944
339 34407 50226 126 1315986
340 34421 42221 78 362699
341 34461 40479 57 158618
342 34822 37420 5 6052
343 34940 36852 24 33968
344 34974 36290 13 23564
345 35002 38344 35 28080
346 35248 41169 99 247447
347 35262 36000 97 10192
348 35332 54492 36 161876
349 35396 43070 82 368458
350 35413 45490 71 587589
351 35545 39885 148 197627
352 35578 37280 9 1680
353 35599 36008 7 1342
354 35646 47705 12 151876
355 35701 37152 32 36796
356 35720 39155 9 4080
357 35789 48531 5 16071
358 35798 38168 92 215993
359 35980 38220 11 8940
360 36057 45548 82 164733
361 36077 37334 14 2645
362 36154 45658 85 542883
363 36225 38487 65 65512
364 36305 37863 58 39972
365 36400 38005 34 38278
366 36699 53135 21 73065
367 36758 44171 51 91323
368 36984 45426 9 68430
369 36996 54126 120 761319
370 37030 39363 17 42066
371 37085 42183 26 74533
372 37133 37659 76 16044
373 37220 60546 5 27107
374 37564 38728 19 4467
375 37848 38788 58 22142
376 37887 58819 7 27015
377 37890 38810 37 22638
378 37969 50294 4 13782
379 37982 44678 118 293234
380 38033 46764 117 518807
381 38056 50953 38 103749
382 38063 51041 107 538188
383 38065 44010 88 325151
384 38147 42672 119 308045
385 38194 66313 37 196584
386 38422 60218 54 321944
387 38428 38958 97 81835
388 38477 42698 39 63830
389 38794 42198 13 29095
390 38849 50356 42 99283
391 38928 46903 66 276012
392 38984 39260 123 27535
393 39249 47854 68 233669
394 39336 40916 31 10393
395 39514 45357 44 189985
396 39543 42583 24 43541
397 39612 41842 20 16661
398 39639 39802 60 3181
399 39671 40789 47 25762
400 39732 45571 32 51428
401 39743 49260 137 428047
402 39879 64535 10 197857
403 40239 57651 59 489428
404 40247 50644 27 113784
405 40274 49088 6 26303
406 40320 56726 5 59878
407 40440 46644 36 267345
408 40653 45927 63 91053
409 40658 42835 27 23778
410 40725 50215 79 284961
411 40921 46674 131 177166
412 41085 44885 11 27399
413 41168 44467 9 19232
414 41195 43020 38 12606
415 41226 46409 11 59673
416 41280 44611 101 101876
417 41301 50691 77 242241
418 41570 43912 18 18434
419 41765 58204 23 53893
420 41837 44131 20 37232
421 41872 44462 46 61974
422 42062 48217 52 147548
423 42229 67608 67 362487
424 42244 51723 45 130581
425 42378 44911 17 51759
426 42381 50229 16 39562
427 42407 45020 41 39757
428 42531 58239 128 1215309
429 42656 44772 71 113098
430 42730 45712 12 12252
431 42742 45783 10 20392
432 42784 48016 115 242983
433 42816 43154 69 6400
434 42851 43381 5 467
435 42952 48963 103 351744
436 43039 51687 44 40474
437 43047 43345 60 23975
438 43083 56336 69 643190
439 43120 47709 59 237720
440 43157 62226 145 1881519
441 43221 46463 69 81897
442 43276 55741 67 619442
443 43293 46607 120 113065
444 43296 48014 4 12757
445 43415 52521 123 467802
446 43526 45944 53 62207
447 43578 51094 80 358713
448 43588 79058 48 1241791
449 43813 49258 96 150094
450 43816 48822 44 71000
451 44028 45646 8 5622
452 44218 48719 113 207763
453 44286 57292 77 318528
454 44435 47040 26 8315
455 44442 47949 109 165000
456 44472 55169 149 1029940
457 44514 50462 88 185451
458 44794 63780 85 732617
459 45082 53318 35 103966
460 45149 55307 62 125236
461 45222 59102 125 760235
462 45239 53098 44 57571
463 45275 52234 50 76613
464 45306 57569 126 482260
465 45358 46208 53 13511
466 45391 71444 4 21770
467 45478 47863 86 158085
468 45563 51741 98 266214
469 45567 52137 11 26297
470 45724 50327 98 234235
471 45843 47184 6 3227
472 45885 52368 85 228865
473 45942 63939 92 464972
474 46005 46610 18 7257
475 46015 79969 11 97115
476 46059 49412 6 4410
477 46128 46968 104 36283
478 46150 48918 73 103211
479 46167 60263 73 569207
480 46451 77615 49 364358
481 46506 47162 136 27764
482 46514 51917 5 5005
483 46572 56808 7 20282
484 46720 55184 34 101238
485 46810 49745 82 255220
486 46953 48660 54 22640
487 46969 51103 97 377043
488 47087 53785 33 76598
489 47096 67661 53 547927
490 47110 56656 54 109575
491 47197 54919 114 579741
492 47208 53324 119 65046
493 47216 49071 145 127729
494 47287 59115 5 42322
495 47488 51318 23 39255
496 47495 60570 77 360246
497 47536 79279 115 784067
498 47611 48097 27 2512
499 47713 48440 71 24504
500 47754 50622 81 131148
501 47802 48821 7 3076
502 47903 51304 59 51590
503 47913 53242 54 198571
504 47969 50398 59 114337
505 48046 59906 133 755230
506 48145 57754 138 207557
507 48221 57488 132 514547
508 48237 53130 88 371322
509 48276 53237 21 56135
510 48431 76536 33 431867
511 48493 51488 25 27521
512 48499 48707 116 10887
513 48511 62805 73 947925
514 48551 71993 12 186632
515 48568 57751 114 888817
516 48581 51565 33 27171
517 48656 50474 119 61018
518 48661 61895 44 80938
519 48685 58244 134 525736
520 48696 49503 20 6893
521 48739 65010 50 305186
522 48776 67231 90 545519
523 49141 50840 55 20748
524 49172 61261 52 493160
525 49278 51615 111 228102
526 49607 59340 93 223008
527 49629 60908 73 287385
528 49642 49993 12 1767
529 49737 52590 86 57781
530 49801 63513 46 201278
531 49802 61949 23 147555
532 49976 54536 107 188954
533 49979 61046 13 59468
534 50044 52186 88 86996
535 50096 69320 109 813811
536 50132 59457 7 29527
537 50292 50637 96 27609
538 50332 75557 76 795482
539 50377 51327 149 85326
540 50414 72106 144 2035925
541 50672 63990 19 121452
542 50833 67557 33 347118
543 50922 51997 37 11520
544 51021 64772 51 250575
545 51029 52601 131 339626
546 51153 67575 49 421262
547 51173 52122 121 127434
548 51233 77455 15 108184
549 51292 55342 45 83203
550 51564 54607 44 27287
551 51588 80293 40 489315
552 51608 53965 116 76008
553 51757 53181 90 38932
554 51782 69453 88 367331
555 51803 54577 24 9055
556 51897 53215 28 16373
557 51919 81666 93 826946
558 52099 52356 5 1492
559 52110 63583 83 367856
560 52170 66640 73 119574
561 52284 71357 6 25218
562 52351 56743 29 29426
563 52516 52593 5 198
564 52630 55454 23 24630
565 52685 63826 127 275232
566 52800 86218 4 32274
567 52879 53488 43 10971
568 52899 60320 129 192199
569 53276 56148 29 56787
570 53298 54123 62 15501
571 53332 55920 85 67369
572 53355 55574 6 8876
573 53568 57690 86 154766
574 53584 53900 59 4017
575 53630 56521 95 86761
576 54078 71839 120 645365
577 54263 57924 103 118473
578 54264 54591 138 31017
579 54460 59314 5 17170
580 54533 55621 122 65915
581 54815 56685 33 44128
582 54908 55945 18 7249
583 55095 58149 25 16523
584 55118 64529 121 309103
585 55137 62875 54 244513
586 55153 80237 98 1179607
587 55235 59349 37 81431
588 55261 66850 89 427958
589 55286 71342 10 70510
590 55427 56897 95 56226
591 55553 58468 22 20218
592 55725 63716 38 136286
593 55752 59251 102 149830
594 55780 63922 110 382186
595 55820 58515 18 44802
596 55858 64477 91 258046
597 55862 64725 37 111918
598 55885 68128 128 1220773
599 55969 59948 12 5742
600 56142 61460 8 8507
601 56279 71532 7 82586
602 56317 57762 122 52204
603 56510 57128 140 15757
604 56534 59456 49 74577
605 56615 61247 30 39129
606 56650 66268 124 265375
607 56977 57200 64 5298
608 57073 93596 13 80374
609 57146 65051 116 434111
610 57186 67570 16 46703
611 57314 64712 58 172909
612 57544 58329 26 6305
613 57700 61623 26 51182
614 57768 58438 66 22407
615 57883 75256 78 1431402
616 57979 58786 50 38078
617 58010 64498 15 58033
618 58030 63624 22 35362
619 58071 67416 115 192672
620 58118 67535 23 34341
621 58171 63509 6 13005
622 58281 66798 144 164189
623 58337 59879 146 129021
624 58439 59693 118 46124
625 58449 71720 108 644478
626 58508 60778 26 37139
627 58529 76594 107 653529
628 58583 69173 67 139718
629 58663 62150 13 34515
630 58855 61307 84 80329
631 58909 77563 122 924441
632 58949 75918 14 66091
633 58950 83442 79 967588
634 58964 84780 4 47961
635 59018 65842 122 274318
636 59168 59288 5 659
637 59180 63977 44 73442
638 59219 61471 147 243801
639 59297 61299 126 133029
640 59515 61184 85 54465
641 59614 74780 14 72193
642 59664 61222 7 11098
643 59701 73392 6 41211
644 59723 75912 53 113636
645 59745 66971 40 27916
646 59784 88212 15 112909
647 59822 60119 19 2505
648 59909 66800 57 431350
649 59917 66040 38 65867
650 60006 72594 79 329079
651 60056 66259 71 55953
652 60194 63388 12 30579
653 60364 62136 15 27386
654 60457 76216 137 771922
655 60547 77850 96 890048
656 60635 73782 148 828426
657 60775 63167 39 28919
658 60936 63258 21 31635
659 60977 64921 28 39596
660 60983 89856 23 560019
661 61017 61434 59 38512
662 61144 62885 50 94113
663 61155 63495 113 50227
664 61257 69972 15 21794
665 61341 67621 62 134172
666 61373 61685 15 1424
667 61420 71235 22 24895
668 61660 67386 113 274256
669 61744 72579 7 24238
670 61942 76554 90 502625
671 62064 62419 37 6182
672 62098 65870 48 51680
673 62149 91817 7 18107
674 62184 97967 63 827346
675 62243 62996 77 13002
676 62410 86892 107 767552
677 62536 74925 76 334600
678 62601 63476 38 7691
679 62645 68198 21 32358
680 62757 62832 21 1860
681 62774 63400 80 20011
682 62880 76504 59 465288
683 62936 63779 20 11546
684 62953 69828 75 105144
685 62979 75780 45 578555
686 63040 68331 10 45850
687 63051 69059 112 343923
688 63597 67431 40 55130
689 63688 68266 68 78603
690 63719 73686 81 300579
691 63802 74275 63 281468
692 63908 64621 97 49191
693 64052 67423 59 125020
694 64259 81891 27 183434
695 64327 80167 62 338479
696 64362 85513 10 82557
697 64372 73937 62 105370
698 64411 83226 97 850627
699 64829 66733 27 12648
700 64844 81334 12 68871
701 64879 69931 49 132226
702 65118 67647 78 44620
703 65129 77468 80 268745
704 65134 65320 122 15345
705 65190 66091 112 31044
706 65222 65721 108 22044
707 65308 65347 41 1387
708 65368 79961 144 1896985
709 65508 69016 106 407101
710 65680 68967 24 138006
711 65790 87741 25 94886
712 66088 70234 9 41107
713 66171 68134 17 23467
714 66382 67325 58 43965
715 66456 66965 6 2223
716 66570 91144 70 352255
717 66591 76840 127 555996
718 66731 80039 118 359371
719 66937 72340 67 84706
720 66953 92868 77 760461
721 67034 67928 10 5606
722 67109 68932 15 9874
723 67161 70712 21 21141
724 67177 74184 12 70357
725 67216 71079 63 251365
726 67364 70985 54 174061
727 67415 77855 8 45350
728 67420 75420 43 75440
729 67455 74679 136 253729
730 67538 99812 61 766062
731 67577 78411 8 18657
732 67597 71122 28 163950
733 67704 69254 92 72339
734 67783 75620 19 39512
735 68196 71137 62 65443
736 68392 68510 29 5310
737 68472 74320 4 7439
738 68550 82509 8 39987
739 68896 69866 37 44310
740 68929 76046 33 153648
741 69598 71803 139 216398
742 69701 80865 121 535662
743 69702 87258 31 177293
744 69767 72612 29 149760
745 69839 71198 31 24742
746 69863 74444 11 10766
747 69874 95335 24 209022
748 70019 71310 21 18891
749 70143 78251 19 66116
750 70164 78922 28 339247
751 70176 72519 70 174979
752 70239 71878 76 99595
753 70286 77768 11 16225
754 70308 78688 143 603045
755 70323 71908 16 7260
756 70344 71768 11 24889
757 70516 92998 46 276513
758 70647 76849 40 259700
759 70780 75241 43 33278
760 70849 82718 29 38503
761 71294 73466 7 4342
762 71372 73627 115 90969
763 71384 80027 97 537763
764 71459 89935 18 98144
765 71738 72606 150 114184
766 71758 74529 45 54406
767 71876 78213 17 29228
768 71880 78680 8 77110
769 71977 82601 67 192509
770 71995 79104 15 54457
771 72044 81929 63 113479
772 72105 82916 4 8081
773 72119 72581 27 10581
774 72438 73741 14 13955
775 72505 95820 125 1200433
776 72554 79080 108 566405
777 72817 72880 109 4929
778 73120 88086 53 138104
779 73196 73514 42 2467
780 73270 73449 141 32395
781 73460 76505 87 363968
782 73529 88287 54 637967
783 73622 92277 64 497018
784 73639 75983 26 21384
785 73845 73907 30 2538
786 73929 74336 77 18414
787 73969 79523 11 18364
788 74137 94001 116 1341060
789 74305 79942 16 64442
790 74348 77936 14 37222
791 74503 76258 5 4519
792 74580 86956 6 16692
793 74726 77112 11 8173
794 74738 75321 25 5597
795 74748 80388 9 32646
796 74766 77923 146 297446
797 74799 75746 103 32046
798 74951 75750 91 55498
799 74966 75469 44 10818
800 74975 75338 94 28184
801 74985 84585 76 442983
802 75027 79083 15 24174
803 75055 78825 71 314353
804 75180 92495 100 920668
805 75445 76998 9 6343
806 75507 87839 8 58249
807 75511 80486 22 48789
808 75529 78009 22 27445
809 75544 88997 65 688391
810 75603 87028 52 167517
811 75614 85984 66 320552
812 75829 78175 139 94448
813 75897 76277 98 54906
814 75908 76342 71 16725
815 75947 78931 123 195574
816 76043 78165 10 11848
817 76234 85934 125 672628
818 76241 81688 148 333635
819 76267 79121 30 38337
820 76374 77827 26 25081
821 76566 78481 89 68643
822 76698 85108 4 10063
823 76781 78312 11 5004
824 76877 77804 136 81576
825 76991 86883 17 88499
826 76996 80306 20 47417
827 77025 85806 8 22947
828 77075 86140 26 109136
829 77138 81264 36 94490
830 77402 84490 82 243643
831 77462 88168 32 143174
832 77483 91073 36 147793
833 77544 94920 93 443962
834 77574 83224 97 197389
835 77619 86684 137 1620354
836 77677 92977 77 205856
837 77686 81828 69 272051
838 77851 80068 54 39050
839 77949 93467 9 17674
840 77959 79087 107 42225
841 78055 85004 18 75047
842 78161 88947 5 24416
843 78192 82592 18 40377
844 78241 86415 55 126559
845 78354 96210 5 21771
846 78423 84075 82 173280
847 78649 81006 92 129859
848 78704 82700 26 66844
849 78726 79680 27 7026
850 78778 86480 48 181094
851 78952 88015 5 14068
852 79077 93395 34 75039
853 79166 80082 13 19569
854 79310 96755 89 153547
855 79329 86285 86 347161
856 79351 81624 36 13273
857 79441 80469 20 11729
858 79527 83335 73 99514
859 79677 84055 34 89768
860 79696 83907 80 122957
861 79776 92328 21 97647
862 79791 86871 6 6505
863 79818 85486 67 48410
864 79920 99652 18 170636
865 80073 87527 47 142065
866 80086 85142 33 114443
867 80141 87335 110 253254
868 80302 92091 134 1081980
869 80413 87906 93 149179
870 80418 89589 38 145096
871 80555 96845 116 469045
872 80724 93570 17 77518
873 80784 81869 31 22374
874 80843 86491 105 200139
875 80853 86202 18 65911
876 80918 82187 33 30464
877 80922 82518 121 39827
878 81225 90532 140 735586
879 81323 82905 107 59094
880 81452 98817 8 65226
881 81572 87639 58 125277
882 81577 87122 6 9913
883 81641 85752 115 309093
884 81650 93552 125 1200342
885 81675 87396 38 116376
886 81680 92203 49 82113
887 81714 96311 4 21329
888 81760 90162 14 72666
889 81861 84523 4 4519
890 82040 82577 26 10395
891 82059 86004 7 12313
892 82067 83951 15 12792
893 82141 92205 127 462077
894 82228 95025 18 135394
895 82330 87589 57 135880
896 82341 95760 36 406786
897 82366 90493 39 140643
898 82919 83967 68 23894
899 83044 94241 117 540793
900 83778 95404 8 31257
901 83863 90448 64 43126
902 83934 84016 110 8441
903 84234 85370 106 60382
904 84638 96597 31 322159
905 84714 91613 43 233534
906 84823 86931 135 143921
907 84932 85899 35 30241
908 85006 88011 19 45061
909 85054 85515 69 7406
910 85335 90655 126 269825
911 85390 89204 33 41117
912 85425 85867 65 16214
913 85496 87703 83 47770
914 85732 92688 28 29820
915 85853 87650 117 74976
916 85940 94740 63 265779
917 86047 89266 6 19139
918 86070 92708 139 231355
919 86077 87284 69 48732
920 86080 88461 94 91833
921 86141 93897 131 677842
922 86178 90092 91 169181
923 86286 87252 101 78116
924 86352 95995 137 152548
925 86366 93495 11 18112
926 86373 92461 33 124959
927 86481 86895 112 11590
928 86562 92704 6 23216
929 86643 88352 4 5126
930 86940 88017 72 20352
931 86948 91071 137 99402
932 87014 91531 59 137876
933 87551 91751 5 8314
934 88252 89981 78 77921
935 88285 96267 141 368125
936 88463 99438 130 1165962
937 88691 99555 37 68201
938 88805 89073 23 3932
939 88890 95920 5 5182
940 88964 91566 35 63166
941 89014 96584 46 250109
942 89117 94112 35 53802
943 89195 91620 119 130100
944 89211 89671 136 78023
945 89233 96698 94 216992
946 89248 95496 114 598357
947 89294 92556 10 9252
948 89392 97418 132 217619
949 89505 90373 139 59083
950 90561 98419 5 21878
951 90590 93208 27 31791
952 90595 94451 136 266419
953 90659 96221 106 220794
954 90727 91962 40 17510
955 90845 97212 7 17592
956 91091 98221 103 212272
957 91329 96737 79 189601
958 91461 91581 5 754
959 91715 94262 37 32757
960 91771 92157 61 5274
961 91806 99120 130 176071
962 91945 93527 72 59704
963 92055 94808 4 4676
964 92092 94276 40 54390
965 92274 98884 42 121246
966 92292 92553 123 14515
967 92470 99317 76 226277
968 92594 95966 10 56977
969 92660 93638 52 21238
970 92686 94384 14 14460
971 92707 97016 24 57152
972 92832 95320 75 58111
973 93403 94291 9 2409
974 93631 93812 11 723
975 94304 98460 41 99570
976 94654 96781 35 27973
977 94732 95319 143 28415
978 95160 97287 13 18538
979 95170 96587 13 10012
980 95402 99724 99 246433
981 95419 98406 23 22588
982 95454 96473 103 45380
983 95901 99518 40 42315
984 96014 98888 94 106433
985 96446 99368 24 65284
986 96447 99156 50 89777
987 96724 98985 97 49715
988 96759 97649 44 34040
989 97031 99278 29 91521
990 97351 98271 125 31354
991 97420 98430 121 52594
992 97424 98617 45 39213
993 97810 99107 49 18184
994 97953 98861 76 30949
995 98288 98938 69 18771
996 98509 99803 8 14980
997 99007 99804 29 24663
998 99160 99223 4 185
999 99185 99701 26 9623
