50 1000 0.017
..................................................
................................#.................
................................##................
..............................#.##................
..............................####................
..###............................#................
...#.........................................#....
.............................................#....
..................................................
..........#.......................................
.........##.......................................
..........#.....#.................................
............###.#.............#...................
.............####.............##..................
..............................#................#..
...............................................###
......#........................................###
......####.......................................#
.........#.......................................#
..................................................
.....................................#............
.....................................#............
..................................................
...........................................##.....
...........................................###....
............................................##....
..................................................
..........#.......................................
..........#.......................................
.....#....#.......................................
...###....#.......................................
.........####.....................................
.........#.#......................................
..................................................
..................................................
.....#.#..........................................
.....###..........................................
.......##.........................................
......##..........................................
..............................##..................
..............................####................
.....................###.......###................
.....................##........#..................
.....................#...#......................#.
.....................#..##......................##
..................................................
..................................................
..................................................
..................................................
............###...................................
0 37 2248 81 91468
1 164 3404 38 38562
2 337 6482 7 11704
3 340 2512 66 37101
4 413 531 87 5063
5 458 5620 34 47446
6 557 1248 42 41409
7 746 2274 10 7757
8 767 4827 70 120219
9 961 1037 148 11450
10 1015 2693 45 47971
11 1118 8179 62 118757
12 1219 6076 43 40714
13 1389 1979 26 3640
14 1446 2203 100 64212
15 1517 3900 4 2772
16 1802 6915 100 334070
17 1983 7606 15 11020
18 2095 5975 23 84497
19 2127 5913 120 567680
20 2176 3967 27 18075
21 2266 10611 19 72286
22 2303 4916 5 7498
23 2395 20289 114 811248
24 2467 2622 118 5990
25 2502 4453 142 145864
26 2930 10756 139 1711221
27 3010 3996 111 15225
28 3040 4982 10 17130
29 3053 14883 112 377302
30 3088 5108 98 130771
31 3230 3785 70 47879
32 3716 3820 6 233
33 3874 4372 4 1341
34 3893 12558 6 10596
35 3991 4147 118 12589
36 4033 5019 56 46764
37 4081 6775 97 197580
38 4180 5733 29 15056
39 4269 11203 69 133521
40 4294 8017 105 94492
41 4328 7102 76 44280
42 4362 4486 56 4670
43 4367 6612 103 78989
44 4404 7922 73 69653
45 4467 6937 145 92561
46 4483 10813 82 167880
47 4587 4704 26 3211
48 4602 4696 27 1403
49 4858 16605 42 182602
50 5000 5222 59 8745
51 5001 9159 7 20491
52 5059 7945 8 9729
53 5125 10188 75 101384
54 5149 12479 149 576485
55 5153 5276 102 5162
56 5194 5927 101 45635
57 5264 10326 25 68647
58 5266 9392 50 94941
59 5400 11173 62 258100
60 5499 8485 97 123242
61 5666 6893 124 129818
62 6007 9178 145 250189
63 6048 7988 56 94988
64 6068 6767 37 20262
65 6148 8492 135 139401
66 6163 10595 4 17189
67 6338 8422 13 14044
68 6440 6919 41 17742
69 6443 11156 57 502624
70 6567 7171 40 13949
71 6576 6802 22 3338
72 6662 13471 79 273745
73 6954 7696 9 5092
74 6974 7804 21 7358
75 7026 18132 35 35429
76 7056 8522 49 31101
77 7115 10468 77 180985
78 7350 7808 55 9775
79 7382 16737 83 689665
80 7444 8868 20 15220
81 7542 16071 4 14055
82 7577 12731 19 35865
83 7747 11300 12 7916
84 7837 10142 77 121657
85 7933 9362 96 37451
86 7966 9371 93 110376
87 8022 8081 42 5369
88 8109 9253 31 23843
89 8199 8344 8 456
90 8327 13020 83 593541
91 8345 16227 135 1187437
92 8547 8942 59 14035
93 8597 9116 8 2193
94 8643 18003 105 580120
95 8746 10123 100 26825
96 8923 9426 128 42758
97 8978 13917 8 29908
98 8982 16887 51 56218
99 9070 12210 21 45980
100 9329 13247 46 61307
101 9411 9642 47 4930
102 9512 9829 15 3664
103 9517 11559 120 190496
104 9530 10135 8 1958
105 9542 10153 120 38342
106 9690 11756 64 33377
107 9964 11682 112 133290
108 9967 14496 144 246571
109 10214 10635 6 1662
110 10343 11081 91 84972
111 10453 18586 18 63329
112 10598 15428 45 63053
113 10658 10668 19 146
114 10810 18897 55 124000
115 10849 14596 150 754816
116 10939 12042 39 27480
117 10964 11264 7 1268
118 11036 12448 7 7541
119 11133 11584 9 975
120 11345 13101 31 64948
121 11439 16877 137 292492
122 11589 14568 66 88663
123 11639 17398 64 133271
124 11757 12480 136 87135
125 11769 12792 102 43754
126 11771 17778 85 103464
127 11853 13436 90 67680
128 11913 12592 32 13990
129 11990 13017 49 58608
130 12059 12465 11 3122
131 12244 14289 70 58364
132 12375 14095 124 59270
133 12392 13561 6 5037
134 12784 12866 69 8109
135 12842 14693 21 23491
136 12928 19946 131 375211
137 13203 16477 123 171001
138 13246 18683 99 240298
139 13320 20537 26 242313
140 13416 16018 119 179056
141 13518 13930 40 11938
142 13757 14141 12 3792
143 13840 20540 74 65417
144 13891 16562 35 39688
145 13900 14085 29 4784
146 13964 16794 60 141291
147 14028 16775 84 203644
148 14083 14705 57 9466
149 14323 14758 147 47562
150 14811 17849 5 11317
151 14899 19073 6 9639
152 15095 18271 52 55830
153 15134 17086 41 41630
154 15144 17357 8 3658
155 15222 17939 32 18832
156 15381 17769 84 32134
157 15582 15807 77 21490
158 15627 19255 132 258269
159 15729 16144 132 23948
160 15830 19351 6 17578
161 15834 19485 51 131772
162 15874 20457 121 56760
163 15888 21511 15 9887
164 15903 18210 16 39587
165 15982 20648 19 66343
166 16096 17388 37 54231
167 16198 16272 113 4945
168 16287 19774 6 11773
169 16314 19806 120 219643
170 16376 18079 42 39647
171 16464 16612 80 3002
172 16470 24698 7 11523
173 16663 16810 122 11648
174 16907 20402 48 56849
175 16920 19055 131 116432
176 17098 18474 150 92886
177 17174 18036 11 6935
178 17504 19780 34 59387
179 17506 22219 31 38799
180 17592 19412 108 156647
181 17619 23068 43 133300
182 17920 18364 67 18504
183 17962 18009 39 954
184 18093 21646 18 44264
185 18098 19707 79 90103
186 18119 23609 139 145222
187 18168 19326 15 5233
188 18199 19815 20 9269
189 18375 18471 108 5731
190 18437 21162 106 167147
191 18469 24553 123 607989
192 18644 21030 98 107495
193 18690 20121 84 43074
194 18730 21742 5 13219
195 18783 19436 93 35990
196 18796 19829 136 58476
197 18914 28831 69 256767
198 19123 21497 16 39893
199 19294 23427 66 76352
200 19567 22559 6 3863
201 19570 22087 28 31181
202 19886 23209 53 28589
203 19928 24493 137 256958
204 19937 22661 36 43037
205 19972 21380 122 62059
206 20056 20971 70 35932
207 20063 28431 137 333228
208 20086 22268 49 55484
209 20090 21533 97 67274
210 20116 25883 7 31932
211 20317 21368 67 49365
212 20352 23165 44 48496
213 20459 21735 9 8295
214 20511 32547 21 345729
215 20565 24090 71 160217
216 20699 23424 66 87017
217 20745 21561 146 36934
218 20772 27362 26 150561
219 21006 28424 43 207553
220 21194 28869 22 122838
221 21217 24432 14 25509
222 21318 22608 90 48856
223 21346 22765 62 57643
224 21441 23090 7 8256
225 21454 25674 89 212490
226 21480 22413 124 49611
227 21626 29047 40 251060
228 21725 26847 56 247796
229 21899 23031 16 11375
230 21990 23368 17 3772
231 22136 24100 120 71531
232 22286 28997 70 233681
233 22301 29061 11 32377
234 22312 26011 26 33253
235 22455 27100 55 105453
236 22526 28570 10 49460
237 22645 30064 114 157096
238 22751 27888 35 121326
239 22823 27451 9 15881
240 22842 27806 24 66030
241 22961 23594 19 16397
242 22964 31983 44 200367
243 23017 23280 10 832
244 23044 23335 47 6279
245 23239 24628 67 14551
246 23285 23498 28 7209
247 23290 26342 11 9033
248 23371 27264 12 15956
249 23404 28994 11 22081
250 23537 25669 116 73185
251 23702 39645 12 84010
252 23758 26410 53 60860
253 23762 27613 59 336255
254 24288 40392 6 52134
255 24365 29763 23 50219
256 24377 25958 23 22305
257 24378 27668 67 101601
258 24520 25264 119 19227
259 24890 26546 137 104342
260 24981 28140 94 95925
261 25056 28142 26 32800
262 25062 31472 6 18242
263 25064 27796 99 181589
264 25168 28531 85 201825
265 25233 25241 86 187
266 25340 29759 100 136464
267 25366 26999 48 39928
268 25563 28852 8 13720
269 25572 28438 138 194845
270 25608 27514 26 14608
271 25771 29924 105 118965
272 25835 28287 16 9945
273 25933 29623 15 38713
274 25955 28676 48 52704
275 26018 27711 10 4712
276 26141 29399 22 66653
277 26191 26377 64 11969
278 26265 27292 138 124108
279 26404 27688 70 40646
280 26497 26671 25 1888
281 26515 28512 7 4542
282 26885 32289 45 250832
283 27024 34400 31 96419
284 27225 28502 129 114820
285 27413 32831 45 122960
286 27523 27653 83 9592
287 27707 29791 25 22660
288 27793 30523 124 141559
289 27797 31127 31 64195
290 27810 38688 14 82966
291 27873 28029 28 2962
292 28011 29598 72 47415
293 28090 28242 10 254
294 28197 29818 36 20564
295 28308 28609 140 12666
296 28315 31542 12 12143
297 28365 29860 124 68391
298 28397 29744 31 20834
299 28398 34295 28 53022
300 28498 36828 38 86357
301 28593 29369 124 24314
302 28644 31206 76 124328
303 28770 35414 148 155094
304 28801 33598 50 60038
305 28865 33469 27 141346
306 28899 33702 7 5561
307 29000 33655 68 92379
308 29101 30702 26 28635
309 29228 31714 137 84116
310 29342 30514 70 42591
311 29349 32617 51 41574
312 29571 31212 72 23900
313 29904 36141 22 56713
314 29948 32013 10 18093
315 30084 32417 9 11719
316 30104 33793 146 67788
317 30305 30348 22 780
318 30341 33760 8 3746
319 30383 37672 71 87364
320 30628 55851 13 169799
321 30691 40012 101 125649
322 30957 32692 119 121857
323 31371 33456 53 47019
324 31446 32889 134 182664
325 31469 36181 9 23794
326 31592 35031 29 32043
327 31609 34137 69 65119
328 31679 36092 119 74245
329 31706 38073 131 175926
330 31724 32352 74 16389
331 31981 34886 20 37677
332 32119 33402 52 13704
333 32156 38714 15 19654
334 32171 35173 84 158746
335 32285 34433 19 13704
336 32345 33555 49 26008
337 32436 32884 13 2099
338 32551 35257 25 18848
339 32798 34347 10 11334
340 32953 33139 108 22201
341 33013 33834 120 92327
342 33127 34094 31 6949
343 33154 41638 36 80642
344 33170 34489 150 51028
345 33254 34903 12 9319
346 33421 33449 7 68
347 33597 52516 52 233700
348 33623 37185 37 31864
349 33753 37293 65 105696
350 33831 37290 28 38753
351 34071 34108 31 1747
352 34192 37982 10 50983
353 34231 35304 6 9556
354 34249 36965 61 23165
355 34345 41040 7 17476
356 34386 42840 100 275195
357 34764 37325 149 326650
358 34828 42996 32 262464
359 35082 36772 71 73878
360 35105 41990 48 56786
361 35151 40896 25 57792
362 35274 40442 88 116717
363 35330 36674 4 1546
364 35411 42981 27 76109
365 35444 42291 91 222685
366 35508 35866 102 19070
367 35633 36009 44 20236
368 35683 41091 27 56820
369 35775 38396 57 95694
370 35777 44002 66 268411
371 35800 36722 95 54959
372 35938 40871 142 217232
373 35970 37840 16 22442
374 36001 38712 117 216840
375 36030 43601 85 260484
376 36120 37448 97 25062
377 36208 37974 45 46312
378 36234 39795 118 109280
379 36325 40973 10 20081
380 36408 38038 12 31026
381 36689 37242 131 35875
382 36721 38428 14 22414
383 36768 39324 43 153361
384 36813 37002 15 1324
385 36887 39742 58 74756
386 36970 38699 5 2658
387 37155 38397 54 60495
388 37208 50455 10 70247
389 37267 41339 123 166070
390 37283 38037 13 2887
391 37342 38137 98 41356
392 37461 47343 44 421172
393 37545 38806 77 28845
394 37805 43526 87 269587
395 37991 38709 16 4348
396 38118 41193 76 99330
397 38340 43127 149 111182
398 38528 39883 18 3933
399 38610 40088 6 2769
400 38686 39861 22 15395
401 38835 39045 8 1042
402 38998 44528 31 89079
403 39157 44254 45 88748
404 39169 40432 139 104254
405 39189 41223 10 6207
406 39242 51604 106 658829
407 39248 39760 91 19533
408 39473 45130 132 203111
409 39551 45682 33 46600
410 39661 39681 77 986
411 39665 42054 133 482954
412 39764 39891 136 9836
413 39779 42025 13 29381
414 39866 43064 149 124741
415 39933 42336 85 69666
416 39972 44335 22 48431
417 39994 40739 105 42446
418 40032 40315 15 2609
419 40033 40137 17 998
420 40222 42069 103 94685
421 40413 43133 22 28588
422 40447 45950 24 141614
423 40473 45941 52 86511
424 40483 40959 31 4322
425 40529 44384 79 103092
426 40616 40621 19 142
427 40654 43520 50 63671
428 40692 41442 10 5854
429 40792 45165 6 12889
430 40875 48989 51 188758
431 40898 51225 92 387367
432 40957 41094 68 9092
433 41100 44119 82 261766
434 41113 41901 125 58365
435 41183 41626 60 32663
436 41220 47505 50 126194
437 41227 41787 144 48182
438 41353 43502 23 22160
439 41424 42819 77 56880
440 41623 46907 24 18648
441 41813 45627 10 19692
442 41944 47568 25 79355
443 42006 49607 128 296387
444 42059 64584 99 497657
445 42195 47663 33 91139
446 42609 42850 56 6450
447 42658 43876 41 35288
448 42673 42870 16 3790
449 42761 47563 112 436976
450 42777 45657 118 118472
451 42822 44362 55 95835
452 42896 47508 34 37847
453 43010 44762 52 61940
454 43033 44813 108 206288
455 43227 44202 39 14893
456 43362 46863 51 188900
457 43427 45143 6 3491
458 43521 47908 7 8707
459 43547 45225 64 72935
460 43622 48073 32 82483
461 43656 48978 40 85165
462 43740 45220 12 11211
463 43857 47986 76 78768
464 43893 52502 116 272619
465 43897 50641 14 56947
466 43959 50938 144 476170
467 44044 47022 9 3821
468 44046 52445 66 594786
469 44065 44395 84 9528
470 44082 45402 14 9101
471 44171 47804 22 25529
472 44293 53221 32 64264
473 44330 49697 44 66960
474 44357 44479 14 1567
475 44533 50545 44 195258
476 44551 48796 16 12695
477 44666 49216 8 21833
478 44741 50078 145 218712
479 44866 44879 129 1206
480 44950 45339 41 5113
481 44987 46446 8 4135
482 45091 46548 114 39364
483 45111 49230 67 148377
484 45122 48874 67 72838
485 45216 50123 32 108573
486 45233 53569 99 121089
487 45266 48582 76 128359
488 45326 45909 47 30726
489 45470 47223 13 14423
490 45535 46328 48 45657
491 45609 45699 27 1377
492 45633 46111 59 11556
493 45666 46530 34 13425
494 45911 47088 12 3128
495 46022 50568 27 57391
496 46103 49849 70 125942
497 46344 46518 110 8196
498 46514 49273 6 11365
499 46542 54187 76 148875
500 46555 47346 36 31791
501 46599 47428 51 45189
502 46769 47598 7 2907
503 46786 47068 18 4252
504 46899 47707 9 3146
505 46934 50917 126 286933
506 46995 48185 82 92009
507 47054 47955 4 3936
508 47254 53324 20 73706
509 47260 51953 116 286981
510 47397 47454 33 1097
511 47407 51836 109 334829
512 47437 49739 22 31419
513 47492 50216 116 142531
514 47520 48453 67 17478
515 47530 49409 14 8108
516 47628 56453 51 403273
517 47713 62340 63 371218
518 47774 51284 14 12086
519 47815 49053 41 21438
520 47855 48578 109 40286
521 47920 52059 52 73799
522 47971 52010 45 39211
523 48038 52199 94 127702
524 48131 50592 86 145855
525 48292 49095 83 56902
526 48342 53749 19 54921
527 48488 52961 116 244975
528 48594 51558 10 22017
529 48651 50196 48 40311
530 48679 49462 21 6586
531 48751 59689 66 111113
532 48866 51129 9 16089
533 48988 53016 11 51125
534 49139 49744 5 641
535 49158 50320 111 41764
536 49171 55162 41 62646
537 49292 53308 105 228519
538 49463 49752 44 8949
539 49627 50863 99 40581
540 49694 51539 29 58712
541 49730 53086 48 41486
542 49988 55109 86 261221
543 50035 50193 25 2734
544 50037 59207 100 570032
545 50155 51334 104 55779
546 50318 64369 74 575931
547 50349 51299 38 18045
548 50406 51363 14 4059
549 50481 52514 111 166078
550 50536 59143 29 157597
551 50669 54252 73 260939
552 50681 52548 63 38198
553 50698 59101 5 29167
554 50741 53352 141 261641
555 51001 52560 15 8146
556 51031 52401 70 28745
557 51295 53732 32 18517
558 51362 52511 130 67583
559 51511 54349 150 155372
560 51719 58083 11 43541
561 51741 54049 21 16465
562 51760 58466 37 50406
563 51849 54509 89 41257
564 52206 52342 8 632
565 52221 59673 110 290472
566 52261 57759 87 255295
567 52397 57940 53 71901
568 52402 52623 11 1278
569 52557 53310 54 16247
570 52596 53106 5 1832
571 52660 53910 13 5657
572 52769 52960 16 1137
573 52930 56740 35 75941
574 52981 53009 137 1225
575 53154 63705 8 28140
576 53164 56788 84 273320
577 53283 57761 8 14198
578 53370 53661 6 686
579 53575 55463 84 94240
580 53668 68270 87 1122504
581 53681 54309 24 11671
582 53686 55497 47 28929
583 54062 62795 11 23852
584 54068 54613 22 4898
585 54169 59935 67 190139
586 54665 54866 138 24366
587 54875 55594 117 17056
588 54963 57168 103 223949
589 55016 58829 62 53257
590 55024 57336 108 80728
591 55160 56639 139 255129
592 55344 57152 124 126407
593 55428 57316 36 47630
594 55546 58219 38 27212
595 55657 56719 78 57299
596 55697 59137 47 54901
597 55815 60760 18 45189
598 55876 56266 84 27115
599 55941 59171 29 18983
600 56038 57251 122 35421
601 56055 61815 11 21368
602 56082 64742 70 171107
603 56105 57796 15 9735
604 56185 62468 17 21026
605 56227 56627 73 33873
606 56289 56958 4 631
607 56309 57526 52 25008
608 56373 57518 90 89298
609 56428 60089 10 10026
610 56459 59449 122 117385
611 56507 64715 9 12449
612 56573 60174 141 94155
613 56747 59737 84 40230
614 56754 58372 59 46551
615 56888 57627 6 4495
616 56891 58315 26 18295
617 56986 58209 56 33605
618 57007 59380 60 106167
619 57066 60161 62 89811
620 57142 60421 59 75949
621 57263 58548 45 18265
622 57477 57658 131 7623
623 57602 61962 95 229856
624 57669 57821 120 9036
625 57680 58300 20 2519
626 57884 59290 123 77997
627 58003 58589 98 14570
628 58011 59247 12 5536
629 58030 60850 105 204321
630 58070 65215 68 69084
631 58123 58599 81 9755
632 58196 59165 58 12672
633 58215 59762 27 26992
634 58277 59096 65 45494
635 58415 58518 31 3437
636 58426 61750 47 93495
637 58577 62909 15 63795
638 58586 61627 41 106563
639 58594 67485 43 224254
640 58692 60274 103 93735
641 58770 62851 7 14163
642 58819 59042 7 1497
643 59157 60190 35 15100
644 59211 60351 97 32636
645 59237 60652 62 127698
646 59293 63608 146 300319
647 59311 67386 37 148188
648 59330 59406 124 2932
649 59370 61085 148 115577
650 59485 63964 143 68024
651 59504 60297 9 1090
652 59532 59873 141 31594
653 59565 64276 132 593945
654 59590 65319 29 58880
655 59597 66127 68 227041
656 59661 63143 21 18511
657 59680 65547 53 360731
658 59978 62842 9 14024
659 60053 61023 14 6811
660 60116 60731 11 3135
661 60201 62264 72 206908
662 60331 62368 105 47800
663 60454 61717 40 9990
664 60482 64547 30 35394
665 60530 61518 61 47321
666 60617 64740 77 70263
667 60658 63298 12 7406
668 61081 63092 81 89505
669 61158 69115 17 35012
670 61263 65197 4 19202
671 61268 68026 13 26626
672 61316 64783 8 8847
673 61643 61899 140 18867
674 61694 63332 9 5373
675 61782 65808 131 428788
676 62070 67358 16 53292
677 62217 63503 95 56174
678 62235 62383 37 3466
679 62254 62549 8 2171
680 62271 75004 19 53105
681 62314 65504 146 173187
682 62333 63436 17 3250
683 62515 64810 135 59505
684 62965 64339 11 6376
685 63053 64657 141 132651
686 63071 69207 91 305281
687 63199 65273 40 33522
688 63369 65889 44 22159
689 63492 64271 17 19121
690 64032 64630 11 2845
691 64244 66580 38 32179
692 64334 66133 61 31560
693 64345 65551 4 3638
694 64488 70932 92 838150
695 64556 67220 52 166974
696 64638 68248 16 27242
697 64673 72267 15 33037
698 64686 65187 47 4537
699 65097 67101 148 310100
700 65099 69613 26 48309
701 65167 65530 132 46416
702 65320 78150 5 18589
703 65546 65922 70 6865
704 65764 83682 43 449060
705 65796 71281 67 196850
706 65798 70572 20 38469
707 66013 68967 148 423330
708 66110 68389 99 157494
709 66126 71065 89 25745
710 66261 71179 89 100125
711 66411 69164 126 137148
712 66532 72279 22 85826
713 66534 70504 109 173827
714 66677 70097 50 40132
715 66700 68764 71 39575
716 66712 71461 11 37014
717 66947 72306 53 180198
718 66957 70786 16 26624
719 66964 68865 15 25247
720 67012 72316 142 462875
721 67029 74932 119 466778
722 67062 68359 91 54601
723 67070 67474 16 3390
724 67278 70028 20 26305
725 67361 69779 32 38375
726 67405 70016 73 34319
727 67885 70711 19 38468
728 68107 69059 4 1602
729 68215 73548 96 117052
730 68230 68391 128 6805
731 68246 76577 117 609503
732 68261 70309 13 14896
733 68336 73804 85 109357
734 68424 74242 44 147457
735 68563 76044 146 1358365
736 69017 71638 105 189105
737 69072 72127 17 81172
738 69145 76636 112 321087
739 69240 73154 13 40716
740 69402 72783 125 402057
741 69486 73552 17 16870
742 69533 71642 11 4476
743 69540 70081 7 1159
744 69580 74600 132 290793
745 69834 72070 39 40159
746 70009 71246 8 1924
747 70053 71083 43 33973
748 70139 70274 29 2859
749 70243 72657 5 3871
750 70249 71632 126 142313
751 70392 71292 71 10703
752 70500 73011 27 17892
753 70555 76534 6 7936
754 70586 72485 43 44313
755 70590 70668 51 1562
756 70617 71569 60 13250
757 70660 77615 96 538054
758 70905 77631 121 663695
759 70921 72033 139 83868
760 71323 72106 28 8424
761 71523 74134 37 30643
762 71526 75502 121 238628
763 71913 76041 29 62355
764 72104 73268 145 41008
765 72198 75576 16 11735
766 72213 73625 86 85976
767 72226 75077 8 36037
768 72277 73481 25 10277
769 72510 75683 145 195698
770 72550 73001 133 58110
771 72583 73140 30 17179
772 72906 73015 13 1273
773 72961 74862 4 6548
774 73013 74851 7 1112
775 73311 84009 140 503513
776 73339 77770 24 73211
777 73460 73509 142 2817
778 73541 73624 51 2783
779 73647 75176 38 41018
780 73648 74469 59 14935
781 73666 80728 45 131971
782 73821 77048 100 149901
783 74063 76223 54 43601
784 74085 84671 119 780403
785 74274 76242 91 58306
786 74438 88840 142 411161
787 74586 78911 64 80549
788 74631 79900 34 39137
789 74641 75041 19 4452
790 74741 75919 72 33309
791 74803 75164 16 2836
792 74940 87710 28 129391
793 75253 76267 90 45316
794 75392 78965 27 93247
795 75536 80338 18 42904
796 75673 76900 95 106645
797 75780 79770 46 22453
798 75873 77260 46 33987
799 75886 76758 135 59146
800 75996 76936 75 28556
801 76171 80843 80 140856
802 76249 77901 86 97476
803 76269 86395 10 37409
804 76305 79466 39 47549
805 76527 81828 86 134252
806 76581 79935 15 18268
807 76665 81834 74 122556
808 76709 84349 116 746656
809 76886 77214 9 522
810 77197 82820 63 91344
811 77251 77471 27 3381
812 77291 80666 107 282457
813 77309 80757 128 112370
814 77676 78360 23 7881
815 77743 80590 117 242681
816 77849 79044 140 106444
817 77895 81771 68 145567
818 77914 84876 10 28732
819 78004 78312 64 67134
820 78042 79368 149 85657
821 78169 78876 28 5755
822 78232 78888 61 23107
823 78241 78257 15 133
824 78297 79015 107 27336
825 78323 80704 29 25114
826 78376 80259 6 6678
827 78437 80380 121 57338
828 78526 79574 73 35877
829 78734 81889 6 9007
830 78883 79622 6 1195
831 79061 82949 92 179852
832 79161 85337 116 166576
833 79169 86568 90 256644
834 79172 80307 90 67480
835 79182 79279 68 4964
836 79510 81994 99 79546
837 79553 82941 47 51727
838 79578 82775 43 59957
839 79645 82002 90 42647
840 79769 80248 65 12385
841 79811 85489 33 57419
842 79860 82014 116 246765
843 79906 84464 59 79531
844 80090 81898 138 76426
845 80098 80229 119 14221
846 80420 83516 15 15006
847 80604 82789 112 164051
848 80718 81759 78 72497
849 80842 86821 77 154838
850 80863 81028 141 19409
851 80966 85621 107 455789
852 81003 86046 19 44071
853 81081 82317 143 175203
854 81345 82409 114 55348
855 81346 85101 8 7979
856 81356 84759 112 351693
857 81420 82149 71 24667
858 81426 88325 130 448977
859 81437 81706 72 6411
860 81825 82065 140 24189
861 81900 84262 88 86288
862 81937 84112 22 25175
863 81962 82414 90 44092
864 82031 87392 91 182463
865 82079 87134 112 102739
866 82249 88023 138 235016
867 82362 89997 142 553704
868 82466 85565 116 138266
869 82478 84142 51 44044
870 82510 85935 58 68959
871 82574 85508 64 90029
872 82731 84628 31 22478
873 83157 83563 92 26202
874 83201 86638 24 73676
875 83289 83923 10 3979
876 83338 86409 16 51888
877 83613 85903 50 48148
878 83646 84306 32 17798
879 83880 83904 43 550
880 84078 91005 74 238642
881 84105 90909 6 11243
882 84284 84321 10 120
883 84403 86930 9 23793
884 84485 85972 122 46244
885 84687 86362 34 18092
886 85117 86023 123 46440
887 85265 88094 38 135688
888 85291 91248 39 149493
889 85305 90575 6 9949
890 85327 87544 98 43598
891 85427 90454 63 301959
892 85431 91092 7 21547
893 85676 91422 20 106398
894 85757 86678 99 16640
895 85925 89507 123 178936
896 86007 89992 37 35453
897 86014 95765 21 403131
898 86100 90916 52 47923
899 86197 86876 52 35136
900 86428 88896 103 112741
901 86462 87164 6 2053
902 86612 93247 27 121698
903 86770 92967 52 181840
904 86782 91336 19 61267
905 86832 88764 94 62334
906 86837 94375 95 265941
907 86936 89189 47 22401
908 86966 88204 12 4132
909 86967 88369 46 49485
910 87036 88131 11 3873
911 87184 87328 87 7403
912 87365 89137 32 64597
913 87472 90886 12 17526
914 87516 88790 23 42387
915 87551 90272 14 36240
916 87645 88357 118 18458
917 87811 93128 20 30488
918 87872 88423 123 46378
919 88280 89993 21 14512
920 88562 92188 125 112200
921 88606 91783 5 5195
922 88658 92968 82 109346
923 88700 88830 26 6117
924 89380 93848 5 20131
925 89515 95137 101 678205
926 89917 91263 6 4047
927 90012 91251 27 6796
928 90111 92770 29 24892
929 90259 93400 54 113296
930 90341 91353 56 11146
931 90387 98667 41 220030
932 90510 92599 10 8750
933 90593 92229 132 165984
934 90625 91904 43 37175
935 90636 98864 52 525885
936 90697 91889 6 7447
937 90831 92665 96 121060
938 90847 92161 65 17126
939 90885 94622 104 123152
940 91059 96269 132 192824
941 91178 92712 112 194393
942 91211 91720 48 23737
943 91229 92344 93 221229
944 91253 96185 6 29667
945 91290 93530 54 29923
946 91348 92255 26 25855
947 91371 92291 63 18582
948 92025 93029 67 33223
949 92216 98235 145 166737
950 92346 94619 15 21369
951 92645 93065 75 21989
952 92709 93722 89 16383
953 92838 95343 82 119529
954 92950 93140 104 14416
955 93069 95954 6 8627
956 93168 95795 122 122302
957 93230 95853 19 16156
958 93323 93546 9 1774
959 93395 94824 6 8859
960 93577 94205 99 40002
961 93776 98908 7 69407
962 93796 98757 33 107226
963 93846 98205 14 14438
964 93900 97165 135 167748
965 93936 97132 9 11981
966 94119 96235 38 40887
967 94173 96202 44 30904
968 94196 94858 109 27658
969 94245 95648 46 33129
970 94649 96534 11 9407
971 94740 97935 7 33952
972 94956 95379 63 19006
973 95144 97934 73 52457
974 95199 95567 29 10889
975 95203 99604 68 71270
976 95350 96917 88 90618
977 95368 95614 147 21321
978 95598 97088 15 16441
979 95615 96811 21 8023
980 95703 97244 60 90616
981 95728 96941 53 34101
982 96091 97816 65 15295
983 96446 99082 82 85483
984 96685 97055 97 17699
985 96754 98616 95 192309
986 96816 98150 65 40295
987 96950 98632 30 23299
988 97081 99267 96 108054
989 97323 98718 26 28170
990 97429 98647 149 49220
991 97473 98507 69 82427
992 97784 98982 16 5936
993 98129 98451 47 7517
994 98448 99008 137 68251
995 98516 99816 51 25936
996 98630 99811 143 132555
997 98676 99222 29 9758
998 98872 99500 47 17358
999 99411 99503 91 5460
