50 1000 0.061
.###.........###..........................##......
..#.......#####..........................##.......
.......###...###.........................###......
...##...###..#............................##......
.#..#...#..............................#...#......
.#####..#.............................##...#......
...................#.........#........####........
...................##........#..##....##.#.#......
..................#####......####..........#......
..................#..##......####.....#....#...##.
..................#.###.........#....###.###...###
..................##......................##...###
..............................#................##.
..............................#................#..
............................####.............###..
......................##......##............####..
......................#........####..........##...
....................####.......#..#.......##......
......................#........#####...#####......
......................#........#.##.#....###....##
.......................#......###.###............#
........#.##..........###....###.###.............#
........######........###...##.#.#......####....##
........#####........###....##............##...###
........##.##........#......##............#....###
.#......#...#..................................##.
###.................#.#.......................##..
.##.................####..........................
......................##..........................
....###............#.............................#
...................#.................#...........#
.................###.................#...........#
..................####........#.....##.....##.....
...................##.........#.....##.....####...
...................##.........#....###......#.....
......#..............#.............#........#.....
.....##.............####..........................
...####.............##............................
.####...........................###...............
.####...........................###...............
.#...........................###..................
.#..#...........##...........###..................
....#...........##.............#..............##..
...###..........##...........................###..
...###.......#..#.......#####.....................
..#####.....###............##.....................
...#..##......##...........#......................
...#.........###...........#.#....................
.............#...............##...................
............##...............#....................
0 4 2001 64 50306
1 9 6349 21 41221
2 54 796 92 22514
3 287 2606 34 23876
4 348 2115 130 109273
5 489 3253 133 235848
6 502 4546 36 67248
7 540 13204 86 475217
8 671 6334 24 48478
9 741 13293 63 786247
10 873 5769 89 274408
11 928 2163 5 7665
12 1060 3754 147 230317
13 1193 3832 65 94369
14 1238 4917 13 17028
15 1312 3183 71 87349
16 1469 2498 6 4593
17 1585 8148 4 7653
18 1661 2576 24 13744
19 1662 2639 87 29389
20 1722 2863 29 21104
21 1796 2662 85 33022
22 1948 3937 120 111137
23 2012 6223 16 17747
24 2071 8240 22 55230
25 2201 15202 89 584475
26 2304 2804 94 13007
27 2398 4030 7 4884
28 2430 4533 80 91217
29 2451 4951 5 10147
30 2604 8683 133 511499
31 2684 6002 46 62282
32 3003 7688 16 12657
33 3044 4263 47 22255
34 3080 10026 39 106498
35 3421 4397 62 70348
36 3805 7477 5 9623
37 3949 7005 49 38532
38 4079 11059 108 612865
39 4157 9501 6 7225
40 4308 5691 126 62818
41 4318 11257 68 318244
42 4550 4928 34 5959
43 4701 7846 60 50566
44 4813 9626 6 25305
45 4982 12819 65 145876
46 5226 13057 7 47230
47 5308 8938 74 167953
48 5358 9485 70 525868
49 5409 8186 61 92538
50 5445 6972 5 1451
51 5483 7085 117 41923
52 5508 8419 20 70453
53 5533 6989 127 90458
54 5599 9304 13 47876
55 5624 14506 15 36079
56 5654 6507 10 6047
57 5700 7872 18 14321
58 6161 12385 100 265510
59 6239 11693 46 115518
60 6284 6336 93 7386
61 6326 15879 15 69926
62 6331 7402 83 17406
63 6371 12925 80 219179
64 6469 9210 8 14901
65 6543 22127 4 70800
66 6547 6844 40 12444
67 6604 10152 6 5293
68 6651 9444 29 38963
69 6673 19182 59 464740
70 6727 8964 120 205743
71 6775 11926 64 96608
72 6781 16954 111 138902
73 6907 7448 68 28694
74 7148 17716 10 21125
75 7197 9290 6 12863
76 7283 11658 65 216457
77 7369 14758 148 546160
78 7442 20420 8 39313
79 7532 14035 27 99040
80 7576 16145 41 545581
81 7649 19119 20 90417
82 7694 8016 114 21222
83 7697 8937 16 10889
84 7831 9772 17 10664
85 8056 16949 94 416929
86 8292 17616 21 40862
87 8326 8351 62 1479
88 8328 10587 42 81319
89 8488 10274 47 16505
90 8497 15677 32 133041
91 8794 15444 144 512978
92 8847 14699 60 93574
93 8924 11587 132 455809
94 9068 9312 128 14506
95 9238 9562 130 31041
96 9330 9460 67 3499
97 9408 13012 93 132684
98 9509 14789 81 96486
99 9529 11275 91 109640
100 9645 12797 114 250782
101 9953 15038 9 25786
102 10020 17949 24 128813
103 10169 17589 18 36972
104 10214 11271 99 42391
105 10427 11949 85 51847
106 10756 13793 124 116778
107 10821 11567 68 32302
108 10832 12432 8 12108
109 10858 13184 71 60950
110 10859 13806 39 72685
111 11281 16642 74 121246
112 11568 12773 13 5003
113 11724 15822 129 140527
114 11764 20141 73 175586
115 11812 25894 108 576981
116 11903 19564 21 87891
117 11985 12213 32 2385
118 12040 12593 25 12551
119 12358 15659 9 18466
120 12544 14376 5 3647
121 12807 24944 7 43954
122 12897 14208 64 20352
123 12901 12935 41 487
124 12922 20809 118 444093
125 13034 16464 15 15546
126 13042 15648 125 141252
127 13210 16835 137 255525
128 13226 24017 101 1498934
129 13243 13418 132 9921
130 13503 16756 9 11245
131 13509 14183 9 1839
132 13552 14162 104 34442
133 13581 27596 59 354261
134 13704 15816 58 28314
135 13752 16981 18 23235
136 13773 17326 85 296648
137 13969 30298 23 110857
138 14049 22289 16 98991
139 14135 15483 7 5241
140 14174 30947 34 167342
141 14204 17772 35 48480
142 14322 14431 112 10152
143 14379 21868 12 14961
144 14564 23038 37 116644
145 14575 15775 12 12064
146 14628 16807 6 3997
147 14988 20110 98 104424
148 15118 17627 103 330825
149 15123 17409 18 24517
150 15142 15830 100 16504
151 15265 15322 71 4571
152 15291 17410 9 6579
153 15338 17336 16 31068
154 15448 17247 86 80080
155 15461 17427 127 97463
156 15916 21437 139 156408
157 15922 21308 139 469965
158 15984 18239 32 18988
159 16074 25307 9 121219
160 16184 19530 104 149469
161 16193 32497 63 564429
162 16276 30182 113 2039886
163 16365 17703 27 16463
164 16406 20520 5 4558
165 16500 17719 62 35930
166 16510 16619 64 9483
167 16669 25140 69 198104
168 16725 16837 66 6607
169 16882 18330 96 28228
170 16904 20604 141 473032
171 17002 23402 49 303220
172 17050 18659 24 11912
173 17122 20149 19 19931
174 17154 18300 105 52509
175 17273 25849 63 254350
176 17527 24094 78 620470
177 17628 19058 21 14508
178 17636 17860 47 4724
179 17675 22014 53 187667
180 17679 28906 50 124339
181 17948 30076 80 236760
182 18290 19475 82 99521
183 18354 21752 5 5830
184 18493 22738 15 25663
185 18504 20186 23 28195
186 18612 23966 92 433688
187 18683 20692 144 88766
188 18936 27959 65 350869
189 18996 24106 6 14197
190 19004 38393 46 293918
191 19051 19468 98 39055
192 19209 19335 111 11936
193 19292 24560 46 66257
194 19310 19726 21 3999
195 19365 24216 116 233622
196 19817 22411 23 16435
197 19936 22021 125 64220
198 19950 33613 16 63577
199 20158 23795 22 34597
200 20293 21365 11 7659
201 20385 31470 8 31683
202 20451 24066 54 47992
203 20463 22509 99 107656
204 20702 22590 131 278136
205 20829 21433 8 971
206 20844 23744 67 56069
207 20934 23736 141 238361
208 20946 22651 79 19032
209 21274 21730 45 26846
210 21431 29797 17 26601
211 21494 22042 55 11449
212 21706 26469 8 21326
213 21736 28632 6 14781
214 21780 22245 37 7700
215 21861 29561 130 138929
216 21896 23678 111 107480
217 22083 22254 64 4843
218 22108 22328 23 3041
219 22270 32811 102 628289
220 22301 29469 61 194224
221 22453 31627 75 480577
222 22484 23473 10 8798
223 22514 22953 140 57980
224 22519 29081 33 255802
225 22721 26852 147 282126
226 22944 25583 91 208970
227 22961 26080 25 32623
228 23114 23136 108 1236
229 23177 26634 93 138667
230 23208 25225 90 57967
231 23234 41302 59 1420573
232 23262 25430 15 5669
233 23271 27457 146 499848
234 23564 36249 18 89584
235 23673 24331 32 9335
236 23753 43962 100 474070
237 23802 27662 130 220069
238 23821 26987 42 79048
239 23903 24410 24 12164
240 24008 30825 147 137128
241 24301 27763 112 628974
242 24456 33154 96 715125
243 24504 47010 71 467037
244 24622 28872 16 30175
245 24781 45309 48 232835
246 24788 29139 10 14951
247 24858 39450 70 222643
248 24969 32809 28 62853
249 25032 48462 146 1685097
250 25083 25142 85 5747
251 25221 27653 44 164974
252 25251 29136 138 298093
253 25257 29994 33 88816
254 25261 25727 23 5605
255 25411 27755 24 17071
256 25539 39213 10 63189
257 25550 26435 35 31682
258 25627 27082 44 28028
259 25647 31827 58 576679
260 25663 28651 10 42329
261 25838 35318 73 169377
262 25926 26954 127 47637
263 25947 26319 134 36083
264 26062 26339 14 1912
265 26126 26308 39 6495
266 26245 26384 29 1444
267 26272 38173 93 1181886
268 26366 27610 106 106352
269 26390 31511 28 107109
270 26399 27709 18 13731
271 26534 26867 116 36572
272 26630 27229 7 2907
273 26756 30024 12 18396
274 26826 29031 5 6080
275 27121 30399 13 8662
276 27170 27692 87 47191
277 27217 33612 7 19828
278 27263 27518 106 29303
279 27404 27995 149 64891
280 27463 31240 106 317576
281 27502 36151 6 25290
282 27655 28203 123 58777
283 27740 31586 96 111033
284 27914 28878 60 14534
285 27993 33355 6 15908
286 28162 28851 122 45716
287 28167 51946 114 954294
288 28169 32030 20 34205
289 28356 37715 117 375429
290 28376 39312 51 137016
291 28802 33826 11 12717
292 28823 46309 19 149091
293 28824 37443 43 277133
294 28843 30469 103 25383
295 28933 29368 108 15750
296 28967 40963 117 382577
297 29187 37957 57 267320
298 29371 36873 12 33286
299 29633 33441 27 51833
300 29653 31656 7 6411
301 29752 36212 11 23009
302 29771 35709 26 77348
303 29789 30553 49 14426
304 29892 32668 8 9496
305 29966 32086 11 7854
306 30049 31037 130 32050
307 30136 40750 109 236428
308 30170 40378 116 1064711
309 30179 30692 128 41686
310 30185 60934 9 96917
311 30196 30975 15 4503
312 30247 35637 45 110699
313 30344 31169 99 20570
314 30793 43363 55 284786
315 30870 34409 122 220875
316 30886 35140 25 46730
317 30902 31630 88 26520
318 30965 32313 11 17851
319 31102 31197 24 792
320 31108 31687 47 11265
321 31146 40076 149 365180
322 31208 45136 130 507268
323 31221 37133 78 198897
324 31231 54034 27 309138
325 31241 36759 9 20699
326 31298 32057 65 9004
327 31300 49296 15 53989
328 31612 34986 17 11213
329 31689 34228 33 70200
330 31700 42612 55 134640
331 31741 33384 24 8298
332 31877 32735 14 11955
333 31880 42817 109 496461
334 32004 33825 25 25531
335 32144 44638 9 63139
336 32281 34028 94 63515
337 32282 32843 9 1328
338 32309 36293 55 41723
339 32346 35378 100 82790
340 32410 36083 117 259317
341 32479 33349 27 12360
342 32482 38258 149 235441
343 32528 38273 76 115746
344 32602 38777 147 277693
345 32909 40046 49 144357
346 32959 40607 35 73328
347 32991 33959 110 22978
348 33013 36152 5 22076
349 33015 50666 96 561146
350 33030 39682 133 219546
351 33067 41849 14 26508
352 33189 35389 82 60292
353 33246 36082 11 44463
354 33543 34146 134 26685
355 33582 33701 122 8412
356 33627 37181 98 55519
357 33635 34656 52 19459
358 33676 35039 72 35674
359 33690 40582 101 235431
360 33820 35111 11 5595
361 33832 33833 10 15
362 33853 38775 44 83813
363 33860 35422 13 5109
364 33900 34387 143 14031
365 34117 35932 41 29575
366 34314 37594 20 31803
367 34464 39169 46 34291
368 34673 36705 71 95190
369 34854 42805 8 26457
370 34966 66183 123 946782
371 35017 35959 138 108457
372 35032 43305 134 1596966
373 35141 35768 58 19941
374 35186 40256 45 42497
375 35191 43852 47 405585
376 35284 35668 120 44699
377 35410 36127 88 45803
378 35512 37502 62 67317
379 35520 36302 8 2850
380 35747 39690 131 363407
381 35769 37242 104 28971
382 35790 41582 102 413101
383 35804 37311 15 8883
384 35835 46121 56 154310
385 36008 39283 67 149115
386 36021 45533 114 247629
387 36089 36728 44 18708
388 36225 46536 90 215992
389 36388 44443 42 39629
390 36392 40517 50 77368
391 36547 38986 12 6993
392 36589 39838 21 28978
393 36723 37897 107 111573
394 36749 40036 135 251770
395 36816 36919 12 719
396 36895 46144 40 232937
397 37067 41528 99 165797
398 37111 43036 37 33777
399 37285 38612 5 3650
400 37435 38668 60 130533
401 37506 37553 86 2209
402 37606 42609 79 77522
403 37647 40059 75 109356
404 37774 41060 51 62437
405 37802 42603 141 104200
406 37806 45118 7 50883
407 37881 40258 14 18736
408 37986 38329 39 3061
409 38076 39055 95 61043
410 38256 38366 103 6678
411 38283 48514 102 1228012
412 38359 44173 28 109906
413 38375 48924 66 247429
414 38462 51369 148 1085822
415 38900 58585 58 247251
416 38906 41840 22 27617
417 38927 50199 11 68530
418 38957 44305 120 598939
419 39278 46359 15 68491
420 39360 40145 130 50683
421 39470 39787 63 12564
422 39502 42341 85 98302
423 39592 45745 30 133303
424 39768 43534 90 143373
425 39781 44955 61 122623
426 39785 40382 128 18993
427 39790 43749 8 15229
428 39879 43480 67 444248
429 39920 40867 56 24362
430 40024 41034 44 50157
431 40159 53199 146 488822
432 40235 48644 124 263245
433 40285 47933 40 204546
434 40327 42503 109 104835
435 40401 42307 107 187054
436 41000 54855 80 493337
437 41148 43422 14 44332
438 41222 46405 24 47186
439 41284 46592 23 31582
440 41531 48965 118 432138
441 41602 43063 15 10475
442 41611 42355 23 14318
443 41652 49374 15 36195
444 41684 48651 24 38163
445 41832 45476 86 124138
446 42126 44742 83 163099
447 42175 42945 95 30069
448 42337 44619 123 108869
449 42469 45539 87 146393
450 42552 54625 24 91456
451 42601 50877 66 238661
452 42665 47537 9 11464
453 42691 43391 76 27643
454 42818 48347 50 142276
455 42871 45387 30 26657
456 43073 43652 76 24403
457 43160 43382 7 1606
458 43309 45697 132 196182
459 43375 53874 86 321719
460 43407 43700 146 54127
461 43445 49346 99 201025
462 43459 43704 130 14567
463 43467 49375 7 9580
464 43528 45695 4 10206
465 43590 50816 74 414865
466 43762 47650 80 58729
467 43848 54399 19 112438
468 43861 47716 19 81136
469 43903 44914 20 26427
470 43935 44928 105 45599
471 44047 47761 26 40912
472 44188 46487 48 37733
473 44202 45287 80 84305
474 44277 49099 42 64119
475 44298 46629 5 3736
476 44336 57964 72 459607
477 44373 47013 108 106452
478 44490 45680 63 31484
479 44525 44815 17 1937
480 44546 53677 13 29019
481 44583 50100 66 88392
482 44605 47754 8 8345
483 44702 48914 18 22977
484 44717 47934 75 168270
485 44720 47535 36 63511
486 44790 47671 23 29486
487 44804 46906 49 36012
488 44850 54468 7 75884
489 45060 50651 23 19148
490 45083 53546 51 235183
491 45122 47486 9 21917
492 45455 54328 60 818500
493 45458 61651 94 595443
494 45595 53873 104 489039
495 45739 48803 67 90047
496 45768 48467 35 18716
497 45818 50073 120 234905
498 45902 54484 96 229726
499 45998 46145 113 18345
500 46001 52173 31 119867
501 46064 49497 105 113847
502 46085 49519 11 30779
503 46177 47385 147 69256
504 46748 47123 113 17886
505 46910 49550 68 107296
506 46927 47729 65 15751
507 47045 47254 27 6274
508 47049 51156 4 14000
509 47207 54925 24 132628
510 47250 50183 148 60510
511 47258 71161 121 659492
512 47284 47747 22 4840
513 47295 48702 4 3272
514 47365 58315 7 38779
515 47389 48535 5 4742
516 47437 58177 12 37198
517 47461 48843 142 109831
518 47471 48755 6 3414
519 47662 49427 91 154508
520 47766 47838 32 818
521 47830 54079 8 7283
522 47958 51223 46 81769
523 47989 51982 58 199849
524 48063 49591 74 133106
525 48085 54675 106 69263
526 48118 48192 113 6937
527 48436 51481 22 16050
528 48492 51213 42 25381
529 48802 53017 17 118059
530 48916 49807 9 2195
531 48926 49861 8 2664
532 48976 51912 10 25973
533 49144 54063 123 401627
534 49448 55392 5 6249
535 49696 52394 59 68222
536 49714 50252 40 11564
537 49944 55877 137 395683
538 50051 51367 45 11141
539 50287 54094 10 4653
540 50345 50759 7 1653
541 50589 52983 6 4185
542 50596 54556 49 115176
543 50755 50883 9 718
544 50806 52672 25 38404
545 50822 50980 11 1275
546 50967 56432 143 260032
547 50982 53809 30 212550
548 51041 51635 30 13677
549 51107 52856 20 18381
550 51372 55289 78 157900
551 51411 60029 10 22406
552 51436 58497 58 54381
553 51483 52053 107 40207
554 51676 54553 108 181500
555 51677 57743 126 194254
556 51724 53555 33 12532
557 51770 53134 123 107607
558 51815 57208 72 119947
559 51863 52748 47 9901
560 51907 55599 45 108418
561 52006 52564 150 46713
562 52061 54702 9 10876
563 52287 54228 113 110557
564 52342 55033 82 116027
565 52384 69103 28 240067
566 52453 58874 125 269035
567 52719 64005 83 365392
568 52763 61251 20 44275
569 52926 62109 4 56669
570 52941 57062 7 11323
571 53060 54657 24 31364
572 53282 54097 8 2005
573 53302 64418 34 282918
574 53423 58357 102 144960
575 53490 57240 13 19397
576 53821 58550 99 356628
577 53825 57799 144 149414
578 53834 64127 26 309869
579 53883 54795 50 29663
580 53894 57978 88 211827
581 53937 63307 57 228049
582 54040 54882 30 4138
583 54158 64223 8 44900
584 54420 59024 139 442309
585 54571 60285 121 279120
586 54586 54693 37 1577
587 54626 59543 24 35590
588 54843 60901 6 20069
589 54923 56069 104 34646
590 54927 65196 31 89285
591 54942 58887 13 39886
592 54954 81312 26 194304
593 55070 60187 139 253949
594 55193 58983 25 48401
595 55280 65248 12 54536
596 55550 57885 33 87376
597 55647 55955 29 2706
598 55656 56551 126 58860
599 55683 55848 43 12786
600 55757 61499 8 59197
601 55825 63867 17 38521
602 56171 61073 99 136723
603 56270 60015 64 96316
604 56396 60045 130 69831
605 56477 66269 100 498843
606 56478 56738 14 1505
607 56491 65104 28 152331
608 56524 57108 24 5065
609 56774 57360 20 8927
610 56797 58459 31 28181
611 56829 62576 26 39488
612 56935 58238 130 152695
613 57063 60277 60 52859
614 57069 57262 10 2516
615 57072 57358 39 2878
616 57132 62417 15 29581
617 57169 65405 6 12062
618 57180 59786 40 38180
619 57210 58589 131 143271
620 57341 66238 116 161454
621 57418 59706 111 253662
622 57973 58364 82 23658
623 58015 71111 102 542548
624 58182 59254 70 58414
625 58384 64126 96 464981
626 58558 62923 82 157103
627 58859 70288 7 38622
628 59013 71705 142 574295
629 59015 63019 94 125251
630 59116 60138 60 43501
631 59124 59892 126 16581
632 59244 60568 25 43345
633 59334 67227 12 103908
634 59375 67868 136 858083
635 59462 66605 134 565921
636 59615 63534 5 5360
637 59660 59762 14 597
638 59699 60559 20 15959
639 59735 60544 12 5128
640 59755 64467 77 93037
641 59990 62618 40 149623
642 60348 60402 19 435
643 60540 62707 118 36816
644 60551 63687 47 63843
645 60622 60725 18 1316
646 60644 60905 18 3590
647 60696 64853 13 17218
648 60795 73725 136 348998
649 60899 72010 53 650833
650 60988 63125 52 128605
651 61005 62037 52 38439
652 61096 68800 108 252275
653 61157 68837 11 23006
654 61209 63716 48 73679
655 61317 61737 13 3823
656 61506 70098 118 498297
657 61576 62519 9 8570
658 61750 64050 60 131168
659 61792 65610 6 6954
660 61974 62204 50 7381
661 62048 62495 40 13199
662 62294 65485 40 68203
663 62301 69387 113 277251
664 62380 66672 95 264967
665 62410 62845 33 11167
666 62492 67437 149 255570
667 62539 64417 90 292145
668 62591 64554 61 87379
669 62600 65257 5 5620
670 62836 66867 25 67927
671 63034 77109 35 176332
672 63189 63672 17 3901
673 63330 66327 32 155520
674 63451 68499 70 114816
675 63492 73975 60 356847
676 63560 66859 105 231004
677 63590 65393 83 76594
678 63601 64235 88 44528
679 63611 63686 95 1735
680 63668 69400 82 67781
681 63762 67423 9 10142
682 63806 63818 119 1265
683 63884 77087 5 32775
684 64051 64612 82 24262
685 64055 65394 22 8047
686 64080 65463 22 15905
687 64117 65651 123 210910
688 64289 71248 23 108072
689 64340 68470 141 233200
690 64481 76795 15 51759
691 64581 65971 47 50043
692 64670 68319 36 48701
693 64782 65944 118 52468
694 64824 67529 128 301287
695 64885 69209 33 35587
696 64916 66798 133 370592
697 64937 68023 7 13175
698 65256 65752 95 17249
699 65286 71327 38 56554
700 65514 68461 39 105527
701 65844 67940 46 20960
702 65907 67174 5 2503
703 66041 83450 133 510040
704 66131 80780 14 87544
705 66394 69743 20 36528
706 66498 69133 133 141693
707 66598 83548 108 2117583
708 66668 67397 38 28574
709 66674 66719 8 124
710 66789 69890 12 4123
711 66912 69569 45 38547
712 66950 71365 19 24008
713 67098 69561 9 9195
714 67210 67561 68 14425
715 67224 77803 28 33946
716 67380 83837 25 102596
717 67391 70214 139 278190
718 67517 70403 98 95437
719 67578 67905 148 7730
720 67777 70433 117 314380
721 67834 70533 74 72780
722 67892 73434 141 302873
723 67936 92953 47 418126
724 68103 69957 37 142868
725 68123 74547 16 24574
726 68205 70082 15 28976
727 68325 69969 24 26917
728 68416 69604 80 21437
729 68425 78981 44 121169
730 68594 70037 17 9106
731 68631 73350 17 46348
732 68647 72646 8 57015
733 68717 70488 125 82656
734 68937 80327 113 1156023
735 69120 73249 114 169413
736 69191 75284 17 71488
737 69206 72138 94 386432
738 69222 71374 29 37076
739 69337 71863 8 4564
740 69391 72252 115 88653
741 69405 73426 53 76665
742 69431 71336 47 31098
743 69583 72073 32 48262
744 69651 71833 23 25771
745 69748 80516 4 21193
746 69844 70818 61 44197
747 69967 72634 5 8395
748 70018 70109 44 4918
749 70023 70470 106 57932
750 70096 73703 6 27720
751 70192 72987 118 106042
752 70205 75353 81 184861
753 70372 71006 6 3939
754 70478 72363 7 5229
755 70521 81077 19 64291
756 70709 73403 10 9473
757 70777 71076 119 19869
758 70827 80334 21 245976
759 70894 72720 61 124781
760 70953 71401 143 39135
761 71130 74870 117 53796
762 71188 73910 15 9480
763 71189 73945 7 3315
764 71279 76964 95 236200
765 71298 77889 17 24618
766 71321 76595 105 228476
767 71331 75166 35 16235
768 71378 77885 47 279853
769 71464 72264 27 4468
770 71485 73060 11 5011
771 71680 84695 64 83551
772 71844 87088 26 312152
773 71943 73246 22 19103
774 71948 78574 34 26492
775 72191 73232 43 16025
776 72198 72347 32 4325
777 72236 98024 70 996054
778 72382 72974 80 10678
779 72488 73001 36 7640
780 72652 81390 63 395011
781 72700 75806 39 32304
782 72733 74408 27 23038
783 72755 76729 70 92081
784 72794 78646 109 257760
785 72855 74739 43 38572
786 72937 79571 56 168051
787 72959 75232 9 11162
788 73253 74335 90 15668
789 73360 73513 5 849
790 73531 80157 50 73144
791 73719 76686 8 11700
792 73727 83860 48 135598
793 73739 78890 123 611470
794 73755 82896 34 37439
795 73904 76778 64 151511
796 73915 79768 76 378628
797 73925 73980 42 2291
798 74018 75975 37 20888
799 74022 74753 32 4151
800 74055 78725 149 444200
801 74158 76549 115 344401
802 74318 75280 133 49466
803 74354 78269 11 25403
804 74607 74640 5 106
805 74673 76193 108 103118
806 74707 76846 14 8759
807 74806 85637 5 10931
808 74810 75990 39 23356
809 74875 80458 17 45498
810 74877 83218 73 136190
811 74888 82741 41 36768
812 75182 75449 4 1315
813 75211 78742 7 5575
814 75288 79223 32 81943
815 75310 81558 70 300103
816 75503 78732 22 26831
817 75623 87618 19 41542
818 75625 77343 113 118280
819 76029 76850 43 21020
820 76062 78880 27 35425
821 76085 76198 35 1453
822 76356 90650 22 151707
823 76372 86602 44 79409
824 76406 83475 60 272817
825 76413 78561 147 119426
826 76503 78091 8 4386
827 76767 81595 123 334102
828 77069 80108 96 87675
829 77240 86105 14 25310
830 77269 87408 47 84009
831 77302 78970 136 44756
832 77406 77657 19 4191
833 77445 78849 8 14350
834 77573 85260 52 408187
835 77671 84006 53 125954
836 77843 82537 7 56697
837 77855 83486 133 213681
838 77876 78465 14 2388
839 77878 82270 87 205964
840 77890 79018 86 13878
841 77902 78121 27 4800
842 77929 82251 125 135163
843 78003 89252 145 1166159
844 78022 85448 58 323803
845 78103 78414 142 11588
846 78178 83732 14 24980
847 78389 78691 57 6515
848 78577 80844 89 125995
849 78675 81995 57 32810
850 78707 78741 83 2827
851 78939 80588 18 11599
852 79057 81614 21 40032
853 79075 79442 21 2091
854 79078 87787 7 25671
855 79164 80417 89 46878
856 79170 87454 44 340082
857 79239 80099 104 49362
858 79268 84679 54 98969
859 79392 80262 69 13952
860 79594 79806 47 5863
861 79612 82115 72 108728
862 79747 80675 46 18529
863 79829 80797 111 60061
864 79953 82702 26 18826
865 80110 83787 76 110046
866 80230 85270 12 55157
867 80259 81402 109 131139
868 80371 90874 23 87667
869 80485 80956 32 37440
870 80614 97732 24 98899
871 80663 92669 34 142746
872 80982 85095 21 93935
873 81194 82691 32 32859
874 81370 82288 108 70757
875 81378 81412 80 1912
876 81616 87540 31 70940
877 81845 84928 7 12298
878 81944 87416 29 134348
879 81990 85146 135 78165
880 82030 88780 80 119435
881 82041 83910 47 51506
882 82212 88233 80 201097
883 82330 84526 125 216074
884 82443 84356 4 4309
885 82447 82777 100 14130
886 82493 91612 7 38199
887 82498 84445 66 21789
888 82626 83071 10 1132
889 82645 85837 11 8320
890 82730 86013 96 89203
891 82737 88757 18 27070
892 82895 85647 74 92455
893 83000 92390 22 141456
894 83043 84803 89 126940
895 83172 83257 146 9694
896 83221 83366 6 210
897 83523 87788 19 39054
898 83639 87265 91 79256
899 83762 88196 80 329264
900 83894 84528 17 9286
901 84027 85206 102 32782
902 84047 96026 35 101549
903 84664 92441 37 89135
904 84816 88883 30 156857
905 84825 85050 48 6369
906 85006 99403 100 654474
907 85010 87580 23 22070
908 85331 92293 5 14306
909 85467 90571 47 124867
910 85570 88664 26 37893
911 85774 87228 92 39271
912 86097 87986 48 33326
913 86132 91450 107 152446
914 86554 91072 24 27232
915 86638 88131 116 140398
916 86933 97683 18 182058
917 87066 94959 125 102605
918 87419 89724 146 172882
919 87472 88014 92 44356
920 87872 88022 18 604
921 88141 90515 15 28470
922 88334 89237 7 3938
923 88350 89691 108 26470
924 88419 93370 15 27126
925 88445 90005 37 21034
926 88577 95783 30 55710
927 88791 92765 12 20999
928 88948 92239 9 8368
929 89085 92610 27 77680
930 89104 92487 23 13357
931 89284 92952 31 100909
932 89347 99150 82 398077
933 89430 89656 49 3469
934 89490 92934 17 18856
935 89610 89771 48 10575
936 89661 98548 96 213869
937 89769 91237 17 7857
938 89822 89887 10 362
939 90033 91317 49 41422
940 90103 97510 125 346232
941 90356 96591 14 19214
942 90497 94920 81 161475
943 90539 91911 77 72191
944 90567 90882 53 8550
945 90615 93155 13 9494
946 90616 94785 72 137759
947 90724 92560 100 71835
948 90737 99763 139 458267
949 90757 99098 58 241262
950 90772 93172 33 9620
951 90781 93300 38 41864
952 90791 92730 38 40542
953 90896 95676 22 46455
954 91108 95958 5 3658
955 91142 93266 10 8171
956 91157 93580 90 31701
957 91184 98225 73 227151
958 91382 92995 13 10295
959 91572 93335 33 9641
960 91583 94045 38 39120
961 91697 94289 22 42426
962 91824 94998 93 231908
963 91877 97975 53 171414
964 92238 94480 10 15125
965 92364 92395 87 6154
966 92507 94644 5 3723
967 92748 94996 5 6031
968 92782 93702 6 8588
969 93022 95900 148 248827
970 93116 93317 37 8189
971 93638 96525 119 107452
972 93670 94020 46 9148
973 93715 95210 41 20867
974 93752 96646 10 8129
975 93915 98523 47 44595
976 93981 94588 4 1534
977 94218 97436 100 153626
978 94223 99778 40 61753
979 94261 98210 90 275519
980 94418 96849 100 185901
981 94709 95050 25 3819
982 94806 95829 33 8268
983 95035 95173 12 1335
984 95152 98814 21 25484
985 95306 96569 76 34413
986 95374 96359 60 6636
987 95539 98203 105 80180
988 95761 99662 116 86203
989 95926 98653 48 45488
990 96221 96298 77 4021
991 96912 99536 45 42078
992 96943 97067 19 1193
993 97345 98798 74 39109
994 97365 98677 91 64649
995 97381 97399 62 731
996 97840 97911 12 1758
997 98091 98690 118 44995
998 98456 98792 121 9376
999 98704 99301 104 47815
