50 1000 0.006
...#...............#............#.................
........##.........#..........###....#....###.....
..#.....###........#......#..#..#.................
..........#...............#..................#....
...#.........##.............##...........#.......#
.###..........##....#...#####.....##......##.##...
...#......###.#.........#..#.#....##.##.###....##.
...........#.##...........#####....#...........###
..........####.............####.#..#......###....#
....#......#......#...........#..#........###.####
....#........###..##..........#....#........##.#..
.#........##.##...##.....#.#.###..#.#...###...##.#
##..........#.###.................#.#....#......##
.#.........##....................##.............#.
.##..........####.....##................#.......#.
.#..........##.#...........................#......
.............#.............................#......
......#......#....................................
....#..#......#.###...#.........#....#......#.#..#
.....##...........##...##.......#....#........#..#
..........#...##......####...........#.......#...#
............##...#....#..#........#.##............
###...........#####..............######......#....
..#.##...........#.................#..#.....###...
.....#####..##...#.###..............##......#..##.
.......#...##....######...#...............#.#.##..
..#...##.....##.......#...#................##.....
###..........###.....##...#.#................###..
..#.....##...##..##...........#...................
..........#...#.........##...##.##................
.........##..##..........#...####.#..#####...#....
#.........##.#.........#.#.#...##.###...#.........
.......#.....#...#.......###....#..#.####.......#.
.#...#.#...#...........##...........##..###.......
.#..####...#............##..#...........#.#.#.....
...###.....#.#....#.....##.##...............##...#
.............####.#..##.........................##
...........##.##..#........#...##..........##....#
...#................##..................#.........
.............##.........................#.........
.....####.#.......##.........##..............#....
........#.#..#....#...........##......#.#.........
##..........####..#...................#......#....
#.#...........##..................#.###.........##
.##............#..................#.......#.#..#..
..#........##..#..............##..#.....#.#...#...
..#.....#...#..........#...................#......
........#.......#......................##..#......
......#.#..............................#....##.#..
........#.....#..............................#....
0 60 27520 90 545163
1 62 12189 15 146600
2 78 10210 106 157613
3 101 10982 82 346368
4 129 9834 14 57027
5 181 357 98 14295
6 212 8315 20 74726
7 216 10804 48 247612
8 247 3700 34 40714
9 285 7283 16 69999
10 307 10387 141 465742
11 442 2612 32 37972
12 463 12853 30 190212
13 697 11026 44 159466
14 957 3997 6 10069
15 1382 14738 63 688096
16 1395 16337 53 207507
17 1610 10133 93 195047
18 1614 11567 14 37803
19 1615 4292 5 8204
20 1666 4523 141 333558
21 1717 23770 58 875562
22 1822 11651 88 738328
23 1830 17628 136 533303
24 1989 6306 59 56137
25 2031 25142 37 658465
26 2203 11188 97 380018
27 2223 4966 132 112426
28 2264 11896 33 53806
29 2390 29133 25 95386
30 2394 13723 10 18182
31 2452 16506 140 316429
32 2514 5994 135 371812
33 2646 10090 6 18293
34 2658 7393 48 136927
35 2796 3573 30 8259
36 2806 7394 42 72649
37 2889 6860 136 994018
38 3123 4145 76 17399
39 3147 12413 12 29145
40 3167 25402 115 3076472
41 3248 7580 75 149502
42 3321 7738 54 89431
43 3374 3805 57 3918
44 3433 15366 117 859117
45 3450 3559 10 573
46 3459 5169 5 2259
47 3512 4081 23 7386
48 3576 3754 18 2659
49 3589 27112 81 1369051
50 3751 6130 125 105691
51 3797 17024 33 561859
52 3845 8191 9 7030
53 3869 33236 124 1100181
54 4112 6704 107 260596
55 4143 13778 49 205106
56 4181 7892 18 16477
57 4235 4839 54 12897
58 4360 10575 71 464407
59 4379 10780 35 63003
60 4445 9019 102 355661
61 4469 11303 12 19345
62 4689 22270 17 48646
63 4766 16471 11 51925
64 4776 9916 86 473037
65 4810 15293 122 797484
66 4860 6011 57 46000
67 4980 16016 5 33520
68 5113 7589 76 27765
69 5115 5671 113 72079
70 5176 5882 95 63286
71 5253 20856 85 398692
72 5284 23806 81 249350
73 5352 6688 12 7517
74 5402 13416 68 254237
75 5529 9677 90 127563
76 5733 9544 38 46643
77 5873 11076 110 328419
78 6173 17030 149 726781
79 6491 37397 10 99853
80 6519 15532 145 347733
81 6750 24297 79 518188
82 6774 15357 125 641197
83 6809 7929 29 15309
84 6825 13507 136 229263
85 6856 12467 7 4188
86 6894 16416 36 118022
87 7188 21648 112 411751
88 7204 8166 129 111250
89 7520 15423 69 127670
90 7523 9105 61 126694
91 7652 39515 77 449290
92 7660 12549 9 30016
93 7673 12204 78 114319
94 7729 10127 24 48870
95 7787 12710 18 55300
96 7819 12167 21 43931
97 7833 10236 113 191955
98 7842 10206 102 84559
99 7850 30464 26 356299
100 8054 24694 12 187755
101 8186 15428 86 130371
102 8267 11850 17 22736
103 8365 23051 42 175318
104 8449 60251 103 2497275
105 8563 25860 37 148276
106 8775 13598 43 126904
107 8820 37117 76 1496761
108 8877 14605 86 283343
109 8883 14829 23 42691
110 9229 18136 53 66241
111 9375 12722 100 203544
112 10106 14714 14 61818
113 10126 25413 123 1186210
114 10129 23866 92 390855
115 10249 24857 39 291941
116 10366 12101 11 8437
117 10450 13087 116 126464
118 10513 13853 13 23324
119 10683 13491 97 234931
120 10809 20580 18 69587
121 10991 46002 39 712582
122 11053 20841 49 147654
123 11061 11642 129 46861
124 11158 11550 122 20887
125 11212 65338 85 913071
126 11321 14573 70 72220
127 11407 12967 39 12588
128 11439 16807 113 149617
129 11519 14593 136 243385
130 11814 31142 33 567476
131 11825 14040 33 63962
132 11831 17185 50 33048
133 11842 15299 71 95557
134 11907 19081 38 127633
135 11927 19364 26 187554
136 12601 17385 61 61719
137 12602 27181 146 1160391
138 12813 13163 136 27656
139 12833 14339 88 72386
140 12852 14660 72 23526
141 12904 16391 6 5843
142 12922 19658 109 300661
143 13104 15991 4 2668
144 13111 30501 39 218639
145 13305 14936 42 28884
146 13556 20424 31 18886
147 13612 20660 55 274440
148 13655 16497 89 109632
149 13896 16291 7 7999
150 13968 25874 35 289152
151 13982 17324 26 68725
152 14037 17567 53 118676
153 14058 16982 4 3561
154 14081 19356 133 91633
155 14159 21279 134 2895599
156 14304 16743 7 9226
157 14306 17889 127 340519
158 14449 16123 63 15627
159 14713 28909 16 70149
160 15047 37911 84 558079
161 15265 16105 5 2917
162 15324 42746 11 135925
163 15343 19627 91 314849
164 15422 17534 66 66884
165 15430 31328 4 19974
166 15459 17094 148 100347
167 15817 26617 8 21680
168 15878 17660 73 49095
169 15882 19164 117 353024
170 15972 19824 80 85133
171 16124 20219 66 186513
172 16160 17236 61 24892
173 16364 17606 71 12513
174 16456 17697 4 1612
175 16485 26181 13 42422
176 16585 40351 116 1653780
177 16592 18962 44 72619
178 16721 18711 75 102124
179 16925 17086 121 15474
180 17111 27492 128 835695
181 17114 62533 25 284199
182 17275 22152 91 291158
183 17283 17934 7 3256
184 17286 31427 143 680821
185 17388 24201 53 435429
186 17484 18572 67 70768
187 17542 27001 13 50241
188 17827 19844 72 63163
189 17834 18570 15 11976
190 17874 21017 22 103278
191 18133 19380 69 38893
192 18231 40675 28 236240
193 18307 18903 32 9088
194 18316 19235 56 34874
195 18422 23328 29 48492
196 18489 36251 8 100791
197 18494 18633 16 1067
198 18518 41712 145 2966890
199 18560 31974 84 1377876
200 18590 30598 77 156669
201 18651 20966 106 199740
202 18719 22176 5 10779
203 19125 26846 11 31037
204 19205 23414 5 9757
205 19228 22118 89 105839
206 19347 30654 71 353934
207 19421 19870 96 22254
208 19492 24444 22 39471
209 19506 19822 77 12833
210 19539 21921 146 170938
211 19827 45074 100 258359
212 19875 33026 78 342794
213 19939 22942 12 15924
214 20154 29454 36 193241
215 20260 20589 131 23464
216 20271 26083 64 236635
217 20290 24431 51 197656
218 20381 24831 72 78795
219 20401 62546 13 227632
220 20407 26409 147 452044
221 20578 21011 63 10228
222 20598 22037 29 24167
223 20650 45344 6 54731
224 20679 24837 144 233262
225 20761 23267 7 3896
226 20808 26601 24 41474
227 20811 40386 13 157273
228 20892 32837 98 1381508
229 20961 26524 113 460361
230 21029 34094 65 304344
231 21064 48954 34 734245
232 21067 23754 73 143263
233 21108 21567 16 6316
234 21141 28841 128 344031
235 21428 36667 30 91868
236 21492 24222 69 35086
237 21615 22694 149 30201
238 21752 26551 19 55417
239 21794 23565 63 32956
240 21876 26437 144 348344
241 22075 22367 10 1734
242 22131 23821 40 30964
243 22144 29443 18 33918
244 22223 43138 5 43208
245 22257 22968 33 15144
246 22275 49468 135 621274
247 22391 26188 11 11789
248 22733 25795 65 85443
249 22930 47370 27 250713
250 23003 26784 69 219708
251 23015 23061 61 3688
252 23292 31274 22 35411
253 23408 29566 142 363792
254 23433 25729 23 17170
255 23543 28229 49 164248
256 23586 36313 35 93175
257 23632 31103 123 405106
258 23759 30950 13 58978
259 23827 41413 40 201496
260 23892 27607 9 11688
261 24141 25107 9 1789
262 24224 29364 18 41951
263 24465 25589 33 26316
264 24495 38749 11 61667
265 24636 38707 117 861112
266 24881 41690 36 67522
267 24911 33368 28 111726
268 24912 26473 36 13383
269 24940 32785 26 45794
270 24994 30122 69 103668
271 24997 25081 12 758
272 25241 27903 6 3740
273 25247 30922 58 114277
274 25259 34677 23 90349
275 25379 60319 13 517454
276 25473 32874 73 212186
277 25477 40452 42 180823
278 25573 43014 134 1635637
279 25837 36188 31 130559
280 25843 32604 84 102481
281 25985 33169 52 458483
282 26013 28071 64 88641
283 26019 28266 15 4357
284 26041 26949 24 23611
285 26161 30409 116 238800
286 26210 30900 46 97005
287 26264 36154 53 163391
288 26304 29427 145 472198
289 26407 26771 54 5787
290 26439 45753 32 366526
291 26500 30935 41 242655
292 26512 30362 19 29051
293 26554 53880 68 1345423
294 26602 27733 24 27191
295 26630 27943 89 22343
296 26744 46749 49 552217
297 26869 30372 61 197339
298 27365 31912 5 8940
299 27570 30972 27 57338
300 27608 29470 22 14053
301 27637 38264 6 11923
302 27664 27844 39 2833
303 27724 29510 137 67719
304 27888 42843 72 696684
305 28018 38916 13 23925
306 28136 45434 5 20245
307 28469 31281 122 79523
308 28480 34351 39 107376
309 28537 37288 7 50101
310 28551 32648 13 32466
311 28770 39492 31 135135
312 29010 29508 35 5520
313 29024 29246 7 1279
314 29724 39956 33 210002
315 29779 36608 35 211243
316 29981 44508 80 383925
317 30113 34357 19 68672
318 30242 30810 128 51760
319 30396 33271 13 24867
320 30448 39942 62 320208
321 30724 35172 8 9155
322 30839 35972 138 280132
323 31018 46866 9 85400
324 31025 36920 66 222908
325 31177 37477 19 45393
326 31235 43602 24 160279
327 31253 33403 76 243254
328 31288 38730 91 183151
329 31292 45498 36 438875
330 31382 33468 54 47132
331 31631 35322 5 24546
332 31673 33147 69 27917
333 31894 37710 61 123275
334 31962 38781 44 86790
335 32149 34819 33 33122
336 32166 40824 72 177575
337 32201 39844 39 93750
338 32202 40659 19 46102
339 32227 33719 9 9364
340 32260 37295 108 319637
341 32358 36777 29 42592
342 32362 43098 71 689730
343 32430 35255 104 55724
344 32486 57308 34 395814
345 32519 37043 46 121120
346 32520 32624 120 14558
347 32910 37489 132 584900
348 32966 51211 7 32217
349 33014 34922 132 78843
350 33392 43511 23 114154
351 33394 34304 144 74802
352 33633 37469 17 42406
353 33656 34347 118 57554
354 33670 33810 62 5865
355 33696 43341 63 225981
356 33758 52033 43 64437
357 33799 42210 123 304726
358 34103 35532 17 10806
359 34140 37749 49 37045
360 34503 37790 52 50083
361 34514 56814 48 471358
362 34638 38231 46 83999
363 34660 39988 8 9704
364 34666 42692 9 34277
365 34695 39724 123 1479408
366 34932 43275 5 14915
367 35112 39663 50 61199
368 35130 37548 4 5891
369 35142 49773 109 512737
370 35178 44125 71 195760
371 35203 38562 52 34223
372 35316 43556 118 242254
373 35379 46818 139 754446
374 35463 36975 11 3013
375 35557 38454 7 17723
376 35615 54205 102 489408
377 35742 39088 33 83503
378 35807 39520 149 99357
379 36041 49456 19 138264
380 36097 36960 23 7291
381 36100 66756 68 759600
382 36146 43358 115 388772
383 36204 36390 138 12130
384 36240 41651 8 20272
385 36425 56527 24 130849
386 36710 43390 35 98208
387 36791 45683 91 282463
388 36799 38899 21 19453
389 36810 40058 45 170946
390 36837 40244 22 16294
391 37226 53855 55 299327
392 37394 44803 15 13034
393 37493 47273 104 654947
394 37621 40605 106 457903
395 37642 78369 56 1286861
396 38030 51420 124 233216
397 38082 38307 8 477
398 38099 39295 72 23251
399 38150 42605 126 241764
400 38187 53167 145 692772
401 38218 62720 112 860690
402 38287 45131 14 43779
403 38534 46208 21 57690
404 38552 41597 23 43659
405 38600 44136 7 34602
406 38611 42675 19 45373
407 38724 39686 50 31307
408 38877 67010 17 382345
409 38920 47927 59 176275
410 38957 44296 47 111359
411 39002 40561 25 18904
412 39158 50161 18 34084
413 39321 43685 44 67658
414 39480 49911 84 273568
415 39506 44069 51 147948
416 39651 41177 8 13939
417 39667 47693 31 86531
418 39677 41284 24 8792
419 39709 39872 6 301
420 39736 51858 19 166833
421 39828 60742 50 625762
422 39897 40012 46 2909
423 39949 40155 82 17328
424 40028 49327 7 27244
425 40089 50363 12 45631
426 40156 52535 68 282754
427 40224 58668 78 909130
428 40301 63056 52 571188
429 40497 52299 85 548440
430 40621 53279 112 1015814
431 40754 50547 108 148697
432 40767 42082 33 24941
433 40847 44639 25 83995
434 40912 47020 92 253387
435 40941 42586 28 63866
436 41142 53050 141 1498864
437 41387 52044 71 137178
438 41501 56544 28 224454
439 41533 43459 134 56119
440 41537 42574 35 17939
441 41551 43299 22 12365
442 41596 59495 16 150221
443 41924 53156 65 153246
444 41929 45886 8 8378
445 42303 43135 93 49317
446 42329 49847 20 43218
447 42577 49460 60 256118
448 42589 44529 115 169582
449 42743 44892 97 132903
450 42962 43328 30 6864
451 42993 43796 40 10995
452 43071 51349 71 135148
453 43245 44584 36 7221
454 43331 44492 141 73425
455 43376 58460 5 54982
456 43394 46080 8 8774
457 43424 53848 14 135408
458 43433 47576 125 666448
459 43586 46216 86 50197
460 43587 43625 16 381
461 43667 48450 98 365440
462 43690 46045 146 110829
463 43878 63767 35 305774
464 44001 44868 68 40556
465 44029 46494 4 3015
466 44105 54739 74 255620
467 44277 51022 87 92660
468 44468 46839 27 62289
469 44513 50117 8 18992
470 44715 73042 110 2562979
471 44902 61288 48 400146
472 44980 51727 132 704379
473 45042 46146 18 6723
474 45121 52518 10 11310
475 45279 65798 13 78220
476 45282 57227 113 481363
477 45358 47709 13 21604
478 45455 52879 82 415471
479 45546 47094 79 67528
480 45547 49717 57 109001
481 45565 59976 73 361908
482 45646 49177 82 103345
483 45650 53144 8 35922
484 45718 50425 19 47874
485 45810 51822 14 44570
486 45815 47092 24 11396
487 45852 52153 15 52095
488 45888 47117 69 63568
489 45979 64834 79 321588
490 45988 56213 50 176219
491 45997 49169 55 121379
492 46188 51520 45 85856
493 46195 53929 22 69204
494 46321 52900 10 28645
495 46398 51486 29 23196
496 46599 49685 58 26512
497 46641 47053 73 8288
498 46676 47294 82 14562
499 46776 54734 4 14120
500 46789 47898 21 7683
501 46879 47413 20 5251
502 46921 48947 64 86269
503 46941 51417 9 12293
504 47052 51534 31 26062
505 47105 59232 74 219619
506 47111 59592 120 1446934
507 47189 48920 133 72606
508 47306 47959 67 31454
509 47325 66692 56 462553
510 47358 49268 40 17665
511 47395 57984 98 642897
512 47421 54264 4 14282
513 47749 50724 97 185240
514 47859 57294 61 175496
515 48007 51726 23 69033
516 48034 58386 93 2053159
517 48035 50222 38 131241
518 48190 50105 47 46246
519 48298 54173 120 367923
520 48330 49200 25 4725
521 48426 49884 65 51360
522 48447 52592 115 129207
523 48448 48657 86 6490
524 48455 60483 127 325385
525 48719 49173 36 13879
526 48733 60806 6 65366
527 48896 49457 117 36390
528 49009 49689 18 9517
529 49010 56948 20 100177
530 49120 51133 106 68542
531 49241 49843 10 2264
532 49251 60121 4 11312
533 49308 55332 40 153132
534 49372 57275 52 268835
535 49388 55516 120 252815
536 49431 56114 116 444727
537 49503 50612 6 4422
538 49821 71014 81 485006
539 49956 77191 29 542121
540 49984 58180 31 152535
541 50027 52231 79 80981
542 50280 52435 137 104264
543 50286 51439 98 29749
544 50364 53310 51 221763
545 50566 65717 149 780320
546 50610 57168 80 225722
547 50630 53469 10 24851
548 50681 53227 67 48653
549 50839 53981 97 71571
550 50877 56586 19 19586
551 51013 57498 31 60700
552 51021 93005 87 2057073
553 51258 56627 73 312682
554 51279 52081 143 36473
555 51324 51777 96 33727
556 51455 54236 71 152585
557 51495 73784 123 829492
558 51532 64948 95 366711
559 51577 58819 88 262255
560 51597 69265 99 2444793
561 51626 59656 5 13493
562 51788 56841 93 111740
563 52184 52969 22 2599
564 52309 55040 133 215299
565 52335 53795 70 88433
566 52375 63824 97 344064
567 52392 59072 141 392601
568 52446 53263 8 6456
569 52680 56992 71 82424
570 52693 85946 140 1236063
571 52695 52910 22 13360
572 52737 56526 38 64160
573 53052 62463 19 32139
574 53128 57369 131 299383
575 53130 59366 21 16610
576 53141 55675 94 52409
577 53185 54549 37 31367
578 53203 64917 5 8892
579 53455 55057 9 9643
580 53579 66739 49 144689
581 53868 57293 66 136814
582 53896 56624 40 88932
583 53970 68417 59 309887
584 54089 58100 112 497695
585 54127 58798 149 276252
586 54130 54527 44 20107
587 54134 55029 117 65634
588 54294 64100 138 291740
589 54593 59063 23 61381
590 54668 76051 137 535897
591 54713 58104 46 27077
592 54747 55535 104 67880
593 54774 59902 67 207864
594 54794 59361 145 83568
595 54847 78326 7 54836
596 55181 59557 137 221460
597 55193 72388 75 574148
598 55401 59691 71 77134
599 55413 60117 137 480250
600 55442 58428 63 39995
601 55485 57265 76 64650
602 55491 62094 89 469426
603 55638 59089 85 64978
604 55822 56632 117 84874
605 55862 63183 5 10648
606 55991 65505 78 532323
607 56089 57473 6 1828
608 56238 58854 113 164739
609 56447 67224 40 344043
610 56538 63249 80 291190
611 56640 88406 10 110445
612 56989 68804 134 511125
613 57262 71413 30 161452
614 57399 59816 35 23362
615 57403 61477 18 16152
616 57493 58523 13 10115
617 57533 59822 20 8865
618 57594 58035 38 6918
619 57602 59708 116 154682
620 57630 57676 6 141
621 57659 60399 23 25387
622 57756 70332 123 598979
623 57836 62949 147 261229
624 57846 62211 10 19451
625 57912 58088 9 832
626 58031 63510 67 454396
627 58130 64049 15 16995
628 58192 62073 107 735582
629 58427 66990 5 7499
630 58476 58842 127 10483
631 58681 62082 5 11068
632 58746 68267 92 554674
633 58885 62219 139 337647
634 58935 60822 10 13654
635 59048 65063 139 631075
636 59120 73710 12 108820
637 59494 62455 62 51981
638 59507 63996 73 202996
639 59509 64475 134 877170
640 59696 69473 66 140892
641 59720 60437 122 53853
642 59839 60026 10 3224
643 59846 61335 5 6911
644 59877 66755 16 12989
645 59988 61373 5 2028
646 60230 68608 85 319375
647 60285 62457 29 64448
648 60353 79441 14 138618
649 60393 73913 9 82487
650 60692 61319 114 19542
651 61265 64033 25 33018
652 61336 65087 15 40225
653 61446 70827 120 452839
654 61575 61725 31 4269
655 61831 88470 119 1717096
656 61834 66335 86 108879
657 61945 65619 15 39001
658 62276 62650 39 16398
659 62541 83167 25 201949
660 62574 71676 111 1163785
661 62619 64325 94 107250
662 62735 66110 81 160994
663 62761 67144 134 373691
664 62769 69354 88 182273
665 62929 76286 101 1097879
666 62988 82653 99 1055814
667 63065 67519 121 448330
668 63104 72190 138 198957
669 63267 66594 8 26633
670 63490 64996 83 55985
671 63674 66292 37 24414
672 63768 66939 70 101197
673 63831 80521 148 709690
674 64051 64227 6 549
675 64136 65203 14 9482
676 64139 71085 12 17718
677 64534 88365 18 164993
678 64619 66878 10 6511
679 64622 67500 83 228136
680 64652 70114 35 153213
681 64687 74992 52 190594
682 64723 70077 56 117739
683 64797 69885 13 33741
684 64882 69162 46 62124
685 64972 66284 44 36560
686 65186 77025 139 623061
687 65215 87232 69 1140063
688 65323 72259 91 269556
689 65422 66293 80 37959
690 65573 69675 125 122987
691 65613 66201 26 15005
692 65666 66181 134 21114
693 65757 67560 13 13123
694 65758 69668 14 50909
695 65789 66055 61 18682
696 65980 66214 28 3952
697 66058 80748 23 97242
698 66117 73747 16 64883
699 66195 69325 47 48639
700 66395 72333 72 205904
701 66409 68513 63 45656
702 66501 75954 27 78759
703 66698 67574 74 34157
704 67037 67930 144 101235
705 67058 68187 88 38124
706 67080 67446 121 16552
707 67184 71030 135 699823
708 67424 67750 145 21234
709 67429 72695 6 14068
710 67470 71261 48 68628
711 67783 70431 52 80888
712 67920 69460 83 37701
713 67928 80513 71 367126
714 67980 68532 60 30680
715 68109 78277 50 198586
716 68139 77693 89 627171
717 68217 76237 77 101176
718 68361 70266 30 29245
719 68479 87410 30 104446
720 68731 74999 37 65244
721 68748 69471 55 6821
722 68888 69543 8 3657
723 69008 69908 66 40581
724 69071 77856 25 121287
725 69117 74961 114 219755
726 69153 78418 31 125180
727 69223 78028 16 64198
728 69355 75336 99 126110
729 69429 72848 119 173585
730 69594 71467 115 88626
731 69881 71466 23 7191
732 70337 70402 64 1454
733 70347 75103 71 170337
734 70401 74176 61 98420
735 70607 98978 7 155475
736 70655 76508 75 426323
737 70719 75949 124 464825
738 70812 72897 22 9984
739 70997 77858 118 735081
740 71122 76446 17 94011
741 71150 71842 100 25820
742 71240 71354 83 1977
743 71247 72255 36 5473
744 71384 83278 88 462381
745 71402 80181 27 292843
746 71624 85399 117 1075243
747 71641 74452 48 72958
748 71648 75685 43 71159
749 71824 80753 34 91785
750 71844 73319 15 15709
751 71860 72628 59 5045
752 71886 81562 18 137114
753 71935 74292 139 125264
754 71970 87005 66 472013
755 72064 73804 55 31930
756 72180 75433 34 45439
757 72210 73262 32 8826
758 72490 78184 96 408406
759 72658 80453 27 86659
760 72661 82617 101 383506
761 72741 93992 135 1298094
762 72747 77464 13 18916
763 72751 76626 10 19109
764 72891 77297 37 262718
765 72903 76689 78 236034
766 72965 78944 126 245671
767 72988 75384 12 11605
768 73126 76180 128 242924
769 73243 82796 40 159999
770 73307 76751 9 18971
771 73392 79169 11 25074
772 73437 79602 47 138251
773 73536 82173 117 146725
774 73572 88703 33 157222
775 73597 92412 31 401251
776 73617 85206 101 675305
777 73620 79309 21 294442
778 73936 83142 102 643199
779 73968 75031 82 65494
780 74065 85616 65 276168
781 74221 80217 36 93185
782 74497 77844 117 175424
783 74720 79279 107 369471
784 74869 76951 50 44532
785 74909 92814 62 648802
786 75089 98732 68 473054
787 75095 80220 5 26573
788 75203 77176 94 74376
789 75249 77117 129 152151
790 75270 78818 85 152814
791 75428 77320 22 22533
792 75447 90932 51 162629
793 75572 82034 115 450452
794 75591 76412 41 16640
795 75698 76160 136 29108
796 75757 81101 57 124472
797 75942 79571 90 292193
798 75982 88029 91 535864
799 76107 76162 66 1899
800 76318 89511 142 838396
801 76443 76624 122 36234
802 76516 84712 70 75656
803 76606 84636 79 245020
804 76650 79233 24 19109
805 76721 88550 143 1655711
806 76964 82415 85 172512
807 76972 78289 27 22669
808 77012 77129 28 1851
809 77233 85342 24 107174
810 77242 80806 29 82022
811 77417 88420 107 471447
812 77518 88690 97 823066
813 77546 82334 76 74173
814 77857 86154 10 14108
815 77936 78293 112 9174
816 77972 82387 72 120396
817 78161 81888 33 124008
818 78171 78503 55 4934
819 78300 84739 105 337379
820 78359 87213 89 190161
821 78515 84321 55 134592
822 78624 83179 49 126207
823 78673 86028 7 33770
824 78680 80155 70 32470
825 78690 79743 27 10432
826 78739 82423 118 182872
827 78836 86094 135 431741
828 78852 86806 29 73582
829 78866 91411 5 31176
830 78879 90331 60 389175
831 79109 82299 60 64343
832 79118 86301 141 1158021
833 79134 97831 31 266277
834 79357 80892 31 28276
835 79396 80413 57 28547
836 79430 80400 20 5557
837 79466 80938 131 158990
838 79663 80125 86 26096
839 79720 94310 87 303443
840 79988 81922 116 106063
841 80016 80653 150 21180
842 80258 84865 9 15043
843 80547 83627 57 93808
844 80584 80751 6 636
845 80641 93756 127 875667
846 80668 84550 47 80937
847 80712 81745 87 56147
848 80794 85287 8 15000
849 80825 84537 9 17348
850 80865 85253 63 58351
851 80887 89014 17 130290
852 81018 82879 13 11256
853 81037 89465 64 193825
854 81045 93818 139 321197
855 81083 83174 146 407235
856 81300 86849 53 214117
857 81317 92679 133 877836
858 81341 86135 11 39370
859 81445 82314 20 8161
860 81527 85669 54 191954
861 81736 82864 116 47277
862 81752 86645 31 51906
863 81875 87291 18 33717
864 81894 86998 78 160853
865 81946 89350 35 49965
866 82071 85589 126 75339
867 82121 85865 72 139835
868 82140 84481 43 63846
869 82263 84582 105 65683
870 82386 96876 24 216021
871 82427 88058 116 196531
872 82512 85903 68 108752
873 82538 84689 21 18623
874 82600 93609 102 513292
875 82632 83328 11 7916
876 82648 82938 33 9684
877 82655 87485 38 48022
878 82749 84348 6 5249
879 82846 85519 6 13889
880 82873 83680 18 10412
881 82925 92499 20 101227
882 83143 93104 128 579156
883 83314 83444 26 589
884 83497 87219 59 125906
885 83548 84794 40 34210
886 83563 85942 62 106153
887 83644 95561 93 476011
888 83844 83940 5 469
889 83865 85020 99 15150
890 84000 84061 109 1663
891 84125 89167 65 236328
892 84149 87185 139 101080
893 84174 98657 75 388949
894 84326 92303 4 5401
895 84424 87828 11 7693
896 84477 91873 119 448726
897 84551 85660 112 21914
898 84703 89214 62 151959
899 84708 91520 23 53877
900 85197 86234 18 3066
901 85367 86368 18 14024
902 85411 89550 138 181483
903 85424 91615 127 955718
904 85562 88645 34 28674
905 85570 99395 19 78819
906 85773 86039 68 10075
907 86003 90227 32 21314
908 86158 98014 61 313491
909 86214 88880 134 161111
910 86286 89508 111 260623
911 86370 88400 137 95461
912 86556 87829 70 64016
913 86812 87442 11 3537
914 86904 98542 84 337813
915 87300 88809 25 12889
916 87351 88811 136 71251
917 87508 94003 43 109632
918 87566 92295 65 311334
919 87660 95315 29 138163
920 87712 88233 105 19354
921 87713 94759 126 721292
922 87735 92065 139 288962
923 87969 99183 147 406071
924 87970 90726 18 46644
925 87996 90819 137 185177
926 88034 90154 141 98427
927 88135 96427 121 184190
928 88197 89113 117 55770
929 88205 89515 72 23984
930 88223 88900 24 12636
931 88415 90615 132 102476
932 88456 93653 53 43583
933 88543 94295 16 80457
934 88605 97397 69 167644
935 88792 90846 112 198394
936 88851 96674 55 326348
937 88926 98993 57 443602
938 88996 93528 8 22519
939 89070 93070 147 618845
940 89124 97804 103 279139
941 89163 96059 48 356249
942 89164 91919 139 100818
943 89257 90273 99 43591
944 89287 92849 34 41031
945 89627 90727 12 9854
946 89746 95219 21 81605
947 89774 92212 124 186903
948 89877 96196 21 35868
949 89953 92272 6 6971
950 90090 92095 41 20689
951 90097 93115 133 228476
952 90195 90540 9 6893
953 90265 94116 75 423215
954 90589 97295 112 204448
955 90610 99872 55 372828
956 90723 92819 15 39770
957 90828 97141 136 314597
958 90923 90938 4 55
959 90931 92359 130 62468
960 91007 94363 69 49022
961 91126 91971 103 87807
962 91144 99547 144 145717
963 91287 92574 6 1481
964 91397 99043 27 70391
965 91504 96387 46 100458
966 91568 92173 20 6612
967 91880 92350 113 38853
968 91961 92435 28 13487
969 91978 94316 133 315085
970 92158 98198 55 355268
971 92539 98997 20 88783
972 92672 94117 24 18475
973 92772 99311 143 118483
974 92831 92881 93 1060
975 93031 96614 81 308051
976 93072 98901 18 30871
977 93340 98466 102 157032
978 93399 95093 75 54087
979 93521 95579 11 5812
980 93707 94202 108 10361
981 93781 97118 101 69221
982 94005 94561 45 15610
983 94081 95517 18 10690
984 94497 99305 101 192515
985 94817 96516 85 70862
986 95585 96723 8 15608
987 95725 97863 123 140107
988 95938 98725 140 274342
989 96017 96501 4 1464
990 96148 97024 34 19471
991 96323 99097 27 18665
992 96325 96538 73 4648
993 96422 96662 19 2799
994 97326 98133 5 3626
995 97569 98457 20 5796
996 97885 98753 70 16999
997 98080 99477 5 7442
998 98520 99315 49 21497
999 99189 99229 12 570
