50 1000 0.026
..................................................
..................................................
..................................................
..................................................
.............................................####.
..................................................
..................................................
..........................................##......
..................................................
..................................................
..................................................
..................................................
..................................................
..........#.......................................
..................................................
.................................#................
..................................................
..................................................
..................................................
..................................................
..................................................
..................................................
..................................................
..................................................
.................#................................
.................#................................
.................#................................
.............................#....................
.............................#....................
.............................#....................
.............................#....................
..................................................
..................................................
..................................................
..................................................
..................................................
.............................................##...
..................................................
..................................................
..................................................
..................................................
..................................................
..................................................
..#...............................................
###....#..........................................
..#...............................................
........##........................................
..................................................
..............#...................................
..................................................
0 76 3094 11 46948
1 186 2325 8 3117
2 227 3660 137 272239
3 299 1527 131 61227
4 308 433 27 3787
5 366 408 5 458
6 507 2306 140 84197
7 609 1272 48 34105
8 685 3297 25 26885
9 769 3104 75 26550
10 809 6941 20 65537
11 831 2377 49 30701
12 873 6724 16 73997
13 1171 5153 72 132332
14 1218 3682 43 42853
15 1284 10978 123 1107525
16 1309 7530 10 35093
17 1334 1398 143 8359
18 1599 2900 80 62685
19 1647 4514 32 32160
20 1764 2121 43 4519
21 1842 2451 81 17544
22 2277 6444 88 170271
23 2346 4291 122 67690
24 2347 6776 7 18026
25 2364 2749 59 12840
26 2452 13420 35 158498
27 2574 2941 29 5328
28 2729 10126 66 136650
29 2735 10817 40 119678
30 2883 8328 92 59594
31 3038 3593 17 5732
32 3065 3880 100 21792
33 3085 3920 43 17170
34 3139 9105 38 48756
35 3228 8880 138 638819
36 3355 3432 142 3169
37 3428 4282 43 18540
38 3431 4109 123 25338
39 3515 5599 116 142718
40 3532 3631 6 160
41 3658 8363 8 28898
42 3715 5411 53 50917
43 3754 6809 67 69539
44 3765 3914 7 308
45 3798 8104 9 10865
46 3879 7386 42 165755
47 3937 4414 7 7449
48 3949 4222 67 10388
49 3980 4884 47 25225
50 4049 11128 51 189233
51 4439 6785 81 129023
52 4489 10283 32 77551
53 4501 7255 22 19290
54 4727 7581 64 25298
55 4839 6915 70 148283
56 4988 5684 109 169419
57 5031 12773 49 145740
58 5165 5605 72 14949
59 5561 5697 125 19355
60 5736 7150 144 54729
61 5872 8280 28 28416
62 6029 7440 65 25237
63 6174 7120 90 53443
64 6231 8631 12 20817
65 6437 8747 115 97400
66 6563 7094 7 1894
67 6698 9617 100 272197
68 6745 7694 68 33642
69 6793 8820 13 11598
70 6863 8184 54 77565
71 6971 7592 47 9238
72 7109 18815 56 239674
73 7118 10856 22 66357
74 7249 8497 8 5274
75 7266 9251 143 103047
76 7284 7952 52 22602
77 7548 7818 47 6022
78 7753 9391 143 76925
79 7807 14043 59 128432
80 8051 8725 121 81757
81 8071 13532 116 319282
82 8268 9923 124 58826
83 8411 10485 30 20084
84 8439 8684 79 9510
85 8454 15454 52 147434
86 8459 15215 4 7302
87 8571 10789 64 187035
88 8635 10659 79 79700
89 8792 9568 82 36278
90 9135 12190 94 152670
91 9141 13632 68 79273
92 9401 11857 68 146222
93 9405 14327 29 117522
94 9422 9664 44 1929
95 9583 9729 12 774
96 9708 9953 5 813
97 9896 10601 26 6104
98 10044 11022 150 70897
99 10089 10223 11 558
100 10115 12558 50 42447
101 10145 15645 58 210634
102 10151 10888 69 37423
103 10216 13163 149 260460
104 10520 13321 32 31440
105 10720 18103 38 41307
106 10747 12052 4 2563
107 10818 11621 135 33837
108 10820 14498 48 36558
109 10829 11142 15 2049
110 10848 11511 129 45274
111 10994 14406 123 281927
112 11167 11423 5 1243
113 11258 11632 104 26249
114 11414 11847 108 54529
115 11448 16170 5 4353
116 11498 14277 6 8602
117 11679 12476 27 9599
118 11775 14507 26 38048
119 11824 14182 39 82769
120 12018 12716 26 11471
121 12097 12888 70 45737
122 12175 14135 37 24859
123 12222 16263 67 160120
124 12260 21269 54 249999
125 12542 12734 132 11039
126 12548 13507 80 35575
127 12600 21259 37 212722
128 12651 15866 116 246188
129 12675 14344 123 57501
130 12780 13792 85 27413
131 12806 12939 21 3445
132 12931 14212 132 156024
133 12934 18163 69 86996
134 13248 15404 26 18132
135 13317 17851 79 116463
136 13520 19610 12 36871
137 13562 14820 20 20047
138 13682 23800 117 261905
139 13775 20491 96 792961
140 13837 14095 62 8064
141 13884 14927 21 20385
142 13896 14241 30 3327
143 14050 14653 107 46845
144 14118 15052 65 10615
145 14129 19645 70 355676
146 14160 16007 28 17299
147 14191 14889 33 21657
148 14421 16665 120 202492
149 14483 14759 71 11516
150 14669 15589 39 19707
151 14774 15538 31 15797
152 14804 19063 79 47066
153 14852 16468 12 13518
154 14859 14873 25 174
155 14863 17015 5 3169
156 14878 19940 5 12374
157 14924 19900 31 116424
158 15016 15118 48 1189
159 15023 16620 83 37227
160 15024 16825 7 6623
161 15045 24486 111 314639
162 15139 17701 6 8000
163 15210 18300 28 37945
164 15234 17014 72 47034
165 15311 20018 5 6350
166 15556 18798 36 52682
167 15597 18437 83 152967
168 15612 16200 81 33932
169 15767 15954 55 7566
170 15809 16704 51 7234
171 15875 17296 105 66519
172 15877 18228 25 18987
173 15958 18133 17 78181
174 15968 16472 121 21226
175 15979 23948 11 59928
176 15986 16567 98 13498
177 15994 16374 50 8106
178 16132 16647 18 2317
179 16222 18750 38 88129
180 16273 24198 12 49431
181 16286 17514 9 4386
182 16289 16959 115 25223
183 16365 17590 57 51476
184 16394 16669 62 15379
185 16478 18721 22 22027
186 16714 21553 121 219700
187 16768 17240 64 16137
188 16910 17180 136 21542
189 17243 22671 43 90222
190 17267 19111 8 4575
191 17457 17739 7 1131
192 17609 19214 11 2418
193 17631 17684 27 528
194 17780 20003 124 63781
195 17950 18533 21 11302
196 17952 20664 147 143088
197 18121 19482 56 24658
198 18149 19754 119 165734
199 18150 18693 100 57508
200 18236 19931 6 3225
201 18248 20465 47 60938
202 18271 18733 143 37388
203 18317 19302 96 104642
204 18388 21122 115 123505
205 18719 18989 131 12560
206 18756 23811 117 301045
207 18946 22469 141 137317
208 19009 20285 40 23203
209 19281 21333 105 82750
210 19516 20357 4 3509
211 19658 20353 24 4859
212 19744 21044 96 35722
213 19806 22622 14 12325
214 19992 30624 26 226686
215 20150 24252 13 36424
216 20171 20519 16 2875
217 20278 20833 41 12426
218 20292 22648 84 112208
219 20318 23675 147 360364
220 20340 22167 30 10602
221 20427 23927 130 652443
222 20683 23180 39 45702
223 20710 21028 5 1838
224 20734 21147 139 31407
225 20931 23430 63 27825
226 20983 21620 49 11219
227 21035 21822 39 17742
228 21086 27905 88 283150
229 21113 21433 63 22962
230 21256 27892 65 247755
231 21341 24363 8 24494
232 21442 21698 9 719
233 21648 23426 116 79854
234 21831 24311 18 14604
235 21937 23435 24 18657
236 22021 24504 89 119662
237 22081 23227 87 26252
238 22275 27661 51 99612
239 22516 22639 10 1428
240 22684 24537 21 34378
241 22843 26190 8 23532
242 22963 25393 66 53047
243 23172 23715 5 1567
244 23207 23273 97 4839
245 23261 24427 116 68097
246 23398 29006 38 68863
247 23613 27687 12 20710
248 23720 23926 33 3004
249 23788 26736 46 130378
250 23907 24238 59 20542
251 23977 24318 55 5624
252 24014 29501 6 20401
253 24063 24145 55 2218
254 24122 24409 16 5583
255 24316 24980 100 72133
256 24370 24986 9 2073
257 24414 27314 29 26407
258 24459 29929 87 310059
259 24487 28877 7 28090
260 24655 24793 132 12925
261 24806 25785 8 4506
262 24888 29267 45 61746
263 24902 25751 43 14795
264 24903 25095 128 25801
265 25037 27998 34 46672
266 25062 25448 32 13467
267 25238 27036 148 179992
268 25292 31561 47 149964
269 25304 33311 70 149763
270 25406 30022 80 36059
271 25410 25683 107 19793
272 25514 29697 16 23134
273 25748 27002 63 34431
274 25768 26838 131 66129
275 25786 28787 9 6630
276 25810 26271 133 69428
277 25816 27574 6 3688
278 25855 26632 124 51462
279 25866 34958 15 54536
280 25992 26306 42 5516
281 26259 29913 122 297719
282 26261 33145 12 37718
283 26489 30046 33 36726
284 26583 30528 24 39689
285 26701 26911 50 3910
286 26806 29814 128 151533
287 26867 28401 92 56138
288 26887 27269 134 54778
289 26894 28216 66 39675
290 26969 34194 37 121028
291 27012 29825 23 47737
292 27167 27595 111 15576
293 27234 29864 44 40733
294 27353 29768 139 204176
295 27406 27506 56 3943
296 27747 27983 113 27854
297 27758 28903 12 8415
298 27849 31922 79 126788
299 27873 30728 85 103964
300 27880 30694 36 61038
301 27926 30308 5 9808
302 27987 29895 25 31629
303 27991 28559 47 7372
304 28052 29314 86 24615
305 28069 28801 138 43268
306 28117 35797 85 642638
307 28145 29299 143 43382
308 28156 35722 134 565589
309 28210 29455 143 55381
310 28230 35082 52 494257
311 28232 29039 22 5859
312 28403 29505 54 24800
313 28454 28594 31 4456
314 28540 29162 21 10192
315 28716 31241 17 19809
316 28785 29905 124 100295
317 28822 31018 57 70935
318 28940 30888 16 5219
319 29043 29438 46 10252
320 29077 37265 12 44699
321 29130 30156 6 3103
322 29183 40470 39 576619
323 29239 29635 34 6631
324 29583 31044 53 59644
325 29644 31817 132 110398
326 29692 31399 84 136323
327 29710 31764 11 22176
328 29770 30288 15 4994
329 29790 31026 102 64153
330 29858 30420 60 26611
331 30039 32679 61 39206
332 30100 31133 4 3535
333 30194 31245 53 11468
334 30220 30393 113 6920
335 30269 32916 40 84303
336 30271 34527 45 88156
337 30625 31306 74 38585
338 30652 35866 9 31206
339 30709 37107 25 100822
340 30877 33025 93 84619
341 30931 31566 97 46477
342 30954 31466 149 65966
343 31009 33687 98 138662
344 31017 31247 31 4370
345 31114 34917 9 11657
346 31124 38234 45 103132
347 31137 31250 61 3061
348 31144 31447 68 11728
349 31163 37377 29 73045
350 31199 34879 118 830405
351 31214 33953 13 4835
352 31563 31937 121 18569
353 31578 33641 136 263135
354 31638 33122 28 2800
355 31665 34690 140 161192
356 31707 39106 73 200911
357 31733 32951 13 8785
358 31778 38577 8 48085
359 31798 32667 86 61953
360 31901 32522 119 25513
361 31958 32172 115 15638
362 32123 35717 50 89743
363 32182 36447 150 271120
364 32295 35247 5 5302
365 32373 34446 35 34445
366 32486 34539 147 194488
367 32575 33344 114 45437
368 32688 34413 103 118146
369 32982 33010 83 2241
370 33136 35312 57 51207
371 33607 34420 62 151480
372 33890 35496 4 2715
373 34031 37213 29 47133
374 34034 36120 100 79785
375 34197 35497 9 3910
376 34205 39109 70 306483
377 34211 38304 9 8930
378 34214 35583 79 16643
379 34255 38623 82 147691
380 34287 34473 53 4913
381 34368 36139 118 145726
382 34501 36515 145 222460
383 34504 34710 13 2399
384 34704 37515 63 37744
385 34774 38187 100 166851
386 34947 38529 43 49752
387 34948 35951 87 10485
388 35011 37005 35 35989
389 35015 35748 12 2742
390 35057 35208 30 2682
391 35173 39389 57 96182
392 35198 36500 33 17704
393 35203 35271 17 1679
394 35206 36098 123 180692
395 35254 37126 111 104732
396 35266 37993 70 85239
397 35293 35555 110 20009
398 35296 36328 11 6561
399 35322 35768 51 4397
400 35350 36580 29 27406
401 35456 41078 20 51847
402 35659 39487 22 21827
403 35809 37095 30 41903
404 35836 37019 146 48900
405 35892 36479 45 7107
406 35939 40255 10 8463
407 35943 43703 39 127513
408 35995 38905 35 28817
409 36026 40629 4 3671
410 36194 39647 15 62262
411 36287 38112 5 6317
412 36501 37190 47 19185
413 36534 42764 12 20777
414 36557 45963 6 20085
415 36617 36675 55 2463
416 36634 37366 143 52878
417 36642 38026 37 14081
418 36799 37782 5 5255
419 36861 50049 49 152715
420 36862 37018 7 473
421 36947 37496 33 10808
422 37238 39580 28 33407
423 37262 38731 70 58405
424 37301 40270 34 31795
425 37326 37984 67 48751
426 37364 38686 54 46622
427 37526 44547 54 135316
428 37548 37956 74 27665
429 37584 41314 90 171733
430 37878 37934 37 3614
431 38173 41729 9 29648
432 38407 38649 36 2479
433 38411 38964 24 9132
434 38480 38744 109 33079
435 38493 39808 48 14390
436 38506 50737 104 878817
437 38515 39573 10 5490
438 38546 38827 126 40401
439 38645 39175 11 2785
440 38662 43732 54 57570
441 38921 41197 20 45611
442 38927 40610 27 23800
443 38979 41249 8 16443
444 39246 40624 21 23169
445 39250 39371 54 11025
446 39288 42439 25 57066
447 39309 45345 86 462094
448 39350 41231 128 132391
449 39361 46242 9 17460
450 39523 42821 8 9406
451 39604 42434 51 225014
452 39744 42046 118 139250
453 39866 40863 48 15761
454 39879 41780 7 5989
455 39934 43820 91 403003
456 40015 40234 41 7778
457 40157 40788 22 4126
458 40159 40349 19 1691
459 40248 46844 39 102506
460 40316 42500 38 16993
461 40346 40636 22 3101
462 40401 40906 12 7755
463 40542 40959 32 3624
464 40613 48612 8 53446
465 40675 40987 71 11956
466 40694 43253 136 113299
467 40782 41501 43 26122
468 40843 43031 8 6071
469 40866 42640 5 3453
470 40885 55046 123 582115
471 41033 44670 8 8366
472 41384 43609 116 43437
473 41404 41905 135 28437
474 41537 42233 64 15147
475 41607 48133 18 50013
476 41628 44505 37 86782
477 41676 42835 48 111736
478 41746 43154 13 8816
479 41841 45086 142 289412
480 41926 42906 28 17983
481 42070 43711 75 32529
482 42091 47182 70 195471
483 42154 42373 108 10725
484 42162 43853 5 6516
485 42163 47318 81 449823
486 42198 43465 60 62004
487 42316 43398 44 16261
488 42681 44164 52 47546
489 42736 49910 12 24660
490 42888 46092 6 3530
491 42898 44428 73 58993
492 43027 43115 5 208
493 43158 46924 137 176204
494 43369 46185 69 25169
495 43452 45877 99 133576
496 43499 44519 122 24570
497 43695 49738 38 58134
498 43807 47873 129 264392
499 43887 44370 33 5235
500 43953 45188 32 9632
501 43958 44739 26 4884
502 43966 44249 145 13056
503 44048 44058 130 751
504 44088 45214 108 90493
505 44096 47476 46 39569
506 44337 49463 18 49906
507 44477 49020 32 93943
508 44478 44569 33 1411
509 44508 47959 24 37680
510 44829 46657 95 32461
511 44879 45168 81 6962
512 44906 44931 30 560
513 44934 45559 11 3193
514 44981 47608 32 41738
515 45037 52574 59 107880
516 45191 47026 71 63202
517 45312 49092 63 50430
518 45325 45459 54 3470
519 45356 47087 32 16663
520 45624 45945 25 3941
521 45637 49783 57 44460
522 45752 49424 33 36179
523 46031 46129 95 5365
524 46137 46309 8 537
525 46241 54152 37 266548
526 46243 46539 120 28568
527 46245 47419 77 38851
528 46300 46434 30 1554
529 46728 48831 113 135314
530 46742 47936 59 55565
531 46869 49293 40 26526
532 46922 47033 124 26200
533 47118 51167 106 279834
534 47133 48055 78 26715
535 47214 48794 9 2221
536 47353 50421 8 11564
537 47375 49083 141 62771
538 47475 48628 51 12237
539 47494 55306 25 22543
540 47504 49776 17 27016
541 47560 48159 6 2583
542 47838 47852 9 44
543 47899 49775 17 14868
544 48030 48695 91 67541
545 48042 52648 43 102011
546 48214 52276 4 11312
547 48267 49187 86 50152
548 48324 55482 86 139960
549 48435 48535 40 2725
550 48513 48998 112 55996
551 48531 52015 7 11253
552 48548 53244 5 8027
553 48605 49497 47 14242
554 48663 50072 11 6598
555 48668 51680 62 114968
556 48727 50467 7 4469
557 48737 53276 4 5414
558 48812 49676 16 20239
559 49114 49876 119 124470
560 49245 60025 147 493050
561 49372 51553 121 245712
562 49560 52360 7 4321
563 49754 61430 7 45389
564 49804 49856 112 4397
565 50098 51776 101 133131
566 50104 52653 8 17262
567 50143 51024 29 12343
568 50155 52369 92 217791
569 50200 52076 124 145514
570 50323 50646 56 10774
571 50440 54311 149 391470
572 50511 50828 29 15444
573 50549 57182 98 230717
574 50582 51593 12 5012
575 50758 53847 142 122188
576 50824 51499 45 14082
577 50909 51573 22 4542
578 50952 56248 100 244162
579 51059 52129 110 28355
580 51077 52538 117 131062
581 51079 54109 28 69480
582 51247 52273 21 6694
583 51409 51754 77 16405
584 51432 54456 93 210061
585 51474 51823 7 652
586 51660 56732 125 795001
587 51872 53781 7 16436
588 51878 53155 127 95995
589 51908 53031 54 21979
590 51945 52121 16 2455
591 52004 56660 71 297242
592 52143 53456 74 44388
593 52159 52232 144 3632
594 52262 54341 55 34217
595 52490 59623 45 108345
596 52572 65386 45 311559
597 52730 56069 92 115267
598 52746 58653 85 78141
599 52780 55262 120 147138
600 52783 54502 106 120291
601 52822 53717 42 58771
602 52925 60536 5 8804
603 53093 58182 8 14620
604 53336 53446 27 743
605 53738 61534 46 56937
606 53884 55367 7 3122
607 53994 56110 5 7878
608 54101 55626 11 10618
609 54275 55992 104 73112
610 54432 54557 21 710
611 54452 56668 68 181298
612 54459 55837 121 77425
613 54724 59584 75 96000
614 54726 56107 126 124402
615 54871 55514 18 9896
616 54888 56154 134 82144
617 54908 55987 107 38073
618 55110 57634 6 6755
619 55426 56816 81 26749
620 55601 56064 148 14148
621 55835 55889 83 1975
622 55860 60919 98 66714
623 56326 58810 48 108546
624 56705 57212 23 10084
625 56803 58058 124 47041
626 56844 58647 8 11505
627 56897 62568 30 340154
628 57019 58775 5 3159
629 57024 61800 86 58269
630 57054 59636 123 148256
631 57102 62434 112 172360
632 57191 58079 39 19032
633 57270 58829 69 36392
634 57391 57815 29 10815
635 57448 60707 77 25501
636 57710 61237 146 158457
637 57798 60878 120 128076
638 57800 61059 27 32796
639 57986 65207 41 117849
640 58114 60883 5 11726
641 58155 59143 36 17109
642 58203 63792 23 43594
643 58479 59964 112 52779
644 58877 60592 27 29288
645 59020 71459 116 178074
646 59117 60035 5 2266
647 59133 60133 85 49136
648 59185 62617 6 8210
649 59352 67630 121 266073
650 59498 59925 28 4217
651 59598 59957 103 19374
652 59631 59778 18 411
653 59760 62760 69 66460
654 59878 61399 61 89242
655 59921 60803 29 25041
656 60032 69922 97 1282639
657 60060 65806 40 295708
658 60282 60404 120 7880
659 60327 62873 146 172504
660 60412 61907 138 333866
661 60464 62297 94 116010
662 60549 63135 5 4230
663 60666 62445 17 11347
664 60968 70381 118 1049743
665 61042 62006 29 9344
666 61232 62906 45 50907
667 61404 61929 144 62230
668 61411 61643 123 14409
669 61428 63779 146 237629
670 61518 66706 72 119082
671 61529 64302 6 4162
672 61541 62762 60 46841
673 61591 68577 46 300437
674 61630 62132 136 148134
675 61746 64828 129 110084
676 62003 63238 96 194854
677 62043 63345 135 45808
678 62107 62211 35 2651
679 62180 62500 30 14733
680 62235 62788 116 25985
681 62344 68685 21 20975
682 62458 62540 6 270
683 62503 62806 65 13705
684 62562 71620 16 58484
685 62660 64606 43 46323
686 62896 73796 133 304732
687 62900 64868 36 12079
688 63132 64438 5 1725
689 63156 64967 57 28597
690 63210 69894 116 219633
691 63504 63605 54 3371
692 63525 63981 137 37349
693 63537 64352 107 21947
694 63585 65709 37 99460
695 63635 66223 23 28506
696 63644 64121 9 1657
697 63798 66321 148 154708
698 63835 67489 136 124724
699 63880 63992 26 1344
700 64157 66128 112 228285
701 64220 66636 22 10719
702 64294 64732 5 1102
703 64332 67513 51 81184
704 64371 65414 135 60549
705 64432 70219 55 191307
706 64768 66347 78 90271
707 64839 66695 64 45607
708 64917 65328 4 528
709 65158 66518 60 67968
710 65234 68361 15 53264
711 65238 67245 6 9893
712 65329 65948 54 18386
713 65578 66207 23 13376
714 65861 67495 63 84434
715 66021 68775 44 47164
716 66071 67996 75 59585
717 66079 66340 76 7766
718 66494 69233 103 74168
719 66511 66673 127 4233
720 66527 67138 5 3364
721 66557 68582 25 6981
722 66649 67298 146 58878
723 66789 69716 16 12747
724 66851 70459 127 202070
725 66866 68443 144 288667
726 66879 67379 104 27066
727 67047 67608 32 9013
728 67290 71375 13 12307
729 67312 70764 22 30401
730 67320 72237 136 209299
731 67328 67553 13 1302
732 67409 67518 37 4632
733 67755 70124 26 37097
734 67758 70185 38 76653
735 67779 69157 77 17642
736 67829 68335 21 2452
737 67950 68680 63 43258
738 68076 73875 72 190451
739 68144 68214 73 11021
740 68253 68950 48 24668
741 68374 69153 110 22327
742 68445 69275 124 99685
743 68493 70961 150 279638
744 68528 68555 40 609
745 68742 69810 73 39664
746 69114 69962 45 24269
747 69144 77454 10 16068
748 69215 73761 26 42618
749 69287 71037 70 28653
750 69330 69502 59 6750
751 69654 72382 22 9661
752 69668 73679 147 277194
753 69675 70743 46 17253
754 69819 74406 49 223706
755 69979 72396 35 35144
756 70021 73808 95 114630
757 70103 71971 13 8562
758 70156 71373 131 69627
759 70166 74220 138 218894
760 70294 73655 30 26436
761 70379 72266 36 49516
762 70397 70968 74 12471
763 70400 74103 106 96555
764 70640 72755 41 39242
765 70719 71504 44 39311
766 70773 77456 56 132867
767 70855 70967 34 1909
768 71056 74844 9 21153
769 71101 75021 126 488750
770 71172 75310 51 219520
771 71219 78707 111 158146
772 71283 77095 66 157261
773 71341 71580 49 5684
774 71352 74901 99 422620
775 71648 72343 135 61013
776 71715 73545 50 19360
777 71783 78076 20 94353
778 71943 73829 138 175826
779 72020 76091 27 110532
780 72027 72392 73 12493
781 72046 73524 28 8062
782 72057 72732 12 4134
783 72093 73378 105 40561
784 72103 76677 23 41545
785 72137 72264 135 4293
786 72175 74432 8 10703
787 72272 72828 8 3247
788 72283 74658 61 52864
789 72501 78266 99 144190
790 72539 76098 41 53597
791 72555 77875 106 74782
792 72594 79630 133 304913
793 72714 73885 37 11688
794 72883 76613 49 101379
795 73414 77230 6 9603
796 73496 75665 31 20160
797 73581 73760 46 5741
798 73585 73654 120 2139
799 73689 75661 12 10246
800 73828 74915 86 83258
801 73872 74130 130 15867
802 74088 79789 33 40152
803 74796 78790 129 611775
804 74828 80024 18 39418
805 74866 83759 55 221085
806 75276 87117 22 157985
807 75410 75942 97 19902
808 75739 77768 84 346434
809 75817 78181 104 35846
810 75869 76223 22 7274
811 76016 77831 18 17757
812 76140 82809 11 13264
813 76220 79233 125 169984
814 76269 77587 63 61191
815 76282 78139 35 30930
816 76374 79902 140 510394
817 76424 82223 142 258148
818 76643 76671 50 1535
819 76685 77354 78 47308
820 76766 80208 8 9074
821 76835 77113 56 5336
822 76928 78527 51 32051
823 76946 80029 31 18449
824 77231 78188 28 8101
825 77240 80652 72 174669
826 77396 82069 88 469255
827 77510 77994 29 12261
828 77522 79586 91 53120
829 77699 78024 12 1373
830 77721 78041 71 6152
831 77726 78305 87 17691
832 77891 78292 148 51316
833 77917 82167 12 42223
834 77958 79548 84 30732
835 78146 78299 127 35036
836 78310 80601 6 3490
837 78499 81973 28 39046
838 78710 79602 118 40029
839 78712 79118 83 9399
840 78724 79079 80 14220
841 78811 79987 51 34474
842 78884 80731 79 269226
843 78951 80628 64 77619
844 79143 82488 9 7370
845 79150 80417 74 33422
846 79207 86300 103 270022
847 79832 80143 11 884
848 79849 80661 82 27040
849 79916 82633 63 124295
850 80015 81286 57 144283
851 80063 80493 7 3005
852 80342 80629 5 913
853 80573 80603 26 439
854 80586 82081 10 3301
855 80660 81736 95 25045
856 80694 81546 68 18286
857 80860 92605 9 81157
858 80910 80957 144 3845
859 80929 81200 74 10853
860 81162 84490 116 209299
861 81171 82144 26 11074
862 81404 82089 14 4820
863 81458 81471 74 640
864 81549 83928 15 21512
865 81737 82752 107 50740
866 81942 85767 17 18530
867 82043 82156 110 19579
868 82343 82485 59 3900
869 82496 89964 18 65778
870 82592 89248 21 89562
871 82929 83032 129 6300
872 83213 83226 8 32
873 83374 84520 52 59568
874 83446 83666 30 4527
875 83815 85501 24 37742
876 83826 85394 146 67315
877 83888 84790 17 6816
878 83977 85111 81 72427
879 84093 90056 21 64161
880 84133 84355 126 22954
881 84229 92370 54 91992
882 84239 86640 23 30752
883 84375 87648 108 148126
884 84465 88223 17 24457
885 85005 89495 21 17921
886 85083 88521 17 14239
887 85185 99628 77 391905
888 85191 85577 99 19730
889 85199 86385 20 26684
890 85293 86409 123 47170
891 85306 86184 59 38833
892 85316 91716 108 522714
893 85484 89296 97 177257
894 85540 89507 66 245739
895 85544 85962 77 13044
896 85615 86623 5 1339
897 85630 87103 22 11004
898 85789 86469 12 3075
899 85888 88049 145 91393
900 85964 86890 15 4300
901 86029 89107 144 138568
902 86100 91846 10 32205
903 86276 87211 123 176037
904 86365 86862 120 18506
905 86368 87460 6 2433
906 86399 86978 62 13318
907 86497 88943 23 15448
908 86792 88915 17 12964
909 86886 88885 90 36839
910 86981 88296 53 52777
911 87057 87217 102 2915
912 87095 89846 106 108334
913 87112 88115 109 44316
914 87229 91813 74 74823
915 87367 88846 12 4711
916 87545 89468 39 32868
917 87652 89779 116 48850
918 87902 88533 39 15078
919 88014 90994 104 451475
920 88154 88449 23 4589
921 88334 91199 139 327723
922 88340 89370 16 6385
923 88356 89694 97 79662
924 88478 89833 14 7114
925 88849 89359 30 7724
926 88980 92779 8 35466
927 89139 91279 11 5915
928 89212 91713 88 208842
929 89261 89996 6 1970
930 89282 90285 25 8658
931 89287 89564 27 2204
932 89343 91134 31 27116
933 89563 92672 119 60127
934 89639 89815 44 3176
935 89719 92607 90 116988
936 89825 91211 119 100257
937 89888 96967 32 77904
938 89919 90377 63 13313
939 90023 93239 70 118250
940 90074 93798 61 140709
941 90184 90897 17 4706
942 90239 93312 85 91863
943 90292 97112 149 1081868
944 90365 90980 37 8897
945 90373 92106 23 14532
946 90433 91541 94 88438
947 90638 93125 49 82806
948 90981 91151 49 3769
949 91074 96854 20 37356
950 91093 92161 114 47085
951 91158 93947 46 23596
952 91360 94480 32 86455
953 91454 94128 15 8604
954 91458 97079 39 137773
955 91496 91500 73 154
956 91759 93869 30 36047
957 92061 92447 46 11955
958 92095 92160 27 1696
959 92403 92454 85 2401
960 92415 95344 31 24336
961 92515 93374 43 8372
962 92933 95728 118 120439
963 93007 96843 12 9636
964 93326 94494 11 17561
965 93395 93918 108 25850
966 93446 99103 147 106601
967 93494 94142 85 26173
968 93539 94391 66 31220
969 93639 96074 56 48825
970 93814 94013 136 10234
971 93886 96010 20 26887
972 93956 94109 49 5363
973 93976 94834 13 5166
974 94383 95967 32 10574
975 94614 94787 54 7279
976 94718 95979 14 4060
977 94832 95172 6 2277
978 94856 95340 76 19263
979 95491 99019 34 71786
980 95736 97164 78 61556
981 95850 96684 14 3843
982 95913 98277 107 69752
983 95939 96345 19 5753
984 95995 98933 30 46998
985 96298 96859 20 2721
986 96414 99569 29 28978
987 96517 97212 6 2748
988 96661 97407 119 36199
989 96796 98732 66 80455
990 96864 98657 27 70106
991 97152 97770 79 19560
992 97234 99306 57 74178
993 97635 99173 70 91111
994 97862 99998 33 19361
995 98220 98578 52 17602
996 98392 99288 23 39341
997 98402 98422 52 506
998 98672 99908 16 4470
999 99732 99860 48 4688
