50 1000 0.044
...................#..............####............
...................#.##...........###.............
.................######..........###...#..........
..................######..........######..........
.................#######........####.#.#..........
.............#...########.......##.....##.........
..........#####......##.##........................
.........###.####........##...#...................
.........########.......#######...................
#..#......###..##........####.##..................
#.###..#..................######..................
#.###..#....#...........#.#####...................
###....######.........########....................
##......#####...........#.#####...................
####.....###................##....................
###.....########.............#....................
#........#.######.................................
#.........###.....................................
...........##.....................................
........#.........................................
.......##.........................................
......###.............#...........................
....###..##.........#.#...........................
....########.......##.#...........................
...#######........######..........................
.....######........#.##..##.......................
....####.#.........#######........................
...#####.............#####........................
.....................##.##........................
.....................##.##........................
.....................#...#........................
.........................#........................
..................................................
..................................................
..................................................
..................................................
................#..............................#..
.............#.##............................#.##.
.............#######......................#######.
#...........########.......................#######
####..........###..........................#######
####.#.#####...#.#..........................###.#.
######..##########........................#.....#.
#.#####.#.####.###..........##............#...##..
..........###...##.........#.##.........####..###.
..........###...#..........###.......#.########...
..........####..........#.######.....######.###...
..........####.........########.....######.###....
.........##...............######.....######.###...
........##...............########....######...#...
0 36 5683 58 105451
1 114 226 34 3831
2 146 8178 17 51856
3 310 1858 9 11341
4 317 13228 54 98056
5 375 15283 67 974274
6 427 3624 94 172108
7 525 9224 40 87955
8 586 2018 56 146265
9 587 10680 48 170104
10 671 3404 69 75386
11 809 6909 48 177987
12 1311 2773 63 44281
13 1334 4693 35 46942
14 1406 11510 145 336454
15 1671 21607 28 203567
16 1850 13567 139 1692125
17 1860 6380 56 97830
18 1920 7376 134 309555
19 1933 4723 95 80826
20 2112 10896 55 109270
21 2135 3602 66 57350
22 2220 17558 94 475377
23 2326 4179 128 51437
24 2350 9475 91 254248
25 2522 16869 16 173190
26 2698 8159 130 334401
27 2818 19125 30 330661
28 2902 17466 113 711713
29 2966 29548 120 913973
30 2989 3836 63 46077
31 3025 13186 32 115062
32 3258 10913 114 422934
33 3303 3457 57 4718
34 3343 14457 114 392189
35 3460 14389 113 1538721
36 3475 6494 49 47745
37 3606 4027 6 1444
38 3666 5890 67 63252
39 3786 24229 66 400051
40 3796 10306 82 47816
41 3960 4888 44 19862
42 3963 8002 36 132130
43 4205 5770 132 77515
44 4214 4896 120 141416
45 4227 5520 22 22746
46 4237 5262 17 6240
47 4285 26339 31 195334
48 4292 8566 139 245445
49 4298 7149 22 30995
50 4309 15578 40 356653
51 4359 18944 82 472533
52 4403 9977 111 665493
53 4645 7023 24 19782
54 4743 12217 11 22257
55 4988 12931 142 807852
56 5142 9277 11 11872
57 5208 7486 92 81216
58 5227 15137 130 515441
59 5229 13282 8 17058
60 5328 12621 5 21191
61 5391 12899 115 259291
62 5474 6963 30 47097
63 5486 8112 69 69388
64 5573 6320 99 59891
65 5613 7276 127 245220
66 5677 18017 123 363665
67 5797 10719 85 75564
68 5881 15135 130 1488619
69 5931 7278 37 53820
70 6252 9247 92 54165
71 6269 11656 141 1282391
72 6366 10393 5 9546
73 6405 10629 85 132136
74 6574 11804 52 118891
75 6620 17020 12 50534
76 6633 12022 32 64518
77 6848 10236 5 15001
78 6898 16383 29 47627
79 6924 11947 30 56426
80 7015 10777 61 124138
81 7476 32313 60 852334
82 7482 12462 4 12466
83 7535 14163 27 109633
84 7664 7772 75 3159
85 7880 31316 13 165634
86 7969 11577 124 90346
87 7995 17928 26 67073
88 8144 10069 112 255038
89 8206 8377 50 7975
90 8223 16853 17 135339
91 8267 10832 11 10733
92 8389 9646 89 75462
93 8494 16213 19 45943
94 8590 9927 98 70640
95 8614 10462 61 84792
96 8779 15138 38 122992
97 8947 11386 29 43194
98 9437 10299 40 32884
99 9438 11102 47 52433
100 9529 24747 105 669630
101 9630 24085 10 49944
102 9797 11970 53 80701
103 9824 14520 10 16690
104 9950 19267 139 289674
105 10191 15498 130 340556
106 10242 11106 67 62036
107 10324 18239 88 206176
108 10585 11251 22 11341
109 10601 12684 48 64292
110 10622 17155 135 751167
111 10641 13229 145 116221
112 10725 22882 65 167135
113 10748 16884 70 200253
114 10821 17269 26 88185
115 10852 17236 57 199535
116 10892 18952 83 393022
117 11190 15014 7 27092
118 11392 14049 138 79896
119 11749 12470 32 7868
120 11921 12617 6 894
121 12057 29801 133 1120870
122 12085 13403 69 25343
123 12143 13698 127 117695
124 12178 17510 34 71150
125 12432 22400 105 385400
126 12447 17118 98 530978
127 12531 13319 38 13526
128 12594 13551 133 105225
129 12710 13214 91 18005
130 12780 13239 132 25912
131 12916 22083 114 324181
132 12919 14711 68 52885
133 12942 15798 37 56792
134 13068 14084 63 91398
135 13075 15918 8 9348
136 13264 19512 18 35934
137 13352 29875 66 751202
138 13407 14927 4 3354
139 13509 21509 30 81338
140 13660 13974 139 14697
141 13855 15940 89 65317
142 13861 20010 62 237112
143 14009 21307 99 201693
144 14134 22019 54 192319
145 14315 16994 39 56677
146 14343 14522 50 3988
147 14402 23941 6 35391
148 14404 16747 86 109418
149 14598 23453 12 49812
150 14612 16850 6 3976
151 14664 19408 75 165426
152 14674 18653 15 28092
153 14678 22292 64 452557
154 14693 15957 34 22181
155 14704 17904 92 162658
156 14772 17163 39 46949
157 14882 20684 24 49665
158 15012 18430 32 27800
159 15054 15438 117 14455
160 15088 18195 25 24550
161 15108 31614 53 150242
162 15282 15643 115 14753
163 15322 17738 135 102327
164 15422 16374 103 32394
165 15522 17545 19 17998
166 15596 18473 52 81304
167 15611 18736 141 198280
168 15962 24764 105 403012
169 16266 23973 41 100182
170 16269 22690 138 829870
171 16334 16800 130 45803
172 16426 24539 11 56843
173 16429 16790 82 21554
174 16447 17143 114 68496
175 16457 22185 50 172617
176 16601 28947 62 500875
177 16618 19273 47 77340
178 16793 17832 127 124960
179 16843 23739 45 298250
180 16867 31157 109 331210
181 17011 34326 17 49397
182 17411 20372 7 12343
183 17452 20090 38 42542
184 17485 19634 36 44776
185 17508 19930 41 54497
186 17560 20007 95 170816
187 17561 18204 26 3864
188 17576 31467 82 715903
189 17749 18656 57 38685
190 17817 18897 109 56455
191 17820 17900 93 7238
192 17835 19998 24 50543
193 17838 23871 72 415922
194 17865 23147 145 274841
195 18105 21753 117 186192
196 18312 19845 145 53896
197 18325 18452 84 4649
198 18389 20991 27 127862
199 18428 24236 79 388456
200 18572 23692 22 69581
201 18672 20464 62 44338
202 18760 19612 5 1132
203 18910 23010 8 12957
204 18978 26707 12 32314
205 19118 20616 100 84357
206 19124 22531 95 319344
207 19433 21027 13 14010
208 19526 21148 80 67389
209 19581 27537 12 39006
210 19641 25409 60 83034
211 19785 22162 55 58356
212 20058 33414 98 667913
213 20206 20903 64 24867
214 20387 23433 66 65039
215 20401 21365 150 28219
216 20498 21131 12 2969
217 20500 30692 82 604839
218 20619 21652 28 13006
219 20649 31003 144 596128
220 20682 23803 29 36870
221 20696 24259 7 9015
222 20773 21577 58 37846
223 20786 21785 133 90053
224 20800 23607 133 397442
225 20820 39754 25 236253
226 20978 27774 147 203814
227 21060 24016 45 34168
228 21061 21437 26 2285
229 21092 23728 87 445034
230 21207 22953 81 127339
231 21216 24854 25 58483
232 21283 21761 114 45293
233 21371 25678 81 155165
234 21436 23834 79 133182
235 21600 22172 38 9877
236 21767 32677 67 538978
237 21771 24265 60 48939
238 21899 36814 103 577627
239 22068 35090 53 187218
240 22149 26088 52 57732
241 22322 31967 8 85402
242 22370 29015 62 431510
243 22380 24018 130 119133
244 22590 34522 54 228509
245 22763 37797 44 99428
246 22778 25078 52 119144
247 22801 23382 90 44331
248 22928 25944 4 2231
249 23006 26165 114 116413
250 23015 37001 110 638535
251 23034 28260 47 120655
252 23076 23504 148 53229
253 23306 31925 103 128071
254 23315 25074 31 21448
255 23394 24095 49 16573
256 23404 24083 98 40107
257 23493 29139 68 134430
258 23589 46768 146 984515
259 23760 25872 59 55433
260 23821 37779 138 588030
261 23860 26869 41 54337
262 23936 26202 115 145050
263 23976 26856 79 100224
264 24098 24299 137 12754
265 24120 30005 5 8143
266 24189 29009 32 40741
267 24248 29233 6 13065
268 24269 29557 40 112656
269 24324 25799 131 275771
270 24414 34968 97 287206
271 24448 25578 108 34220
272 24578 30191 27 72116
273 24702 32707 77 497905
274 24767 25557 135 52749
275 24891 29515 143 380251
276 25137 25535 93 68364
277 25308 30645 146 285569
278 25446 30223 82 463361
279 25524 27626 79 172150
280 25648 26510 46 13128
281 25812 27937 55 65683
282 25877 45309 72 1214814
283 26017 40332 11 49933
284 26199 27576 44 23131
285 26210 37691 26 118854
286 26292 33455 71 124977
287 26398 27112 53 8770
288 26529 29797 5 5093
289 26560 26611 108 9108
290 26710 27690 12 2988
291 26728 28144 6 6535
292 26818 40098 16 110877
293 26892 31807 19 35256
294 27137 27646 76 30865
295 27178 27737 93 17108
296 27198 28066 32 8526
297 27268 29437 61 101313
298 27279 35505 79 86926
299 27346 42678 13 139458
300 27495 29628 132 82057
301 27744 33742 131 294527
302 27795 34815 42 53286
303 27830 47005 116 459931
304 28053 30463 114 57147
305 28322 34929 12 42939
306 28344 28501 95 3700
307 28415 31774 109 105724
308 28472 43909 50 267095
309 28615 31364 43 103879
310 28762 32573 122 109653
311 28862 31640 33 46254
312 28892 29064 110 11446
313 28914 29253 98 23401
314 28997 36887 23 133599
315 29123 33177 148 212846
316 29149 31045 99 68676
317 29206 32725 13 25584
318 29601 30745 5 2617
319 29636 35330 92 446408
320 29911 30348 86 14893
321 29921 31210 39 12375
322 29949 31823 16 10719
323 29973 31129 61 99208
324 30055 33684 138 225303
325 30283 34068 149 147677
326 30345 46348 148 536703
327 30421 38105 21 161948
328 30445 34710 128 206833
329 30460 48357 4 29495
330 30799 36591 26 114423
331 30821 42387 19 66752
332 31026 40032 77 195783
333 31227 45713 113 293348
334 31290 46761 12 105028
335 31349 40473 12 86810
336 31580 43835 79 740246
337 32127 32876 67 71722
338 32398 38226 24 94229
339 32520 44797 5 15481
340 32601 34459 119 125459
341 32663 41930 12 23561
342 32698 40342 38 48463
343 32727 40474 83 170806
344 32781 40172 137 514874
345 32800 33297 114 37496
346 32826 34114 89 26055
347 32855 32964 104 20406
348 32906 34775 57 55615
349 32973 36752 115 179746
350 32999 34756 59 75772
351 33345 35815 83 109171
352 33360 43034 8 75456
353 33373 33573 55 3012
354 33446 43075 146 779480
355 33466 33633 119 11818
356 33726 34104 12 3344
357 33750 37117 57 49332
358 33787 41832 29 51868
359 33916 41042 130 468998
360 34134 36045 6 7358
361 34228 34354 70 9342
362 34306 40875 32 269515
363 34353 39523 120 309513
364 34463 36240 6 5034
365 34470 36309 64 31086
366 34673 41228 146 791124
367 34687 48857 58 400157
368 34736 48726 39 99620
369 34738 38154 46 39631
370 34771 39970 116 374731
371 34784 35039 7 1111
372 34825 45838 85 416636
373 34829 36665 6 2393
374 34867 45286 39 176224
375 34964 37192 10 8350
376 35006 51353 46 705707
377 35035 36023 5 3015
378 35103 35931 47 24686
379 35217 39049 16 36127
380 35432 37110 121 260306
381 35437 42441 144 719231
382 35473 37130 54 38224
383 35689 50255 149 1222520
384 35805 42055 30 195830
385 35842 45518 42 56414
386 35881 48056 150 1016176
387 35911 39288 80 37924
388 36017 42200 18 29586
389 36068 41779 8 13127
390 36135 52378 127 421364
391 36225 44010 145 420139
392 36408 39270 31 16125
393 36428 38454 36 66506
394 36634 38390 52 37475
395 36667 37363 17 8167
396 36708 39833 107 208882
397 36739 39441 129 122329
398 36938 37231 116 52812
399 36999 40303 34 36806
400 37169 65407 61 2281692
401 37252 44146 17 38146
402 37402 42417 47 280414
403 37453 38253 33 19119
404 37488 38484 15 3421
405 37515 49079 4 11911
406 37859 40832 141 140626
407 38046 44793 25 99142
408 38067 44222 18 30407
409 38132 38952 31 21060
410 38236 38322 52 4850
411 38460 43639 37 124243
412 38506 40256 80 53243
413 38556 51609 148 926979
414 38617 44170 5 9643
415 38699 40787 50 32712
416 38997 39827 101 29151
417 39030 39980 24 3111
418 39219 46005 60 199158
419 39233 39634 128 25222
420 39317 44796 26 88583
421 39394 39591 64 13485
422 39565 42463 89 210098
423 39595 41031 6 7043
424 39616 46010 20 77408
425 39649 43270 14 69646
426 39771 41010 138 116045
427 39982 40401 128 17998
428 40135 53266 141 1455836
429 40376 53066 16 65676
430 40395 43013 106 38519
431 40408 49213 11 28093
432 40533 42863 54 55028
433 40596 44677 11 55485
434 40813 43148 44 127222
435 40924 41094 26 9141
436 40939 46331 10 27188
437 40941 63991 91 1246109
438 41063 43723 105 220181
439 41216 41347 126 5666
440 41417 49097 28 24719
441 41553 47286 92 152761
442 41606 43903 68 76793
443 41784 47563 129 477599
444 41794 49376 73 80414
445 41851 45737 54 280008
446 41882 43367 9 9683
447 41922 43172 54 22194
448 41967 43102 12 7326
449 42015 42919 21 8448
450 42092 49523 39 97368
451 42101 44921 34 52695
452 42172 51293 6 11671
453 42355 51131 122 252432
454 42444 44427 113 121354
455 42466 42887 17 6231
456 42597 50304 12 25404
457 42651 59307 25 245870
458 42684 42983 29 2912
459 42727 53250 14 31225
460 42779 46055 5 11571
461 43047 49368 150 839800
462 43056 49863 60 261078
463 43157 45232 89 20936
464 43262 56378 26 358280
465 43337 53060 31 550553
466 43466 66763 33 289720
467 43527 44444 68 50484
468 43628 46397 71 34897
469 43751 44902 30 16730
470 43787 69151 115 1740853
471 43973 49271 27 28029
472 44041 50206 50 268657
473 44050 46399 78 93230
474 44125 51705 100 380189
475 44157 46200 18 12882
476 44207 46090 11 20955
477 44248 58080 6 12288
478 44297 46737 52 97153
479 44422 48073 39 110976
480 44435 55038 81 290196
481 44622 46141 72 36598
482 44673 46181 148 63524
483 44881 46046 62 27156
484 44936 44989 52 1446
485 45052 46002 53 28551
486 45102 57484 81 346316
487 45112 46660 23 9175
488 45333 45885 121 26052
489 45379 46670 62 72371
490 45478 45715 88 35352
491 45567 45615 11 275
492 45642 67725 14 178759
493 45664 46031 38 3989
494 45708 50493 5 2728
495 45930 50253 13 38038
496 46013 47117 4 2283
497 46014 49749 61 208950
498 46056 49124 92 82329
499 46072 49873 116 154372
500 46169 54745 125 289025
501 46563 52665 32 93199
502 46793 47424 135 55705
503 46798 49210 44 93612
504 46816 50975 118 126993
505 46866 47099 58 20305
506 47273 48060 8 3422
507 47608 53182 31 133127
508 47650 48171 25 9816
509 47667 48996 131 135067
510 47870 52511 74 230399
511 48068 48668 32 6370
512 48130 48841 111 57353
513 48203 56575 100 966295
514 48204 51410 135 106168
515 48243 88807 63 1600355
516 48317 48974 150 62023
517 48320 48480 61 14951
518 48329 52608 87 50930
519 48508 51751 88 275959
520 48676 53575 125 316785
521 48840 51390 54 72180
522 48854 48873 92 2573
523 48865 49716 41 16919
524 49287 57041 97 356016
525 49426 61340 15 73375
526 49503 51522 133 475641
527 49543 58215 110 544095
528 49557 53830 64 85636
529 49589 54482 4 17351
530 49753 50053 105 13443
531 49806 51435 141 82321
532 49881 55933 22 50164
533 49928 58661 134 242462
534 50016 56683 27 149355
535 50240 55805 41 119723
536 50344 50845 36 11984
537 50348 51492 18 8416
538 50514 53975 61 101459
539 50722 53059 116 82788
540 50807 51339 23 6921
541 50928 51741 69 29650
542 51009 67404 12 31447
543 51185 51793 13 3982
544 51388 61628 32 86119
545 51428 59665 5 17497
546 51431 54118 26 42385
547 51927 53789 97 71399
548 52111 52269 5 190
549 52195 69791 14 101149
550 52221 55326 112 195887
551 52413 56534 58 135850
552 52434 52538 131 4292
553 52450 55941 61 75680
554 52557 55628 75 121411
555 52626 63513 10 41662
556 52725 55937 55 43761
557 52728 55507 17 4556
558 52973 60781 27 207845
559 53140 53345 133 14793
560 53227 70700 59 814123
561 53255 73796 5 23194
562 53305 61260 14 79301
563 53324 63367 103 259869
564 53333 54134 14 3497
565 53529 59633 19 61514
566 53639 69487 93 1170328
567 53658 63437 77 347798
568 53687 58625 113 167844
569 53786 59950 18 34879
570 54030 54620 133 62011
571 54138 54570 53 5664
572 54159 54370 30 3098
573 54292 59940 13 45323
574 54301 72337 59 396611
575 54363 57727 20 34458
576 54451 61181 133 591826
577 54479 62640 32 144197
578 54677 55756 14 3531
579 54749 55496 61 27347
580 54761 60108 76 136534
581 54765 74091 7 97335
582 54789 59537 10 10506
583 54912 57981 87 48865
584 54916 57036 15 16881
585 55223 61685 66 153314
586 55235 57946 15 48480
587 55272 57910 31 36895
588 55479 57837 112 152079
589 55577 55735 38 4061
590 55663 61089 145 386806
591 55746 60161 87 236086
592 55857 65391 5 26588
593 55902 59190 44 85498
594 55942 57468 120 119222
595 55946 56356 19 5593
596 56008 58536 13 11459
597 56068 58427 32 16911
598 56147 65857 95 246905
599 56171 60456 96 95513
600 56205 64232 94 315558
601 56260 63151 124 179212
602 56276 66846 41 70676
603 56300 58585 103 156132
604 56301 64148 112 314007
605 56318 69048 41 202768
606 56475 59057 28 30113
607 56507 60976 62 69511
608 56529 60367 97 211298
609 56791 62924 128 402294
610 56928 58803 150 129673
611 57137 59834 104 119061
612 57238 61542 37 76720
613 57242 61774 7 22312
614 57452 60531 27 30183
615 57627 68675 11 45244
616 57726 59910 136 176298
617 57783 58041 137 7226
618 57840 64311 68 198476
619 57899 68425 34 139286
620 58045 64052 113 261547
621 58116 64786 13 27740
622 58247 63999 80 143875
623 58352 59109 58 27464
624 59020 60858 77 198574
625 59138 59702 17 3879
626 59264 68116 99 175162
627 59270 70057 89 889296
628 59538 69961 61 82487
629 59781 64376 69 184456
630 59787 73558 65 1324128
631 59909 74604 114 1171623
632 59968 62431 146 64494
633 60145 70506 136 1011289
634 60243 63346 11 8829
635 60351 61833 80 146340
636 60419 65884 20 20879
637 60433 63726 13 10447
638 60460 65087 5 14398
639 60482 64574 38 32795
640 60523 61295 49 51438
641 60554 61044 113 12739
642 60599 68353 30 138800
643 60733 71206 120 716664
644 60833 67933 63 143043
645 60878 67210 4 3276
646 60937 62478 109 138320
647 61234 65763 82 76294
648 61504 67604 13 72611
649 61577 61647 76 4542
650 61592 63301 121 94963
651 61650 69883 82 221784
652 61668 63236 133 254962
653 61875 63262 45 13552
654 61921 64877 9 54941
655 61937 63422 19 22867
656 61944 62480 87 27967
657 61959 65978 43 89101
658 62104 77732 76 1058654
659 62527 67942 72 175162
660 62584 62785 73 5556
661 62663 65479 16 17990
662 62800 66472 138 218700
663 63271 63853 20 8729
664 63560 83583 127 1145114
665 63768 67530 61 35054
666 63893 65509 144 266271
667 63995 66566 7 8775
668 64035 64799 44 31978
669 64041 73063 49 138987
670 64130 64448 6 409
671 64164 68733 15 51549
672 64213 85548 76 815607
673 64253 89826 80 1008580
674 64326 65609 25 9037
675 64367 68420 19 25951
676 64373 66830 81 73937
677 64576 66837 68 114670
678 64628 66526 37 71101
679 64906 68339 4 2309
680 65035 65624 120 30818
681 65256 69360 111 213372
682 65414 66508 79 23159
683 65626 71583 98 143529
684 65628 66906 11 10477
685 65649 77332 7 18948
686 65686 68020 43 70763
687 65893 68401 122 165714
688 66018 68310 53 57479
689 66063 69407 115 291968
690 66105 69772 57 162819
691 66175 71095 65 245194
692 66686 68836 20 32871
693 66765 72571 11 66188
694 66824 70584 10 13593
695 66943 71996 145 458014
696 67052 84251 77 390212
697 67206 70556 120 130688
698 67258 72702 91 193622
699 67287 70477 69 354854
700 67393 68587 130 74067
701 67418 83642 33 379614
702 67527 92012 68 2483580
703 67578 67993 86 38025
704 67673 75490 64 142341
705 67943 71534 111 161347
706 68021 72193 26 58385
707 68033 82689 54 186726
708 68349 80748 37 471603
709 68368 69174 67 28942
710 68453 77529 10 75652
711 68716 69601 62 26697
712 68827 69739 147 155728
713 68941 73754 102 122621
714 69059 81833 7 54503
715 69108 77009 142 373521
716 69295 71653 124 90574
717 69310 73106 38 22939
718 69382 87971 16 180750
719 69409 72843 69 42978
720 69496 71065 124 98244
721 69523 75763 18 67517
722 69725 70435 102 57862
723 69730 71089 60 30582
724 69748 70537 15 5740
725 69798 70220 21 3669
726 69804 79086 114 163649
727 69834 74328 88 106113
728 69864 72811 133 212422
729 70106 73746 14 9987
730 70387 73586 25 34916
731 70521 70941 17 1684
732 70533 71841 29 16898
733 70627 70793 15 4681
734 70664 77651 5 24102
735 70697 72425 33 9717
736 70699 84118 19 179100
737 70743 72722 75 95667
738 70780 86039 100 545716
739 70830 73088 85 182850
740 71063 81916 40 278863
741 71098 72792 120 63055
742 71116 73388 36 41689
743 71131 76953 5 15662
744 71354 72827 101 108849
745 71676 75106 60 102853
746 71727 72021 8 489
747 71833 72664 32 23376
748 71876 79658 84 526712
749 71906 86349 124 537028
750 71922 80137 9 32652
751 71925 71940 70 640
752 72066 79450 109 76430
753 72548 73762 54 37732
754 72719 74682 89 47694
755 73145 81292 28 133392
756 73154 73166 42 618
757 73270 77162 36 47895
758 73362 77542 8 16178
759 73372 74197 22 9690
760 73517 75722 28 76094
761 73544 74364 137 37657
762 73567 77490 9 11978
763 73609 78889 78 138511
764 74137 81406 105 406863
765 74139 79943 15 18941
766 74276 80981 14 63510
767 74386 75214 50 5210
768 74518 82896 67 297902
769 74850 75355 63 34853
770 74868 81243 95 247887
771 74940 83059 28 98869
772 75133 80574 101 303581
773 75182 77742 7 5151
774 75193 77274 77 129578
775 75380 86573 42 184255
776 75513 80865 13 46120
777 75529 78529 115 130940
778 75591 77364 75 45156
779 75631 76538 99 36127
780 75682 79603 20 15252
781 75694 78437 48 80916
782 75820 79821 78 78669
783 75862 77330 92 99370
784 75883 76045 49 4097
785 76089 78209 107 72832
786 76223 81569 29 46611
787 76245 93549 101 1531333
788 76552 82381 51 166849
789 76672 80798 21 65055
790 76677 88876 11 86898
791 76696 78870 114 298856
792 76773 91795 14 34066
793 76800 76903 13 795
794 76911 94004 48 414199
795 77112 85819 9 24339
796 77114 85061 19 78308
797 77373 95918 109 589430
798 77611 82725 26 60067
799 77777 84073 133 570160
800 77790 81271 4 14505
801 77792 78812 36 29363
802 77805 92602 107 368863
803 77860 81623 45 33966
804 78041 79550 12 8339
805 78047 86020 30 84970
806 78475 80452 55 57033
807 78636 79813 35 12002
808 78811 93892 8 79664
809 78940 85413 128 182369
810 78989 83945 148 339586
811 79014 82330 39 79700
812 79068 80031 69 35296
813 79123 93898 8 137108
814 79426 79589 37 2028
815 79477 90229 20 128384
816 79569 82842 119 195141
817 79637 80903 101 31483
818 79656 81278 24 17810
819 79689 86934 148 698511
820 79763 92571 7 22542
821 79784 84382 20 54028
822 79907 87667 15 101773
823 79917 83289 32 33850
824 79988 85504 15 10806
825 80022 81297 24 27313
826 80099 87746 95 275697
827 80184 85218 74 122777
828 80319 81881 27 21196
829 80516 82596 83 29993
830 80640 91675 54 150828
831 80730 81346 150 113539
832 80906 82370 72 91304
833 81093 87717 52 100767
834 81166 88767 28 46473
835 81326 82165 35 12033
836 81335 88446 40 264095
837 81365 98935 66 108265
838 81497 81503 4 18
839 81539 83836 42 37116
840 81817 87245 7 8141
841 81940 82738 52 53150
842 82036 96693 14 198222
843 82051 83920 104 88603
844 82096 82934 16 4900
845 82129 83939 24 13452
846 82158 84436 14 34973
847 82220 83362 13 9769
848 82249 88661 39 139785
849 82274 83058 100 23772
850 82349 90414 6 17618
851 82511 91473 44 127384
852 82618 89532 7 29997
853 82627 86880 8 7117
854 82730 83476 17 6151
855 82747 84975 76 52943
856 82784 93314 21 81738
857 82787 96313 55 309048
858 82849 84956 89 123759
859 83048 86792 51 63253
860 83159 84246 28 24873
861 83392 88242 103 84132
862 83710 88177 35 57057
863 83852 84884 12 4900
864 83885 92114 13 12743
865 83938 86550 7 10654
866 83965 86451 108 75256
867 84003 86916 23 45580
868 84291 90114 68 212614
869 84301 96835 70 287171
870 84662 91697 13 77902
871 84751 95931 12 18423
872 84931 88271 39 61773
873 85111 89305 82 111781
874 85144 87179 8 6594
875 85206 85546 6 1290
876 85276 89893 74 74498
877 85298 91170 112 288934
878 85385 89362 72 274743
879 85499 88817 36 68244
880 85527 86033 89 55766
881 85689 91522 4 12419
882 85802 86976 66 46459
883 85956 89657 41 31076
884 86104 86123 25 395
885 86118 87007 8 2065
886 86292 87868 37 36903
887 86546 87901 60 161992
888 86599 88019 98 66541
889 86642 87718 84 24760
890 86692 87819 62 45644
891 86730 95298 47 69273
892 86759 89751 38 58699
893 86781 87796 18 12584
894 86819 89742 124 136651
895 86982 88311 74 45427
896 87331 93168 94 216617
897 87466 94963 6 25671
898 87473 88204 28 15756
899 87601 87805 10 670
900 87779 89832 61 58719
901 87781 88665 126 82963
902 87785 88630 8 4443
903 88130 94122 38 125611
904 88275 98323 97 1002232
905 88300 98396 117 574466
906 88502 98895 6 15301
907 88523 94373 22 35825
908 88672 93831 24 223778
909 88742 90038 17 10433
910 88910 89829 79 45654
911 88969 98025 13 37257
912 88994 92751 55 227746
913 89085 96926 75 291124
914 89092 93959 42 106716
915 89265 89313 18 476
916 89320 92324 91 213458
917 89367 90738 142 114450
918 89395 95834 10 30115
919 89616 94202 9 8938
920 89636 90473 6 2971
921 89651 94559 5 11996
922 89736 91775 68 27502
923 89757 91700 90 59698
924 89758 92668 10 12421
925 89919 93225 94 167119
926 90034 97384 37 108036
927 90066 96934 24 48164
928 90180 91626 11 6873
929 90267 90948 51 19165
930 90274 91900 101 49878
931 90315 93599 28 55971
932 90732 98087 32 38615
933 90736 94980 107 119908
934 91002 95498 25 96640
935 91127 92322 114 56236
936 91182 94683 87 116812
937 91233 92183 13 2715
938 91246 94979 129 188095
939 91349 92948 5 9284
940 91669 97462 87 162056
941 91670 94810 90 70190
942 91727 96147 134 198082
943 91764 92636 64 13383
944 91782 92559 56 61559
945 91888 93060 53 18765
946 92079 92355 145 24127
947 92195 95605 90 219260
948 92228 93676 47 18096
949 92310 93800 102 74171
950 92345 93839 71 57621
951 92634 97996 11 7493
952 92667 95510 72 87131
953 92673 92829 73 5286
954 92698 93067 4 1110
955 92766 96259 122 735296
956 92826 93971 126 263397
957 92839 97440 135 521957
958 92847 93884 26 14539
959 93138 99796 23 19722
960 93282 95031 134 61965
961 93345 98099 53 128586
962 93557 99530 28 58249
963 93628 95756 57 60585
964 93643 94220 8 3500
965 93684 95503 28 19533
966 93902 98122 25 55937
967 94042 94797 37 24147
968 94123 96473 18 30555
969 94206 99155 143 508539
970 94207 94641 45 10003
971 94269 98768 32 99018
972 94623 95184 100 13120
973 94686 97980 57 115143
974 94820 96269 5 4197
975 94826 97926 39 167306
976 94870 96793 6 7651
977 94973 98862 19 38517
978 95249 96966 60 80024
979 95380 98477 136 100142
980 95505 95517 88 311
981 95506 96627 96 38102
982 95625 97551 98 87032
983 95782 96020 64 9186
984 95832 96662 122 37322
985 95880 97336 13 7106
986 96461 97874 74 69627
987 96528 97076 9 1824
988 96735 97200 65 12519
989 96824 98413 62 42741
990 97070 97865 73 16339
991 97377 98688 83 41857
992 97393 98316 126 59728
993 97419 97854 70 12641
994 98306 98610 96 9242
995 98655 99013 75 6166
996 98972 99007 96 3490
997 98984 99049 20 1094
998 98991 99201 133 27701
999 99186 99803 84 51828
