50 1000 0.042
########################..........................
########################..........................
##################.####...........................
#####.#################...........................
########################..........................
##########################........................
##.##################.###.........................
##.#.##.##############............................
.##################...............................
..####.###########.#..............................
..##################..............................
....###############...............................
...######...#####.#...............................
..##.####...####..................................
...#############..................................
....###....####...................................
.######......##...................................
............###...................................
.............#....................................
..................................................
..................................................
..................................................
..................................................
..................................................
..................................................
..................................................
..................................................
..................................................
..................................................
..................................................
..................................................
..................................................
..................................................
..................................................
..................................................
..............#.#.................................
..............#.#..#..............................
..............###..#..............................
.............###########..........................
......#..##...####..#.#...........................
....#.#.#.###.####.##.............................
..###.#.#####.######..............................
..#######.#####.#######...........................
###.##################............................
.#################.###............................
.######################...........................
.#####################.#..........................
####.##########.##########........................
..#############.#######...........................
###############..##.##............................
0 124 3219 13 32635
1 201 245 68 1169
2 314 440 42 1277
3 374 17165 76 217228
4 447 4466 71 100611
5 552 1240 31 11696
6 620 693 56 2372
7 767 1671 52 26057
8 905 1124 23 2582
9 1221 2982 82 61794
10 1228 1286 47 2934
11 1291 2675 5 2749
12 1322 1458 30 2437
13 1434 1499 58 2666
14 1822 3329 27 77527
15 2000 4823 15 11698
16 2020 4004 48 83591
17 2036 4636 13 21983
18 2123 4598 11 12140
19 2185 5633 49 78688
20 2370 5350 148 159904
21 2570 19068 5 28803
22 2673 7367 56 70559
23 2946 8625 15 31761
24 3106 5140 29 10997
25 3195 7834 5 9804
26 3269 3483 9 837
27 3281 3643 23 7075
28 3616 11654 134 301011
29 3936 12768 110 541834
30 4007 5392 129 53764
31 4044 22575 31 249108
32 4121 4747 98 25496
33 4228 4856 110 14914
34 4412 11748 10 32891
35 4414 6335 135 73697
36 4417 9324 77 136950
37 4458 5611 27 27881
38 4793 5245 57 5662
39 4804 9535 147 502544
40 4854 8088 17 24831
41 4907 10694 99 240748
42 4977 9783 5 12747
43 5033 11067 72 60309
44 5282 6029 11 7388
45 5414 5516 92 7321
46 5487 7692 7 3913
47 5597 6509 10 9513
48 5707 7821 66 47173
49 6070 11876 21 34352
50 6143 7364 94 18026
51 6432 8894 119 186976
52 6477 7471 26 12010
53 6494 11792 76 289358
54 6505 10190 29 111694
55 6636 9501 18 15182
56 6637 9060 44 57727
57 6820 8385 25 24939
58 6832 9670 30 57992
59 6985 12205 27 55014
60 7046 10837 27 37742
61 7059 11494 80 103804
62 7345 12142 85 156027
63 7370 7777 44 18532
64 7382 12602 16 23008
65 7416 8409 25 9863
66 7562 9217 20 15562
67 7596 10300 105 119809
68 7630 12259 58 113164
69 7858 12495 24 36116
70 7952 16568 126 488351
71 7982 8968 131 117711
72 8143 9870 110 89596
73 8178 12173 11 32333
74 8240 13060 28 38051
75 8255 8489 49 7209
76 8309 9537 87 28905
77 8328 8813 104 12967
78 8372 8806 99 96193
79 8450 11337 14 16839
80 8478 13776 29 130225
81 8520 10588 18 11082
82 8537 8597 36 2269
83 8552 10036 137 84470
84 8638 14453 32 33016
85 8657 8949 27 4405
86 8701 11282 105 189813
87 8880 11509 37 50047
88 9443 14003 84 165590
89 9510 11951 13 4342
90 9743 13480 44 179007
91 9760 15923 20 79322
92 9832 9984 127 15349
93 10048 14652 10 9644
94 10057 13630 130 318383
95 10142 11703 141 274173
96 10197 14443 46 190587
97 10522 12275 145 111430
98 10724 14156 56 194223
99 10756 11422 51 31209
100 10797 11861 11 5539
101 10884 11647 145 41567
102 10892 11204 59 2901
103 10981 15820 126 270032
104 11020 14523 54 185268
105 11098 12244 53 22891
106 11109 28065 115 671297
107 11144 14662 11 23063
108 11515 14632 50 74282
109 11528 11791 82 11379
110 11557 15181 14 11865
111 11605 11810 4 145
112 11670 14100 134 101660
113 11760 14046 147 113840
114 11830 16662 19 145375
115 11923 15135 147 166022
116 11937 16111 81 225709
117 12056 12167 102 4526
118 12395 12530 79 12222
119 12406 14712 11 35259
120 12505 12779 63 23123
121 12536 13685 14 5287
122 12549 16433 47 128670
123 12593 13857 72 64798
124 12594 16428 6 13994
125 12614 15500 101 79561
126 12663 19855 7 17439
127 12755 15884 41 107318
128 13227 15865 8 13019
129 13296 13699 50 7980
130 13445 24976 99 653321
131 13615 27221 46 235538
132 13632 17386 15 34883
133 13658 14431 36 12871
134 13689 18105 105 419346
135 13701 15038 71 67258
136 13777 15708 108 51367
137 13995 18855 4 5809
138 14041 14690 37 7193
139 14438 18748 30 147271
140 14451 20728 133 212663
141 14484 14619 36 5173
142 14722 18970 138 86229
143 14878 22217 44 133521
144 14896 16227 98 72833
145 14933 17743 123 263384
146 15082 17006 59 10626
147 15149 17826 17 11274
148 15322 17408 82 61598
149 15346 16612 28 26133
150 15447 20317 101 109974
151 15478 27566 32 310535
152 15498 21933 141 961183
153 15535 18503 24 130636
154 15626 15737 48 2127
155 15786 16621 54 5901
156 15822 17507 148 45539
157 15844 16629 34 20813
158 15949 16315 36 10956
159 15973 17636 72 67121
160 16059 16768 24 15875
161 16225 19879 48 74672
162 16231 22573 84 222897
163 16247 19696 12 20703
164 16249 16574 72 11758
165 16265 16322 104 2027
166 16514 17496 9 11520
167 16551 17334 77 25121
168 16636 16999 57 11162
169 16700 20155 60 79481
170 16755 17810 113 29404
171 17077 18986 27 17567
172 17255 18781 37 52250
173 17335 19455 77 283505
174 17434 19200 130 105770
175 17754 21171 105 160026
176 17871 25607 18 77078
177 17982 23288 74 280165
178 18058 18819 7 2536
179 18069 20263 14 8161
180 18311 23140 69 149606
181 18318 18780 21 3222
182 18418 19582 69 54996
183 18421 22624 147 236034
184 18557 23262 42 71386
185 18733 20294 8 6449
186 18743 25054 150 212089
187 18866 22821 45 52855
188 18928 23218 62 145563
189 18954 23624 119 273663
190 19161 19369 42 9652
191 19350 23019 4 5108
192 19480 19626 60 8063
193 19725 21240 50 44269
194 19742 22249 58 31307
195 19838 26284 7 43781
196 19848 20113 45 2836
197 19984 21196 37 16728
198 20002 24091 100 166497
199 20112 20479 10 2584
200 20187 21430 70 31153
201 20521 22445 17 5541
202 20763 25830 20 116638
203 21034 23015 78 79542
204 21046 22056 68 26273
205 21099 25344 45 24354
206 21111 21222 31 1507
207 21130 23652 14 17671
208 21397 23770 12 19774
209 21455 26547 26 47435
210 21513 22599 26 36981
211 21611 22402 58 21684
212 21663 23541 7 2557
213 21718 22266 16 8257
214 21729 26556 83 88121
215 21792 21955 92 9945
216 21809 22278 102 53483
217 21867 23751 106 95729
218 21893 21995 45 4587
219 21942 22174 106 9666
220 22002 22038 14 210
221 22006 28835 147 327925
222 22178 22237 72 2540
223 22182 22547 136 44907
224 22309 26699 60 137322
225 22312 30133 36 101305
226 22496 32340 6 36433
227 22579 26908 19 13864
228 22636 26568 101 232202
229 22735 26678 61 49188
230 22780 24932 48 34965
231 22787 26457 4 7809
232 22885 32483 125 164099
233 22921 23293 117 35825
234 23049 28986 106 159523
235 23053 23660 28 7282
236 23068 25401 92 143629
237 23081 25050 6 17427
238 23283 23686 23 4995
239 23378 24191 40 15872
240 23388 24454 5 3126
241 23450 26482 31 68594
242 23562 27371 43 114288
243 23602 26815 31 36006
244 23723 26748 91 133115
245 23820 36821 137 914575
246 23844 23881 107 1044
247 23848 34520 21 48810
248 24003 26398 113 87103
249 24053 25452 36 52413
250 24068 24776 49 21176
251 24292 27614 36 156109
252 24386 27344 24 9485
253 24408 26985 46 31508
254 24502 25415 69 65574
255 24712 28539 146 197984
256 24992 32398 33 220282
257 25153 27639 107 271027
258 25186 32118 23 149792
259 25209 32591 122 355580
260 25296 31092 29 50075
261 25320 26338 7 6742
262 25824 46128 49 1229639
263 25841 26295 7 2018
264 25937 30994 4 3526
265 26109 36231 83 281964
266 26132 28767 86 22610
267 26218 30634 140 332454
268 26266 33754 122 869308
269 26271 27381 98 67984
270 26329 29752 29 51812
271 26345 26970 39 8763
272 26380 29591 131 99764
273 26392 31329 85 286343
274 26439 37691 141 400361
275 26470 28480 26 8701
276 26480 30223 30 117771
277 26628 34466 73 361276
278 26778 27505 38 6676
279 26816 28455 16 11040
280 26900 33489 13 15896
281 27070 36022 90 410345
282 27169 32754 148 135057
283 27235 29624 68 109103
284 27422 34906 93 195629
285 27993 29211 131 95223
286 28037 31042 56 93373
287 28120 29438 64 25874
288 28296 28742 113 34267
289 28308 29696 131 70468
290 28329 29868 13 14897
291 28364 30141 49 60815
292 28399 30238 48 103865
293 28869 36794 5 24427
294 28915 30242 80 134160
295 29026 31284 68 76130
296 29113 30668 16 17570
297 29224 33037 14 21606
298 29242 32169 141 223995
299 29393 33044 101 216406
300 29512 29931 90 14375
301 29548 35472 13 40483
302 29568 34022 64 78469
303 29588 34735 20 19522
304 29794 30672 7 2785
305 29964 30399 55 10877
306 30048 30091 34 431
307 30123 32409 95 147999
308 30158 33880 30 24152
309 30284 34985 11 15615
310 30761 31738 114 72318
311 30905 45895 15 85523
312 31055 31408 72 13173
313 31088 34730 17 10620
314 31099 36387 18 39820
315 31142 31992 112 126823
316 31254 32285 102 27717
317 31295 35115 14 26358
318 31303 37583 6 9885
319 31361 42503 9 74873
320 31405 34375 37 98461
321 31414 34180 27 11813
322 31429 32637 18 7894
323 31461 34669 9 26871
324 31505 31832 57 9122
325 31543 34305 12 13576
326 31615 33118 107 204039
327 31639 32237 58 13229
328 31743 36895 85 163664
329 31810 33249 39 24073
330 31836 33856 91 107722
331 31994 32971 84 77066
332 32013 32700 145 83858
333 32029 35807 113 246926
334 32071 33055 14 10807
335 32164 32595 117 52831
336 32219 35272 115 223473
337 32242 37434 65 241931
338 32392 34647 32 34058
339 32617 36939 122 331099
340 32624 38612 99 158545
341 32635 34941 122 92249
342 32643 35989 86 162499
343 32848 34350 57 70545
344 32889 35438 87 118713
345 33080 37417 20 12089
346 33186 52063 14 283283
347 33203 44405 49 64182
348 33514 45084 61 451236
349 33578 37430 147 302712
350 33651 37019 49 38466
351 33669 37836 113 550783
352 33748 44714 83 685833
353 34069 34525 113 50462
354 34194 38814 10 30926
355 34319 34567 21 4276
356 34349 39208 16 25067
357 34628 37189 12 6525
358 34711 41583 119 194043
359 34764 42893 95 233388
360 34844 43110 6 35514
361 34926 36492 20 22409
362 35058 45815 34 61715
363 35208 36306 14 8057
364 35312 36701 36 14779
365 35433 37284 26 19179
366 35700 38256 11 6305
367 35731 37198 44 33945
368 35901 38173 9 9885
369 36012 38609 14 5882
370 36140 38659 108 287544
371 36143 36304 77 3416
372 36232 40606 72 183435
373 36270 41940 8 23397
374 36307 40152 100 61589
375 36434 38431 27 24480
376 36456 40291 43 45364
377 36502 40073 59 131236
378 36508 41811 16 24334
379 36522 40932 58 61605
380 36543 38456 78 35258
381 36567 36810 31 13064
382 36569 37423 46 22715
383 36590 36868 27 2669
384 36602 38295 45 27356
385 36606 38155 53 66407
386 36670 36942 60 9428
387 36685 37489 82 31832
388 36856 39984 47 63551
389 37091 37432 110 49346
390 37285 37936 32 9472
391 37317 44906 50 133860
392 37374 38925 30 42496
393 37462 40163 62 72197
394 37582 38271 58 6533
395 37692 43515 118 182692
396 37848 38376 14 4093
397 37918 38311 4 959
398 38841 39630 124 37768
399 38906 40339 81 50444
400 39108 39202 78 6200
401 39219 43084 10 16029
402 39244 42465 39 38907
403 39578 48500 143 775114
404 39654 43393 72 82999
405 39667 41143 109 182992
406 39815 41122 18 36541
407 39846 42011 118 70251
408 39919 42772 143 391139
409 40125 49833 144 381747
410 40177 40942 25 14710
411 40202 48580 139 153912
412 40328 49141 14 39682
413 40332 44708 64 53280
414 40517 44111 24 66601
415 40539 40894 108 24916
416 40713 40933 11 1896
417 40761 41975 49 23719
418 40834 44604 55 103713
419 40854 41337 110 34890
420 41274 47119 23 30911
421 41354 46867 88 161237
422 41405 47881 6 9012
423 41445 41521 47 1709
424 41571 41779 97 5578
425 41631 41881 12 1475
426 41675 45880 101 372943
427 41955 42658 109 31589
428 42123 44898 10 17389
429 42250 54274 126 1243164
430 42344 43022 103 90947
431 42348 43170 141 44674
432 42407 45769 148 385356
433 42418 43207 19 11051
434 42779 42867 55 5420
435 42865 46615 51 202205
436 42918 43137 24 3019
437 42938 43988 81 61968
438 42975 45720 29 51970
439 43107 53718 123 215931
440 43245 43339 113 11558
441 43350 51696 30 110724
442 43789 48954 38 62587
443 43815 44216 46 8435
444 44106 48146 49 118603
445 44110 59111 14 78382
446 44203 48667 76 121175
447 44247 46843 109 182364
448 44412 47870 33 43885
449 44456 45618 130 118798
450 44520 44576 128 7555
451 44563 44963 117 30701
452 44635 51339 94 383877
453 45122 46126 23 10401
454 45123 48607 120 163780
455 45275 56496 103 3233612
456 45304 46393 60 115456
457 45326 47584 75 74934
458 45485 52549 39 397510
459 45746 47539 110 59993
460 45819 46451 144 16938
461 45937 47000 51 27708
462 46074 48158 85 54887
463 46163 47049 86 33376
464 46214 48171 38 17849
465 46374 46659 27 4308
466 46505 46575 33 723
467 46544 47452 5 2239
468 46821 50288 137 165073
469 46847 48313 142 44527
470 46886 50376 73 109507
471 46959 48312 32 16877
472 46982 48260 118 48334
473 46987 48821 9 10524
474 47026 47063 46 1275
475 47098 48433 15 5705
476 47241 47631 9 1791
477 47380 48182 10 4854
478 47454 49784 143 128340
479 47497 48669 138 61847
480 47673 52143 42 39923
481 47778 50680 76 247610
482 47781 48389 10 5285
483 47798 48631 74 29818
484 47822 50183 10 21930
485 47896 49157 17 7108
486 48015 51151 35 23459
487 48049 49362 9 4099
488 48057 49047 83 26027
489 48086 48498 14 4529
490 48178 56088 9 62326
491 48301 52831 61 72488
492 48365 48995 99 29127
493 48381 49788 62 24611
494 48514 48897 48 3599
495 48571 54508 31 59156
496 48585 51625 10 18913
497 49020 50404 27 22764
498 49035 49232 138 14865
499 49139 49246 145 4807
500 49181 50799 13 3752
501 49374 49416 145 1768
502 49489 52470 59 336920
503 49592 51420 103 132911
504 49632 63284 4 9403
505 49683 52599 95 241901
506 49708 55781 110 277972
507 49806 53634 14 13329
508 49921 55885 28 42897
509 49946 53591 22 99822
510 49973 51002 48 12770
511 49977 51687 8 7205
512 50038 50580 90 22083
513 50209 51049 23 7598
514 50224 51772 72 20701
515 50322 52888 87 69938
516 50405 52944 26 14558
517 50604 56214 119 227681
518 50774 51636 81 18028
519 50851 55286 20 25806
520 50855 51682 52 36090
521 50891 52971 125 95633
522 50921 51264 135 42762
523 50928 54836 29 43401
524 50992 52690 29 9019
525 51067 51148 14 399
526 51125 52145 82 47097
527 51137 51379 31 2238
528 51183 51208 8 187
529 51216 52295 88 43624
530 51441 53405 104 124535
531 51573 52381 111 53106
532 51582 52258 8 3568
533 51718 53174 80 76319
534 51791 54230 137 162313
535 51844 60804 11 84968
536 51944 51994 59 2302
537 51987 53398 6 11271
538 52072 54286 53 82493
539 52233 56462 29 61828
540 52272 56658 44 42241
541 52301 55324 96 202959
542 52325 58200 129 304887
543 52338 52744 38 12512
544 52350 52601 85 13106
545 52551 70655 17 225418
546 52572 52641 14 647
547 52583 59550 16 31829
548 52700 55305 79 125588
549 52754 53389 23 8313
550 52879 55002 8 5496
551 53011 54233 101 101020
552 53055 55653 14 31669
553 53095 54272 40 10473
554 53120 59904 13 86162
555 53204 58912 127 147215
556 53323 55025 71 129185
557 53332 59438 16 48193
558 53659 56198 51 54973
559 53755 56770 133 100474
560 53847 54372 108 19024
561 53949 63165 50 88181
562 54120 55607 15 14756
563 54361 59204 95 105264
564 54374 56788 64 139637
565 54443 54623 62 3966
566 54552 57555 24 46779
567 54595 55838 21 15591
568 55142 61010 69 84121
569 55297 55860 48 18571
570 55395 55868 35 9592
571 55439 58447 28 33509
572 55509 58427 5 7734
573 55527 56604 35 20627
574 55554 55592 33 1601
575 55622 65882 11 32085
576 55639 58658 56 85538
577 55786 64779 6 10972
578 55805 56733 89 75141
579 56060 56599 10 2660
580 56140 62288 32 54549
581 56163 61621 73 240222
582 56428 58106 15 14860
583 56488 59542 113 61242
584 56539 57569 90 54563
585 56556 61036 94 327466
586 56616 58211 141 78238
587 56617 64874 73 134685
588 56781 58399 23 18244
589 56842 61466 99 127629
590 56887 66283 72 451860
591 57051 58264 61 34882
592 57196 60218 17 14625
593 57234 59771 5 6850
594 57461 64469 127 377375
595 57490 60582 107 106227
596 57552 58653 127 49630
597 57580 57682 118 11473
598 57659 58156 116 9642
599 57773 61092 102 114764
600 57893 66482 14 24219
601 58023 61974 65 297950
602 58037 62031 98 120087
603 58082 60389 34 84558
604 58430 59486 50 17477
605 58453 59677 116 71142
606 58530 59560 80 27840
607 58558 59081 78 13166
608 58663 62887 23 34550
609 58788 60285 4 3670
610 58887 59650 123 105158
611 59312 60413 43 63777
612 59386 64495 115 212737
613 59485 65063 27 51814
614 59555 59594 127 8823
615 59729 59868 122 15200
616 59881 60051 142 19350
617 59886 62430 10 15822
618 60048 61687 45 65811
619 60087 66957 98 802032
620 60094 60175 102 1647
621 60096 64165 29 27138
622 60177 62749 113 78482
623 60191 60652 33 13682
624 60294 65765 116 347007
625 60320 64635 21 57041
626 60707 61138 82 16545
627 60711 61331 60 18786
628 60737 63028 124 157552
629 60870 62823 72 64464
630 60886 67070 149 257543
631 60969 61067 105 3985
632 61006 68490 34 177426
633 61041 61194 45 5657
634 61068 61491 140 30883
635 61100 62310 11 9521
636 61141 61976 54 19339
637 61179 62835 24 29719
638 61530 65069 83 182251
639 61532 66550 86 490836
640 61699 72605 71 319340
641 61721 61958 35 3942
642 61866 63964 27 19367
643 62064 62743 64 63562
644 62214 63442 75 61283
645 62270 65696 16 6626
646 62401 68987 50 96539
647 62542 63080 70 21640
648 62595 64664 114 267052
649 62599 63547 44 13263
650 62702 64460 53 26171
651 62747 68653 39 64214
652 62832 62891 6 738
653 62941 63135 37 4438
654 63115 64944 132 96348
655 63296 66003 102 71770
656 63478 71037 69 122774
657 63778 63809 16 376
658 63861 64487 13 3189
659 63945 64404 67 18210
660 64019 64820 136 26434
661 64213 70934 71 39614
662 64443 66950 15 33072
663 64482 66247 55 43940
664 64618 69235 93 128112
665 64669 66207 145 120663
666 64697 65160 90 8714
667 65085 66158 22 11261
668 65110 72015 18 63297
669 65208 69435 47 178302
670 65256 66301 65 71089
671 65302 70023 42 74273
672 65435 68171 18 34044
673 65447 71464 146 104491
674 65625 65664 42 3785
675 65630 65922 99 10639
676 65673 67742 143 151947
677 65756 66775 7 1242
678 65829 66355 22 5606
679 65915 69365 86 99837
680 65965 66936 118 27080
681 66048 68132 55 36581
682 66077 69347 84 81273
683 66188 66279 26 2072
684 66363 69436 33 79626
685 66476 69582 136 72573
686 66511 72068 5 10645
687 66643 72558 131 250296
688 66659 72116 34 92149
689 66758 78612 111 861005
690 66781 69255 49 57932
691 66857 68694 114 174514
692 67352 67375 99 1545
693 67384 73789 28 42192
694 67573 70073 102 106614
695 67616 68425 98 38966
696 67658 68482 56 16562
697 67661 72213 13 17959
698 67714 80626 22 90291
699 67726 68777 132 55598
700 67819 69500 8 6709
701 67853 71357 88 76757
702 67924 69343 16 1921
703 68036 71754 110 250764
704 68054 68857 96 50682
705 68105 68107 115 171
706 68605 70769 6 6987
707 68720 71647 76 360411
708 68867 69581 30 5443
709 68936 79731 11 72344
710 69047 74144 144 743242
711 69069 71703 56 140733
712 69084 70753 92 61870
713 69141 71573 56 44484
714 69223 71852 46 47662
715 69361 70323 9 5544
716 69566 70790 14 4652
717 69594 73999 115 209483
718 69623 80053 32 104669
719 69700 76717 101 493788
720 69724 70812 44 25047
721 69747 76534 133 217852
722 69751 70799 20 13021
723 69852 73418 121 133493
724 69905 71132 12 3042
725 70100 70107 18 40
726 70188 74493 51 56229
727 70264 72173 49 11926
728 70377 72060 75 86258
729 70454 70557 147 7437
730 70656 70972 62 17082
731 70692 74167 49 41376
732 70824 74190 7 12590
733 70860 71825 142 50358
734 70962 74674 6 4893
735 71303 85015 6 17773
736 71321 75226 93 456598
737 71323 73031 33 13730
738 71331 71700 14 2982
739 71436 72590 25 7909
740 71479 75028 87 97758
741 71495 73350 107 166774
742 71556 71929 49 6504
743 71627 71744 115 10010
744 71696 71829 4 432
745 71723 74388 29 47212
746 71896 72506 109 29898
747 72087 72473 79 28845
748 72281 72399 120 4741
749 72341 75638 26 28934
750 72400 76498 58 68528
751 72655 72892 95 5659
752 72669 77429 146 414228
753 72718 74133 12 41145
754 72928 73490 12 3932
755 72941 80745 30 107392
756 73006 79998 35 87019
757 73130 77451 59 79636
758 73169 75267 67 34546
759 73226 73957 19 4814
760 73320 73774 106 71194
761 73357 74696 149 152647
762 73365 78133 39 97262
763 73452 75162 46 56047
764 73540 75712 19 33053
765 73585 73683 30 1570
766 73858 75478 25 15296
767 73898 77437 82 102496
768 74042 79576 15 26958
769 74146 75264 19 9588
770 74404 75154 111 70254
771 74578 80473 144 414953
772 74768 76027 25 33784
773 74776 86188 13 23311
774 74848 75013 144 17821
775 74891 77611 25 28775
776 75061 77469 40 37779
777 75127 75595 26 1799
778 75202 76053 8 4149
779 75292 80603 5 6060
780 75330 76617 92 31931
781 75425 76938 103 89485
782 75521 75573 17 437
783 75526 87990 55 314367
784 75594 75842 19 2670
785 75744 82453 13 27491
786 76072 77942 125 86008
787 76095 81514 50 100262
788 76141 79807 137 208702
789 76277 76425 137 24276
790 76358 77211 22 7565
791 76504 79987 141 411870
792 76528 76753 17 955
793 76635 82458 25 76790
794 76687 78787 5 3035
795 76752 78687 41 98408
796 76870 80266 128 130953
797 77230 81886 55 47250
798 77379 81113 114 516502
799 77434 79273 40 19719
800 77477 79768 90 93220
801 77566 79326 40 68187
802 77624 80649 5 7040
803 77635 77696 86 5627
804 77837 80372 24 28039
805 77962 79959 8 5058
806 78061 78516 28 2523
807 78181 81953 14 19828
808 78309 81141 90 123110
809 78619 84141 7 22885
810 78836 81851 10 16470
811 78848 82941 67 65063
812 78949 79176 8 733
813 78972 81512 91 62556
814 79094 79414 79 20564
815 79219 79379 110 15131
816 79282 80138 122 45968
817 79322 81122 24 31572
818 79363 82401 30 30651
819 79725 84936 126 169543
820 79779 84133 4 5180
821 79901 82460 116 75784
822 79966 82910 14 19680
823 80048 81566 96 178082
824 80488 83478 143 211009
825 80584 85853 59 56398
826 80607 81368 132 22566
827 80824 81850 134 178696
828 80918 83818 5 2244
829 81091 82955 85 51769
830 81204 82240 69 91565
831 81365 83633 97 65156
832 81507 81689 76 6684
833 81539 84627 9 19920
834 81599 82506 86 59265
835 81720 82695 52 31452
836 81749 88327 16 13976
837 81763 82952 93 22106
838 81918 84604 82 60893
839 81924 83545 45 30910
840 82040 83037 42 40591
841 82071 82686 8 2971
842 82108 82474 65 16815
843 82287 82384 37 1618
844 82554 86732 113 276040
845 82589 83442 101 22711
846 82592 88932 106 306012
847 82615 83317 150 119592
848 82755 85473 95 53365
849 82818 84462 87 33017
850 82886 83464 124 33949
851 82900 87332 41 83796
852 82917 93935 18 121761
853 82998 85091 73 108750
854 83035 83260 65 5020
855 83101 85042 33 44317
856 83375 88968 23 126020
857 83546 84913 11 10491
858 83982 84046 62 2173
859 84347 84780 35 33532
860 84386 84628 29 2555
861 84423 85405 94 49765
862 84463 88987 59 75432
863 84475 87319 51 57664
864 84636 96334 32 187882
865 84710 88352 47 44294
866 84717 89820 45 88817
867 84735 87841 29 9154
868 84740 87281 47 48959
869 84802 86144 18 22565
870 84921 93479 84 244754
871 84949 87483 85 75617
872 84951 85516 17 10376
873 84971 87069 38 81375
874 85039 86611 140 43931
875 85119 86856 130 166892
876 85162 97030 92 314523
877 85438 87335 130 141368
878 85484 87429 5 5873
879 85512 86736 38 28704
880 85519 91130 115 302443
881 85556 86747 8 3619
882 85589 85734 87 9929
883 85893 91420 80 284484
884 85974 89959 84 116292
885 86017 86873 65 11452
886 86109 87310 145 78989
887 86438 97320 119 317154
888 86455 87298 11 2460
889 86480 87833 31 24897
890 86514 86901 125 12942
891 86536 87039 79 8186
892 86586 87852 89 43394
893 86621 86940 80 6068
894 86689 92304 16 53910
895 86708 90864 23 95841
896 86799 88905 39 64833
897 86847 90283 35 60530
898 86883 87264 56 16029
899 86916 90521 43 66700
900 87287 89641 89 49277
901 87315 89698 143 104884
902 87360 90560 70 83951
903 87459 87569 21 2738
904 87590 88126 70 8865
905 87641 88850 136 93969
906 87782 88445 98 117110
907 87910 95235 5 27126
908 87936 89327 25 25391
909 88001 94934 71 284126
910 88079 90595 13 12782
911 88266 89448 94 85223
912 88274 89844 16 17538
913 88278 92545 27 62429
914 88367 90095 16 4270
915 88382 91583 52 49771
916 88414 89220 48 45205
917 88722 89907 21 12940
918 88752 91350 53 28205
919 88872 92643 91 391739
920 88934 89336 31 4717
921 88995 92334 27 19572
922 89056 89646 6 1679
923 89206 89229 31 441
924 89303 92891 19 19010
925 89358 91617 57 53500
926 89436 90493 105 40483
927 89505 92780 36 55875
928 89738 91267 36 34091
929 89880 92323 36 29448
930 89898 97077 36 118036
931 89960 90224 56 7508
932 89971 94623 56 125065
933 89977 99082 61 339068
934 89984 91158 13 10450
935 90008 91010 16 12372
936 90037 91428 147 129300
937 90105 98455 12 23048
938 90310 91328 109 79072
939 90349 93291 6 6501
940 90618 95777 49 119211
941 90717 90928 25 2280
942 90816 91446 6 733
943 90835 94026 119 100671
944 90866 91966 78 55125
945 90897 92052 98 55130
946 90968 96376 35 73390
947 91318 92240 78 53913
948 91782 98010 114 361752
949 91984 95915 40 73075
950 92103 94878 73 72966
951 92105 94914 46 50999
952 92329 93673 133 113730
953 92330 93390 5 2331
954 92388 98001 116 569072
955 92503 92739 7 1192
956 92510 92546 118 1643
957 92607 92763 49 2550
958 92702 94903 19 30943
959 92714 98857 60 207718
960 92890 93465 21 7169
961 93042 98785 62 85259
962 93258 99693 93 148292
963 93309 93445 10 1883
964 93392 96165 146 223622
965 93396 93579 23 1383
966 93772 96940 4 4520
967 94002 96649 7 3523
968 94168 96279 8 7174
969 94188 96239 56 45106
970 94309 97090 135 262219
971 94365 97050 100 171108
972 94374 97789 105 245835
973 94403 94996 23 3524
974 94531 95437 5 7250
975 94651 97588 38 61801
976 94738 97781 139 255848
977 94743 99619 16 18643
978 94857 95035 57 3149
979 95004 97814 77 146532
980 95137 95783 147 39069
981 95250 96195 46 40505
982 95363 96387 33 7020
983 95413 96435 131 103342
984 95640 96660 4 2208
985 95755 96778 50 55998
986 95810 97058 10 14322
987 95959 96276 109 16755
988 95970 97686 137 186604
989 96066 97373 131 67298
990 96333 98882 87 217172
991 96613 97363 15 3064
992 96667 99432 51 79431
993 97580 97922 132 17361
994 97812 98025 6 367
995 98088 98249 109 17131
996 98286 99491 5 2205
997 98707 98982 96 12609
998 99013 99089 51 2694
999 99488 99854 55 35675
