50 1000 0.005
..................................................
..................................................
..................................................
..................................................
..................................................
..................................................
..................................................
..................................................
......................................##..........
.......................................#..........
..................................................
..................................................
..................................................
..................................................
..........................................##......
......................##..........................
......................##.....................#....
...........................................###....
............................................#.....
..................................................
..................................................
.............#.....##.............................
.............###...##.............................
.#.#..........#...................................
####..............................................
..#...................................#...........
....................................####..........
.....................................##...........
......................................##..........
..................................................
..................................................
..................................................
..................................................
..................................................
..................................................
..................................................
...............#..................................
..#...............................................
#.##..............................................
###.............................................##
#.#......................................#.......#
.........................................#........
..................................................
..................................................
.....................#............................
...................#####..........................
...................#..#...........................
................................................##
..................##...........................###
..................##............................##
0 103 508 11 1796
1 265 946 83 47813
2 332 5321 17 25818
3 407 4903 22 70115
4 608 5300 27 27310
5 660 1998 5 7824
6 843 5735 35 86429
7 857 4030 25 45455
8 1005 1606 36 11395
9 1008 6347 56 154444
10 1016 1958 76 96910
11 1290 3774 82 140004
12 1403 4613 22 53433
13 1453 3630 35 45371
14 1520 19961 138 546916
15 1819 5811 19 28128
16 1831 2905 143 65913
17 1994 6478 92 288233
18 2308 3992 20 26982
19 2466 13116 37 132221
20 2675 4195 142 72003
21 2680 16671 7 44576
22 2924 11058 133 175081
23 2926 14147 77 598158
24 2958 3642 90 66164
25 3197 10279 6 12764
26 3234 5874 109 179042
27 3257 9169 5 6593
28 3332 6442 24 41142
29 3620 14885 81 539572
30 3621 8965 72 240322
31 3705 5129 5 6035
32 3807 10592 57 257927
33 3879 7805 81 128777
34 3880 6188 40 69741
35 4037 6781 55 60651
36 4704 7896 8 11704
37 4747 17943 8 16429
38 4833 6252 57 69778
39 4834 4939 28 761
40 4899 5768 93 19779
41 4962 5789 7 4801
42 4968 8590 24 28720
43 4987 10210 39 133361
44 5039 9151 94 290700
45 5098 13253 86 526823
46 5195 11667 123 1052226
47 5349 6577 108 129112
48 5407 10432 39 82425
49 5505 14270 34 87829
50 5608 18737 114 594612
51 5779 15756 149 965541
52 5852 6822 112 68677
53 5896 6269 126 20682
54 6337 8004 8 4211
55 6349 8054 15 31648
56 6382 6682 46 4345
57 6536 12699 10 29172
58 6545 9079 86 57758
59 6555 14203 118 489090
60 6654 18859 60 1241745
61 6671 8821 5 12254
62 6968 20531 117 181300
63 7005 26722 62 329544
64 7079 7169 122 4375
65 7315 21146 14 38218
66 7334 10833 32 16569
67 7389 15551 113 302570
68 7418 12639 28 66067
69 7477 13560 8 19095
70 7561 8916 43 20181
71 7591 9012 145 51996
72 7614 13713 63 332457
73 7659 17556 112 755763
74 7847 11475 99 166459
75 8022 17593 78 733503
76 8303 8412 5 514
77 8493 11749 143 114667
78 8528 11947 110 172155
79 8573 14858 39 94666
80 8658 10768 39 47515
81 8782 12529 9 6214
82 8820 15918 44 156556
83 8978 12497 63 93741
84 8996 16271 57 255929
85 9051 13161 79 204434
86 9159 10064 105 113948
87 9256 20029 7 50323
88 9267 9652 21 6846
89 9270 12903 28 53630
90 9282 12569 14 18722
91 9331 9341 135 1448
92 9340 13852 82 144875
93 9437 13217 100 111991
94 9612 10122 111 106874
95 9707 10363 68 29455
96 9822 15976 138 210489
97 10079 14319 5 6564
98 10153 13075 33 59897
99 10163 11865 31 33394
100 10204 11681 84 59027
101 10407 12724 62 117657
102 10610 12154 78 32987
103 10615 10912 104 9928
104 10643 11648 19 5168
105 10924 16078 47 40367
106 10975 15445 45 77299
107 10983 20307 73 541968
108 10991 19684 107 884769
109 11071 11073 22 39
110 11143 13169 38 54053
111 11298 12157 78 18885
112 11360 12581 64 36522
113 11497 15282 13 12903
114 11669 27703 12 137289
115 11716 11965 79 9145
116 11944 16339 101 253721
117 12206 17599 20 86774
118 12213 12871 37 7822
119 12442 13933 61 79127
120 12638 13564 21 18537
121 12690 15676 27 29767
122 12713 18799 93 99596
123 12753 24663 107 432997
124 12977 22761 106 248429
125 13006 19092 141 234847
126 13235 21616 98 261040
127 13247 14416 48 17273
128 13263 19490 4 18754
129 13628 17471 15 33660
130 13678 29852 92 199791
131 13700 14678 54 58799
132 13771 20891 48 109045
133 13926 23870 21 57236
134 14042 14356 52 11492
135 14062 14173 134 10759
136 14189 19486 123 495421
137 14375 17353 44 73377
138 14410 22998 110 208269
139 14456 21664 135 862939
140 14520 15324 103 37552
141 14551 14786 22 2932
142 14668 15353 98 29554
143 14729 16623 45 28352
144 15009 16535 114 60618
145 15109 16874 59 50327
146 15202 24152 13 12854
147 15328 15734 8 991
148 15547 18991 68 103419
149 15568 22670 139 350946
150 15729 16172 128 27286
151 15895 17230 82 47176
152 16097 17642 108 62222
153 16188 16617 6 825
154 16239 20479 32 57053
155 16444 17732 76 88054
156 16456 20992 57 83253
157 16669 38364 62 421637
158 16781 18732 87 67358
159 16818 33229 105 739754
160 17016 18957 13 11016
161 17087 19530 110 100355
162 17156 18677 97 68504
163 17251 39412 22 242011
164 17252 24169 114 166105
165 17303 19316 13 27372
166 17652 21770 25 43028
167 17899 27025 14 101334
168 18008 18055 76 1553
169 18262 22208 12 38357
170 18320 18978 50 11975
171 18322 24151 54 130863
172 18540 24574 29 43909
173 18674 18743 74 6941
174 18832 20602 15 15418
175 18928 20355 10 4033
176 19000 25807 40 93301
177 19169 19431 68 8728
178 19281 24636 13 35644
179 19290 25430 27 68834
180 19399 31063 67 285935
181 19459 19595 6 1202
182 19694 29203 128 206856
183 19710 20668 58 52703
184 19742 25150 12 27320
185 19887 20114 22 3824
186 19892 22553 134 103846
187 20046 25889 4 9166
188 20064 26229 34 131805
189 20496 21130 143 84994
190 20547 23863 37 61876
191 20718 22932 38 21895
192 20806 25876 14 45874
193 20815 21516 50 56028
194 20898 25833 142 359820
195 21024 27938 147 362388
196 21169 25040 20 10370
197 21280 34398 34 122612
198 21288 24524 104 129087
199 21355 25882 89 114205
200 21434 28880 7 40421
201 21483 22053 21 7406
202 21582 24790 121 87132
203 21660 34040 61 551593
204 21707 25614 125 350502
205 21786 21978 106 5458
206 21797 25934 47 149983
207 21877 23466 93 66475
208 22312 25188 55 45103
209 22362 22603 89 8612
210 22426 25840 60 96603
211 22480 33192 79 250485
212 22628 39741 132 1496205
213 22747 25110 18 41501
214 22751 26909 135 458328
215 22758 22905 86 5380
216 22760 23766 83 16617
217 22833 28094 45 78078
218 22841 30124 49 244841
219 22885 26119 68 118873
220 23079 26492 41 70154
221 23136 25920 16 37191
222 23291 26978 98 96557
223 23462 27442 69 107328
224 23576 30626 88 429962
225 23618 26120 105 75987
226 23631 30393 8 42437
227 23681 28617 62 34303
228 23688 24445 24 9880
229 23700 29582 36 43143
230 23782 24606 50 9178
231 23790 28542 112 180677
232 24143 24897 19 6821
233 24637 26486 11 40181
234 24712 28220 48 37505
235 24952 25938 36 17599
236 25038 40205 79 303199
237 25168 29056 16 21130
238 25268 30312 16 34484
239 25334 31492 61 653019
240 25541 26011 39 22564
241 25631 32163 27 50335
242 25659 28136 17 24433
243 25720 27282 23 6656
244 25797 26197 30 4868
245 25844 27709 14 2940
246 25907 37906 23 89461
247 25983 29050 73 205254
248 26121 31242 147 532392
249 26286 27902 109 118773
250 26299 26849 26 3500
251 26463 27216 33 11255
252 26660 28240 9 6374
253 26710 29533 74 229330
254 26867 28805 104 127825
255 26980 34403 68 173279
256 27077 29797 52 35220
257 27225 28019 40 14837
258 27330 36024 8 17227
259 27391 32654 144 262685
260 27399 28838 8 5573
261 27541 31687 68 193421
262 27596 28153 7 2573
263 27708 42354 100 1123502
264 27717 31190 31 35153
265 28043 35513 74 129520
266 28111 39638 69 724040
267 28116 36499 14 55718
268 28148 34753 22 52834
269 28200 29086 74 55646
270 28202 32836 126 252511
271 28309 34933 12 17256
272 28316 29801 147 86355
273 28353 31845 8 16067
274 28369 31140 67 145878
275 28541 29271 4 1458
276 28559 41415 147 490864
277 28614 49550 18 211742
278 28689 35209 70 473081
279 28774 33817 71 114469
280 28797 31420 29 77277
281 28801 29055 43 8526
282 28806 30003 9 13070
283 28854 29903 34 6974
284 28887 30330 62 53939
285 28962 30827 58 92180
286 29719 32306 76 54349
287 29731 33364 81 114436
288 29761 34657 16 21295
289 29822 30902 7 1464
290 29932 34321 30 199423
291 29933 44009 21 112270
292 29975 31159 21 17870
293 30175 32157 111 50751
294 30186 37683 108 140214
295 30514 30836 63 15295
296 30546 32640 140 244502
297 30593 30896 78 9996
298 30648 31451 93 58279
299 30666 34912 61 52003
300 30741 36449 101 238880
301 30782 34960 20 31252
302 30891 32198 122 74651
303 31097 32759 50 55501
304 31272 38808 93 592826
305 31273 31562 13 3368
306 31343 31400 9 271
307 31389 32334 149 68660
308 31645 36636 75 230201
309 31734 32433 8 3131
310 31754 33856 21 18612
311 31785 36013 8 9758
312 31816 42410 100 443414
313 31886 40643 9 21379
314 32007 32346 129 17926
315 32040 36595 90 341852
316 32073 33327 29 20688
317 32203 34466 28 29394
318 32206 34288 96 93534
319 32368 36864 90 440313
320 32417 33661 19 15904
321 32517 37605 29 144270
322 32607 37385 17 28583
323 32609 44467 17 77761
324 32668 34867 14 16713
325 32711 37445 17 7690
326 32725 39343 50 95319
327 32729 33480 91 52023
328 32996 33728 74 15337
329 33044 33326 22 2497
330 33536 37373 16 28441
331 33698 54798 138 380026
332 33715 37362 7 5744
333 33844 37866 13 27926
334 33849 58616 117 1974008
335 33897 33963 7 167
336 33930 39143 29 121500
337 33944 35286 33 50448
338 34175 45112 27 97901
339 34283 39307 49 132218
340 34343 44401 138 467986
341 34556 43321 128 197177
342 34659 36288 102 114936
343 34783 36145 62 34133
344 34850 36084 6 6569
345 34999 36906 30 34974
346 35254 37400 56 53104
347 35297 35553 42 5887
348 35581 37515 13 24004
349 35621 38150 6 5355
350 35869 46728 37 70866
351 35924 39797 27 36247
352 36020 36702 6 1798
353 36080 41835 124 215488
354 36118 40192 10 17107
355 36177 36708 59 15820
356 36294 42404 24 93243
357 36370 37647 86 49081
358 36613 36836 66 5804
359 36625 39121 18 9513
360 36809 37988 44 24968
361 37146 39174 70 55254
362 37174 37351 25 3546
363 37181 38038 138 88974
364 37240 51609 90 362620
365 37291 44362 40 135969
366 37325 50905 58 898369
367 37414 38242 62 13112
368 37500 42884 74 180271
369 37697 42051 93 223920
370 37705 38904 52 26034
371 37728 40636 57 41286
372 37779 37801 57 830
373 37934 40992 69 86510
374 38013 42792 37 80945
375 38020 47113 27 66973
376 38209 41078 13 28764
377 38353 55664 123 504041
378 38450 39643 122 81721
379 38540 39547 64 15402
380 38561 43668 106 323311
381 38817 39252 9 1413
382 38881 40940 8 6366
383 38911 43516 72 130761
384 38940 45738 6 15991
385 39042 40190 45 15560
386 39321 44012 139 203593
387 39415 43841 117 336626
388 39416 49030 24 76868
389 39683 40065 5 724
390 39770 48091 135 340232
391 39846 45623 42 100483
392 39862 43961 80 180916
393 39895 41529 71 96772
394 39926 45352 40 57433
395 39997 56608 24 248675
396 40001 41073 18 7092
397 40161 42357 128 120484
398 40355 42402 92 63650
399 40426 43778 18 22373
400 40509 47735 148 746939
401 40560 44823 6 7311
402 40639 41419 120 45640
403 40658 61031 133 449534
404 40759 43373 93 367500
405 40827 50850 133 709205
406 40912 42078 66 8283
407 40939 42398 118 37113
408 40948 47490 145 812044
409 41018 45885 7 28709
410 41099 49579 39 310604
411 41124 42045 142 75817
412 41143 52943 26 94384
413 41185 42537 143 121553
414 41216 48579 9 14422
415 41273 50279 135 135406
416 41317 48368 21 40520
417 41365 44109 143 140390
418 41472 44601 6 8486
419 41526 42709 116 106284
420 41806 44691 31 19688
421 41864 43983 73 61053
422 41867 47425 24 30798
423 41918 43127 8 13259
424 42328 49315 47 111893
425 42434 47444 11 86273
426 42494 49934 58 237961
427 42576 50421 9 28614
428 42675 53181 54 150319
429 42898 48360 92 141062
430 42899 43538 10 2773
431 42903 56438 11 15842
432 42965 44396 5 2466
433 42972 43039 61 2219
434 43029 45380 8 3996
435 43031 50565 39 85857
436 43155 44923 36 16161
437 43231 60615 46 134853
438 43416 57549 90 572387
439 43748 44246 127 37687
440 43761 46952 111 91052
441 43768 47892 20 26169
442 44062 50703 37 188834
443 44248 45481 65 33121
444 44286 46863 54 26767
445 44414 53926 119 1115698
446 44531 45723 12 12124
447 44538 52240 134 281047
448 44589 50458 45 47421
449 44639 54195 13 88351
450 44736 54261 9 31767
451 44759 46900 22 14202
452 44867 46704 10 8686
453 44930 49765 100 269423
454 44931 47664 19 21360
455 45038 45592 35 21018
456 45407 56561 23 109302
457 45463 48792 58 145981
458 45468 46043 27 6356
459 45484 49201 104 187595
460 45500 47309 28 44174
461 45626 45694 71 3365
462 45717 46028 23 8845
463 45871 46161 55 5896
464 45993 48897 132 109058
465 46076 53235 143 269875
466 46083 50249 56 88156
467 46129 55636 143 358111
468 46342 47932 60 25588
469 46360 49319 127 60898
470 46437 51738 17 34682
471 46652 52024 47 38615
472 46691 49258 31 20297
473 46693 48017 7 3638
474 46753 50244 56 30056
475 46816 50680 7 23139
476 46896 49113 5 6905
477 46928 47442 9 2331
478 47000 49775 73 169804
479 47400 50206 40 28734
480 47483 48482 51 12974
481 47553 48964 122 71761
482 47697 51307 99 143541
483 47888 49095 16 13533
484 47910 47978 139 2641
485 47951 53959 15 261860
486 48032 49751 96 100410
487 48229 53316 5 13793
488 48303 51599 4 13301
489 48333 50879 7 9252
490 48335 49029 45 24013
491 48545 48779 69 6151
492 48654 55928 24 85961
493 48680 58166 24 45068
494 48735 52098 9 25749
495 49056 57474 119 437167
496 49057 49898 96 56000
497 49124 49882 129 40619
498 49356 52216 132 258778
499 49405 52709 5 10170
500 49575 51924 8 2885
501 49671 56267 21 71114
502 49705 55643 26 62510
503 49793 52154 141 161350
504 49871 51320 23 20402
505 49900 52336 117 139817
506 50063 56029 30 38130
507 50081 58933 59 221585
508 50084 67263 17 108811
509 50173 52475 81 72952
510 50183 51980 103 40852
511 50299 62878 120 555784
512 50390 50894 94 6552
513 50571 53296 17 38627
514 50732 53347 8 15797
515 50751 58189 65 202658
516 50863 65347 61 207315
517 50902 58110 33 78642
518 51236 60835 22 47881
519 51247 55653 26 34698
520 51351 56280 74 303294
521 51439 52834 61 54979
522 51463 53087 90 74346
523 51605 53328 128 58997
524 51717 54987 85 76595
525 51785 51957 33 5192
526 51836 52400 32 5850
527 51894 53492 71 55039
528 51974 56658 33 49546
529 52096 52257 6 409
530 52153 52952 19 10794
531 52204 65656 20 115690
532 52212 55808 127 313098
533 52252 56628 43 59904
534 52282 54485 70 59073
535 52617 64068 115 614338
536 52910 56853 25 162271
537 53003 53581 17 3159
538 53053 53145 60 6757
539 53128 63434 27 73613
540 53141 58935 15 28737
541 53147 55466 61 108862
542 53148 57116 106 230752
543 53168 66104 81 387611
544 53180 53951 9 3787
545 53439 54655 56 13041
546 53463 54924 74 105665
547 53474 58537 10 27403
548 53497 56656 31 63477
549 53541 54107 104 31470
550 53706 54893 11 4083
551 53727 55220 14 6001
552 53785 53945 5 664
553 53837 57587 40 121550
554 53984 65715 81 316700
555 54296 66863 84 385775
556 54425 55993 18 4888
557 54428 65612 35 119941
558 54470 54734 27 4043
559 54520 62890 6 13967
560 54539 59654 137 349537
561 54578 56734 26 19358
562 54643 57169 132 75746
563 54754 59947 144 580216
564 54805 55963 96 57197
565 55019 55580 65 8122
566 55098 55393 119 31143
567 55271 62440 119 477184
568 55714 56236 39 5790
569 55769 57777 32 32940
570 55850 56319 117 38551
571 55975 57543 146 128859
572 56030 64950 8 25582
573 56037 62957 93 260275
574 56107 58032 144 47570
575 56176 57374 85 57376
576 56265 60798 101 410967
577 56299 56475 99 4828
578 56509 67854 37 138734
579 56633 56971 10 866
580 56722 63602 67 174016
581 56999 76303 60 758343
582 57172 57564 85 10840
583 57301 62007 29 10587
584 57355 58488 92 32688
585 57375 57857 5 974
586 57442 58102 13 3717
587 57832 58341 73 17880
588 57871 60743 22 40801
589 57876 62434 51 127961
590 57909 63397 98 181799
591 57939 58548 28 7747
592 57961 59781 40 78073
593 58020 62585 41 44612
594 58053 66903 96 185640
595 58069 58588 52 2890
596 58231 62773 16 22959
597 58533 61051 42 46780
598 58606 76920 114 358723
599 58622 71645 11 59501
600 58624 64979 27 49037
601 58635 62062 117 209319
602 58696 61551 86 73413
603 58737 60016 44 25060
604 58923 61686 70 84731
605 58948 60034 28 13531
606 58951 60012 21 12330
607 58981 63072 8 11297
608 59016 59128 89 8049
609 59147 60336 141 247637
610 59364 62918 11 19786
611 59496 66464 7 19651
612 59594 59954 31 3361
613 59667 64421 15 88703
614 59680 63500 77 86306
615 59847 62675 39 26710
616 60013 60262 131 48293
617 60219 63898 118 130218
618 60243 65530 12 41758
619 60310 60341 46 502
620 60330 64349 91 122800
621 60347 60947 84 41028
622 60348 60473 25 1869
623 60375 60769 111 17467
624 60484 63183 105 113719
625 60640 63793 116 130125
626 60699 60978 17 1385
627 60754 64847 105 450403
628 60810 68789 28 18317
629 60869 73878 36 150453
630 61194 64705 71 82393
631 61340 67338 11 32071
632 61366 62077 73 25849
633 61367 62076 52 13353
634 61493 68326 27 37190
635 61590 61652 116 8557
636 61626 66162 33 144177
637 61629 86426 68 643703
638 61682 70412 7 31457
639 61735 65904 99 332911
640 61829 84035 53 422944
641 61855 63368 53 46214
642 61959 70616 41 94141
643 62111 62462 30 7159
644 62222 64359 21 20047
645 62237 68950 7 46792
646 62645 66763 25 24735
647 62650 67739 96 284606
648 62736 63905 26 7849
649 63057 63134 54 4588
650 63123 67975 110 524111
651 63254 64591 92 58281
652 63311 71060 124 940957
653 63323 64430 147 43336
654 63407 73124 107 216906
655 63420 65930 45 16166
656 63438 65824 131 181129
657 63540 68264 25 24375
658 63558 64683 89 98544
659 63587 68776 118 374885
660 63654 64385 14 3176
661 63798 69433 7 8250
662 63801 71246 82 374582
663 63829 70860 54 285356
664 63838 64395 21 8430
665 64155 64476 28 5414
666 64159 64412 36 7325
667 64326 64730 100 15532
668 64389 66078 132 83108
669 64504 68513 12 39530
670 64508 74409 69 250803
671 64677 68033 122 277202
672 64770 65869 7 3653
673 64948 66442 48 37427
674 64985 77037 76 588902
675 65002 67240 141 174089
676 65120 70611 14 21485
677 65237 76982 43 84723
678 65331 70512 72 114415
679 65383 98189 39 700549
680 65452 77294 17 220432
681 65564 69220 9 14360
682 65582 66041 137 20771
683 65814 71460 40 249977
684 66388 73982 5 24936
685 66415 68240 112 62500
686 66484 71938 114 157478
687 66526 68285 34 45397
688 66715 67832 53 26709
689 66741 67948 10 6173
690 66765 68729 72 105379
691 66793 68615 27 76832
692 66960 67498 55 8162
693 66996 69883 91 196937
694 67112 69401 11 29906
695 67353 71332 78 36891
696 67508 68329 18 10798
697 67538 76076 4 7095
698 67801 68487 32 21851
699 67955 73207 4 2616
700 67971 73075 86 206741
701 68135 76994 63 203176
702 68204 69374 73 89098
703 68253 76209 11 30982
704 68347 68955 87 22858
705 68511 73897 130 153911
706 68617 88025 114 699145
707 68639 77100 108 273011
708 68668 70219 64 63200
709 68830 81708 7 25745
710 68875 74718 102 245461
711 68990 69716 16 8140
712 68995 85734 9 80404
713 69100 69314 5 486
714 69333 73131 106 509582
715 69336 69825 9 1951
716 69392 71727 8 14337
717 69403 71163 22 15021
718 69492 71381 105 120528
719 69692 71634 69 92903
720 69715 72189 54 20115
721 69838 72871 56 70337
722 69949 82280 6 26272
723 70056 73738 25 49908
724 70070 72630 17 31264
725 70275 74687 117 235050
726 70296 86853 18 105129
727 70408 70714 95 17851
728 70495 80363 130 589683
729 70541 72465 121 107926
730 70585 83434 88 240083
731 70759 72544 55 116734
732 70823 75532 37 70465
733 70833 71973 93 70695
734 70867 75194 117 783030
735 71062 76575 102 234195
736 71179 72739 138 327411
737 71233 72750 109 25560
738 71293 73659 50 91147
739 71307 72176 34 9755
740 71612 77839 96 661919
741 71672 74795 8 4879
742 71702 73443 138 80291
743 71720 81562 95 567582
744 72008 88184 40 455937
745 72034 80402 6 10865
746 72514 73077 70 32255
747 72660 74373 27 18579
748 72783 74495 68 66691
749 72842 74684 27 23810
750 72850 73956 7 3544
751 72975 80754 25 18041
752 72997 78735 144 488956
753 73066 73261 41 3003
754 73159 74999 23 31773
755 73486 74099 46 9875
756 73522 75667 97 66234
757 73615 78982 75 181140
758 73770 75288 10 6123
759 73773 76271 133 211315
760 73778 75913 68 69975
761 73810 74108 55 16720
762 73908 97103 7 55799
763 74156 87295 15 57483
764 74301 76265 47 97374
765 74412 75556 18 8173
766 74417 91434 127 924201
767 74519 75291 21 9129
768 74598 79297 5 9950
769 74711 75314 53 15181
770 74732 80661 85 216933
771 74829 76251 43 26064
772 74961 76635 82 39909
773 75200 76604 75 72998
774 75237 75477 98 7021
775 75255 78357 57 90403
776 75422 78141 98 94224
777 75496 75576 145 5431
778 75583 76833 124 77697
779 75596 81955 8 46813
780 75675 88670 110 639247
781 75727 76556 28 14264
782 75848 78177 25 55148
783 76060 86965 9 110166
784 76095 77903 113 89484
785 76157 79805 17 30452
786 76160 83572 82 406762
787 76263 76484 11 1142
788 76280 76389 7 664
789 76317 80599 63 183042
790 76351 77860 14 12552
791 76353 83751 29 56470
792 76433 78162 69 49537
793 76577 84696 18 64471
794 76653 78487 142 124423
795 76710 80562 50 54231
796 77019 77276 82 11422
797 77030 78563 131 93218
798 77104 78336 93 59421
799 77158 77862 38 5050
800 77293 79562 49 91560
801 77407 79055 43 33368
802 77459 86546 41 159851
803 77461 90346 25 184103
804 77559 78212 54 5974
805 77601 86135 149 724291
806 77673 83286 8 10777
807 78312 81722 20 27415
808 78350 81509 49 60231
809 78573 80287 19 22864
810 78614 79886 7 2487
811 78650 83531 33 103453
812 78727 83198 13 17127
813 78808 79678 89 28364
814 78897 80263 17 10124
815 79049 85504 92 327527
816 79168 90439 93 799292
817 79314 82289 54 109857
818 79371 84911 104 113419
819 79546 81663 114 201116
820 79667 84353 13 22091
821 79738 90379 66 1454421
822 79749 80868 39 13561
823 79787 84949 52 155469
824 79827 81213 20 25892
825 79899 83917 74 46298
826 79943 92017 44 466788
827 80245 90873 5 13058
828 80331 82094 44 26082
829 80468 84333 41 73639
830 80556 88194 119 311000
831 80671 81409 28 26212
832 80707 84073 81 209152
833 80769 81537 5 4331
834 80839 90974 9 16894
835 80865 83879 59 70126
836 81037 83644 85 172523
837 81042 86408 28 99652
838 81214 82036 143 71771
839 81245 87354 101 178287
840 81272 82880 48 155669
841 81348 87397 107 313091
842 81355 83608 35 51160
843 81405 93239 24 80359
844 81408 82065 6 1631
845 81569 83484 8 15958
846 81631 90803 81 232548
847 81793 86568 74 252412
848 81993 97901 47 784852
849 82093 89566 5 30036
850 82096 89389 9 7609
851 82121 84461 143 222741
852 82164 90747 128 261497
853 82340 84209 21 10679
854 82382 82859 30 8603
855 82503 91694 25 116939
856 82580 86168 140 169661
857 82802 82975 101 11491
858 82893 85185 22 11767
859 83007 85165 15 10020
860 83014 84220 14 12616
861 83146 86160 11 14940
862 83262 85350 51 33302
863 83423 94410 92 234550
864 83510 84513 79 52030
865 83777 83827 31 703
866 83837 85253 99 65478
867 84043 85401 17 12630
868 84240 85861 46 18764
869 84327 86885 40 52400
870 84382 85462 66 9641
871 84440 87709 94 228435
872 84543 88182 28 37149
873 84603 85182 21 5343
874 84780 86167 92 16620
875 84856 89526 93 178720
876 84927 86430 4 4069
877 85012 89251 128 265208
878 85027 86756 134 143470
879 85516 87082 47 20742
880 85564 86065 133 59683
881 85606 86133 109 36854
882 85693 86052 102 25163
883 85708 86611 28 7995
884 85757 95551 20 192430
885 85920 88809 104 74110
886 86087 92160 26 97431
887 86177 90206 84 80355
888 86214 86297 85 3238
889 86243 88536 5 8266
890 86318 86409 115 7414
891 86415 97996 39 201926
892 86440 86748 7 541
893 86521 97204 6 29557
894 86564 88570 21 16159
895 86760 86926 88 13157
896 86800 92265 70 145280
897 86811 87873 29 15480
898 86833 96016 106 178343
899 86916 87130 32 4940
900 86925 88543 12 3911
901 87022 90768 69 295493
902 87062 90146 5 3760
903 87283 95615 35 158320
904 87412 88517 8 3038
905 87583 88091 57 17145
906 87730 94358 23 48975
907 87735 91727 102 323485
908 87749 94261 12 119018
909 87942 91235 36 44685
910 87998 92569 14 21297
911 88100 89129 10 7501
912 88125 91818 101 137762
913 88201 89514 7 5160
914 88261 94391 101 269929
915 88549 88888 42 8715
916 88618 91448 42 58123
917 88703 95023 41 148165
918 89023 90898 136 325761
919 89244 93016 8 6364
920 89264 90997 46 66335
921 89312 98767 101 322179
922 89324 91061 40 34466
923 89501 98362 32 108715
924 89578 92381 22 61221
925 89649 90051 6 1392
926 89740 94808 48 44478
927 89754 91772 41 120985
928 89854 90490 137 51975
929 89950 93602 122 177257
930 90094 94098 84 185175
931 90211 90662 82 17376
932 90389 91380 13 4045
933 90485 94174 51 110850
934 90762 98520 43 105123
935 90826 94424 149 230709
936 90844 92050 57 28006
937 90910 96420 35 127642
938 91048 99489 58 307827
939 91066 92231 21 7068
940 91067 91071 6 16
941 91177 94990 144 261451
942 91276 91655 120 28478
943 91299 92996 34 46903
944 91355 95549 106 402912
945 91421 92911 122 95839
946 91547 92353 68 24885
947 91953 94540 47 89654
948 92018 94912 81 154288
949 92035 94896 61 104107
950 92188 94730 49 69186
951 92455 94086 70 41818
952 92505 97010 67 112350
953 92640 96369 5 5622
954 92644 96909 129 524544
955 92871 99363 8 42314
956 92907 94593 137 166909
957 92998 95261 145 165333
958 93098 93743 114 71375
959 93156 94218 33 35639
960 93166 93963 9 1386
961 93260 96499 147 239481
962 93325 95048 89 34684
963 93411 96278 148 332358
964 93585 97012 14 19016
965 93601 95078 103 144025
966 93646 94238 56 11085
967 93760 95081 14 4854
968 93781 94484 134 40744
969 94003 95604 46 31180
970 94022 99078 4 16961
971 94126 97001 112 187599
972 94257 94710 9 2281
973 94487 94876 46 28282
974 94510 99236 7 8898
975 94663 95782 43 17438
976 94995 96019 132 70982
977 95016 95967 134 72565
978 95101 96263 10 4294
979 95419 98565 13 25826
980 95474 99918 41 100463
981 95498 96189 86 26055
982 95523 99729 58 94636
983 95544 97835 21 41251
984 95553 98303 135 97414
985 95666 99134 30 38021
986 95900 97623 130 41020
987 96227 99744 35 64024
988 96562 99537 59 130877
989 96763 97867 73 18172
990 97121 98909 52 40668
991 97135 98984 23 55647
992 97192 98229 98 75615
993 97469 97893 48 12093
994 97471 98509 7 3376
995 97801 97895 13 708
996 98145 98233 55 1472
997 98358 98811 118 58025
998 98507 98836 75 18206
999 99020 99494 48 6610
