50 1000 0.069
..................................................
..................................................
..................................................
......#...........................................
.....##..##...............................#.......
.....##.#######...........#..#.#........#.#.......
......########............######.......######.....
....#####.####............####............####....
....####.###..............####........#####..#....
....#.#..###................#....##.....#.........
......#..#.......................###..............
................................#####.............
............................#..#####..............
...........................####.##.##.............
............................#########.............
...............................######.............
..............................######..............
..............................####.#..............
...............................#.##...............
#.#.............................##................
####..............................................
####..##..........................................
####.####.........................................
#########.........................................
###.###...#.......................................
.#.########......#................................
.#.####.####.#...##........................#......
...#..########..###...##................#.####....
.......######...####..####.............#####.#....
.......######..#.######.#...............####......
.......###############..###..............####....#
.......####.##########...................#.#.##.##
.......###.###########.....................#######
............##.####.........................######
...............#.#####......................######
..............###............................#####
..............................................##.#
...........#.##...............................#...
...........####...............................#...
.........########.............................#...
..........#.####..................................
......#..###..####................................
......###########.................................
......#####..###.#................................
.....################...#................#........
.....########.###.......##..............##........
..#..#####.##......###.##...........#######.......
..########..#....#######............#######.......
###.#######.....#.####.##...........#.####........
############..##########...............#####......
0 102 1439 14 7412
1 212 1941 34 21275
2 361 502 8 1098
3 437 801 55 12744
4 567 1249 13 4477
5 615 4178 8 9628
6 624 2906 120 97842
7 647 2979 53 23264
8 811 1523 70 34367
9 1169 1683 27 5096
10 1335 1712 81 36045
11 1365 8765 11 58640
12 1379 4139 90 175711
13 1389 8192 32 206162
14 1638 3097 135 224882
15 1733 1746 42 679
16 1835 2948 18 22165
17 1874 2003 9 518
18 1903 4941 36 52443
19 1936 3740 75 38716
20 2012 4137 27 46379
21 2078 9084 8 14100
22 2101 7775 149 334916
23 2136 2393 47 7123
24 2177 5391 74 106835
25 2232 3004 14 12350
26 2450 2524 9 139
27 2462 22009 60 521331
28 2530 3426 29 20534
29 2580 9620 30 78163
30 2665 8033 94 234993
31 2703 4323 57 16876
32 2768 15044 10 57159
33 2869 3941 90 66520
34 2918 3996 36 13285
35 2985 3110 11 383
36 3117 3879 93 95472
37 3129 5725 60 54730
38 3197 9549 31 55413
39 3255 6728 11 19877
40 3332 7955 5 21044
41 3554 3699 6 538
42 3606 3761 115 15005
43 3636 10206 4 12779
44 3650 6277 110 140322
45 3909 8881 22 41952
46 3945 6048 6 10660
47 4087 8182 51 40087
48 4102 6887 43 147291
49 4123 7169 104 261612
50 4151 5299 31 9240
51 4158 12224 7 13247
52 4233 5940 6 2787
53 4292 5114 124 82539
54 4420 12784 61 200885
55 4507 4651 31 2727
56 4573 6935 53 87500
57 4781 5255 98 30305
58 5059 7214 36 37849
59 5098 5442 38 7891
60 5319 6679 52 28984
61 5350 7980 11 14692
62 5604 11749 118 186334
63 5859 7701 26 22394
64 5861 7213 5 2714
65 5981 17718 34 336302
66 6044 6694 62 26147
67 6175 7141 62 29873
68 6474 20083 5 72859
69 6544 6641 122 5524
70 6611 7685 16 6141
71 6636 17416 41 172764
72 6886 7246 26 7425
73 6913 9325 10 6526
74 6924 10577 132 124589
75 6929 8257 92 165711
76 6961 8507 68 77781
77 7033 8009 130 124840
78 7233 10313 8 5521
79 7273 8702 120 118590
80 7441 12867 17 41360
81 7749 10702 4 3636
82 7758 8069 132 20401
83 7873 8014 105 6874
84 7905 13592 110 418556
85 8037 8999 7 9209
86 8104 20025 38 114056
87 8200 10231 5 4924
88 8417 11633 15 32387
89 8433 9215 6 3291
90 8467 10501 35 49600
91 8533 8645 104 3627
92 8593 9796 10 6993
93 8602 9266 132 22962
94 8747 9700 16 14429
95 8919 11142 38 7258
96 9032 10840 145 257308
97 9089 20292 13 60393
98 9148 9917 100 37616
99 9335 10276 53 52367
100 9534 13164 32 135725
101 9548 11890 70 49624
102 9635 12223 49 70180
103 9778 11138 43 13541
104 10124 13258 8 12116
105 10261 14362 143 135707
106 10397 17116 139 163113
107 10510 17622 26 79297
108 10766 11220 21 12413
109 10816 11618 79 47674
110 10847 14273 29 45071
111 10973 12147 17 9767
112 11239 19149 9 41459
113 11290 11294 80 662
114 11299 11761 103 10342
115 11403 11796 21 17660
116 11553 13985 7 10141
117 11563 12210 31 7948
118 11671 12728 88 75397
119 11771 13686 5 6063
120 11832 12469 56 23947
121 11853 12376 34 21267
122 11903 12485 65 9760
123 11996 17741 32 83054
124 12034 13512 6 8806
125 12109 13162 45 41377
126 12188 20620 13 30382
127 12538 13246 68 20684
128 12573 15293 43 95781
129 12801 17134 22 36115
130 12802 14833 79 128571
131 12815 15937 128 169651
132 13047 15352 65 79258
133 13068 13431 114 9686
134 13337 14173 124 28994
135 13422 16739 57 113701
136 13599 17321 110 222680
137 13624 14245 34 4709
138 13905 14106 5 402
139 13932 15017 127 98092
140 13955 15661 82 152392
141 13999 15709 66 92393
142 14012 16738 34 20212
143 14064 14725 6 872
144 14103 15936 139 82334
145 14287 14519 12 784
146 14349 14564 29 5095
147 14429 15034 47 6815
148 14445 15778 29 27087
149 14570 25213 91 1284994
150 14792 17980 28 24063
151 14951 15007 10 82
152 14989 22216 18 61910
153 15066 15180 26 1845
154 15133 16504 144 42623
155 15213 15426 112 8316
156 15335 16657 16 4710
157 15378 16066 9 1153
158 15631 16332 150 224121
159 15695 16055 116 32592
160 15706 24539 26 124154
161 15760 15909 133 13329
162 15980 16363 131 16888
163 16033 20581 42 112234
164 16050 16997 146 84989
165 16119 16620 44 16154
166 16262 19833 9 20677
167 16448 18973 64 160880
168 16490 17070 31 13423
169 16564 16710 94 11988
170 16580 17346 67 36281
171 16635 21680 40 137713
172 16722 16773 36 1833
173 16758 22379 122 418872
174 16802 17207 134 24688
175 17044 18390 23 14211
176 17074 26140 82 366358
177 17092 18262 6 2998
178 17167 18726 137 41637
179 17198 22834 96 250258
180 17199 19711 21 52140
181 17263 19123 95 60201
182 17324 22961 45 53742
183 17353 18887 81 118088
184 17382 21555 34 46223
185 17386 18211 91 34725
186 17454 21469 91 169270
187 17574 25369 137 868848
188 17625 23451 34 68603
189 17636 18526 51 6534
190 17657 22204 32 33502
191 17709 19040 6 2789
192 17719 24427 76 262479
193 17731 21509 47 108515
194 17940 18710 20 5443
195 17963 18275 7 919
196 18036 19179 83 46597
197 18057 24728 49 44263
198 18103 18606 56 20265
199 18109 26218 8 54726
200 18142 18830 11 3368
201 18267 18316 53 2092
202 18289 20259 61 65460
203 18332 23327 12 92959
204 18370 19313 87 19800
205 18383 18961 38 13555
206 18406 18540 38 1922
207 18421 19021 90 69708
208 18438 27800 23 16223
209 18575 19906 112 46179
210 18576 18780 81 21737
211 18584 22322 13 10741
212 18588 18767 144 9842
213 18958 19373 73 30548
214 19007 25437 39 106450
215 19212 20841 32 46169
216 19419 22952 79 78788
217 19532 21287 90 46841
218 19565 20627 48 20742
219 19575 20567 23 8776
220 19713 28617 22 59858
221 19824 21092 16 6665
222 19845 20598 97 65431
223 20103 21839 77 104899
224 20313 31036 14 56919
225 20348 22029 73 28045
226 20395 23964 28 21399
227 20453 23220 24 22422
228 20585 21880 56 23133
229 20691 26003 82 79480
230 20704 24136 93 50001
231 20802 21373 9 1853
232 20838 28733 90 535267
233 20883 23763 93 59971
234 20959 21038 83 8358
235 21028 25058 73 59651
236 21107 27701 27 113044
237 21215 22406 10 10109
238 21285 22219 82 37043
239 21352 22818 25 8441
240 21413 22978 47 55168
241 21625 27888 145 1278503
242 21994 22546 131 43762
243 22150 25256 108 216416
244 22174 23513 9 6388
245 22296 22959 18 8148
246 22297 22633 41 22276
247 22300 35434 67 598610
248 22304 22369 36 1287
249 22714 24079 65 54036
250 22860 23743 102 27478
251 22907 23008 132 13879
252 22910 23352 57 8975
253 23044 24837 103 52046
254 23132 26489 93 118965
255 23199 23296 9 1105
256 23226 23471 21 24731
257 23441 26287 118 172114
258 23503 24077 11 2378
259 23569 32841 146 1485469
260 23785 25137 56 41196
261 23825 27102 6 17069
262 23922 25041 67 26900
263 23974 24345 9 901
264 24021 26443 115 69914
265 24127 25571 26 39052
266 24156 26546 59 76514
267 24332 26674 12 20213
268 24414 26351 8 11571
269 24467 27377 31 58565
270 24512 27090 87 148652
271 24612 25006 135 57093
272 24689 24851 91 12404
273 24691 38739 111 245857
274 24886 25278 19 2115
275 24926 25996 130 110073
276 24928 27820 31 59288
277 24950 26131 10 19830
278 24993 27289 77 71136
279 25220 35168 25 83511
280 25279 25404 19 1194
281 25350 38066 8 14061
282 25510 25560 103 2234
283 25748 30033 42 142112
284 25771 34371 139 737090
285 25876 33162 17 29047
286 25919 31150 33 43182
287 26027 27187 48 35445
288 26093 31126 35 115065
289 26145 29689 112 110243
290 26230 29747 42 23686
291 26430 26625 17 2892
292 26459 29017 135 81453
293 26565 28291 11 4923
294 26579 27584 26 20334
295 26620 31503 15 21717
296 26668 36567 144 433934
297 26838 29509 105 218111
298 26875 29243 41 32116
299 26963 27271 80 11928
300 26976 32237 13 12291
301 27124 30421 72 122641
302 27133 31337 30 74810
303 27276 30338 53 32858
304 27399 30481 37 19332
305 27415 30280 128 93648
306 27474 31901 23 52582
307 27491 27533 9 142
308 27495 29308 140 143985
309 27564 30486 11 25340
310 27747 27775 100 1098
311 28035 30328 15 11265
312 28129 30627 145 131990
313 28173 28403 10 1256
314 28177 31396 65 103484
315 28191 33648 100 147550
316 28207 33717 119 129667
317 28219 33217 102 465884
318 28238 34489 20 42170
319 28342 29663 91 67274
320 28380 30576 20 11431
321 28398 30532 82 83743
322 28453 29972 80 88315
323 28455 32060 102 143723
324 28465 30840 61 131914
325 28502 30479 37 41575
326 28533 33078 88 237949
327 28749 31053 67 77420
328 28787 38827 20 217414
329 28901 31637 66 124603
330 28995 34358 31 128272
331 29150 29577 4 2631
332 29359 32699 82 74824
333 29404 35170 143 907378
334 29427 32074 12 26390
335 29691 29834 14 1256
336 29770 30365 51 16416
337 29804 31118 18 21251
338 29870 42654 72 426717
339 29893 30775 131 35907
340 29911 31838 123 91216
341 30028 35651 10 37990
342 30082 31545 20 10198
343 30134 32856 19 38388
344 30350 31909 11 9577
345 30405 31037 31 6610
346 30454 30459 75 601
347 30473 33461 129 109535
348 30522 31035 14 5036
349 30925 34529 74 148440
350 31191 36284 5 8360
351 31276 44849 35 81655
352 31323 33108 73 60557
353 31358 32816 116 69760
354 31466 36150 25 25241
355 31513 31983 17 2175
356 31605 36811 5 9735
357 31649 34636 34 31794
358 31653 36456 66 287401
359 31707 33334 38 43130
360 31737 35637 32 79209
361 31991 34368 18 16536
362 32105 36934 21 67954
363 32157 33396 20 10075
364 32185 38249 9 19678
365 32208 32235 42 950
366 32301 37182 94 206469
367 32381 32828 38 10964
368 32464 32492 35 546
369 32466 40354 5 11364
370 32671 34955 81 141760
371 32673 34704 99 133597
372 32761 32936 15 807
373 32819 36571 110 420591
374 32902 35885 85 62333
375 32914 39257 30 77188
376 32916 34459 5 2849
377 32981 33367 23 6461
378 33074 34202 87 40697
379 33228 33759 27 50283
380 33231 33711 36 6739
381 33259 35542 87 64882
382 33302 34898 106 55194
383 33394 36512 69 98897
384 33431 33906 136 24893
385 33512 45390 25 150725
386 33564 34926 72 66516
387 33693 47985 73 254692
388 33726 36929 115 107879
389 33819 34070 97 17189
390 33889 38061 5 4565
391 33901 36841 142 147285
392 33957 34018 93 10383
393 34036 34310 120 8310
394 34096 34545 103 20055
395 34263 51898 101 495251
396 34308 36400 140 222784
397 34414 34464 86 2852
398 34544 34746 139 31240
399 34583 42849 77 369178
400 34760 35835 47 31187
401 34803 37541 137 84063
402 35128 36307 147 85567
403 35207 35245 7 153
404 35213 36057 49 68774
405 35267 36524 94 48337
406 35298 39394 147 111348
407 35372 39579 77 75384
408 35534 38256 150 163634
409 35593 36485 13 6124
410 35663 35954 83 24036
411 35670 36264 147 57631
412 35714 36864 104 48309
413 35762 38746 114 116370
414 35790 42540 61 148227
415 35829 35834 136 395
416 35955 39648 8 19880
417 35991 36014 11 145
418 36108 43710 25 124559
419 36220 37018 77 17474
420 36237 43703 140 301224
421 36272 37053 23 16192
422 36685 38542 38 84548
423 36735 39905 4 17700
424 36740 36873 7 297
425 36751 38087 47 19157
426 36752 37527 21 7493
427 36776 38730 6 3438
428 36820 49766 79 343406
429 37559 42521 81 137060
430 37633 38504 122 67978
431 37731 41750 7 17742
432 37743 45295 88 287450
433 37751 41209 74 77756
434 37752 37798 149 3394
435 37836 45670 8 21528
436 37986 45114 106 522146
437 38190 40727 19 32403
438 38218 40703 47 20800
439 38260 44008 93 178113
440 38266 38575 78 16400
441 38310 39275 74 14239
442 38435 47786 22 131192
443 38453 38657 131 18469
444 38758 40729 71 48044
445 38865 40568 128 209042
446 39036 44568 5 4870
447 39065 42235 12 24063
448 39141 40218 21 7013
449 39149 39217 16 447
450 39225 41387 132 179890
451 39331 43309 10 14957
452 39347 41173 9 13239
453 39375 40639 36 45886
454 39424 40044 133 71779
455 39453 41563 86 59414
456 39498 43104 123 190131
457 39754 39805 18 381
458 39787 48463 48 116358
459 39885 44246 22 42267
460 39891 40279 133 20508
461 39921 40438 43 20915
462 40032 48695 126 466794
463 40051 41326 87 25646
464 40121 43236 56 80509
465 40126 41035 18 12154
466 40137 41229 126 87252
467 40185 40979 18 12141
468 40215 44315 143 201326
469 40334 44614 19 55238
470 40429 41032 24 3595
471 40535 40745 92 16299
472 40660 52392 122 289937
473 40991 46786 132 236876
474 41164 42627 35 24099
475 41231 41934 89 61728
476 41270 43979 19 48362
477 41299 42025 105 29247
478 41532 42734 6 2636
479 41617 44376 10 12546
480 41722 42828 108 51185
481 41733 44634 75 98627
482 42075 42356 104 18428
483 42120 42672 36 19085
484 42163 43800 41 19784
485 42230 44495 12 10434
486 42270 46138 5 10553
487 42284 43695 71 27893
488 42402 49544 11 25498
489 42559 45322 104 156128
490 42568 42608 48 1242
491 42645 44180 11 13668
492 42752 45099 5 2536
493 42857 44552 12 18022
494 42914 43474 126 26391
495 42915 51514 44 119703
496 43024 45122 99 34972
497 43127 43531 8 1575
498 43265 45502 104 33601
499 43368 43543 22 3032
500 43421 45194 53 26317
501 43545 45810 5 6560
502 43567 45655 8 11383
503 43623 48880 24 27717
504 43725 46460 41 27887
505 43893 45515 6 7699
506 43919 47055 21 68408
507 44144 52574 131 626253
508 44190 44231 10 625
509 44269 45703 7 5297
510 44340 45699 66 31059
511 44369 45825 62 64013
512 44593 49886 102 211985
513 44677 46182 82 70442
514 45043 56015 7 35804
515 45372 51724 53 124465
516 45453 54308 133 415119
517 45493 48136 21 18225
518 45950 52964 14 50799
519 46010 47613 42 39693
520 46094 54267 130 302460
521 46242 47538 35 17830
522 46248 47667 21 7228
523 46269 49657 134 158188
524 46305 48012 11 8410
525 46328 47478 4 1439
526 46338 47009 26 4402
527 46369 50171 15 26444
528 46432 47004 61 16663
529 46566 48727 7 6543
530 46592 47951 74 36535
531 46630 48566 17 24751
532 46720 48398 90 67549
533 46783 47581 138 24175
534 46832 47471 49 19336
535 47802 56421 56 163108
536 47829 51570 104 134206
537 47900 49117 125 324067
538 47928 49634 36 35283
539 48075 48626 147 47965
540 48225 52324 19 48414
541 48452 55334 68 150449
542 48466 50437 86 25162
543 48477 49288 128 95387
544 48570 51602 137 146427
545 48765 52788 34 139370
546 48775 50846 13 10678
547 48894 54897 21 135487
548 49014 50273 85 61998
549 49044 49528 56 9567
550 49068 52721 120 229119
551 49113 50098 84 32110
552 49144 51529 5 7620
553 49576 54393 77 82979
554 49641 49703 6 480
555 49779 55480 52 145117
556 49810 51560 127 106264
557 49926 51315 34 43584
558 49970 67916 68 248651
559 50039 51827 5 2775
560 50065 50630 34 12259
561 50133 50746 24 3379
562 50170 55319 129 201041
563 50195 50309 131 16842
564 50403 52476 93 108255
565 50647 53742 6 9864
566 50698 51756 48 18296
567 50719 54162 140 98161
568 50910 51829 142 87740
569 50946 53163 21 24836
570 50971 51697 50 40784
571 51034 51486 17 12612
572 51072 52777 77 74076
573 51186 60422 109 572770
574 51294 52466 60 36268
575 51743 54884 65 119256
576 51760 52179 55 12884
577 51762 52820 85 136290
578 51812 52730 5 5364
579 52258 54488 32 40218
580 52473 56793 68 183848
581 52630 53519 31 35364
582 52838 53697 28 11813
583 52958 54172 58 38397
584 53008 53410 114 10127
585 53028 60069 5 21525
586 53140 53950 78 61230
587 53255 55722 51 65122
588 53299 69066 115 454492
589 53392 60285 21 50113
590 53515 66384 39 284716
591 53639 58970 91 90490
592 53707 54647 84 66809
593 53712 54530 119 32152
594 53794 56786 59 63955
595 54063 54516 75 52984
596 54075 57122 40 19939
597 54107 56807 94 137996
598 54235 60107 102 282458
599 54316 58266 70 61191
600 54330 58120 111 112109
601 54377 54947 63 10885
602 54502 58993 11 32888
603 54609 57533 66 70310
604 54688 63538 50 112837
605 54721 55736 33 14571
606 54762 55451 5 2166
607 54909 81161 53 346531
608 54960 56881 137 379654
609 55000 58871 19 34817
610 55023 56290 138 199296
611 55295 59686 97 327035
612 55644 56531 11 5300
613 55652 56147 82 11129
614 55904 60599 91 115337
615 55995 58350 64 118074
616 56032 58704 8 8529
617 56167 57624 54 176447
618 56172 57683 10 4469
619 56180 56348 57 8118
620 56359 56841 111 69865
621 56544 61972 36 126760
622 56548 58063 39 18549
623 56936 57601 67 7502
624 56986 58792 13 18466
625 56994 60271 12 15120
626 57108 62335 121 745492
627 57210 62648 21 19488
628 57268 61479 43 31024
629 57283 59653 53 90761
630 57383 59451 87 73099
631 57436 62467 59 108494
632 57443 65698 113 261128
633 57454 57630 36 5875
634 57502 57835 63 3587
635 57617 63755 11 108828
636 57729 59133 5 2950
637 57786 58917 129 65297
638 57794 58072 142 9375
639 57880 58707 145 29834
640 58202 66959 94 524754
641 58284 58943 92 15501
642 58327 64415 71 103183
643 58328 60447 11 5320
644 58543 58743 66 9228
645 58553 59523 47 47001
646 58572 64294 24 73971
647 58575 58697 81 5863
648 58969 59868 22 17974
649 59046 61065 25 35797
650 59408 61153 27 27110
651 59729 61199 59 89823
652 59993 60554 56 14969
653 60262 60456 4 718
654 60486 64693 60 239128
655 60495 62260 12 7381
656 60497 60506 74 955
657 60616 65801 7 8055
658 60654 64663 23 59938
659 60721 61429 18 4582
660 61219 65387 99 233806
661 61349 65553 112 417378
662 61359 62065 142 56502
663 61617 61726 6 909
664 61645 65338 125 128390
665 61701 64604 146 466389
666 61750 65729 75 93069
667 62008 62396 111 11316
668 62144 64616 69 34550
669 62297 66115 8 37132
670 62313 63198 29 11573
671 62412 68849 44 166099
672 62438 67766 11 9432
673 62668 64912 132 327231
674 62777 65054 13 6402
675 62786 63059 143 18119
676 62810 67017 7 10025
677 62956 64999 62 81827
678 63089 69509 16 58589
679 63205 65615 105 34044
680 63258 65095 84 123162
681 63306 65843 23 28267
682 63356 70566 12 48204
683 63583 66442 27 21397
684 63808 64343 42 12548
685 63855 67129 62 91887
686 63883 64910 6 4580
687 63975 66896 77 72988
688 63977 66245 8 12572
689 64172 65731 32 13383
690 64456 66060 6 10800
691 64645 66075 78 34708
692 64860 72181 145 944774
693 65141 67551 22 12246
694 65175 68046 46 165710
695 65178 66577 45 61584
696 65408 72115 60 265910
697 65515 65959 95 21805
698 65730 71145 39 159771
699 65751 73990 112 463170
700 65872 70147 74 95463
701 65975 66634 68 24241
702 66286 69476 141 436671
703 66459 70591 95 132896
704 66555 67352 10 8460
705 66715 73972 54 50970
706 66995 68004 60 26103
707 67096 67242 138 7453
708 67202 68498 12 4073
709 67521 68813 139 276917
710 67576 70718 50 28992
711 67660 69448 105 277905
712 67793 70028 105 280061
713 67915 70401 47 52351
714 67917 71021 116 227118
715 67962 73499 44 210366
716 68011 71130 119 143506
717 68242 75374 14 63049
718 68285 71654 135 206367
719 68652 70312 89 51933
720 68733 68923 46 3166
721 68984 71680 51 37152
722 69118 69322 119 43424
723 69193 71060 43 62376
724 69301 71609 17 27503
725 69324 73871 27 86355
726 69325 72756 79 117802
727 69607 71448 16 29420
728 69612 72459 34 42454
729 69653 69765 12 1379
730 69654 69794 25 2677
731 69745 70001 36 6888
732 69977 75333 5 15060
733 70146 76560 94 506327
734 70183 70747 9 2337
735 70232 70529 44 6665
736 70305 70561 10 4285
737 70472 70661 19 3161
738 70608 74564 10 15016
739 70734 73092 13 10138
740 70795 74722 37 62943
741 70899 71278 96 20613
742 70923 81634 21 61787
743 70945 71109 6 603
744 70988 71537 12 4206
745 71159 75090 23 50065
746 71202 77600 51 270089
747 71229 78915 8 11661
748 71248 72741 106 146527
749 71358 76410 43 117640
750 71510 73763 20 28331
751 71529 72905 20 15197
752 71830 84773 43 167629
753 71834 79242 105 860704
754 71869 73704 9 3061
755 72027 74942 8 19872
756 72117 73485 50 52845
757 72168 76698 122 895127
758 72218 72281 6 301
759 72779 73248 127 31606
760 72846 74996 31 45342
761 72907 73377 33 9556
762 72936 72958 118 1202
763 73150 73980 48 28050
764 73185 78321 12 30346
765 73209 77655 10 25954
766 73406 78647 88 240754
767 73452 75800 42 21875
768 73560 74927 76 65693
769 73579 87704 65 218766
770 73649 75154 6 3738
771 73750 75342 25 8554
772 73820 74163 35 5532
773 73830 74823 44 23413
774 73833 80436 65 308860
775 73900 76783 75 65927
776 73947 82782 58 341687
777 74024 76636 66 53903
778 74054 75353 47 30090
779 74078 74689 120 25898
780 74719 76230 11 29600
781 74936 75050 64 3481
782 75026 76662 32 54238
783 75113 76157 128 17171
784 75215 78122 16 21198
785 75321 75457 38 2561
786 75481 80094 27 32741
787 75502 78709 8 15111
788 75649 76378 44 17261
789 75908 77206 125 36665
790 75915 76109 5 703
791 75953 76428 20 4880
792 76153 83701 8 25198
793 76199 76232 143 3899
794 76247 80920 5 7375
795 76339 80931 19 83552
796 76343 81228 30 53273
797 76380 81017 87 114379
798 76490 77055 42 14922
799 76511 76753 10 1304
800 76541 79220 41 45542
801 76644 83192 70 172805
802 76651 77392 6 3880
803 76686 76943 102 22363
804 76712 78159 135 74932
805 76787 78759 29 60224
806 76884 80413 75 186903
807 76962 78567 49 71703
808 77209 77616 16 5084
809 77210 77799 67 15110
810 77316 78952 68 59350
811 77368 77469 121 9183
812 77394 82426 34 136406
813 77486 81171 117 113404
814 77533 79763 90 136071
815 77647 78995 33 23279
816 77883 79274 68 82938
817 77946 80989 107 324027
818 78003 82022 52 128250
819 78073 79086 73 26665
820 78084 79566 73 31317
821 78108 86873 82 292884
822 78128 85051 23 21264
823 78161 78721 35 4901
824 78192 86992 17 148088
825 78280 84596 24 49097
826 78454 81998 20 50123
827 78467 85078 123 467402
828 78752 80083 9 3356
829 78821 80860 104 38066
830 78832 84111 141 146256
831 78882 84202 41 179442
832 79146 83305 69 161042
833 79149 88433 27 155084
834 79290 81669 54 115966
835 79320 79989 15 10279
836 79364 79846 67 16697
837 79400 81865 6 6085
838 79449 80789 5 1818
839 79452 82808 13 14977
840 80049 84847 41 73916
841 80201 82026 17 9948
842 80390 85548 73 59141
843 80399 81973 21 16276
844 80408 81555 12 6468
845 80496 83871 12 36487
846 80779 84503 46 40201
847 80804 82010 88 45007
848 80925 88713 97 797222
849 81005 83993 15 13809
850 81059 82133 28 11735
851 81094 83555 27 46245
852 81100 81844 78 12410
853 81314 86191 80 409644
854 82025 91599 138 695564
855 82326 86433 65 183030
856 82335 87517 61 211045
857 82351 83317 20 8739
858 82355 83184 9 7000
859 82450 88203 11 117157
860 82510 83143 74 12822
861 82655 91823 127 438430
862 82829 84690 88 54751
863 82848 85797 68 45522
864 82892 84258 24 31145
865 82967 86097 20 31472
866 83169 83966 93 72205
867 83424 89748 38 129981
868 83612 90535 25 96372
869 83615 83754 7 708
870 83704 88243 123 149536
871 84023 88679 79 238472
872 84213 89416 131 599290
873 84332 88682 9 30040
874 84617 91024 112 337596
875 84654 89296 88 399536
876 84840 90401 30 43568
877 84904 95712 23 39367
878 84908 90925 10 37062
879 85052 89673 92 79421
880 85070 92266 134 363625
881 85088 85546 62 16243
882 85114 87298 33 68443
883 85117 91602 11 37708
884 85129 90508 20 22079
885 85143 89394 60 51305
886 85224 87032 141 89618
887 85267 85482 121 23397
888 85417 87814 5 6396
889 85425 87626 73 19872
890 85506 91748 93 651790
891 85567 87381 22 25536
892 85596 93757 73 576542
893 85739 95607 34 139291
894 85756 86012 114 25529
895 85812 85966 34 4502
896 85864 91146 19 53196
897 85943 85985 5 57
898 86431 87387 6 2052
899 86459 86502 50 1647
900 86488 86963 35 8968
901 86519 96594 147 525657
902 86644 90233 67 95579
903 86691 88683 12 21128
904 86698 86846 12 1007
905 86716 90219 81 196868
906 86721 89621 126 65312
907 86854 89472 55 61796
908 86877 88696 51 68857
909 87104 87765 85 20011
910 87107 91033 107 245975
911 87241 87962 64 36004
912 87267 89232 34 29158
913 87299 87396 6 254
914 87467 93351 58 182949
915 87825 90269 29 67846
916 88232 90530 26 17086
917 88268 94532 20 52314
918 88356 91478 89 89618
919 88374 92751 128 119607
920 88476 88735 65 10853
921 88674 91691 6 3263
922 88722 89392 41 19507
923 88777 91980 87 71852
924 88901 91007 54 99229
925 88986 90034 23 6314
926 89181 91237 50 22783
927 89398 91737 27 58809
928 89428 96216 33 170717
929 89519 94738 76 254515
930 89764 93063 38 74188
931 89912 89926 22 192
932 90038 90080 8 137
933 90118 92744 23 22427
934 90123 90603 126 87586
935 90131 92412 48 24397
936 90132 91493 39 49825
937 90223 91702 140 278722
938 90322 95327 112 817908
939 90387 94215 106 102909
940 90448 94204 136 326732
941 90521 94446 39 60831
942 90677 90886 5 622
943 90846 98550 11 20010
944 91138 97176 112 401044
945 91734 96132 124 345386
946 91806 99053 77 291020
947 91877 92771 25 15659
948 91976 92756 65 21501
949 92222 94768 143 47788
950 92332 94765 70 40853
951 92355 94935 84 66328
952 92636 95636 29 45239
953 92640 94207 5 4157
954 92654 92745 106 7134
955 92725 95767 54 85842
956 92842 92944 68 3519
957 93012 97505 30 43432
958 93095 93908 70 9516
959 93096 99942 132 203612
960 93385 94616 129 75518
961 93401 96678 4 4870
962 93432 99946 142 450065
963 93599 94460 93 50643
964 93605 94710 39 37083
965 93653 94604 63 41495
966 93654 94718 149 46510
967 93747 94515 12 3882
968 93938 94016 11 246
969 94131 97656 86 92232
970 94561 99857 103 263760
971 94565 96152 16 5225
972 94634 97820 112 378955
973 94777 99818 68 157822
974 94877 95131 5 418
975 94925 98935 149 120667
976 95032 95858 133 33211
977 95208 97560 36 25374
978 95248 98535 24 55185
979 95376 97561 74 172930
980 95434 97812 107 63520
981 95507 98482 18 38628
982 95637 95976 18 1735
983 95671 98192 37 60311
984 95683 99601 38 22716
985 95913 97565 6 4487
986 96114 98335 12 4847
987 96315 97989 124 56048
988 96342 96407 70 2804
989 96431 98138 12 12704
990 96888 97804 5 668
991 96896 98430 39 50649
992 97121 98991 18 11483
993 97284 98278 81 54059
994 97632 97921 6 548
995 97685 98401 28 20338
996 98086 98436 134 39198
997 98129 99629 27 23373
998 98489 99630 100 60922
999 98823 99583 61 22556
