50 1000 0.050
..................................................
..................................................
..................................................
..................................................
...........................#.#....................
...........................###....................
..........................####....................
..........................####....................
...........................####...................
.............................#....................
..................................................
..................................................
..................................................
..................................................
..................................................
..................................................
..................................................
..................................................
..................................................
..................................................
..................................................
.##...............................................
.##...............................................
###...............................................
###...............................................
####..............................................
.#.#..............................................
..##..............................................
...##.............................................
..................................................
..................................................
..................................................
................#.....#...........................
...............##.###.#...........................
............##.#########..........................
.............########.#...........................
..............#...#####...........................
..............#...###.#...........................
...................####...........................
....................#.............................
..................................................
..................................................
..................................................
..................................................
..................................................
..#..................#............................
#.#..................##.#.........................
####...............#.#####........................
###................####.#.........................
#.##................#####.........................
0 95 3072 61 118557
1 237 5598 8 34224
2 347 2956 121 281975
3 382 2267 82 76041
4 394 24800 11 32553
5 578 1933 122 78761
6 605 3218 97 115080
7 630 11219 51 472836
8 639 6716 25 82805
9 749 15895 10 25057
10 767 20335 115 578062
11 794 5188 131 362423
12 985 12575 123 571473
13 1078 3554 97 104576
14 1087 14891 64 293177
15 1143 7503 112 695172
16 1151 9838 144 498462
17 1152 10099 81 389214
18 1208 3726 112 125455
19 1307 15608 23 56730
20 1367 25948 101 546365
21 1471 2266 9 6616
22 1488 32726 12 47317
23 1493 19289 27 226086
24 1595 12698 69 128398
25 2029 21394 60 503664
26 2254 16102 15 81530
27 2264 8476 111 203168
28 2277 14572 9 32821
29 2311 9034 17 60558
30 2444 7261 19 24164
31 2688 7775 75 155107
32 2865 23285 70 493662
33 2900 4817 4 3526
34 2978 8241 21 57824
35 3081 5773 26 27299
36 3328 11904 17 137285
37 3499 4642 72 169657
38 3580 18644 128 616463
39 3596 10437 134 585205
40 3604 7514 65 120581
41 3627 17094 74 329228
42 3744 18047 39 107126
43 3902 6354 27 10800
44 3927 24339 105 714358
45 4028 5254 5 3029
46 4086 12139 80 155589
47 4106 10972 42 113942
48 4240 6398 5 10737
49 4394 28047 81 465620
50 4464 20948 10 29511
51 4572 10328 82 89599
52 4715 11750 69 248947
53 4731 4923 48 6907
54 4823 5540 25 2435
55 4906 20626 29 286209
56 4957 12867 102 503810
57 5147 8362 11 13049
58 5483 14395 41 302741
59 5570 53682 98 1558557
60 5606 12825 35 60070
61 5904 17628 119 595116
62 5947 7331 4 2125
63 5961 9709 43 62322
64 5994 11333 15 45269
65 6018 19527 91 922984
66 6039 16234 129 444556
67 6196 33287 14 199354
68 6201 18331 72 628091
69 6257 19814 99 568836
70 6610 7920 31 26768
71 7079 10626 109 273862
72 7330 37563 10 83054
73 7359 8142 147 35320
74 7489 9689 69 57173
75 7526 7543 80 797
76 7807 20891 55 314948
77 7893 13862 127 607302
78 7905 8146 22 6796
79 7937 15103 7 78280
80 7991 16374 14 33841
81 7997 10855 4 12096
82 8042 8420 84 22401
83 8133 17236 27 89476
84 8140 10865 6 14367
85 8308 8370 120 5100
86 8364 10636 10 25637
87 8450 64051 66 1240827
88 8675 23965 9 41347
89 8738 14235 136 474737
90 8816 20151 48 191959
91 8851 23603 96 526626
92 8872 15581 110 241662
93 9050 9923 116 147171
94 9119 23549 35 226704
95 9279 24036 55 672639
96 9315 18562 40 132658
97 9426 16081 54 64676
98 9440 13574 105 483514
99 9768 10492 109 25411
100 9799 11902 113 90498
101 9864 13422 113 183142
102 9928 30040 63 982007
103 10012 14883 110 112865
104 10058 11367 18 8598
105 10092 13301 27 23947
106 10173 12415 6 2260
107 10183 11485 136 63202
108 10436 15166 64 336481
109 10629 12560 42 22250
110 10715 15998 41 39563
111 10717 11502 24 21221
112 10740 28933 148 1193875
113 11093 11278 16 1575
114 11094 16443 76 207836
115 11134 21121 81 191022
116 11172 12450 6 5630
117 11348 21887 101 359248
118 11401 16306 12 35529
119 11678 16896 40 81572
120 11684 12996 122 45667
121 11695 12009 7 2629
122 11742 15011 11 19728
123 11748 21802 124 599442
124 11798 42489 73 1826395
125 11839 13850 22 7968
126 11894 22234 100 350675
127 12059 13934 74 58685
128 12157 44018 43 158675
129 12227 16895 10 24090
130 12378 22219 15 46043
131 12501 14655 46 129678
132 12775 18996 10 16405
133 12859 26458 18 165919
134 12884 18581 33 51493
135 12902 23119 30 94103
136 12951 23205 119 453573
137 12969 18102 58 155030
138 13083 14840 69 127321
139 13186 24245 79 617875
140 13589 32540 17 51555
141 13687 23932 19 238587
142 13857 26298 17 59705
143 13874 21606 144 180851
144 13933 19560 105 101276
145 14114 22100 85 222903
146 14272 14643 95 9355
147 14345 21238 16 44639
148 14487 19913 105 175651
149 14703 19870 106 185282
150 14774 19262 65 130064
151 14807 17639 131 323153
152 14985 21768 132 99172
153 15233 20093 43 302941
154 15512 22279 79 166198
155 15594 28517 12 59233
156 15602 24457 143 1179657
157 15630 18081 67 119618
158 15693 28093 21 100245
159 15719 18446 137 205238
160 15965 17594 8 9380
161 15982 18452 40 86103
162 16139 22819 36 100612
163 16188 18576 51 140910
164 16296 18800 57 78628
165 16345 73094 27 291469
166 16437 18212 101 79719
167 16650 17622 18 32055
168 16803 20300 68 216613
169 16814 18789 42 30731
170 16937 21835 10 10824
171 17125 19759 27 26813
172 17243 29288 23 220921
173 17339 18463 22 18471
174 17607 23959 115 231237
175 17609 28296 55 298287
176 17693 18966 61 5744
177 17879 45097 18 299932
178 17888 21282 127 225104
179 18010 24302 34 54788
180 18202 25060 93 139294
181 18206 19660 22 19277
182 18265 35284 70 233258
183 18372 21261 10 15034
184 18426 39377 23 193139
185 18505 27639 80 505156
186 18525 18598 25 1803
187 18571 22924 8 12385
188 18603 20477 134 293165
189 18629 30777 13 73688
190 18664 54035 62 424753
191 18667 22104 11 9412
192 18864 21754 103 98980
193 19255 32849 12 54617
194 19257 24032 30 43546
195 19267 35986 29 59811
196 19314 29428 88 255841
197 19422 24417 40 137752
198 19559 43310 36 365905
199 19608 29061 100 547955
200 19610 20646 100 47251
201 19719 48115 5 32696
202 20006 31947 39 197625
203 20043 26911 39 104624
204 20145 28605 24 55276
205 20538 22354 6 2888
206 20559 22963 87 90498
207 20598 22969 29 31545
208 20624 20708 12 230
209 20625 28808 76 385667
210 20631 35377 49 207833
211 20638 21558 14 9924
212 20674 29628 14 39155
213 20745 21072 34 12796
214 20755 24318 13 13839
215 20901 27074 11 30851
216 20981 25339 145 202746
217 21114 25834 45 133821
218 21179 33163 31 132110
219 21279 68431 127 1771198
220 21354 61492 13 94892
221 21381 28149 19 67730
222 21386 25690 64 139594
223 21413 21511 78 2591
224 21424 29012 116 374132
225 21699 41270 5 80378
226 21769 26164 45 60300
227 21771 22466 18 9733
228 21807 30317 103 225977
229 22076 23050 88 13203
230 22077 24451 135 196604
231 22172 30337 109 260723
232 22233 24099 87 50919
233 22315 24983 94 138842
234 22382 33653 142 558082
235 22449 25131 8 5537
236 22716 34814 45 161425
237 22753 27655 16 20967
238 22760 23877 124 263382
239 22847 34075 107 349810
240 22884 26731 137 382102
241 22890 42325 8 35087
242 22906 23386 12 3628
243 22923 37203 98 1582364
244 22929 27137 66 268690
245 22932 34908 103 886316
246 23087 23237 73 5908
247 23167 27049 31 34431
248 23363 26140 7 8746
249 23419 24118 85 30982
250 23460 36642 122 539473
251 23544 42237 61 305799
252 23611 28051 11 16184
253 23620 26124 119 88689
254 23641 26375 56 55406
255 23705 35036 15 139139
256 23727 23811 132 16550
257 23793 34018 52 228052
258 23976 38788 72 465308
259 24020 24466 137 68302
260 24132 25667 36 44350
261 24446 26535 15 11011
262 24519 50353 114 1186466
263 24750 28065 133 759210
264 24789 38473 12 44010
265 24848 25631 129 36134
266 24853 25425 88 35938
267 25003 27843 49 62219
268 25023 28835 81 213273
269 25032 25729 146 31949
270 25063 29938 28 69926
271 25102 25931 22 17698
272 25240 33213 135 1361352
273 25429 32536 106 256348
274 25625 38995 122 330232
275 25684 27222 117 74955
276 25825 44155 42 217844
277 25873 28328 28 31655
278 25989 36259 45 330559
279 26007 30534 13 28261
280 26069 32442 21 61222
281 26078 31477 71 164707
282 26081 26128 43 713
283 26238 28117 95 29759
284 26330 28442 133 409228
285 26615 28511 59 81908
286 26764 38226 105 367411
287 26768 39030 21 58344
288 26867 32200 122 321070
289 26904 31493 27 55341
290 27079 33619 6 17264
291 27120 38380 94 303290
292 27158 34121 98 131482
293 27169 45155 102 934235
294 27294 42134 32 291736
295 27470 33072 47 102130
296 27505 33923 54 228973
297 27558 37779 113 327393
298 27598 31047 27 64659
299 27622 34915 116 189610
300 27629 29213 114 31854
301 27912 31330 22 13987
302 28007 41807 5 42047
303 28198 32600 88 96509
304 28256 34298 64 411440
305 28461 47747 129 1060853
306 28524 28710 21 3123
307 28622 55063 72 1436548
308 28987 35468 92 111744
309 29001 31256 119 148971
310 29056 32693 10 15516
311 29301 46226 34 173446
312 29322 33486 38 86031
313 29346 30101 29 12798
314 29612 29618 85 344
315 29710 34845 98 215557
316 29835 34263 67 133926
317 29915 30908 92 64176
318 29951 41327 109 515245
319 29966 38801 61 245106
320 30054 30464 101 16538
321 30146 58882 7 47221
322 30425 33273 85 94211
323 30437 30822 11 1966
324 30533 40011 83 271006
325 30737 31275 25 9363
326 30817 41573 24 296291
327 30826 42314 138 183082
328 30850 40393 78 166861
329 31107 32984 11 13147
330 31216 40386 21 70157
331 31261 45773 85 351437
332 31286 39912 20 60439
333 31401 40042 36 85430
334 31581 32004 44 7337
335 31598 43388 101 566639
336 31634 32792 63 29890
337 31637 33890 137 113424
338 31655 46056 13 112372
339 31786 34686 92 202738
340 31819 36035 126 343432
341 31881 47682 70 373062
342 32038 34155 73 137467
343 32119 45408 46 539386
344 32266 36433 113 288982
345 32385 35258 124 428655
346 32441 32818 66 27082
347 32544 44848 30 194918
348 32561 47342 15 96417
349 32590 49763 108 945427
350 32731 53282 24 255215
351 32860 33539 47 7442
352 33055 36116 138 310618
353 33235 60687 62 653884
354 33241 38381 22 136536
355 33457 45129 66 544704
356 33497 42734 16 51777
357 33791 42156 15 60480
358 33864 35680 137 132311
359 33951 37851 23 39101
360 34016 71173 95 1710364
361 34085 49888 27 72485
362 34120 36033 64 141566
363 34207 54639 52 216149
364 34405 46436 8 36826
365 34495 43663 94 206182
366 34504 34520 10 91
367 34628 38208 17 16954
368 34765 41363 34 90107
369 35290 36911 38 75517
370 35351 52884 122 864715
371 35355 48232 51 502670
372 35419 42805 115 360542
373 35475 52982 40 134366
374 35500 43487 35 118006
375 35589 45225 117 745337
376 35650 41159 35 46004
377 35704 41602 59 94903
378 35773 36434 42 20508
379 35843 36300 127 13616
380 35872 40118 8 9186
381 36076 37368 72 51226
382 36109 48138 99 553151
383 36222 38807 94 96453
384 36266 58095 44 594279
385 36329 43103 49 141573
386 36435 44599 50 59026
387 36469 42130 108 272152
388 36553 44282 60 340673
389 36772 37282 41 27222
390 37216 52317 5 21461
391 37242 39809 37 28155
392 37347 44741 57 178945
393 37370 51207 27 135526
394 37554 44173 35 58130
395 37566 47230 25 134360
396 37585 44061 80 336482
397 37596 48729 86 495160
398 37855 39286 11 11706
399 37902 40998 64 70069
400 37907 39216 46 104954
401 37924 47585 126 714533
402 37925 39217 136 56812
403 38078 42345 11 24304
404 38092 61233 6 40554
405 38216 39911 38 53154
406 38298 39224 4 4760
407 38424 40732 31 55469
408 38510 43573 138 161558
409 38552 38937 60 6661
410 38765 40935 71 23328
411 38947 61369 67 390772
412 38963 40211 59 16165
413 39134 45742 13 4826
414 39203 40293 75 29270
415 39565 55232 22 100462
416 39670 58596 7 46251
417 39677 57447 42 864783
418 39925 39961 72 951
419 39945 43583 15 9997
420 39969 69973 83 1368083
421 40021 46797 67 139490
422 40040 50609 114 1090149
423 40115 43572 110 149952
424 40142 57307 140 491326
425 40275 43567 22 7270
426 40281 41194 120 48900
427 40424 57864 19 138087
428 40554 40874 15 2659
429 40641 49556 17 75251
430 40737 49312 140 1737748
431 40739 66450 54 508492
432 40797 45504 82 154510
433 41021 48899 111 396535
434 41177 42447 149 55918
435 41222 44935 16 53485
436 41239 44553 118 85338
437 41311 47416 45 138699
438 41430 48275 27 61033
439 41626 42930 135 206470
440 41791 43268 94 42167
441 41990 50025 96 461730
442 42112 49965 70 514057
443 42384 67538 21 127035
444 42403 61605 80 788836
445 42413 48814 29 119349
446 42421 43116 101 19802
447 42497 57290 102 537480
448 42755 44215 8 2917
449 42852 49411 32 51103
450 42923 43251 8 2210
451 42957 50633 20 22305
452 42990 58680 101 634513
453 43065 49267 9 29093
454 43133 44281 86 66805
455 43161 48676 63 285786
456 43415 46936 127 181822
457 43733 60696 117 1071774
458 43741 50965 53 171717
459 43795 56498 38 182728
460 43839 44208 28 4026
461 44184 49206 141 128065
462 44322 49543 32 84988
463 44407 44448 149 5906
464 44505 48292 11 18939
465 44602 46194 44 23765
466 44781 58979 134 768528
467 44788 48133 119 89498
468 45045 71915 59 653794
469 45063 46298 13 13510
470 45073 46607 99 21273
471 45212 57531 110 182293
472 45245 62711 85 312286
473 45285 49157 31 50195
474 45291 49203 20 31931
475 45537 49228 104 177444
476 45543 57720 97 940275
477 45593 56612 7 29896
478 45734 48141 35 36997
479 45738 59323 7 47776
480 46229 64364 24 409736
481 46349 52193 39 69386
482 46376 50564 5 7261
483 46531 48949 54 54055
484 46544 52313 22 53859
485 46547 49578 96 79248
486 46686 53438 61 282971
487 46704 56837 51 260386
488 46736 50733 58 72577
489 47085 50835 13 38583
490 47138 47422 128 17510
491 47236 49257 13 8426
492 47418 54625 31 80596
493 47548 50031 98 142488
494 47561 76004 28 190596
495 47600 73983 29 271847
496 47742 49620 121 167422
497 47906 48277 18 7345
498 47927 48833 58 58571
499 48148 62518 45 286358
500 48257 48658 9 1827
501 48301 57747 110 267041
502 48356 48836 61 38987
503 48554 59250 102 645390
504 48559 56652 139 1016668
505 48597 54183 83 222414
506 48853 50909 96 59265
507 48901 66107 48 280034
508 49020 80226 29 456313
509 49332 54206 29 23130
510 49577 60746 11 25766
511 49670 61777 140 925744
512 49711 49967 5 753
513 49863 52224 71 84304
514 49868 50322 37 19043
515 49914 52956 45 59355
516 49923 55003 86 89706
517 49991 55043 26 25082
518 50126 51934 14 8549
519 50304 50718 54 18393
520 50572 60937 11 33486
521 50644 63073 50 304420
522 50661 53098 17 18609
523 50735 53088 32 57016
524 50956 53456 18 33766
525 51040 62171 60 505210
526 51050 53019 41 17025
527 51148 51825 83 46078
528 51189 56856 6 29223
529 51324 67687 40 208955
530 51327 56727 25 77952
531 51365 57413 11 54151
532 51379 55872 123 146017
533 51461 51540 65 1482
534 51530 68466 73 244651
535 51617 51841 11 998
536 51634 72740 77 1923844
537 51693 55312 28 48017
538 51739 55695 123 130929
539 51883 55632 51 110592
540 51944 60791 7 26679
541 52355 66692 68 322115
542 52590 74963 122 453771
543 52666 76098 63 481214
544 52718 55148 98 191330
545 52742 56735 111 157983
546 52752 76029 11 84888
547 52759 56439 107 147654
548 52793 66389 20 93728
549 52798 73271 43 773558
550 52800 58086 130 636954
551 52968 60781 28 93591
552 53290 57664 14 19224
553 53377 59548 36 129324
554 53501 65754 15 71012
555 53655 54316 52 39241
556 53728 58075 76 163163
557 53737 55350 5 7390
558 53766 56023 34 35549
559 53915 64405 74 318821
560 54020 63526 14 39983
561 54036 58668 28 65206
562 54105 58609 121 509102
563 54275 58008 6 8121
564 54312 55921 12 13158
565 54338 72216 89 816237
566 54342 59095 12 11805
567 54583 66694 44 480894
568 54686 69385 5 51832
569 54691 58224 35 15452
570 54976 63350 118 268243
571 55037 87281 21 279893
572 55289 70572 38 556488
573 55358 59593 97 395217
574 55391 64649 138 414923
575 55416 59701 82 161876
576 55577 55839 5 1503
577 55585 61968 111 204858
578 55603 61418 10 18846
579 55606 55972 5 472
580 55741 72175 36 193519
581 56173 57675 119 115955
582 56251 66739 103 357457
583 56268 57843 25 7120
584 56274 56432 22 1865
585 56309 56774 30 6857
586 56340 68773 37 188968
587 56747 57925 61 39874
588 56908 60541 81 74353
589 56933 61896 11 65610
590 56936 66382 31 70568
591 57033 71906 42 114655
592 57159 74226 40 165549
593 57198 66831 34 146949
594 57228 61040 13 29347
595 57360 62357 139 290785
596 57391 63105 125 239079
597 57419 80375 113 1686698
598 57477 64281 64 197432
599 57530 59175 8 3368
600 57780 69947 136 823880
601 57874 65738 32 63639
602 57923 58566 31 19851
603 57930 66079 58 235152
604 57956 68885 127 524428
605 57963 58855 116 21385
606 57979 68486 74 230320
607 58132 72244 111 231135
608 58395 66661 76 246441
609 58455 62718 24 32991
610 59107 67393 106 204201
611 59161 62473 13 10962
612 59372 68795 86 271269
613 59385 64990 61 102070
614 59813 86458 43 807493
615 59929 66386 73 94729
616 59941 71919 60 453122
617 59953 72086 35 209987
618 59972 62545 26 15428
619 60229 82066 9 80163
620 60292 63553 35 63340
621 60332 86135 17 328482
622 60333 60347 53 811
623 60770 74340 147 714980
624 60786 81338 22 128906
625 60866 60983 42 3659
626 60935 61313 115 30078
627 61031 62679 81 48098
628 61096 64861 121 218291
629 61126 67145 96 233103
630 61156 73171 25 150224
631 61553 62543 67 21452
632 61833 67256 76 190353
633 61990 62460 16 1895
634 62218 64929 70 40366
635 62224 75699 11 81577
636 62324 78939 40 555467
637 62430 63052 15 6046
638 62463 84941 86 709899
639 62824 63779 8 2348
640 62886 67199 56 83929
641 63162 71387 36 79451
642 63173 68417 47 144532
643 63206 84765 25 117861
644 63220 66917 67 99411
645 63223 73016 13 36162
646 63425 73038 71 327086
647 63440 64464 7 3588
648 63624 74693 60 167303
649 63684 69255 6 2899
650 63705 87350 45 178552
651 63809 64243 25 3065
652 63895 66051 56 95239
653 63914 83926 6 64788
654 63943 75572 61 215200
655 63971 84300 15 125675
656 64065 72747 15 68464
657 64126 64174 76 1827
658 64287 86748 68 243344
659 64340 74216 91 193684
660 64401 65455 27 13190
661 64406 71133 79 117329
662 64416 68210 37 86422
663 64528 71672 9 30264
664 64565 73644 13 20598
665 64672 73008 57 105357
666 64701 69649 148 158342
667 64843 65601 124 51021
668 65017 66637 4 5734
669 65284 84541 28 238511
670 65303 74503 16 33813
671 65344 87065 11 92390
672 65405 68894 25 47366
673 65631 70271 6 6028
674 65744 72764 148 842406
675 65855 86963 20 157286
676 65898 69520 32 46881
677 66043 85592 6 44382
678 66187 69793 19 45547
679 66225 89744 16 290273
680 66273 66468 6 598
681 66332 70794 111 262562
682 66359 66829 70 37257
683 66369 74991 20 94927
684 66560 67219 27 7950
685 66647 66934 26 5318
686 66850 73120 98 135608
687 66857 69865 53 37309
688 66893 67334 27 2852
689 66897 71881 11 29497
690 66974 68289 5 2024
691 67022 75660 69 330372
692 67120 67435 84 9813
693 67151 69129 98 168370
694 67327 76722 5 30089
695 67333 91594 146 2780677
696 67377 73343 56 149013
697 67445 77729 53 136671
698 67473 71488 6 18796
699 67493 73740 33 104707
700 67517 67801 28 4511
701 67613 67868 66 7236
702 67662 70926 6 6470
703 67695 74544 13 59325
704 67717 69586 27 17777
705 67731 81347 21 115703
706 67768 73224 72 178528
707 67896 72820 27 58340
708 67984 80262 122 623403
709 67993 89125 71 236589
710 68048 75062 14 45635
711 68129 83234 110 576662
712 68594 80056 140 401478
713 68727 71108 69 115803
714 68769 69386 21 3170
715 68836 72610 48 133429
716 68892 72274 117 272877
717 68956 94459 11 212793
718 69143 78031 48 200039
719 69183 81543 78 84055
720 69211 89683 18 214737
721 69553 76696 48 80906
722 69597 79602 38 102714
723 69607 74654 131 134136
724 69612 82632 72 693504
725 69767 71708 86 364868
726 70116 75539 5 4657
727 70155 75633 142 326024
728 70160 71671 92 199545
729 70174 76319 35 69959
730 70235 79191 88 779757
731 70252 72457 109 51020
732 70447 72395 18 8392
733 70452 74658 25 49578
734 70455 80608 47 175095
735 70535 91125 138 1188877
736 70701 73381 63 119959
737 70737 76238 115 179875
738 70762 74624 8 8582
739 70897 79443 57 130763
740 71052 72169 15 10441
741 71070 88495 93 423149
742 71265 75632 48 64906
743 71458 86770 41 196802
744 71700 74170 128 95003
745 71763 84935 14 174878
746 71778 85076 52 324984
747 71879 77083 26 176848
748 71998 73052 10 6490
749 72007 77500 51 93583
750 72059 83155 57 316506
751 72077 82203 79 201902
752 72231 81277 27 78983
753 72240 75914 6 32797
754 72445 89887 43 537941
755 72455 98799 5 57988
756 72480 77719 13 25097
757 72501 75544 52 141104
758 72560 81989 9 81546
759 72563 97946 18 224760
760 72648 87895 5 18417
761 72674 77339 80 140687
762 72724 89458 100 1405895
763 72774 76859 150 226067
764 72785 75853 111 191715
765 72964 73030 144 6692
766 73019 86639 17 80308
767 73176 85513 8 38589
768 73245 81595 142 1959307
769 73393 73497 7 555
770 73470 77471 19 14498
771 73490 75114 47 69571
772 73545 79956 137 684594
773 73604 78971 140 160680
774 73631 75472 37 37306
775 73773 82285 109 182278
776 73890 82148 25 33935
777 73930 82549 43 276476
778 74073 80946 135 436343
779 74182 89439 146 862673
780 74213 76256 15 13624
781 74267 78691 4 4071
782 74295 77077 132 109947
783 74351 77393 131 118578
784 74381 75078 75 28169
785 74538 85272 36 104008
786 74774 83700 28 87122
787 74788 79211 122 444211
788 74896 82725 86 187903
789 75415 82494 15 41521
790 75431 79470 55 124307
791 75555 78508 6 5749
792 75580 75771 45 3664
793 75784 79262 136 255650
794 76008 89160 41 95040
795 76058 94901 103 847284
796 76080 81436 62 120464
797 76161 78479 44 30919
798 76275 76763 142 19860
799 76289 77039 29 7084
800 76325 76559 108 10471
801 76331 77145 64 28954
802 76473 78292 141 258163
803 76620 82772 34 124634
804 76746 92379 46 567946
805 76794 85517 137 370041
806 76870 83859 64 273844
807 76922 78553 66 102270
808 76925 79293 60 51213
809 76933 89498 22 59610
810 76942 98201 107 644814
811 77152 80310 69 180444
812 77216 90099 40 646709
813 77243 83343 124 178237
814 77307 87366 24 182588
815 77319 85422 35 207849
816 77325 82734 26 23524
817 77494 86188 38 118568
818 77528 86054 7 8009
819 77562 77806 101 14627
820 77668 80450 8 16325
821 77681 93264 116 1242197
822 77723 85965 41 93413
823 77787 81578 29 75603
824 77923 93972 5 13108
825 77954 78619 92 87313
826 78101 79983 5 3366
827 78213 79138 71 52159
828 78246 83003 14 22699
829 78450 95429 85 1163609
830 78476 80127 35 18584
831 78559 80503 40 18689
832 78659 83520 144 437793
833 78741 91692 33 352693
834 78879 89078 76 311613
835 78881 82698 6 9102
836 78981 81355 56 74108
837 78997 90450 15 34863
838 79000 80863 19 5279
839 79068 79844 64 26664
840 79144 80055 63 15563
841 79151 79718 15 10245
842 79288 91709 54 230810
843 79328 89865 103 301539
844 79521 79725 29 14115
845 79523 89069 130 384493
846 79559 80142 7 1642
847 79565 80975 49 36465
848 79736 84609 122 273521
849 79823 99274 88 433941
850 79894 97353 62 848398
851 79972 80500 56 11609
852 79982 84803 27 64133
853 79991 82583 50 35027
854 80067 88264 22 52120
855 80108 92333 24 57191
856 80243 95681 62 1145183
857 80340 80732 141 17544
858 80353 83589 11 14461
859 80515 83740 50 109508
860 80617 81797 62 29963
861 80632 84034 22 30515
862 80682 84687 55 197139
863 80750 81178 69 13487
864 81140 86856 7 33773
865 81147 84009 45 64512
866 81197 85936 116 388972
867 81429 99189 132 534207
868 81443 88380 15 29162
869 81521 85062 96 96301
870 81663 99380 69 931673
871 81767 82950 67 31782
872 81808 95181 31 131752
873 81947 85280 25 68287
874 82293 85243 16 23113
875 82317 87275 18 16486
876 82343 96186 102 639183
877 82369 95834 15 84792
878 82502 88939 90 231393
879 82645 84475 69 36831
880 82662 84183 91 158228
881 82726 83763 141 67014
882 82892 83784 29 21396
883 82936 87778 71 146647
884 82991 86930 58 55232
885 83004 83023 16 115
886 83441 93933 139 572230
887 83458 83471 22 353
888 83545 84335 15 3360
889 83704 96055 36 71773
890 83771 86583 54 43430
891 83783 85052 18 5638
892 84030 86492 55 48906
893 84037 87010 13 11654
894 84084 87732 55 68626
895 84229 86730 24 73700
896 84356 90122 8 12384
897 84430 97164 119 1228276
898 84510 89955 32 72769
899 84619 85308 150 20644
900 84952 85395 9 9789
901 84959 91554 41 176428
902 85095 86175 43 19210
903 85202 96003 68 242506
904 85353 97540 49 482216
905 85366 86679 48 28272
906 85523 86538 88 14819
907 85585 89494 29 45765
908 85628 88520 85 73719
909 85716 87985 19 18697
910 85752 88112 83 98983
911 85808 87236 61 45653
912 85945 88845 19 26717
913 85946 89923 31 11791
914 85991 86348 7 1662
915 86023 86119 48 2646
916 86098 95912 10 11803
917 86350 95006 16 24623
918 86399 94120 63 81161
919 86486 94928 129 231741
920 86684 94310 7 26093
921 86776 87639 82 34111
922 86823 97827 15 103533
923 86992 90044 62 192456
924 87159 93388 90 151730
925 87183 87210 118 3104
926 87267 87703 104 26978
927 87356 91603 78 126515
928 87425 94885 100 435692
929 87440 93511 112 198464
930 87494 91343 17 83620
931 87648 92728 69 389095
932 87749 87902 79 4695
933 87771 91805 80 382654
934 87798 95001 21 53181
935 87911 95014 23 99049
936 88169 90813 142 236449
937 88290 88895 97 57568
938 88468 98226 57 458678
939 88477 99193 142 189042
940 88569 89790 111 110475
941 88730 89784 10 13340
942 88813 94406 80 109151
943 89051 90763 55 34642
944 89111 97408 119 935485
945 89112 93045 117 231318
946 89133 99932 25 58527
947 89161 96064 42 93629
948 89204 93415 68 65635
949 89205 89472 92 11664
950 89418 89709 125 16616
951 89485 97050 94 442105
952 89497 99374 98 610832
953 89538 96303 67 378910
954 89659 94330 80 107141
955 89693 92193 43 45511
956 89698 89880 65 8237
957 90031 90422 142 18683
958 90281 91119 12 14219
959 90290 90361 39 884
960 90439 92330 129 141799
961 90638 95921 124 557453
962 91009 92053 84 26542
963 91129 94422 77 141364
964 91148 94109 81 124402
965 91370 99961 5 5445
966 91552 93542 27 17005
967 91830 98020 27 88468
968 91874 96044 43 131263
969 91933 94855 136 345309
970 92005 93470 31 25595
971 92029 92377 131 36561
972 92102 95110 125 196425
973 92162 94165 92 84296
974 92220 98429 33 132357
975 92303 92840 27 5367
976 92469 98724 18 29679
977 92600 92929 41 1759
978 92771 98161 7 14450
979 92787 98523 5 15621
980 92830 96905 16 23858
981 93143 93315 12 1654
982 93378 94809 60 69328
983 93418 94916 107 90913
984 93640 96162 73 121899
985 93761 98626 42 129901
986 93820 99142 9 29544
987 94043 96579 46 36304
988 94224 95902 100 24802
989 94839 99861 26 55167
990 95026 99361 59 78305
991 95542 95933 20 3313
992 95606 96081 18 4306
993 95640 97036 27 14044
994 95917 97558 120 102839
995 96103 97235 105 67088
996 96816 97554 17 10623
997 97302 98354 36 20736
998 97650 99968 54 51395
999 99221 99943 53 24264
