50 1000 0.046
...........................#......................
...........................###....................
...........................#.##...................
..........................##.##...................
...................#..########....................
..................##.....######...................
...................###..########..................
..................#############...................
.................###############.................#
.................#.#####.#######..............####
.................################............#.###
..................##############............##.###
.................###..####.######...........######
....................##############...........#####
.....................#.##.######.............#####
....................##.##.###..#............######
.....................#...####.#.#..........##.####
.........................#########......####.#####
........................#########.......##########
........................#######.#........####.####
.......................####.#####.........#.#####.
.......................##.######.........#.##.###.
....................#...#..###.###......#####..##.
....................#..........#.......#########..
...........###......#..................##########.
..........###.#.....#..................######.##..
.........##.###..#.##..................#.########.
.........############.................#######.##..
.........##########.##...#............#...#.######
.........#####.######.#####...............#..####.
........############.####.................#...###.
.###..#####################...................###.
##.#######################......................#.
.######################...........................
..##############.###..#...........................
.##..##.########.###..#...........................
####..##############..............................
...#....#.##.#.#.####.............................
..........#.###...#...............................
............#.##..................................
..................................................
..................................................
..................................................
..................................................
..................................................
..................................................
..................................................
..................................................
..................................................
..................................................
0 10 2318 9 2292
1 39 123 86 3846
2 139 5273 14 19550
3 153 3538 94 239376
4 202 4992 4 6421
5 332 5843 36 95118
6 389 9851 44 221684
7 437 2528 77 30477
8 464 4630 29 104714
9 479 1431 105 21795
10 658 2148 6 4445
11 680 1788 84 98237
12 722 7925 53 128204
13 760 1222 149 82209
14 1005 2220 7 4639
15 1044 9862 132 1245630
16 1385 4066 47 79426
17 1414 1612 38 3567
18 1432 6422 14 29102
19 1466 9583 47 110539
20 1550 6948 100 272437
21 1641 16626 130 872503
22 1761 4713 140 208311
23 1781 4232 52 53684
24 1962 2757 13 3994
25 2067 5319 9 6513
26 2128 3279 111 104156
27 2167 3839 65 41972
28 2217 3596 82 59608
29 2503 4888 43 102509
30 2534 9701 29 104418
31 2565 4523 103 77484
32 2637 8563 25 31707
33 2721 4785 48 55681
34 2915 10769 32 110651
35 2928 6652 120 170532
36 2972 6946 41 107464
37 3041 3666 42 7353
38 3105 15516 5 21501
39 3268 6319 108 92006
40 3366 5239 39 76369
41 3522 11300 85 415509
42 3820 10853 20 44397
43 3906 6896 26 29577
44 3907 5821 88 68893
45 4002 7323 142 253187
46 4018 5887 16 35631
47 4098 6027 18 23074
48 4487 14699 9 21362
49 4532 9559 30 72275
50 4668 5064 7 634
51 4694 5051 36 8163
52 4794 21964 11 65809
53 4855 5462 33 11174
54 5017 8952 5 6098
55 5477 11428 62 103390
56 5579 5900 6 1760
57 5647 10040 104 594978
58 5935 8792 124 143425
59 6074 14480 23 149145
60 6275 10405 32 33652
61 6469 9661 136 241415
62 6672 7054 86 35939
63 6692 9008 147 133093
64 6844 6852 5 19
65 6906 25337 44 51566
66 6966 7106 29 1302
67 7078 8626 94 53259
68 7081 8239 90 107616
69 7126 11141 133 144685
70 7146 10842 28 46766
71 7228 14505 91 97646
72 7417 8372 35 11110
73 7702 8068 54 4997
74 7714 11474 25 76428
75 7757 9413 24 45880
76 7946 9231 98 27073
77 8147 8762 15 6563
78 8188 14822 13 15597
79 8451 9975 50 52772
80 8495 11205 122 443570
81 8514 12297 81 102561
82 8827 11164 54 22623
83 8833 10780 139 152406
84 8867 8884 26 778
85 8877 14125 12 8606
86 8913 10410 9 4045
87 8947 12419 93 124869
88 9216 14186 32 99093
89 9350 10446 80 54088
90 9438 17998 130 574937
91 9494 15814 47 159391
92 9585 11372 64 51982
93 9700 13179 128 327479
94 9706 13998 59 118890
95 9806 10048 91 31632
96 9933 10111 35 2776
97 10256 13323 60 190566
98 10331 11615 111 40818
99 10391 14055 113 97528
100 10462 10996 38 20473
101 10471 12820 35 24278
102 10498 27393 42 86146
103 10767 16277 92 123505
104 10782 12564 74 44393
105 10808 17850 53 53869
106 10848 11239 109 33464
107 10917 12333 139 93795
108 10933 10964 48 1203
109 11111 28741 7 92269
110 11249 11343 15 701
111 11308 14351 43 92471
112 11378 15242 7 7029
113 11470 12182 22 11450
114 11604 20727 59 131729
115 11670 11988 38 3576
116 11690 12205 108 60327
117 11878 13469 28 13510
118 12209 16072 116 212490
119 12244 13210 11 4494
120 12343 16681 14 44543
121 12509 15581 56 47124
122 12691 17050 15 52671
123 12917 19377 68 538230
124 13062 18260 129 106247
125 13250 18959 87 277027
126 13388 13453 102 10714
127 13424 16760 4 6136
128 13491 22795 64 272803
129 13586 15923 18 16654
130 13773 15824 126 199004
131 13806 15244 11 11284
132 13823 14177 133 6683
133 13938 19993 55 377592
134 14004 20808 122 761192
135 14072 14916 11 3384
136 14408 14604 89 6881
137 15236 25465 39 328076
138 15310 15569 43 14439
139 15319 18544 34 31926
140 15436 16374 142 45510
141 15620 17259 51 59636
142 15819 22806 115 189726
143 15867 25525 136 289739
144 15954 20489 93 85038
145 15992 22735 126 539239
146 16053 18790 5 2898
147 16094 23030 49 117303
148 16106 18021 79 68612
149 16155 17246 25 15488
150 16222 17055 31 13049
151 16336 21638 17 38659
152 16425 19124 50 137432
153 16450 17224 46 70365
154 16486 22591 78 170051
155 16517 19740 76 147659
156 16573 16659 33 3288
157 16638 32592 70 422657
158 16671 17267 120 57980
159 16792 29180 87 1029938
160 16804 26046 5 29063
161 16897 21481 37 112156
162 16998 19398 5 4119
163 17019 17421 81 31359
164 17029 21702 98 225697
165 17030 18344 38 26517
166 17034 18797 116 109186
167 17148 19921 23 36614
168 17275 18131 121 89313
169 17280 18656 7 1808
170 17417 18638 147 111186
171 17435 19043 40 21078
172 17440 20879 46 65364
173 17493 17997 32 14058
174 17511 19521 6 7965
175 17519 19644 12 6382
176 17632 25941 120 590525
177 17695 40274 108 1217887
178 17843 20561 4 5416
179 17954 18382 144 102927
180 17986 18487 105 13757
181 18066 18577 37 8088
182 18182 32820 83 365926
183 18467 21518 120 240320
184 18514 21512 20 47364
185 18689 19679 18 11595
186 18777 19220 6 583
187 18842 25438 28 90673
188 18884 23094 5 12200
189 19073 22328 24 44135
190 19221 24274 107 340000
191 19333 25743 14 78828
192 19407 20237 125 16441
193 19448 23990 12 24173
194 19887 31063 36 165773
195 19945 25512 126 457894
196 20060 23703 9 19749
197 20116 25338 51 35798
198 20274 20578 7 1774
199 20383 20986 144 26576
200 20554 21357 23 11041
201 20589 22996 114 159832
202 20701 31362 29 97622
203 20841 21403 92 25973
204 20842 40194 124 2868525
205 20856 25973 85 242633
206 20927 20946 90 1613
207 21151 21865 118 52625
208 21304 22518 63 64134
209 21318 21739 14 3013
210 21339 21363 6 111
211 21349 25579 67 98209
212 21397 23618 61 49029
213 21490 23385 54 42839
214 21978 22757 39 10488
215 22004 29280 147 483386
216 22050 24090 61 24231
217 22147 26973 107 149258
218 22160 23382 31 6785
219 22233 26883 125 883692
220 22418 34928 14 83554
221 22668 23699 14 5983
222 22691 31117 146 1151179
223 22710 35532 38 183883
224 22745 23368 4 483
225 22784 22850 65 2819
226 22862 23800 54 33478
227 22943 25909 124 368531
228 22957 26226 22 66895
229 23025 23720 11 2252
230 23074 29298 117 712913
231 23365 24256 119 64035
232 23390 32283 134 742823
233 23617 29472 5 7984
234 23687 24537 47 20258
235 23766 31561 41 192318
236 23780 24144 19 4987
237 23970 27684 5 10458
238 24021 25872 9 6156
239 24104 25673 6 3783
240 24107 28538 67 258372
241 24158 26814 5 2482
242 24202 25353 32 24047
243 24205 31417 54 331401
244 24497 29689 34 57203
245 24507 35153 17 47849
246 24509 24682 67 6359
247 24743 39374 127 1550308
248 24842 28959 146 323575
249 24945 28427 64 93981
250 24979 28252 13 33119
251 25279 25820 9 5589
252 25318 31434 33 61176
253 25321 27098 25 8306
254 25333 36262 100 643736
255 25358 33713 37 45391
256 25487 26449 126 121334
257 25608 27239 8 7492
258 25639 30789 8 13509
259 25755 30144 52 67168
260 26015 26665 6 1612
261 26037 35246 4 11248
262 26266 32313 6 22304
263 26371 33870 145 442231
264 26428 30349 112 458625
265 26524 32482 48 109434
266 26594 38436 107 2273625
267 26886 44929 92 648357
268 26903 28840 18 47194
269 26983 35037 7 52717
270 27023 30579 53 43533
271 27038 28470 6 4814
272 27114 32242 49 77113
273 27335 27699 50 23830
274 27520 28552 19 8473
275 27563 28574 76 46406
276 27922 28461 54 11393
277 27926 30508 29 26336
278 28103 28458 7 3480
279 28266 31155 70 89395
280 28323 29255 67 55561
281 28397 33063 22 52679
282 28472 33399 39 76189
283 28476 28951 34 3960
284 28531 28944 145 22097
285 28731 32473 28 34396
286 28732 34100 79 212348
287 28854 29676 22 3418
288 28906 32158 26 11645
289 29005 31478 37 76442
290 29052 41570 30 465291
291 29080 31025 8 15031
292 29142 29397 45 11952
293 29149 30683 133 161378
294 29312 29683 127 51429
295 29402 30879 50 30571
296 29408 35397 149 150278
297 29416 31148 17 36648
298 29418 42682 69 212646
299 29451 30133 28 6350
300 29493 32964 36 78612
301 29598 40882 109 257970
302 29607 33054 96 41424
303 29666 38333 138 256420
304 29697 30147 118 12485
305 29702 34035 57 161706
306 29744 32127 10 8486
307 29904 32908 30 31860
308 30225 37528 88 298685
309 30261 31763 100 194827
310 30308 30570 134 14223
311 30421 31263 30 9246
312 30544 31388 81 22179
313 30805 30859 96 3816
314 30866 31344 142 32505
315 30905 36088 116 494110
316 30958 31956 7 4537
317 31075 33248 33 89766
318 31105 33878 75 382818
319 31291 34084 28 11382
320 31324 35781 32 82765
321 31412 39571 71 119111
322 31679 35955 13 37341
323 31783 37471 127 138466
324 31833 32738 5 2024
325 31899 34701 73 241338
326 32009 44250 41 413388
327 32010 36481 99 179056
328 32090 34293 90 96637
329 32091 36942 72 43213
330 32433 34477 9 3652
331 32439 38300 91 291230
332 32444 35805 32 44751
333 32574 38406 14 40700
334 32653 35538 25 17646
335 32782 33854 48 26141
336 32932 38316 92 51485
337 33069 37837 47 138461
338 33128 36111 13 26695
339 33388 34704 96 62090
340 33400 43852 9 36912
341 33859 46498 8 18507
342 33898 34124 32 2047
343 34027 36633 41 60539
344 34037 34286 106 12593
345 34047 34538 62 20143
346 34163 44735 108 713856
347 34260 34567 15 2840
348 34285 34487 136 8266
349 34304 41715 140 336058
350 34399 34650 40 7992
351 34457 42443 19 28651
352 34677 34916 62 6127
353 34730 35666 33 10454
354 34999 36594 43 13739
355 35025 46359 59 244436
356 35026 40768 85 419688
357 35122 38708 16 89854
358 35176 41219 113 478994
359 35235 36055 25 9087
360 35443 38042 68 70971
361 35534 36885 48 20085
362 35547 36408 4 1383
363 35564 37552 5 2778
364 35569 42170 55 164969
365 35627 36215 10 2166
366 35687 36199 5 1357
367 35704 35863 41 5668
368 35764 36768 118 12597
369 35788 37194 120 184568
370 35840 38148 124 264750
371 36037 39426 117 432890
372 36067 45221 32 207930
373 36129 39503 93 86871
374 36162 45897 95 569083
375 36207 44205 16 136693
376 36221 47904 89 274600
377 36280 38690 32 59472
378 36337 37934 139 200803
379 36473 49748 34 249310
380 36501 37061 30 4497
381 36609 40914 40 73831
382 36707 37092 12 1913
383 36727 37742 115 42923
384 36832 41785 28 98606
385 36990 39796 139 66818
386 37036 37671 99 56207
387 37177 41590 13 17430
388 37215 42030 105 171149
389 37345 37450 75 4165
390 37479 41381 29 29068
391 37564 37619 123 2886
392 37730 39319 40 62329
393 37866 45792 39 204086
394 37895 44080 110 134278
395 37919 39596 96 105641
396 38026 45690 97 438539
397 38095 40150 15 26879
398 38153 40203 24 20680
399 38209 38463 90 6852
400 38323 41828 22 57288
401 38351 45737 33 32999
402 38658 39149 73 17803
403 38837 39923 78 20805
404 38952 39100 35 5464
405 38954 39547 148 27444
406 39220 40184 28 9804
407 39341 43631 58 128384
408 39370 42772 48 119892
409 39373 47488 6 21122
410 39439 43467 70 93803
411 39645 49261 93 476300
412 39703 41229 14 12902
413 39849 41620 54 46148
414 39886 43495 60 77961
415 39905 42900 26 23898
416 39977 52508 5 7654
417 40061 40250 58 11988
418 40096 42589 136 52268
419 40751 46830 39 89625
420 40849 45611 80 175836
421 40866 45398 27 46104
422 40949 41978 80 13417
423 40965 52173 19 51708
424 40977 45458 21 147406
425 41089 42951 7 4361
426 41172 44889 73 113823
427 41212 41789 9 2600
428 41269 42621 120 38434
429 41342 45946 119 140163
430 41463 42800 113 61537
431 41564 44617 83 137587
432 41581 43157 32 20811
433 41598 42202 89 37177
434 41819 44786 73 42212
435 41939 44245 124 191204
436 42022 44087 50 34310
437 42068 42220 23 1432
438 42091 43377 111 68699
439 42110 57675 83 392980
440 42274 43567 61 37556
441 42379 44469 6 2313
442 42507 42845 50 15691
443 42520 45780 8 11097
444 42536 42903 67 14510
445 42570 46167 83 313970
446 42591 46942 58 80769
447 42626 46048 17 26777
448 42889 44122 81 29148
449 43028 43595 97 31300
450 43151 43617 89 35815
451 43211 43390 144 27845
452 43256 43490 120 12009
453 43268 43674 88 7629
454 43419 47627 7 9669
455 43586 50254 17 94431
456 43753 52299 6 35491
457 43817 49585 129 239446
458 43848 47618 55 68723
459 43929 45190 4 634
460 43938 45253 35 43632
461 43961 49772 9 6498
462 44124 45279 40 45099
463 44140 46781 14 37560
464 44445 46574 133 123173
465 44505 46508 128 73207
466 44716 45569 73 13232
467 45076 45799 5 4629
468 45132 46525 95 27678
469 45167 49580 56 121096
470 45210 51178 25 24458
471 45308 47205 138 67141
472 45408 46082 118 47704
473 45542 46925 85 137400
474 45700 45796 113 8228
475 45831 63194 132 754141
476 45869 47536 55 35908
477 45873 50429 98 205598
478 45905 47357 50 46705
479 45931 48947 86 163726
480 46062 49388 32 96292
481 46227 46647 35 3232
482 46367 47119 72 15886
483 46428 49753 31 12539
484 46471 49149 16 6713
485 46477 54709 7 17557
486 46493 48677 148 120702
487 46857 50303 51 38570
488 46937 52139 101 342497
489 46965 48630 32 23554
490 47065 48250 96 31961
491 47081 47396 106 17037
492 47367 48002 57 29740
493 47381 48334 58 49787
494 47516 47545 14 391
495 47665 55046 50 78829
496 47896 52617 5 7839
497 47976 52293 79 116654
498 48006 49239 6 2152
499 48094 48313 21 11474
500 48148 55726 18 55665
501 48165 49395 133 32110
502 48264 49441 57 72860
503 48364 54155 24 39756
504 48403 52247 76 119667
505 48743 49847 125 58775
506 48859 54149 143 240534
507 49012 50439 18 10903
508 49104 50961 14 16300
509 49627 50506 49 19648
510 50083 51936 106 37255
511 50093 52522 139 222668
512 50096 53510 85 97719
513 50163 52399 4 4175
514 50202 50909 6 1292
515 50501 51036 65 15967
516 50616 52397 147 115019
517 50618 56218 36 232973
518 50633 57604 134 535327
519 50684 55422 77 245997
520 50736 52105 65 44769
521 50869 53316 35 37271
522 50931 51244 70 20482
523 51064 61739 28 174628
524 51088 51844 43 9528
525 51115 53606 17 10345
526 51139 53322 92 74452
527 51157 51632 14 10124
528 51299 52527 124 53365
529 51340 61009 33 214656
530 51696 52654 18 27899
531 51761 55018 41 104951
532 52047 62419 7 29939
533 52082 66764 66 415450
534 52607 54950 19 18398
535 52664 60800 48 81369
536 52923 56842 15 16485
537 52924 59806 21 31582
538 52939 56863 23 14296
539 52947 54400 13 9760
540 53091 67858 8 54169
541 53171 62381 55 214239
542 53247 59048 25 27367
543 53558 59716 8 27751
544 53702 54376 30 19983
545 53859 55882 89 80077
546 53983 58113 9 19929
547 54016 54542 145 31755
548 54067 60769 58 450346
549 54148 59176 10 62123
550 54351 64798 50 243360
551 54398 63625 35 235324
552 54438 57661 5 13488
553 54471 60887 9 17039
554 54481 56589 97 98965
555 54553 55035 50 13864
556 54605 57635 78 37023
557 54716 63677 13 43728
558 54784 54993 10 1389
559 54785 60169 26 44285
560 54811 57573 19 11431
561 54828 55209 150 22528
562 54928 55858 62 15638
563 55040 57756 46 47197
564 55211 57201 101 103454
565 55458 61866 52 79202
566 55550 59412 26 90460
567 55926 56146 52 4298
568 56012 57968 43 47568
569 56069 62150 29 128696
570 56095 61465 43 118331
571 56180 64070 142 441024
572 56351 63454 80 115329
573 56553 59998 115 42942
574 56643 65983 14 32229
575 56710 59904 84 158423
576 56800 60173 131 60019
577 56829 58943 39 18978
578 56833 59050 11 10825
579 56838 58478 12 12860
580 56916 57727 29 13431
581 57068 57177 24 2217
582 57328 57965 21 10803
583 57432 59324 83 51716
584 57464 57839 44 10116
585 57956 58344 85 20424
586 58008 61938 24 143097
587 58070 60385 88 197457
588 58160 62733 15 21647
589 58176 60942 28 30781
590 58188 59961 51 80876
591 58212 64000 63 227261
592 58225 62522 109 263387
593 58242 68499 5 20653
594 58304 62421 6 9650
595 58361 67312 65 474664
596 58491 58740 101 7286
597 58494 58853 144 26055
598 58672 61738 81 179694
599 58805 60149 67 18337
600 58886 61662 85 254375
601 59042 59194 47 3651
602 59055 68182 69 576482
603 59512 61281 14 10688
604 59594 63283 68 81059
605 59688 63866 42 79475
606 59709 61636 38 74050
607 59747 63946 40 91970
608 59822 61659 36 19334
609 59825 61580 49 57266
610 59843 60335 19 3495
611 59855 61853 5 3434
612 59957 68760 13 39362
613 60038 60051 18 144
614 60107 60687 125 96848
615 60109 64694 117 546403
616 60254 61129 140 67406
617 60350 64427 20 14184
618 60402 63195 146 179487
619 60540 68842 36 151015
620 60583 64406 44 109800
621 60668 67921 13 28847
622 60892 63025 65 104935
623 60894 69869 83 188870
624 61016 61354 95 25237
625 61078 61214 95 4819
626 61564 63015 62 36930
627 61588 67885 5 18450
628 61701 61737 136 4500
629 61984 63680 12 12587
630 62114 68222 63 116349
631 62202 63906 78 69899
632 62457 64852 75 126339
633 62541 66229 83 108721
634 63006 64359 19 3799
635 63147 66539 13 7787
636 63465 65700 110 29679
637 63519 65094 12 10143
638 63577 64182 36 12046
639 63672 76241 62 158617
640 64165 65525 124 150214
641 64192 65464 42 16397
642 64315 65245 102 105801
643 64429 64795 47 5352
644 64446 65132 8 4572
645 64500 64913 38 16916
646 64540 66051 144 90384
647 64595 65027 113 23494
648 64676 72277 105 144830
649 65142 67055 16 12848
650 65256 66339 4 1586
651 65420 74779 5 55120
652 65872 67123 147 125937
653 65885 66780 7 4552
654 65982 66542 11 8788
655 65985 70365 98 521024
656 66083 68232 78 48685
657 66134 68321 78 134728
658 66138 66686 8 983
659 66151 68385 133 41300
660 66264 66804 18 8118
661 66313 73569 59 235213
662 66405 67304 6 3637
663 66495 68645 16 7102
664 66721 67518 13 5066
665 66875 70108 40 72016
666 67065 69043 10 18777
667 67197 69332 119 205494
668 67274 68086 19 6384
669 67303 72788 117 175227
670 67354 74494 55 169175
671 67366 69164 7 12660
672 67429 68350 71 44472
673 67777 73774 14 13018
674 67780 69620 126 161463
675 67815 74463 31 232977
676 67823 76529 32 239818
677 67847 78698 30 469234
678 67958 68210 27 7722
679 67974 72967 25 80408
680 68003 69106 7 4028
681 68165 74484 40 42981
682 68228 74896 21 52357
683 68282 70681 8 13218
684 68292 70296 7 7261
685 68331 69145 64 45842
686 68709 73291 66 139043
687 68786 71840 60 85120
688 68827 72596 5 13370
689 68873 69469 11 3537
690 68889 78075 26 93824
691 68999 73335 13 14125
692 69108 75518 118 324440
693 69334 70150 70 15009
694 69375 71788 29 52530
695 69386 69884 69 34609
696 69514 69896 102 23941
697 69529 70100 6 2017
698 69550 80566 54 40011
699 69578 71149 113 173559
700 69619 70546 5 2224
701 69763 70262 28 17608
702 69859 70970 101 29287
703 69908 70364 115 28142
704 70236 72149 96 111140
705 70301 71276 147 86429
706 70383 72684 23 13809
707 70423 74552 103 228484
708 70565 70629 16 635
709 70710 70900 134 12184
710 70741 71389 8 3930
711 70757 72029 36 16076
712 70773 71789 13 9649
713 70898 70966 101 2082
714 70919 72024 5 4024
715 71035 73398 117 123942
716 71087 73633 86 71007
717 71223 72028 36 12661
718 71335 72369 86 74591
719 71344 73653 75 89313
720 71416 74399 20 36972
721 71439 75945 11 13905
722 71585 71772 34 5490
723 71586 76270 105 194620
724 71631 74396 42 51420
725 71662 75277 49 213396
726 71744 73243 111 125521
727 72222 79277 98 635340
728 72251 74073 131 158307
729 72408 72518 49 2010
730 72481 73703 40 26187
731 72558 82146 69 157436
732 72749 73006 95 25439
733 72867 76502 5 5713
734 72949 80027 106 431615
735 73068 76538 13 17956
736 73276 82689 16 65689
737 73466 75041 24 13736
738 73492 84735 113 531712
739 73546 73585 81 2329
740 73673 74668 32 23541
741 73677 74409 145 59923
742 73745 74630 38 10346
743 73863 76525 35 14196
744 73881 74450 17 2792
745 74020 76306 91 66665
746 74089 77037 56 138919
747 74118 74424 46 3062
748 74151 78576 27 33726
749 74333 78026 114 345434
750 74459 75969 61 15887
751 74641 76530 107 79254
752 74738 75555 96 26848
753 74855 75334 131 54052
754 74967 77476 46 19068
755 75125 79484 29 61184
756 75220 78415 19 25464
757 75237 75314 11 443
758 75295 77147 11 10363
759 75399 76017 115 33143
760 75464 78603 133 517197
761 75466 75811 99 37097
762 75486 75787 67 7848
763 75741 76334 17 6620
764 76023 80544 80 132181
765 76163 76245 123 10629
766 76275 81668 94 184481
767 76432 77243 62 37850
768 76586 83231 7 18580
769 76599 76645 100 5586
770 76665 77415 64 10371
771 76721 77345 32 3148
772 76821 76963 130 16262
773 77001 77286 25 2731
774 77028 81455 136 461216
775 77223 77410 10 1527
776 77381 84067 71 198397
777 77623 85807 5 22223
778 77747 79531 11 11228
779 77921 79007 72 12036
780 77956 83630 146 280408
781 78020 81735 135 527957
782 78059 79060 57 95110
783 78094 79934 20 25444
784 78178 90713 28 85669
785 78434 82430 26 44473
786 78453 80709 143 208178
787 78472 78545 15 975
788 78577 79043 27 12639
789 78736 80268 125 37308
790 78843 80445 122 152169
791 78878 84034 122 150587
792 78938 79412 109 26152
793 78948 80735 16 29129
794 78951 81401 112 333153
795 79065 85745 32 165216
796 79134 82527 56 202731
797 79249 88432 77 251885
798 79336 82926 148 173194
799 79344 83676 48 80290
800 79418 95417 149 1353993
801 79595 81268 16 9038
802 79611 80823 25 9192
803 79629 84121 44 53094
804 79634 84336 146 102283
805 79663 86015 89 277536
806 79901 82733 35 64790
807 79912 81464 76 45244
808 80094 84293 97 318279
809 80214 80290 12 1665
810 80341 82440 7 3904
811 80470 82149 73 71370
812 80783 84615 11 19713
813 80793 81177 81 17768
814 81020 90454 10 25229
815 81069 83641 13 19247
816 81101 84609 122 227062
817 81171 85260 31 42803
818 81201 83389 50 63270
819 81444 81728 58 4459
820 81453 87942 118 349255
821 81538 81986 63 14148
822 81639 81983 8 2494
823 81645 81678 51 1599
824 82010 86506 48 36780
825 82034 90341 101 626911
826 82177 84129 127 64837
827 82326 91701 24 117520
828 82483 86765 113 104150
829 82506 93902 140 1591420
830 82528 83891 109 89224
831 82551 85517 84 76356
832 82581 88236 45 207137
833 82686 85595 116 36437
834 82748 87245 39 57491
835 82798 85929 86 65198
836 82878 83887 45 25078
837 83044 85246 94 101727
838 83084 95058 4 22784
839 83088 83784 19 4383
840 83287 83472 106 3805
841 83365 86270 34 63270
842 83468 88753 29 35882
843 83491 86494 7 13704
844 83554 86768 123 180193
845 83660 84990 4 3202
846 83694 87075 5 3279
847 83704 83867 109 14100
848 83741 85200 15 11833
849 83767 84021 116 13865
850 84069 89190 43 58246
851 84123 84760 14 6067
852 84178 86425 96 107597
853 84327 85530 18 12489
854 84355 86872 23 36174
855 84377 88377 143 187451
856 84481 85917 106 37698
857 84627 90442 143 678831
858 84756 85456 72 25404
859 84957 88703 27 74984
860 84968 86695 11 2751
861 85007 87426 8 5884
862 85104 85746 109 51735
863 85119 85560 137 34112
864 85171 85779 53 53776
865 85267 90150 11 22230
866 85441 90470 44 77377
867 85475 88204 49 61313
868 85726 88067 8 3550
869 85768 87208 86 138073
870 85904 92788 29 74330
871 85978 97050 83 487660
872 86014 86311 8 2568
873 86034 86761 14 3931
874 86125 91188 80 122766
875 86273 91023 53 105178
876 86412 88492 41 32460
877 86485 86875 149 85106
878 86718 87487 72 31791
879 86983 88145 52 14037
880 87213 95472 96 445682
881 87303 88343 64 22207
882 87317 87620 108 27176
883 87421 92681 129 337212
884 87463 89255 13 11821
885 87484 87771 11 2134
886 87586 96399 8 22853
887 87616 90098 8 8937
888 87648 88295 31 10911
889 87746 88780 59 24531
890 87799 89595 14 21392
891 87972 89879 12 29795
892 88054 91849 69 107473
893 88098 92953 46 144750
894 88156 89121 41 35827
895 88210 92907 28 33464
896 88319 90279 32 48040
897 88365 92680 13 33651
898 88389 92754 17 34848
899 88403 90905 4 2260
900 88673 89570 47 44622
901 88709 96188 144 312474
902 88857 90988 43 51038
903 88860 92284 120 79096
904 88886 89721 37 17887
905 88947 91952 22 85221
906 88967 89808 124 31660
907 89058 89811 135 29306
908 89247 89804 130 115097
909 89284 91593 44 27515
910 89503 96977 84 194292
911 89658 89673 24 190
912 89668 99199 65 400368
913 89701 94680 101 376263
914 89704 90106 29 13871
915 89722 95463 100 329241
916 89728 90494 20 2686
917 89817 91922 118 152473
918 89857 97714 25 82404
919 90035 92908 11 10262
920 90148 90224 85 2469
921 90310 90332 15 375
922 90456 92198 23 9250
923 90478 91903 94 44601
924 90599 92781 26 36276
925 90618 95637 30 122542
926 90698 97201 129 496660
927 90918 92942 33 22250
928 90949 98633 25 51152
929 91027 91215 96 5510
930 91033 94399 34 26817
931 91542 91589 8 138
932 91571 94325 63 107122
933 91631 93255 32 31326
934 91670 92990 86 44416
935 91924 93379 67 44834
936 91971 92629 43 12769
937 92154 93437 148 98399
938 92348 93118 89 36038
939 92404 99131 148 260230
940 92464 96015 79 164259
941 92479 96408 35 82018
942 92615 93405 147 57649
943 92993 94462 128 41902
944 93026 94254 146 204429
945 93062 93522 18 5090
946 93154 95742 30 46081
947 93218 94901 108 135138
948 93220 99063 7 9822
949 93356 95959 6 4748
950 93513 93773 111 16206
951 93733 94112 34 6874
952 93778 98862 64 197159
953 93860 99217 56 153752
954 93916 95824 15 46073
955 94029 96209 47 65507
956 94198 94602 54 13351
957 94229 96993 88 343253
958 94270 95240 6 1735
959 94308 95630 143 227693
960 94323 97763 15 36523
961 94649 95570 45 11671
962 94681 95117 5 448
963 94714 96078 137 63700
964 95000 96311 78 36883
965 95271 95430 86 8160
966 95291 97112 134 227452
967 95358 98684 7 8581
968 95425 96858 18 18644
969 95619 96237 59 5753
970 95651 99055 146 33743
971 95786 98801 118 101399
972 95821 96050 77 11613
973 96233 97536 91 38169
974 96323 97797 10 5392
975 96424 97409 25 24080
976 96504 99667 52 50297
977 96564 99432 118 98893
978 96622 96933 123 30150
979 96661 97380 131 28708
980 96686 99966 35 77576
981 96728 99520 19 14459
982 96776 97282 77 23695
983 96893 99977 109 205968
984 97006 97869 51 42632
985 97055 97274 6 566
986 97075 99711 45 79647
987 97086 98406 55 80427
988 97245 99471 32 27741
989 97281 97933 124 25703
990 97417 98829 10 9474
991 97431 97628 112 9234
992 97480 98972 54 32562
993 97638 98909 14 11777
994 97662 98706 6 991
995 97807 97910 28 1352
996 98016 99729 13 20283
997 98350 99579 66 29899
998 98525 98665 66 4864
999 98868 99442 12 9440
