50 1000 0.094
..................................................
..................................................
..................................................
..................................................
..................................................
..................................................
..................................................
..................................................
..................................................
..................................................
..................................................
..................................................
..................................................
..................................................
..................................................
................#.................................
................#####.............................
...........#.#.#####..............................
...........#######................................
...........##.######..............................
...........#########..............................
..........#####...................................
........#####.##.#................................
........###########...............................
......############................................
......##############..............................
......##.##########...............................
.......#.#########................................
..........######..................................
.....#....##.###..................................
....##.##.#######.................................
...#.##.#.#####...................................
..#######...####..................................
....##########.##.................................
....##############................................
...#################..............................
...##########...#.................................
..###########...#.................................
....#######.##....................................
....#####...##.......#............................
...#####.....#.....#####..........................
...#..##..........######..........................
..................######..........................
.................######...........................
..............###.#####.##........................
..............#.##########........................
...............#######....#.......................
..............##.##########.......................
.............##..##########.##....................
..................############....................
0 69 3275 123 182654
1 94 14577 14 54180
2 100 3374 128 293364
3 136 1834 123 47103
4 138 179 55 2560
5 270 2323 130 405928
6 279 1090 15 3168
7 280 14232 9 37545
8 319 2403 7 26266
9 386 12816 76 120453
10 545 10319 86 623085
11 568 8994 24 34934
12 583 1821 45 42333
13 750 10549 56 312461
14 1026 5236 73 148921
15 1033 2918 12 16146
16 1061 8633 17 32307
17 1158 21664 47 331096
18 1201 2376 24 12093
19 1219 15225 24 71774
20 1240 15733 111 894961
21 1586 8563 57 107840
22 1833 19353 125 359854
23 1850 10903 5 36433
24 1889 4085 53 64751
25 1919 2105 137 8771
26 1989 18995 4 8908
27 2007 7504 35 178496
28 2011 23595 139 2282307
29 2012 11915 9 39232
30 2273 27697 108 1811467
31 2317 3120 91 41296
32 2427 10327 9 16033
33 2428 5928 22 26771
34 2483 3818 62 30225
35 2524 11122 43 211873
36 2527 14145 25 146957
37 2530 9732 54 102990
38 2531 9138 49 298486
39 2650 11013 47 83545
40 2712 11860 127 257188
41 2720 3405 62 40689
42 2807 3703 138 57789
43 2840 17838 80 241077
44 2967 3431 30 4651
45 3229 3744 8 2433
46 3386 4319 8 4652
47 3403 7960 32 58707
48 3474 7160 135 378882
49 3587 9218 11 15580
50 3597 13554 14 26811
51 3657 6830 125 267121
52 3754 3797 9 184
53 3756 11270 27 85612
54 3955 11327 8 18963
55 3969 8695 121 125963
56 4056 7822 7 2692
57 4116 30458 67 670929
58 4196 9635 47 88324
59 4261 9079 5 19209
60 4487 4960 47 27751
61 4545 4842 73 13926
62 4611 22924 19 49236
63 4647 13558 84 369428
64 4692 9779 106 237637
65 4834 19754 80 620591
66 4930 10290 150 494715
67 4977 7060 26 15315
68 5023 15875 20 161078
69 5043 11458 139 209839
70 5142 8176 6 2085
71 5200 5954 53 31121
72 5206 6216 72 48993
73 5264 5295 9 221
74 5266 6835 69 45447
75 5271 8234 45 53742
76 5298 9749 13 53501
77 5311 13621 13 8839
78 5355 6236 16 4578
79 5377 19292 25 179658
80 5454 17767 88 378739
81 5904 16288 146 793885
82 6114 16698 87 1142601
83 6373 6664 58 6610
84 6405 9019 105 71497
85 6421 15120 8 44837
86 6460 16650 18 38767
87 6467 7506 70 134643
88 6687 16956 115 400260
89 6725 8330 74 84555
90 6763 20790 68 437329
91 6781 15084 85 479385
92 6796 19205 74 175686
93 6996 14076 113 120308
94 7075 12910 48 86067
95 7079 11348 46 182533
96 7244 14054 82 111583
97 7348 15381 11 25149
98 7443 13563 54 124037
99 7567 10186 60 63627
100 7617 9926 127 101022
101 7997 8237 140 8051
102 8178 12505 71 188915
103 8400 9617 13 5288
104 8409 9118 62 32319
105 8440 11721 104 281010
106 8478 11690 23 27806
107 8484 14157 8 11844
108 8550 14101 69 162818
109 8772 10042 12 9775
110 8831 37187 74 686576
111 9096 9435 5 1098
112 9204 12670 32 41524
113 9313 26410 19 265600
114 9334 14240 20 31136
115 9382 14138 4 6097
116 9384 10163 29 12538
117 9552 11275 67 72865
118 9660 12238 31 55394
119 9743 29251 36 261005
120 9886 13794 70 171014
121 10005 17691 68 324651
122 10045 14764 76 200927
123 10075 21514 145 367076
124 10341 18083 48 359699
125 10486 16195 140 217018
126 10695 16552 7 39225
127 10710 21936 74 281096
128 10753 14292 64 121161
129 10758 12423 114 45399
130 10930 25844 47 87253
131 11002 12073 51 23566
132 11330 15196 103 183267
133 11347 12299 94 81158
134 11379 23473 129 1640033
135 11576 28331 29 143897
136 11578 12872 55 41950
137 11680 26025 129 432794
138 11793 13192 100 73342
139 12116 24429 136 2467263
140 12244 13667 52 23580
141 12390 16154 9 8389
142 12395 18884 59 73465
143 12417 13122 41 8340
144 12459 17853 11 36605
145 12561 15032 24 17527
146 12603 13487 9 2630
147 12609 18294 93 117443
148 12624 20030 9 15013
149 12663 17854 102 281250
150 12703 18359 50 63704
151 12707 13294 121 24597
152 12921 24887 48 324801
153 13121 19043 56 65450
154 13153 39159 125 736190
155 13197 22167 18 79372
156 13262 29640 44 71104
157 13312 33654 18 217214
158 13429 31545 128 690476
159 13471 29043 20 161629
160 13488 14926 12 6458
161 13519 14883 58 23407
162 13533 19248 88 206611
163 13765 33122 132 849801
164 13910 33439 6 25726
165 14386 19130 68 270516
166 14452 19553 76 258479
167 14662 18402 78 143334
168 14678 24233 37 55884
169 14867 29568 141 553297
170 14972 17348 24 21225
171 15012 18443 50 127044
172 15047 15911 138 38932
173 15170 38875 19 309241
174 15178 15539 22 8434
175 15202 16023 118 76899
176 15333 22771 10 28878
177 15585 22055 115 327088
178 15587 27964 13 152249
179 15596 20930 36 49164
180 15606 19198 10 9971
181 15607 16072 13 3273
182 15614 18596 12 9119
183 15689 19933 18 23530
184 15695 18587 50 29999
185 15770 20432 35 42547
186 15818 37282 25 217735
187 16025 18859 133 342704
188 16052 21704 78 109896
189 16100 19640 143 205129
190 16151 23060 6 19824
191 16402 18629 42 84212
192 16437 29094 24 183517
193 16510 19994 114 95140
194 16532 17870 13 10963
195 16558 19848 46 96070
196 16565 18678 125 106249
197 16637 20953 128 234277
198 16888 20486 79 42838
199 16892 33013 27 142518
200 16967 21749 37 45740
201 17069 22052 144 288732
202 17102 31059 87 517463
203 17240 21259 9 6695
204 17252 29818 73 540600
205 17305 25049 71 210630
206 17315 19639 145 250788
207 17316 28086 52 24884
208 17376 32668 8 22999
209 17430 18688 149 75645
210 17485 20727 78 90342
211 17507 21803 5 7524
212 17612 20043 20 28438
213 17871 22226 78 192011
214 17929 37804 11 166517
215 17939 32253 29 78280
216 18074 23680 8 26229
217 18141 24127 83 362398
218 18198 20597 93 54267
219 18346 46926 76 1134588
220 18419 36309 15 229219
221 18458 22880 50 101412
222 18520 21960 4 8592
223 18521 23478 60 126423
224 18861 22375 40 37294
225 18923 19369 35 10385
226 18934 30467 120 252513
227 18942 25866 22 23673
228 19007 19184 121 9285
229 19028 25943 54 203083
230 19032 37584 60 860580
231 19143 22711 127 162327
232 19384 19713 5 770
233 19400 19697 31 5718
234 19406 23263 103 291219
235 19443 21215 29 13529
236 19515 21766 86 25924
237 19559 27211 7 25640
238 19634 21287 82 64171
239 19773 20714 114 63138
240 19850 20646 6 3118
241 19883 27592 40 99856
242 19896 20617 30 11795
243 20123 49220 12 214339
244 20151 20894 13 7198
245 20154 20388 65 9436
246 20172 23329 98 295283
247 20186 21101 143 51251
248 20245 26569 77 184171
249 20300 20393 103 7952
250 20420 22672 83 96449
251 20508 21137 34 5394
252 20551 21094 102 15864
253 20619 33520 73 541674
254 20664 28724 77 578532
255 20840 21025 51 13354
256 20862 23148 31 37353
257 20987 29630 12 51222
258 21034 44323 21 389233
259 21178 31755 79 1142907
260 21188 24808 36 93946
261 21268 21818 147 23232
262 21284 25829 14 13226
263 21299 40017 55 322702
264 21382 23750 60 192422
265 21483 26007 10 11418
266 21593 26900 81 317901
267 21703 22027 22 4684
268 21805 22604 14 3636
269 21864 24598 74 201104
270 21874 26873 41 51672
271 21904 37570 131 338906
272 22054 45995 9 122622
273 22104 25669 88 212461
274 22117 25009 22 67696
275 22204 23250 29 7632
276 22249 22558 124 28886
277 22310 50191 32 299325
278 22322 32184 131 432080
279 22691 31811 19 179673
280 22792 24229 13 17924
281 22828 27247 132 226422
282 23038 32388 113 414328
283 23151 29415 28 113185
284 23155 25122 25 29033
285 23228 23768 106 33433
286 23295 25221 75 32608
287 23363 29675 10 26589
288 23498 43227 107 867652
289 23523 24661 6 2989
290 23722 26837 42 82581
291 23735 41837 22 439515
292 23741 24703 29 11920
293 23773 25768 56 24189
294 23775 24665 63 34563
295 23898 33578 51 67932
296 24020 33709 24 224619
297 24041 38197 145 358949
298 24191 29462 10 44993
299 24208 28610 122 185569
300 24247 26648 111 148190
301 24251 32964 137 551529
302 24278 29858 8 23519
303 24323 32892 21 37335
304 24459 46265 11 32254
305 24738 25113 33 6684
306 24824 25330 43 13268
307 24952 28503 11 13250
308 25057 32699 89 446552
309 25076 38382 24 59126
310 25164 29377 85 86531
311 25240 45659 70 374721
312 25348 39002 107 189610
313 25434 27334 7 2540
314 25439 37877 47 132131
315 25492 33099 56 243604
316 25641 46203 5 13316
317 25684 27301 14 18840
318 25760 27571 64 34411
319 25822 29455 120 169221
320 26016 30456 113 81453
321 26127 26133 137 846
322 26220 27850 18 9357
323 26249 28691 86 19171
324 26253 38833 84 414509
325 26300 29012 17 8552
326 26447 26494 17 256
327 26512 41574 73 721773
328 26520 32369 8 18692
329 26754 28969 28 30288
330 26783 37557 68 231376
331 26918 29739 103 129072
332 26953 34209 121 673918
333 27045 27312 51 2545
334 27067 38675 53 281896
335 27085 48394 130 608488
336 27135 33248 121 336869
337 27370 47351 31 423919
338 27385 27405 12 243
339 27406 35633 82 637284
340 27407 43481 75 728025
341 27474 30723 94 54475
342 27490 27693 14 4050
343 27502 36556 9 18422
344 27546 37528 112 557776
345 27563 27730 122 5808
346 27602 50240 28 187726
347 27743 38183 10 87998
348 27745 33388 120 276795
349 27826 34821 67 125190
350 28216 32421 22 30167
351 28394 29061 27 14561
352 28714 35881 93 198011
353 28797 32329 5 17330
354 28815 31329 121 107927
355 28904 38141 17 33917
356 28930 45360 37 215554
357 28955 36943 12 56779
358 28992 31302 82 69776
359 29160 52229 36 173800
360 29305 33412 92 113423
361 29329 38205 6 20253
362 29384 34182 42 36423
363 30039 48530 57 163983
364 30263 41114 15 91889
365 30277 31701 7 7093
366 30351 46393 94 523641
367 30378 31314 25 17508
368 30507 34016 24 49006
369 30517 39800 13 31411
370 30628 43423 88 598893
371 30745 37550 73 90992
372 30853 33834 89 78205
373 30863 36558 82 124919
374 30867 32827 75 85281
375 30967 40373 66 221684
376 31087 31858 33 8587
377 31140 40181 111 577517
378 31145 36769 107 175145
379 31235 34665 7 2720
380 31453 38925 26 144591
381 31619 40018 65 149596
382 31653 39204 134 809789
383 31758 32430 131 36087
384 31789 35733 149 103043
385 31808 38603 118 328370
386 31882 38596 143 470790
387 31943 37089 8 52724
388 31982 34585 124 124486
389 32011 39839 69 429112
390 32183 33120 54 42521
391 32243 32984 44 10665
392 32663 45179 42 174121
393 32705 34623 133 216771
394 33008 37954 65 133637
395 33022 39514 7 45494
396 33064 34884 22 16248
397 33326 36002 78 390410
398 33635 39072 56 190373
399 33638 43333 38 68899
400 33735 38587 92 170043
401 33753 35759 67 32114
402 34007 66035 79 1215967
403 34008 38096 137 331185
404 34089 36059 7 4354
405 34119 39134 19 63820
406 34439 51872 37 417596
407 34643 38839 17 39180
408 34752 48166 15 99131
409 34934 48333 99 1428132
410 34948 36634 20 24958
411 35069 42740 20 91531
412 35131 44945 118 525933
413 35151 43441 47 215178
414 35196 44224 147 502992
415 35272 38029 37 42064
416 35358 36044 74 49447
417 35434 45009 25 92924
418 35623 39547 8 13079
419 35797 43501 24 73820
420 35932 37154 117 84632
421 35967 37933 36 29663
422 36013 38712 20 11752
423 36215 48730 61 198973
424 36256 36837 95 26036
425 36646 42484 81 173361
426 36696 44906 55 62745
427 36727 45800 52 222168
428 36744 46649 40 84896
429 36832 37992 132 21162
430 36848 37789 4 2198
431 36995 39054 35 51223
432 37008 55685 135 878129
433 37081 44964 138 404546
434 37196 41859 43 104665
435 37277 42109 23 29872
436 37296 42126 93 274398
437 37341 50437 149 1035215
438 37432 39198 115 214932
439 37604 50701 143 744353
440 37876 41531 23 87772
441 37886 40137 67 62689
442 37928 46320 117 766763
443 37984 38346 142 22306
444 38014 48887 134 560064
445 38027 38412 139 24363
446 38168 42225 15 17299
447 38558 43229 15 20335
448 38672 42461 14 16221
449 39132 47345 95 168484
450 39187 46245 101 435827
451 39212 41216 125 54378
452 39338 60267 19 67404
453 39378 40994 43 19495
454 39680 39689 101 912
455 39702 46413 62 566514
456 39786 54161 116 494871
457 39884 40634 45 32629
458 39912 66111 22 327656
459 40001 57129 12 52040
460 40029 41667 19 19609
461 40107 51567 146 398258
462 40167 51785 16 51555
463 40322 52629 130 963790
464 40385 44943 89 247261
465 40487 48054 131 583152
466 40590 52161 61 348022
467 40687 45610 76 97952
468 40979 67575 80 929636
469 41196 44592 15 23147
470 41441 50295 99 209212
471 41475 41898 80 19138
472 41517 43830 131 189769
473 41579 49216 11 28467
474 41606 47369 126 290755
475 41640 43647 65 29722
476 41683 48044 24 64548
477 41768 46377 8 10070
478 41948 62314 17 150147
479 42056 44660 58 93628
480 42100 63063 18 86561
481 42139 44723 45 43837
482 42514 61483 76 693319
483 42519 52474 15 65376
484 42531 44783 78 152034
485 42540 49441 124 755704
486 42743 45110 12 11133
487 42905 50651 13 33196
488 42925 59505 120 1618870
489 43035 52682 83 131960
490 43141 50643 9 60440
491 43147 56889 73 518472
492 43200 51692 83 323522
493 43286 46948 121 87600
494 43566 44386 61 58353
495 43637 48952 6 11785
496 43666 55964 13 103054
497 43743 50375 146 345269
498 43751 50229 21 13699
499 43764 47673 61 211596
500 43806 46729 37 29023
501 44007 52483 53 219013
502 44068 54714 17 66532
503 44231 59486 21 35376
504 44341 49705 15 5452
505 44348 67247 87 246151
506 44372 47413 40 60351
507 44637 55259 73 158983
508 44658 46657 83 77250
509 44730 44886 126 30251
510 44900 80513 138 1086160
511 44915 45899 63 10223
512 44972 45484 11 2819
513 45157 45661 76 35112
514 45187 56383 34 210174
515 45253 49171 137 135209
516 45293 67072 86 1020938
517 45756 46531 114 37618
518 45795 50249 30 65147
519 45879 54729 6 16148
520 45984 61406 98 678798
521 46037 49698 27 21504
522 46199 49658 94 179052
523 46284 48500 60 16086
524 46293 48413 109 52420
525 46341 62730 13 54014
526 46392 51065 113 336630
527 46409 47934 5 3055
528 46517 79352 44 929559
529 46577 58528 75 216642
530 46608 47234 19 19760
531 46814 48845 68 89442
532 46856 53228 82 122522
533 47204 47228 15 147
534 47236 50811 5 7723
535 47310 48741 21 12175
536 47508 48551 149 32500
537 47581 52628 150 309003
538 47720 56868 37 219182
539 47849 48674 12 5251
540 47919 51931 94 578411
541 47968 51864 66 20131
542 48096 50246 10 7618
543 48235 62546 76 353619
544 48279 59361 28 271413
545 48419 53924 56 178714
546 48423 73928 29 112857
547 48445 49587 25 22105
548 48454 56884 95 304587
549 48493 49136 10 4179
550 49028 70642 13 38458
551 49124 49736 99 12112
552 49325 63927 22 102867
553 49343 52206 130 156358
554 49623 49731 69 3255
555 49887 65794 8 47915
556 49988 65898 116 435225
557 50001 52183 21 18592
558 50155 56436 67 63355
559 50288 51489 42 37330
560 50603 51097 6 836
561 50691 55019 32 77911
562 50756 71062 20 67420
563 50895 56456 98 354269
564 51092 65424 34 252921
565 51129 53939 68 84652
566 51173 56638 114 294713
567 51190 65197 8 19656
568 51238 56673 77 69363
569 51342 69389 14 186377
570 51634 53692 124 310470
571 51655 52281 40 21044
572 51747 54640 107 274341
573 51854 53554 6 6875
574 52027 66888 64 864073
575 52087 54369 16 33208
576 52145 53063 24 11767
577 52289 59401 37 53830
578 52295 64565 10 115676
579 52421 61155 119 213855
580 52464 60991 60 390139
581 52644 57350 21 107385
582 52868 69936 14 191823
583 52883 54365 116 110640
584 52917 72416 147 1461270
585 53224 57508 81 179450
586 53470 56386 5 16789
587 53490 61416 8 27511
588 53542 55600 97 102168
589 53555 61632 39 169594
590 53661 60250 10 10387
591 53740 55186 13 8804
592 53830 61284 147 800991
593 53989 69536 8 42935
594 54115 54326 22 2281
595 54167 70504 120 1108361
596 54422 73002 115 3306753
597 54700 58794 55 87996
598 54731 81863 68 464118
599 54894 56955 5 6484
600 54969 56035 112 26668
601 55081 56983 6 5638
602 55160 61648 18 28497
603 55200 55642 40 24156
604 55494 72280 7 42470
605 55561 57507 7 3496
606 55609 62819 13 10901
607 55704 60843 135 147569
608 55750 57909 13 12204
609 55859 61633 12 19325
610 55946 59491 112 106896
611 56154 61818 28 86565
612 56218 56812 68 40538
613 56329 64977 21 38001
614 56366 60241 38 19666
615 56418 59065 141 84133
616 56505 58544 6 8942
617 56860 68272 15 118574
618 56890 61183 47 121020
619 56948 60013 7 18895
620 57007 57179 95 3883
621 57077 60599 19 42083
622 57143 70105 32 152369
623 57162 58817 22 16092
624 57241 64496 107 284186
625 57295 66483 20 86216
626 57328 57513 9 926
627 57334 67065 11 123874
628 57458 62090 123 244937
629 57500 59502 23 20586
630 57529 61004 60 112056
631 57672 62236 141 353920
632 57687 72884 95 839189
633 57794 57800 25 135
634 57860 59779 12 15721
635 57929 61676 107 124274
636 57965 65467 16 101836
637 58188 58357 125 10852
638 58196 69238 25 78905
639 58203 72337 9 41324
640 58244 60576 46 64064
641 58319 60464 43 29136
642 58333 59226 123 51696
643 58411 58583 114 11336
644 58416 61725 26 34177
645 58465 69539 24 50063
646 58691 60102 16 16626
647 58833 69437 17 111772
648 58879 59223 71 8996
649 58880 63430 129 325945
650 59271 65166 73 127277
651 59345 72135 26 201544
652 59475 61938 93 128633
653 59513 59578 60 3263
654 59559 64736 52 117060
655 59722 95437 93 908418
656 59778 60953 85 64280
657 59959 63723 22 38902
658 60054 65712 28 178068
659 60094 64480 41 49827
660 60214 62799 83 138849
661 60234 63616 111 383941
662 60457 77702 14 143021
663 60520 61242 63 19357
664 60662 60776 15 2181
665 60735 67231 15 42412
666 60975 67569 18 73612
667 60983 62745 39 45681
668 61009 75503 101 773531
669 61011 61503 48 4862
670 61037 65100 72 139574
671 61091 65550 14 26120
672 61098 61693 141 77001
673 61164 65374 114 290562
674 61194 65618 32 36018
675 61201 61319 140 7160
676 61261 67104 87 521075
677 61285 63501 7 3903
678 61315 61720 98 15900
679 61355 66127 71 127140
680 61571 65332 77 55073
681 61575 81082 19 140264
682 61716 61880 118 2573
683 61750 70948 90 398486
684 61762 65030 81 100148
685 61871 62176 27 2413
686 61923 72776 43 296734
687 61984 79262 35 208038
688 62030 62227 11 1356
689 62302 62805 15 5179
690 62392 63715 57 79512
691 62522 69719 125 328554
692 62563 81558 130 693709
693 62581 64345 86 69106
694 62652 74513 11 84373
695 62733 77208 20 149710
696 63077 82110 142 2547158
697 63098 67060 61 91200
698 63102 64161 18 12129
699 63115 64057 25 5597
700 63247 73655 5 8472
701 63271 64622 68 175294
702 63554 73716 80 275273
703 63574 68646 5 14536
704 63734 68471 25 14404
705 63738 64890 95 99630
706 64233 64348 129 8838
707 64272 66184 150 114236
708 64398 80270 12 54894
709 64506 84170 49 382006
710 64678 76500 149 1538380
711 64776 65136 126 46670
712 64871 66914 19 12319
713 64892 65264 25 2962
714 64938 65302 13 3411
715 65526 80848 33 112523
716 65605 68998 6 11784
717 65674 66808 35 102085
718 65678 87212 13 49155
719 65745 85472 131 717043
720 65798 79179 41 380055
721 65858 77890 63 444350
722 65885 74174 87 232862
723 66156 70827 14 88196
724 66249 68308 117 226885
725 66360 71571 76 128040
726 66489 95564 68 248056
727 66584 67614 20 13184
728 66617 73320 133 402202
729 66706 67933 149 53690
730 66775 72864 7 12075
731 66810 93481 29 328498
732 66905 69084 17 9571
733 66988 71182 9 8382
734 67048 75013 50 184763
735 67167 71158 38 111007
736 67225 67972 6 3202
737 67398 70853 51 45872
738 67527 69838 116 82892
739 68140 82557 5 36419
740 68209 69654 26 43482
741 68315 70276 108 72270
742 68434 99667 8 68341
743 68437 68740 107 33681
744 68519 70936 102 276115
745 68672 73610 36 38225
746 68755 69585 54 20004
747 68767 69049 134 48707
748 68775 72996 24 52613
749 68861 69947 13 9334
750 68885 94896 40 213096
751 68968 80246 105 1596187
752 69219 71928 91 171772
753 69552 86760 11 168652
754 69582 79024 51 219440
755 69772 83222 25 131855
756 69792 73793 110 129524
757 69864 81459 7 39017
758 69871 87768 40 151674
759 69940 71752 61 47109
760 70109 72221 109 107459
761 70135 74049 13 36129
762 70197 70259 100 2870
763 70223 72122 113 129698
764 70461 76033 71 62887
765 70585 72731 138 46468
766 70843 81192 15 92088
767 70849 73507 8 7585
768 71018 79551 111 310798
769 71060 72796 70 36789
770 71065 73646 45 28288
771 71143 74273 135 78666
772 71218 94998 108 3036946
773 71295 77862 38 61079
774 71431 82474 123 376383
775 71578 98616 14 203701
776 71610 75625 10 8199
777 71642 73284 79 79608
778 71760 79778 106 241867
779 71843 74971 31 12347
780 72047 72413 38 5790
781 72080 72166 9 269
782 72125 74587 55 95509
783 72139 76035 145 229376
784 72233 92277 117 790987
785 72353 74374 115 102909
786 72422 73412 5 777
787 72606 78044 25 32940
788 72642 81915 28 85134
789 73079 82020 39 113482
790 73296 81539 142 806171
791 73314 85922 135 1206172
792 73548 75585 12 9766
793 73703 92275 104 551469
794 73733 80330 84 122877
795 73752 80853 146 228468
796 73944 87952 16 52636
797 74103 78514 48 69984
798 74322 83876 6 47090
799 74384 74646 31 2799
800 74388 74739 59 11180
801 74681 75614 9 4023
802 74963 77865 84 169811
803 75060 78783 20 105206
804 75248 76308 101 68815
805 75280 84428 79 321775
806 75399 79019 87 183936
807 75422 80311 139 615045
808 75463 78278 27 35041
809 75575 83993 40 108119
810 75591 98557 13 136423
811 75639 80890 79 204821
812 75661 83095 80 158844
813 75829 97344 40 94555
814 75852 76406 59 18120
815 75872 80458 15 49950
816 75884 80465 14 14913
817 75982 83676 19 31899
818 76168 79329 59 99415
819 76494 87963 105 180721
820 76496 79740 134 214254
821 76838 76905 90 3532
822 76937 92387 5 31925
823 76973 77237 89 23338
824 77226 81823 25 54078
825 77271 85188 131 732833
826 77487 82023 113 306495
827 77791 81675 93 98607
828 77807 87706 24 371948
829 77875 92294 141 452031
830 78036 78658 113 75660
831 78145 78617 59 8967
832 78308 79207 105 38036
833 78335 82631 22 42704
834 78368 80970 34 36560
835 78418 88222 13 55484
836 78483 80486 148 208828
837 78563 82056 12 28071
838 78591 83343 87 357544
839 78634 83418 13 17856
840 78826 84040 5 4110
841 79036 80483 34 13012
842 79076 92242 59 233192
843 79173 92446 10 21175
844 79189 83482 88 185520
845 79355 86735 26 150926
846 79390 98490 15 75643
847 79397 93642 55 298102
848 79431 79945 31 8277
849 79454 84475 29 53187
850 79754 80826 47 22563
851 79779 90153 128 677126
852 80194 88687 43 161737
853 80239 82026 14 43699
854 80336 94479 115 946086
855 80381 81351 42 17798
856 80453 80587 98 6801
857 80868 98117 7 35354
858 80995 82783 4 5586
859 81072 96452 58 594448
860 81181 82076 72 73147
861 81185 87541 82 217832
862 81194 83969 22 67418
863 81251 92996 6 23118
864 81398 81710 113 25488
865 81467 84770 20 10669
866 81548 90642 47 81787
867 81846 82595 32 21504
868 81892 85621 66 166475
869 81961 97051 126 719996
870 82072 94548 129 359073
871 82128 86681 91 134667
872 82136 93130 58 359154
873 82167 91023 42 216690
874 82240 90494 94 914989
875 82594 92392 101 1195378
876 82664 86101 4 8588
877 82705 93878 85 315216
878 82947 86302 120 94698
879 83226 89156 5 8740
880 83291 97180 19 150453
881 83316 89371 21 97265
882 83463 83606 9 810
883 83500 86447 135 88121
884 83548 84372 10 1388
885 83622 83873 51 9445
886 83641 85602 150 95686
887 83716 90096 35 114313
888 84036 92105 120 371070
889 84061 95199 51 219978
890 84089 87421 5 8733
891 84178 98042 142 523989
892 84378 91440 9 41483
893 84597 93040 85 231423
894 84676 88463 46 160258
895 84749 86461 68 59763
896 84927 89747 44 67221
897 85010 89589 79 528289
898 85059 85517 29 12554
899 85070 86962 29 28502
900 85145 91035 87 86593
901 85179 86035 106 71178
902 85252 98105 34 122027
903 85394 88452 148 240428
904 85455 93744 147 741517
905 85783 88215 75 52397
906 86074 87290 37 13510
907 86144 86207 130 6639
908 86259 98294 120 444118
909 86411 95326 136 948322
910 86413 90112 99 221142
911 86496 89036 94 57053
912 86527 86605 73 5402
913 86587 98719 7 22872
914 86636 95632 6 17349
915 86739 97656 32 391413
916 86872 92796 28 59062
917 86959 97133 30 108585
918 87043 87834 11 6594
919 87129 96429 140 306864
920 87228 94894 114 480888
921 87254 94889 52 402697
922 87319 88951 56 76128
923 87382 96907 17 60553
924 87398 89440 131 91572
925 87458 95201 8 29626
926 87528 89495 7 10290
927 87536 93669 130 225310
928 87568 89012 59 53967
929 87779 91538 37 32162
930 87866 96977 40 237432
931 87977 88330 22 1517
932 88022 97420 68 219192
933 88140 94211 22 63508
934 88206 97837 69 99389
935 88827 89956 33 19165
936 88897 90397 35 58108
937 89080 96542 34 275148
938 89123 91632 62 51967
939 89157 96509 27 44996
940 89212 90331 89 60337
941 89237 91509 22 13127
942 89393 93119 34 51904
943 89643 91742 59 145574
944 89655 90941 11 2939
945 89840 91510 6 5489
946 89894 95366 118 280630
947 90384 90886 34 7855
948 90473 91822 91 27876
949 90505 91371 97 138550
950 90584 95027 103 387001
951 90621 91602 7 1946
952 90655 91482 130 57224
953 90704 93111 32 28712
954 90757 90893 22 841
955 90952 94464 68 44695
956 91195 95398 82 161909
957 91342 91603 35 5197
958 91349 91691 105 26971
959 91436 94214 91 87399
960 91569 92571 59 19620
961 91570 97436 61 128496
962 91622 96140 73 118496
963 91705 93097 117 144700
964 91712 93397 37 29133
965 91797 97334 42 116445
966 91832 93322 95 71190
967 91888 98439 5 14980
968 91986 99878 34 116021
969 92227 96083 35 44176
970 92417 96886 23 148157
971 92428 97490 112 301366
972 92445 98899 138 580326
973 92462 93550 9 4178
974 92810 97944 48 159542
975 92847 96964 149 248195
976 92876 94308 19 6337
977 92932 93484 135 65616
978 93254 94254 46 6943
979 93530 98918 63 110203
980 93610 97150 137 284180
981 93627 93709 43 1390
982 93837 94346 149 15304
983 94079 94561 85 18324
984 94153 96379 18 27216
985 94232 97601 18 26722
986 94397 97146 78 129407
987 94672 96065 88 69125
988 94786 97262 140 272101
989 95087 97019 126 145458
990 95308 98446 105 135719
991 95979 97446 65 56569
992 96166 96363 61 8017
993 96716 99368 113 162464
994 97277 98178 22 4013
995 97590 98707 131 52331
996 97900 99286 130 136327
997 98084 98952 134 44408
998 98127 98342 33 7120
999 99000 99816 50 12278
