50 1000 0.088
...#..................................#........###
..##..................................##.#.##.####
...####.........#.....................##.###....##
..###.#........##..............#.......####...#..#
.###..........#.#.............##........###.####..
.####........####.............####.........##.####
..#####.......#.##.......#...###.#........#.#.####
..####...##.....#....##.##....###.......#######.##
..###...####........###..###...#.#..........#...#.
......######.......####.#####..#.##.#.......#.....
.......###..........##...##.#....####.......#.....
.....######..........#.....###.###.#...#..#.......
....###.#..................##.#.#.#########....##.
...#####...................####.######...###..##.#
..##..##.##....#..........#..###############..####
..##..#####...###.......########.#####...######.##
...#...#.#....##.........####.##......##..##......
.......#.#................#......#.####..##.###.##
..#.......................#......#.####...##.###.#
.##.............................###.###...#..#####
.###.............#..............###.###.......####
##..##......#...##...........#...##..##.......#..#
#.###.......#.###...........##....#............##.
.#####.....#####.............#................#.#.
.###.....##.#.##.............###..............###.
###......#####...............###..............###.
###..#.....#.................#...............#.##.
.##.####.....................#..............######
.#######.##.................................#.####
..#########..#.....................####.....#...##
.#####..######...................#######........#.
.###....#.#####.................######..#.........
####......####..#...........#####..####.###.....#.
.###.......######..###....##..##....#..###.....##.
...#........#########......#######.#....#.....###.
.............#########....######.#.##..##.....####
...........#.##.#####......#######.####.#......###
..#........##....##.##.......##...###....#....###.
..#..#.#.###..........##...........##....###.##.##
.##..####.###.......#.##....##............##.#####
.#######..###..##.#.###.##.##...#..........####...
#########.#########..#...#.####.#.................
####....####...##.#..#......######................
.#....########..#####........#######..##..........
..##.######...##..##..........##.#.#...#.##.......
...#.##.####..###.#............#...#########......
#..#.......#..#####............#......#########...
##.########..###..#...................####.#.###..
####.######.##..###................#############..
##...#.#####.##..##..................#####.##.##..
0 1 309 141 13494
1 120 7426 41 245554
2 139 1374 79 54966
3 252 2323 147 387735
4 266 584 44 5774
5 353 9347 4 8369
6 470 1206 143 67557
7 606 3438 21 11119
8 712 1860 122 88015
9 770 1864 89 102065
10 773 8053 34 83078
11 781 8544 17 206411
12 800 6189 33 69812
13 870 1778 36 37087
14 956 1512 15 9072
15 966 978 60 430
16 970 3908 63 49987
17 982 1295 42 10229
18 1185 1987 8 3503
19 1412 4069 143 190292
20 1464 2046 18 11363
21 1474 5029 11 32288
22 1590 5774 33 64010
23 1890 5359 106 231797
24 2065 7160 40 204701
25 2284 13036 17 86117
26 2471 5668 10 35393
27 2677 3192 59 9776
28 2934 6716 129 218850
29 3034 7074 69 413814
30 3146 6711 25 125306
31 3270 3893 124 25165
32 3485 5067 119 77246
33 3567 5210 113 275467
34 3628 3793 102 6599
35 3854 4071 53 10796
36 3877 7768 4 11002
37 3889 5109 86 40253
38 3956 9829 107 103202
39 3971 4540 5 1450
40 3988 11634 13 130998
41 4119 5368 59 26112
42 4199 4336 130 12259
43 4280 7075 59 69611
44 4337 5557 78 66670
45 4483 18000 99 514176
46 4744 5440 69 34627
47 4894 5027 84 10606
48 4988 8567 43 49875
49 5014 11111 50 76067
50 5219 5633 131 93307
51 5237 7845 61 67206
52 5339 9298 13 19352
53 5344 6747 36 14764
54 5506 6819 130 156654
55 5812 11343 14 38914
56 5853 7982 51 39771
57 5977 10659 38 41598
58 6059 10667 66 186898
59 6064 8772 111 325123
60 6066 9554 34 46585
61 6094 8346 13 14628
62 6198 10817 40 91803
63 6285 8374 54 22036
64 6404 7024 17 4317
65 6443 7311 16 9078
66 6450 12995 111 292407
67 6621 7275 144 112384
68 6860 12695 67 114202
69 7145 14598 16 27206
70 7262 7333 11 229
71 7316 8187 121 74811
72 7358 9748 12 21270
73 7440 8288 81 75014
74 7562 11659 31 67868
75 7662 12232 23 19229
76 7712 7864 124 10977
77 7787 10995 24 52373
78 7825 11860 9 10905
79 7876 8291 33 12631
80 8047 9088 64 69485
81 8149 8218 112 5053
82 8252 11279 14 17594
83 8276 11839 13 14860
84 8357 9493 25 5444
85 8388 19957 9 150452
86 8536 19207 21 41360
87 8541 10859 125 95352
88 8613 11253 53 20812
89 8623 15814 147 235511
90 8653 9641 7 2895
91 8805 9959 15 5889
92 8903 8909 62 280
93 8977 13440 21 45674
94 9013 11771 101 224761
95 9091 9285 13 1357
96 9100 10479 34 65510
97 9306 9808 11 7996
98 9758 11220 104 84402
99 9873 15561 15 11667
100 9880 11609 41 59404
101 9894 10404 19 2609
102 10056 18185 30 122055
103 10141 11271 115 88594
104 10329 11907 19 16113
105 10632 11350 33 10986
106 10800 11127 86 26369
107 10814 14391 104 940002
108 10951 20871 21 53865
109 10964 11365 11 3890
110 11016 16159 59 277345
111 11052 11065 85 1941
112 11287 12325 14 7240
113 11508 12303 9 3867
114 11606 14646 49 86278
115 11682 17186 90 233774
116 11739 15292 90 342419
117 11777 15672 129 340591
118 11797 18736 24 73825
119 11977 12564 107 111093
120 12126 12857 142 63787
121 12291 16456 68 210867
122 12444 27642 17 96169
123 12535 12893 49 16491
124 12640 13257 102 24521
125 12678 13738 21 28413
126 12720 15274 100 141168
127 12758 17794 5 35350
128 12962 17843 99 412394
129 12973 18603 5 20061
130 12989 20280 20 64567
131 13076 16653 15 22242
132 13089 14295 41 12765
133 13117 13495 17 2705
134 13170 15009 55 34271
135 13308 20116 16 30700
136 13383 18967 79 410311
137 13434 14442 58 21307
138 13542 13603 23 788
139 13613 15377 97 63690
140 13835 15388 36 13489
141 13874 23849 11 18114
142 13904 17904 83 271903
143 13950 16692 86 337213
144 14201 15566 43 28861
145 14252 17092 22 44018
146 14409 17359 107 103153
147 14421 17157 87 98663
148 14480 21086 5 17472
149 14497 14934 38 7504
150 14512 18205 15 17300
151 14542 17095 49 77789
152 14600 15081 135 79388
153 14783 18854 70 148564
154 14920 15280 127 7856
155 14926 18312 109 95651
156 15004 18499 66 131583
157 15037 15421 52 5825
158 15152 15249 6 525
159 15382 18310 33 52217
160 15400 15515 71 1807
161 15547 16471 48 19827
162 15568 18699 124 195421
163 15622 17023 8 4136
164 15658 18559 41 74120
165 15734 18658 72 26256
166 15756 26049 62 317321
167 15779 16600 131 109503
168 15785 17920 94 102959
169 15974 17195 37 26664
170 16027 62095 44 265323
171 16093 16855 7 1677
172 16311 19044 117 345185
173 16515 19861 13 39338
174 16545 18183 120 40365
175 16962 23776 60 110575
176 17067 21022 23 50863
177 17086 18606 21 38134
178 17327 18523 8 3377
179 17392 23861 102 192106
180 17459 19545 70 147150
181 17645 22638 22 64243
182 17705 21875 42 148502
183 17749 18342 9 4957
184 17783 21982 21 33086
185 17788 18078 80 4844
186 17872 20096 7 13618
187 17907 20323 91 49092
188 17959 18850 110 81465
189 17993 24622 63 209029
190 18086 18237 18 1611
191 18340 19364 43 35682
192 18388 20926 4 2761
193 18441 19191 6 1703
194 18461 30874 30 408771
195 18498 24091 77 160533
196 18615 33473 5 18706
197 18799 25000 73 109913
198 18913 19164 18 3441
199 19070 20396 124 51080
200 19078 28875 14 71823
201 19108 26023 71 116118
202 19118 19889 9 4032
203 19275 28860 101 362492
204 19397 19449 61 2055
205 19402 21808 10 11032
206 19516 22823 110 42150
207 19531 20753 61 106972
208 19699 25863 135 1311206
209 19800 25738 49 71761
210 20126 35080 105 1036177
211 20443 31608 59 154061
212 20516 28621 28 76502
213 20594 27555 120 178267
214 20662 22747 38 61396
215 20743 26071 92 137679
216 20818 25331 52 40927
217 20863 28326 4 7975
218 21043 23387 4 3444
219 21184 21590 38 2107
220 21189 22431 40 17086
221 21221 24818 46 69272
222 21343 21649 80 15171
223 21414 38259 34 410402
224 21513 21837 27 3282
225 21679 25213 103 189396
226 22089 23344 55 35272
227 22109 32522 20 61650
228 22313 23006 105 94402
229 22336 24772 114 101118
230 22428 26953 53 83011
231 22561 22700 23 2858
232 22630 25110 62 167864
233 22664 23067 121 20904
234 22812 23558 41 12751
235 23035 33638 8 40543
236 23242 23315 27 475
237 23254 27684 99 293002
238 23270 23560 55 7223
239 23491 24233 18 15153
240 23541 23650 22 4927
241 23546 23927 17 5601
242 23850 30314 43 34504
243 23915 24396 18 3378
244 24224 24585 139 24832
245 24260 27990 112 133086
246 24371 26367 43 9792
247 24467 28694 112 186603
248 24473 26533 64 111082
249 24502 31834 77 303402
250 24688 28635 11 12792
251 24704 24906 117 42626
252 24759 27387 9 5669
253 24823 31145 22 69464
254 24864 25206 54 20422
255 25096 27757 17 17828
256 25277 29986 140 276533
257 25453 25611 29 2357
258 25476 26526 91 106885
259 25516 27590 132 41648
260 25589 27554 36 31417
261 26015 29589 10 24804
262 26047 26952 115 54065
263 26076 26272 127 23435
264 26162 33459 68 528632
265 26198 28120 82 163803
266 26252 27496 17 9512
267 26256 27041 93 29729
268 26331 26809 149 26571
269 26554 27441 70 17696
270 26663 32656 66 158082
271 26686 28959 12 12958
272 26724 30525 74 234184
273 26740 28672 21 20279
274 26813 27022 16 3200
275 26866 30339 45 146121
276 27001 30322 51 56342
277 27002 28072 85 74832
278 27160 29257 74 154021
279 27162 31797 53 120036
280 27248 28517 70 11096
281 27250 28493 21 18954
282 27334 27589 39 9592
283 27373 31369 17 56783
284 27493 27517 11 293
285 27505 27994 42 7202
286 27710 29281 51 37857
287 27760 30967 74 82227
288 27857 34159 28 38416
289 27881 33299 17 33974
290 28104 28589 125 25639
291 28191 31983 51 21981
292 28195 32150 35 26165
293 28324 29481 22 8349
294 28546 29378 19 8232
295 28690 30304 21 16164
296 28824 30433 31 22310
297 29078 32884 135 210323
298 29222 55108 140 837226
299 29234 29810 138 53693
300 29362 30585 17 13157
301 29455 36340 114 384023
302 29707 34240 21 85357
303 29728 31545 27 39543
304 29789 31489 58 56088
305 29918 40999 57 371640
306 30076 30705 53 26144
307 30340 31543 87 62087
308 30363 33034 119 73777
309 30367 39182 77 407489
310 30406 32257 149 447081
311 30523 32508 37 24781
312 30727 30935 5 557
313 31012 31976 42 11712
314 31041 32648 101 103902
315 31362 34918 109 86400
316 31374 32503 128 58860
317 31431 32029 33 17819
318 31584 32315 116 56920
319 31671 33351 82 132891
320 31794 33095 146 97537
321 31944 37396 22 30763
322 32146 38036 28 103927
323 32163 33836 18 19422
324 32263 33455 132 144531
325 32274 45918 21 132640
326 32316 34688 27 42107
327 32389 37384 67 107344
328 32391 45707 22 93606
329 32560 32910 6 277
330 32606 33539 53 14217
331 32877 33269 96 39744
332 32901 57979 117 1042772
333 32924 48627 11 57229
334 32925 36982 148 345421
335 33076 35605 141 220580
336 33360 35943 10 13699
337 33421 33434 23 846
338 33511 34425 60 41324
339 33521 38142 106 304098
340 33626 34140 41 11113
341 33796 40577 41 55088
342 33804 36001 34 18728
343 33974 35069 33 13537
344 34265 36547 45 84737
345 34280 36401 27 34301
346 34333 34417 56 3256
347 34541 36091 32 86414
348 34729 43896 101 721467
349 35000 38027 8 8166
350 35038 35761 36 16466
351 35068 35859 109 61848
352 35181 36173 139 71605
353 35266 44148 50 218533
354 35267 37376 95 98933
355 35337 37066 45 26939
356 35409 39975 112 145673
357 35432 39361 12 22484
358 35459 36418 28 27222
359 35795 39879 41 81553
360 35812 39572 38 55511
361 35866 36699 36 24541
362 36040 38776 135 147934
363 36389 39254 16 14649
364 36532 37541 36 16054
365 36554 37893 69 98385
366 36579 40811 19 14327
367 36664 42185 69 234282
368 36668 42030 12 23751
369 36781 50001 105 474460
370 36866 37842 81 90448
371 36872 40184 125 188642
372 36876 40692 8 25997
373 36935 38260 25 9505
374 36953 46282 12 85925
375 37152 39456 48 195356
376 37187 38189 31 13130
377 37204 55971 29 628844
378 37292 38625 33 15706
379 37490 40484 93 76516
380 37506 48103 64 188884
381 37530 40360 77 41989
382 37688 48776 5 36869
383 37715 42672 73 54079
384 37858 38065 32 3678
385 38028 39709 12 10200
386 38046 38487 7 893
387 38072 38193 18 2431
388 38080 39474 139 174182
389 38214 40834 114 178484
390 38230 47354 45 183160
391 38296 46819 124 1253371
392 38326 46666 47 128498
393 38344 39623 14 17985
394 38404 43372 4 12678
395 38456 46386 70 291098
396 38542 40595 16 23167
397 38599 43973 39 45285
398 38608 43068 119 197521
399 38691 42233 14 28601
400 38778 40828 84 78290
401 39060 39915 8 1028
402 39078 45145 72 213211
403 39186 39564 18 5959
404 39197 42758 74 227840
405 39334 42210 111 183792
406 39390 47640 31 154302
407 39592 40623 9 2112
408 39617 39819 134 19584
409 39624 42062 26 14493
410 39815 41028 30 21309
411 39991 40860 49 54283
412 40006 44207 7 23390
413 40014 46466 72 85410
414 40022 45856 39 103320
415 40031 44014 69 131725
416 40230 44085 27 23229
417 40308 41522 86 64345
418 40384 42923 11 79829
419 40414 41500 124 67974
420 40488 42834 4 3518
421 40687 45034 126 511482
422 40749 43100 44 35982
423 40782 42178 22 14747
424 40793 47952 101 412386
425 40820 41563 22 8257
426 40889 44745 87 61066
427 40986 41464 24 4472
428 41085 45208 143 760051
429 41230 54346 104 628695
430 41247 48282 4 12154
431 41338 47598 145 340389
432 41433 41828 43 25554
433 41492 47626 61 255386
434 41722 42746 18 4601
435 41909 42318 21 2341
436 42032 42207 10 1064
437 42124 45830 122 188095
438 42321 51200 52 81507
439 42780 42969 70 12671
440 42821 44033 36 19091
441 42846 43745 101 27081
442 42890 46651 17 16179
443 42896 43785 103 83699
444 42906 48730 69 183722
445 42947 43808 50 34196
446 42959 50494 46 181808
447 43009 52863 22 76991
448 43056 51949 103 243283
449 43071 47910 42 125819
450 43245 51245 95 282721
451 43377 46548 13 9237
452 43382 50167 5 18375
453 43432 48050 61 228977
454 43442 43836 58 20661
455 43491 46787 124 81642
456 43577 44770 130 49720
457 43615 48706 6 18804
458 43657 45891 117 119489
459 43663 45212 50 29011
460 43842 45655 8 12702
461 43848 54391 65 145832
462 43870 46090 58 60900
463 44007 45289 99 48935
464 44041 46155 35 16524
465 44045 44772 19 9428
466 44189 48714 119 269848
467 44221 49983 108 444771
468 44229 44381 31 2562
469 44267 46613 55 127994
470 44404 46871 144 73925
471 44838 50595 146 699926
472 44893 46465 10 11377
473 44905 44966 8 203
474 44940 45813 11 2687
475 45159 61315 136 1817772
476 45292 56686 7 9539
477 45300 54159 19 41049
478 45317 46364 72 56876
479 45338 45600 95 5925
480 45383 48343 79 113926
481 45458 47362 39 31192
482 45571 49174 44 30966
483 45573 45950 20 3611
484 45958 46845 20 13934
485 46015 47394 4 2855
486 46121 47035 103 57437
487 46210 49178 131 216326
488 46214 49128 54 59317
489 46287 46323 52 1887
490 46523 47908 18 23368
491 46545 49478 135 697549
492 46554 49056 14 43277
493 46559 46748 18 965
494 46645 47516 97 12753
495 46679 52767 77 303883
496 46890 48065 85 61116
497 47073 52704 25 30012
498 47313 48373 18 6784
499 47523 48091 22 11446
500 47557 52319 18 26542
501 47558 52681 130 164161
502 47805 59283 102 315648
503 47865 47989 97 9793
504 47965 52227 95 200906
505 48089 50149 71 59417
506 48158 50108 81 86453
507 48235 50072 114 128749
508 48329 49816 50 58879
509 48452 50806 97 46870
510 48688 49250 106 26646
511 48783 49321 131 25506
512 48799 49834 55 45510
513 48801 52815 72 235978
514 48898 49023 62 4115
515 49037 57030 5 8801
516 49202 55132 46 65893
517 49251 50536 11 4110
518 49344 52130 35 21786
519 49394 53208 101 156492
520 49569 50500 8 5017
521 49774 58503 40 54855
522 50034 56766 76 239583
523 50078 52917 52 62503
524 50285 52043 68 41239
525 50291 55397 137 142036
526 50374 54380 12 17068
527 50383 53146 96 70387
528 50508 52697 110 85285
529 50574 52029 90 39862
530 50620 50801 61 4517
531 50743 56459 71 144507
532 50816 52769 49 32342
533 50836 52632 103 68598
534 50939 56064 27 111118
535 50962 51050 39 1365
536 51056 53004 124 74920
537 51209 56734 131 486915
538 51321 53280 9 12821
539 51323 54556 24 66629
540 51358 54629 18 57064
541 51369 53584 86 179368
542 51683 60511 87 788639
543 51742 52558 30 6464
544 51993 55705 25 31311
545 51997 55704 142 331083
546 52214 55606 29 31665
547 52337 56641 63 134416
548 52416 54476 26 11312
549 52453 53612 81 44334
550 52555 52690 37 2740
551 52570 55348 144 459537
552 52625 52872 49 10826
553 52799 54984 15 25427
554 53315 58301 31 148807
555 53347 57206 83 102391
556 53458 54802 7 8296
557 53471 54077 13 5357
558 53559 62709 36 120256
559 53576 57583 108 181704
560 53588 53910 95 44816
561 53603 64640 149 693587
562 53656 53919 95 10281
563 53714 57181 25 48476
564 53753 54752 111 61145
565 53775 55670 34 90227
566 53944 54132 46 5116
567 54037 69853 28 174231
568 54045 56056 99 17646
569 54314 54687 74 28459
570 54404 55664 117 95742
571 54406 62961 62 274685
572 54696 58766 60 141076
573 54947 60156 138 472750
574 55021 55469 50 7597
575 55026 55163 93 11131
576 55169 58921 25 87298
577 55178 57613 44 33774
578 55386 58564 6 4261
579 55624 72464 33 201729
580 55651 57271 24 7469
581 55738 58044 4 3779
582 55771 55810 144 17615
583 55801 62999 106 305644
584 55894 56230 27 4029
585 55955 58582 65 204320
586 55985 56383 32 7334
587 55997 58622 83 100238
588 56045 61922 140 278828
589 56090 56678 5 626
590 56381 57194 8 4560
591 56444 59063 58 38663
592 56553 60453 51 31287
593 56568 57430 16 5809
594 56921 58205 8 4556
595 57124 58788 9 6462
596 57196 60173 70 57154
597 57237 63000 45 165587
598 57344 63261 50 89137
599 57364 67296 121 647015
600 57383 59144 53 21306
601 57534 60121 10 11029
602 57635 64387 55 93684
603 57651 60133 17 23438
604 57740 59239 88 93692
605 57757 58009 121 37702
606 57795 62452 34 72431
607 57865 59850 24 49832
608 58373 74659 28 195944
609 58449 59125 115 10209
610 58542 60483 35 54941
611 58570 59105 121 26535
612 58727 59057 102 45423
613 58761 61867 80 106503
614 58828 58963 29 4136
615 58835 61022 79 64756
616 59002 75913 7 70462
617 59089 59265 54 8854
618 59106 61259 68 55613
619 59230 63519 60 116865
620 59363 65162 27 53798
621 59403 65369 107 560474
622 59554 64722 36 86059
623 59912 65381 119 202128
624 60070 60168 120 2636
625 60274 74074 112 514676
626 60456 62233 33 65387
627 60525 63951 38 73239
628 60545 64027 9 12004
629 60625 62124 63 27085
630 60905 63797 44 36658
631 60926 63125 92 85612
632 60966 62007 65 13422
633 61058 65083 34 119893
634 61164 67644 53 211648
635 61222 62243 15 6115
636 61258 65475 44 70007
637 61374 61907 142 31015
638 61418 63682 53 18708
639 61448 64221 5 16820
640 61575 61914 76 16807
641 61626 65601 116 249625
642 61661 63686 91 69457
643 61708 63809 24 8575
644 61804 65614 26 79156
645 61851 67087 145 698229
646 61873 73320 107 579584
647 61920 63015 7 2145
648 62188 74322 64 428545
649 62250 64010 91 46483
650 62472 64101 5 2645
651 62519 63721 95 53444
652 62571 68015 9 29797
653 62737 67534 78 46124
654 62740 62991 77 6075
655 62911 64383 6 3243
656 63079 64144 24 11074
657 63169 68350 61 100077
658 63210 67521 19 30286
659 63280 65548 114 95907
660 63313 66727 30 24259
661 63457 69634 18 23137
662 63463 64242 63 6804
663 63485 65721 32 35083
664 63738 67904 77 200730
665 63858 64983 5 1288
666 64148 64628 8 983
667 64284 70742 41 231592
668 64377 65038 66 59772
669 64428 72026 70 196563
670 64662 66062 31 20537
671 64973 68486 146 359182
672 65042 66835 18 19139
673 65302 69028 77 107134
674 65307 74171 149 695830
675 65332 65363 144 2718
676 65480 66868 5 1700
677 65487 67639 63 46182
678 65502 71826 61 127127
679 65517 66206 57 13291
680 65669 74134 21 128076
681 65671 69792 39 45851
682 65726 72362 46 65321
683 65773 66118 8 1220
684 65776 72569 67 120676
685 65818 67633 35 25954
686 65893 66340 35 8074
687 65915 70346 110 161821
688 66011 76196 16 63880
689 66125 75362 47 254236
690 66170 70066 12 7572
691 66294 69076 11 7602
692 66341 68234 15 12464
693 66439 66471 73 1034
694 66492 72845 27 40021
695 66602 72284 128 294416
696 66637 67083 27 6838
697 66716 67715 79 68613
698 66723 68686 92 46987
699 66953 70794 65 257664
700 66985 69216 43 54029
701 67102 78136 56 226338
702 67118 69075 73 76639
703 67224 86702 49 443786
704 67312 70748 33 56658
705 67459 72515 137 86419
706 67467 76122 11 108868
707 67481 71709 100 305045
708 67574 74775 93 515211
709 67723 72887 93 147111
710 67819 75099 28 40184
711 67856 68198 127 10998
712 68030 70005 39 23868
713 68104 68758 7 831
714 68223 72389 133 297338
715 68260 74832 81 69068
716 68304 68504 123 21535
717 68380 68478 142 9614
718 68400 71893 80 60069
719 68644 70886 51 30853
720 68739 69082 47 3099
721 68786 82215 41 246558
722 68855 75073 13 46077
723 68907 71674 4 6333
724 68919 79014 11 70249
725 68936 69866 107 66906
726 69060 73879 14 40799
727 69119 71262 39 93678
728 69207 69824 16 6377
729 69261 70898 100 31069
730 69277 71531 144 234849
731 69327 74581 11 37257
732 69332 69781 36 7334
733 69491 71833 15 13375
734 69532 71372 81 77952
735 69675 70132 31 4073
736 69808 70506 49 19754
737 69999 70939 130 71491
738 70022 70681 143 50048
739 70145 72077 24 18140
740 70245 72427 107 200479
741 70375 72115 20 26909
742 70433 81194 53 409330
743 70493 72345 131 198296
744 70522 73163 122 120856
745 70640 77191 120 409793
746 70769 70772 47 95
747 71036 75363 105 309998
748 71085 72354 29 20468
749 71143 73560 80 79292
750 71151 71180 71 1029
751 71152 73109 71 99148
752 71211 72974 11 14741
753 71400 78474 39 232611
754 71614 80783 4 9398
755 71621 73504 143 41859
756 72121 73192 46 29544
757 72156 73049 8 1971
758 72178 80428 48 204193
759 72194 73092 47 21749
760 72276 72713 75 14280
761 72301 72506 14 1235
762 72358 85824 113 1028048
763 72608 74579 39 40457
764 72639 73877 6 4294
765 72754 84237 97 762482
766 72994 78794 33 35744
767 73131 73322 22 923
768 73147 77351 135 79753
769 73179 73263 6 266
770 73255 74859 87 52499
771 73465 80449 61 109404
772 73586 77118 12 9452
773 73636 74389 28 12890
774 73807 77078 20 28407
775 73931 81940 18 76658
776 74197 74278 11 447
777 74273 76184 16 31639
778 74438 76407 117 101167
779 74447 85192 75 295128
780 74457 74553 126 4695
781 74473 79675 5 15238
782 74546 76129 100 52041
783 74577 77496 145 207518
784 74597 74609 6 45
785 74683 81095 142 513831
786 74710 75045 28 4535
787 74740 75994 113 169376
788 75066 80334 22 17292
789 75165 89130 53 192889
790 75383 78632 5 3893
791 75425 80644 90 195720
792 75552 75617 9 757
793 75615 83387 55 219493
794 75634 76211 28 10848
795 75646 84186 45 74322
796 75712 76336 65 34526
797 75757 80635 6 9292
798 75874 76405 60 20231
799 75933 77128 39 22127
800 76062 87749 42 282822
801 76335 84128 97 580904
802 76427 76776 17 3914
803 76432 78033 71 54890
804 76473 79554 58 50646
805 76791 78357 109 41580
806 76902 81059 10 35496
807 77024 78762 80 85136
808 77211 78918 42 34953
809 77329 79950 71 65333
810 77342 79821 149 180892
811 77455 78644 69 92027
812 77508 78563 22 23434
813 77570 79368 22 10045
814 77764 77825 95 3580
815 77926 80214 10 11938
816 77954 81280 77 128443
817 78210 82288 121 360595
818 78331 80255 30 92772
819 78454 80993 88 94337
820 78520 85123 6 12498
821 78615 94684 22 126256
822 78780 80872 50 46794
823 78832 79879 50 22146
824 78875 85452 92 157282
825 79229 79987 22 8431
826 79373 81832 105 177265
827 79606 80850 105 40798
828 79656 81839 63 87932
829 79657 86231 24 41229
830 79978 81425 6 7522
831 80100 84741 37 83630
832 80126 87982 114 321363
833 80305 80706 96 57345
834 80344 87313 31 100322
835 80368 81457 4 2678
836 80496 84121 77 58938
837 80614 82128 58 13773
838 80811 82406 46 113011
839 80895 83598 54 87427
840 81029 87963 129 392127
841 81145 86803 150 463016
842 81181 96461 19 31990
843 81235 81616 81 4422
844 81300 81885 138 62182
845 81406 84780 67 114963
846 81581 85089 13 16761
847 81600 83616 18 28756
848 81933 88245 81 294828
849 81943 88764 127 523106
850 82228 82970 23 9282
851 82302 84705 12 36735
852 82359 90782 29 17456
853 82524 83601 28 39298
854 82584 83403 21 25370
855 82641 85637 22 22896
856 82671 89254 20 70691
857 82817 88887 129 136119
858 82886 86060 7 4498
859 82941 88872 5 15680
860 83012 84987 18 23935
861 83014 90654 124 328344
862 83076 83563 131 43018
863 83151 84084 112 143620
864 83294 86224 63 67927
865 83368 86108 134 126722
866 83405 84172 64 19002
867 83524 87297 118 401728
868 83537 83820 43 12191
869 83607 83859 16 4046
870 83751 83903 5 1250
871 84455 84756 143 22796
872 84463 87504 137 196807
873 84574 87070 129 115662
874 84639 91733 14 26968
875 84725 88187 85 206483
876 84767 84847 28 1093
877 84849 87872 42 25155
878 84876 87364 5 2604
879 84896 87104 124 125191
880 85007 86160 7 5782
881 85056 89922 31 46717
882 85301 91100 55 138746
883 85515 85596 104 16091
884 85521 86734 10 2767
885 85592 86041 97 16083
886 85726 87013 112 72212
887 85728 89606 59 101823
888 85738 89597 6 8187
889 85746 88771 12 13054
890 86046 86055 123 2928
891 86142 87022 105 40494
892 86158 89067 20 42843
893 86259 86679 25 4654
894 86260 90908 44 175650
895 86327 91867 48 275075
896 86509 88077 22 5133
897 86535 90241 54 123633
898 86588 91727 52 51204
899 86692 89379 86 124808
900 86908 92166 93 88678
901 86931 96468 6 26818
902 86987 87089 31 732
903 87220 92175 70 176156
904 87344 91891 22 36408
905 87698 91484 101 371608
906 87701 87842 19 3121
907 87748 92993 7 11970
908 87769 93325 95 264591
909 87794 96658 111 579254
910 87819 88218 49 16175
911 88011 96961 29 86833
912 88170 88898 33 12339
913 88409 90728 19 20813
914 88550 90843 55 71739
915 88563 97466 40 60367
916 88608 94570 25 91028
917 88975 92081 40 128052
918 89114 90739 43 18275
919 89116 90363 13 3396
920 89202 91609 106 82772
921 89264 91672 93 92430
922 89279 91233 45 78830
923 89367 92209 97 120000
924 89397 95620 36 81477
925 89409 89420 47 377
926 89432 92236 125 200336
927 89490 93330 81 123865
928 89549 93510 109 143029
929 89716 93181 10 9939
930 89965 92441 113 183312
931 90016 91909 32 28449
932 90110 95204 66 119122
933 90356 91841 126 293593
934 90378 94542 98 325206
935 90476 90915 43 17845
936 90528 92676 119 65664
937 90564 96081 6 7102
938 90678 90923 16 5267
939 90700 90712 43 288
940 90844 92504 113 181157
941 90953 93321 83 286093
942 90993 92306 17 8286
943 91286 95611 47 80796
944 91303 92823 141 329984
945 91306 91499 69 7792
946 91405 94458 111 58774
947 91459 92944 20 13619
948 91960 92677 75 10745
949 92064 92322 123 16900
950 92299 92836 11 5403
951 92308 95396 101 179680
952 92417 96959 143 159745
953 92430 92989 35 8477
954 92683 93641 64 22569
955 92922 93199 77 11723
956 92968 92997 104 1374
957 93057 98705 64 284005
958 93072 94360 9 3237
959 93109 93491 75 19701
960 93174 99836 10 20148
961 93238 95255 6 3862
962 93251 93721 65 17760
963 93666 98003 42 25194
964 93739 94233 80 16504
965 93759 99270 29 49795
966 93970 94895 6 4447
967 94134 97975 5 17470
968 94221 95444 5 3887
969 94308 94659 51 6433
970 94872 98745 22 56589
971 95281 97094 81 128257
972 95422 96686 31 7996
973 95512 96073 13 3600
974 95554 97468 125 135668
975 95911 99173 133 103317
976 96128 97680 62 38592
977 96139 96440 32 3441
978 96314 98064 22 18113
979 96495 98376 124 101677
980 96557 98145 64 80391
981 96595 98595 137 146598
982 96597 97768 20 13935
983 96612 97245 28 16875
984 96914 97835 52 11441
985 97104 98453 95 45625
986 97318 97770 75 5576
987 97388 99809 105 85750
988 97427 99262 30 43184
989 97492 99064 59 24143
990 97980 99715 27 13545
991 98019 98244 9 674
992 98027 98984 120 72245
993 98067 99145 40 44747
994 98286 98743 27 12030
995 98293 99067 91 27497
996 98722 99350 147 84374
997 99111 99602 12 2847
998 99459 99614 133 24586
999 99582 99760 58 5672
