50 1000 0.041
.......................................##.........
....#...........................###.###...........
....#.....................##.....#................
...###.....................#.....#................
....#.............................................
..................................................
..................................................
........................................##........
..............................###.......###.......
......#....#............................####......
......#................................##.........
......##..........................................
...........................................##.....
..........................................##......
..........................................##......
..........................................###.#...
.........................................##.###...
............................................##....
............................................##....
..................................................
..................................................
..................................................
..................................................
..................................................
..................................................
..................................................
..................................................
..................................................
..................................................
..................................................
..................................................
..................................................
................................##................
................................##................
................................#.................
..................................................
..................................................
..................................................
..................................................
..................................................
..................................................
...............................##.................
...............................###................
................................##................
.................................##...............
..................................#...............
.......................#..........................
.....................###..........................
.....................#............................
..................................................
0 44 3344 13 39459
1 60 2571 97 83522
2 112 2938 34 43061
3 147 10776 10 46018
4 178 2924 15 22872
5 196 2413 36 79910
6 251 7746 73 290731
7 267 1218 8 3289
8 409 13914 37 111883
9 445 8279 29 231391
10 631 3471 128 271526
11 780 15983 63 438423
12 802 2724 70 39772
13 850 1032 32 4465
14 946 2083 45 12201
15 1060 6410 31 54034
16 1148 7602 32 65176
17 1230 2620 127 121722
18 1285 3551 22 34790
19 1429 4875 39 61908
20 1476 1493 67 606
21 1544 5938 48 122288
22 1636 10066 36 112047
23 1813 2355 141 38288
24 1839 5279 123 157103
25 1966 4444 116 147817
26 2076 16177 69 1384870
27 2108 6447 143 149643
28 2121 16603 4 74887
29 2364 4948 84 128708
30 2381 5812 131 143182
31 2410 5412 89 113386
32 2569 4599 78 80384
33 2635 13477 85 226065
34 2727 3384 37 8007
35 2739 23567 22 129078
36 2747 26606 8 41326
37 2833 4836 120 187649
38 3025 5026 97 71661
39 3349 5751 97 194473
40 3427 8461 101 117720
41 3489 6397 27 28865
42 3500 3573 13 389
43 3562 5460 83 57902
44 3612 6968 27 24930
45 3659 10450 112 286112
46 3713 6733 23 40335
47 3750 4312 89 16586
48 3804 5865 46 116063
49 4048 4479 7 1644
50 4055 4405 11 1190
51 4173 11577 135 409848
52 4223 7797 80 125480
53 4746 8075 106 157397
54 4840 7557 66 73710
55 4923 7088 6 3377
56 4940 15123 118 140690
57 4941 7881 13 9079
58 5081 8228 37 87450
59 5262 6138 138 44547
60 5303 8294 45 56611
61 5334 18040 42 125395
62 5348 7009 38 36596
63 5466 6599 116 97859
64 5557 22539 10 22949
65 5758 8230 15 49355
66 5814 6673 85 28918
67 5819 7232 95 54182
68 5967 7268 132 46935
69 6316 6827 62 12852
70 6390 20487 8 19915
71 6490 7241 5 3766
72 6632 10809 16 38325
73 6647 24145 24 190252
74 6929 21386 119 199490
75 6939 10563 7 4562
76 7097 10306 68 110764
77 7107 9020 45 43388
78 7138 7497 76 12210
79 7182 10208 4 6089
80 7223 7275 122 10142
81 7426 8115 113 64302
82 7434 22068 58 166755
83 7469 11170 122 205025
84 7480 16168 110 556958
85 7802 10082 86 228390
86 7805 9913 86 253316
87 8008 15608 53 245646
88 8048 19756 149 2002571
89 8359 14762 113 423630
90 8367 11995 11 25197
91 8517 9960 93 30175
92 8700 17834 31 78365
93 8958 15751 42 108012
94 8998 13787 20 40582
95 9384 15641 6 24077
96 9414 9837 26 11834
97 9427 16957 10 71217
98 9453 13203 59 151892
99 9492 16299 12 28897
100 9595 14510 137 253822
101 9745 10319 38 13209
102 9797 13229 16 20994
103 9952 12755 143 89465
104 10348 13305 141 212276
105 10367 10525 111 7281
106 10381 15772 71 333253
107 10464 30798 15 83760
108 10516 17714 140 303527
109 10729 15300 17 11483
110 10890 14701 7 7006
111 10956 11038 15 740
112 11124 14786 62 186580
113 11127 16551 41 159860
114 11294 19066 39 179491
115 11508 17453 32 103546
116 11844 18530 12 48716
117 11865 16713 63 252747
118 11964 20594 12 33562
119 12382 16368 141 357184
120 12452 13000 33 7445
121 12521 14998 20 32029
122 12643 18197 15 93132
123 12664 13145 97 35781
124 12809 15852 149 378675
125 12840 17751 84 46250
126 12893 18319 37 116444
127 12951 13640 42 29658
128 13099 26000 52 348420
129 13111 13446 43 8863
130 13131 14557 7 6439
131 13175 16274 123 132338
132 13456 17347 78 74688
133 13464 29178 6 13217
134 13692 24193 7 12417
135 13972 38332 35 1059107
136 13994 14357 146 39503
137 14074 15544 48 36308
138 14196 14521 114 13848
139 14448 21975 96 239112
140 14698 22777 132 189396
141 14816 19895 101 184149
142 14844 24263 109 168370
143 14917 22763 86 369434
144 15007 26695 61 227891
145 15187 19314 141 396159
146 15229 15240 30 188
147 15314 32075 124 2374512
148 15406 27027 13 106245
149 15536 17071 42 40308
150 15652 20664 4 7111
151 15860 26375 63 622263
152 15869 16359 6 1549
153 15918 15979 61 2850
154 15946 19999 95 163042
155 15970 22331 8 18067
156 16298 29692 54 237622
157 16373 30367 9 52565
158 16405 18567 113 87592
159 16433 30407 70 417405
160 16534 22738 75 106138
161 16745 23186 10 22576
162 16857 26090 21 111049
163 16860 17285 30 5201
164 16986 17010 35 523
165 17054 22197 88 162391
166 17106 17116 95 573
167 17197 21992 44 175084
168 17256 33228 34 229834
169 17275 19951 78 65158
170 17314 21988 28 27878
171 17500 17763 17 2393
172 17619 25490 42 175660
173 17719 29886 99 399580
174 17721 20724 7 9051
175 18022 24868 127 302592
176 18036 22860 116 135987
177 18057 31399 81 321875
178 18083 20137 60 27673
179 18162 25315 68 211053
180 18254 25269 38 272689
181 18274 28155 59 135810
182 18360 28000 77 617804
183 18386 20140 99 491030
184 18497 20175 141 41679
185 18642 20515 33 13996
186 18655 21133 140 80487
187 18746 21103 31 15638
188 18850 29493 59 387167
189 18851 23591 111 333959
190 18876 20980 8 8994
191 18922 24129 53 174561
192 18947 23650 130 108023
193 19087 22076 9 14972
194 19352 22498 25 60342
195 19441 20554 95 77861
196 19491 24180 27 24443
197 19565 22554 118 99205
198 19624 30192 33 232595
199 19637 23129 9 21689
200 19681 19747 28 665
201 19985 22689 109 238963
202 20160 24514 80 193303
203 20183 22691 63 84340
204 20257 31113 143 633910
205 20266 22150 50 69379
206 20343 20360 40 838
207 20563 21689 8 2899
208 20710 20941 126 23369
209 20804 22324 20 12443
210 20824 21544 32 19910
211 20858 25236 51 89147
212 20861 21020 23 1987
213 20923 37764 93 470246
214 20974 31493 106 399624
215 21184 24584 41 101299
216 21190 28745 67 190011
217 21219 22928 42 12742
218 21393 40097 10 43425
219 21399 23548 45 41668
220 21572 28013 16 55643
221 21627 26544 5 7750
222 21652 27003 39 67044
223 21679 22735 146 68363
224 21700 31462 19 160569
225 21731 23220 40 23711
226 21759 40289 63 1380662
227 21978 24905 5 23958
228 21984 26697 101 537200
229 22103 30038 9 48814
230 22129 23983 143 139609
231 22163 36118 85 223041
232 22198 29989 68 362730
233 22255 26165 17 29232
234 22330 25363 21 22073
235 22446 22698 144 28445
236 22457 25798 27 24503
237 22513 24554 93 127076
238 22566 32189 26 105305
239 22597 26749 9 15688
240 22637 27374 30 30720
241 22683 23496 76 33285
242 22757 25231 94 66103
243 22766 23156 137 23516
244 22914 35034 9 40134
245 22924 25096 31 36209
246 22948 32500 142 962635
247 22982 26636 65 238280
248 22994 23864 76 34221
249 23011 27174 27 40373
250 23084 30856 38 116825
251 23201 23612 21 6141
252 23239 25006 33 24852
253 23244 23634 80 31673
254 23255 28321 21 54828
255 23307 29236 109 308283
256 23383 23953 61 21669
257 23413 27025 6 7484
258 23622 24740 54 63232
259 23697 25594 17 18023
260 23748 28350 127 209751
261 23858 34901 116 918430
262 24054 35563 68 231234
263 24141 24701 67 24266
264 24344 28976 110 219306
265 24345 24977 49 32150
266 24377 26540 12 18694
267 24529 33159 11 138882
268 24562 27922 60 42428
269 24613 26199 119 80236
270 24758 25871 95 111305
271 24886 26123 18 14307
272 24927 29506 25 35281
273 24948 46160 35 175314
274 25108 27049 80 108492
275 25162 34760 30 32451
276 25243 26503 64 87698
277 25344 32315 10 27739
278 25572 28181 56 131966
279 25591 26504 62 32018
280 25755 29346 47 137735
281 25929 29121 5 4863
282 26118 28319 21 13411
283 26257 38927 135 1356755
284 26285 33328 7 31560
285 26308 31464 23 53272
286 26394 32314 23 28506
287 26420 30199 121 713804
288 26724 34681 135 398967
289 26775 29475 148 112927
290 26796 36381 144 227578
291 26816 31563 19 54154
292 27287 34334 16 52686
293 27354 30916 71 188101
294 27372 47487 8 40078
295 27390 37527 17 26308
296 27650 29538 10 16897
297 27716 30355 5 6586
298 27923 30729 134 289725
299 28201 30879 132 97287
300 28240 29752 53 19957
301 28262 42235 109 487352
302 28300 38822 7 19044
303 28455 44830 73 542073
304 28624 43603 16 170760
305 28712 29116 149 17548
306 28756 28777 5 36
307 28785 31942 34 30338
308 28790 30140 27 16619
309 28879 31528 30 20567
310 28884 36833 8 15099
311 28917 30071 72 88694
312 29308 34394 61 286583
313 29356 29932 44 10975
314 29632 31602 108 75098
315 30021 35940 15 30241
316 30090 34175 86 53832
317 30519 30845 85 59222
318 30718 36455 41 123271
319 30778 31003 6 1339
320 30785 46714 20 68890
321 30801 34509 51 124629
322 30913 33899 15 18249
323 30947 38361 29 56422
324 30952 34377 17 25744
325 31042 40495 69 229116
326 31068 34592 93 293445
327 31073 31588 8 869
328 31263 31438 142 21746
329 31294 39549 144 416578
330 31332 37526 149 752786
331 31388 34317 95 126419
332 31525 36550 42 93077
333 31527 35276 34 27854
334 31542 35680 4 14417
335 31608 36681 138 301777
336 31701 38035 83 152726
337 31821 36026 82 217930
338 32024 33535 12 19979
339 32048 44256 13 38296
340 32152 36614 135 93003
341 32280 36913 134 347000
342 32530 50211 9 32674
343 32562 33646 12 8368
344 32593 58692 115 850493
345 32677 33147 143 32435
346 32680 41385 100 244951
347 32826 49406 65 184629
348 32977 37597 51 60044
349 32986 42078 68 186905
350 32991 33626 109 74059
351 33006 44325 128 1278556
352 33013 39371 4 5909
353 33110 42797 70 250884
354 33316 38773 16 49580
355 33388 36425 6 3559
356 33448 35473 128 129214
357 33544 37454 12 31138
358 33547 40438 32 327563
359 33634 39308 12 9581
360 33720 48021 120 499958
361 33850 46380 6 25387
362 33857 36364 122 188293
363 33968 46240 78 240903
364 34147 37766 10 4133
365 34202 36470 12 18038
366 34404 37603 60 98660
367 34526 34568 86 1999
368 34693 36392 20 20749
369 34809 40717 91 223712
370 35062 35115 139 10236
371 35064 39718 145 253177
372 35278 55707 13 85334
373 35341 35439 64 3668
374 35618 36749 134 172243
375 35641 46637 29 132668
376 35697 40849 74 104329
377 35733 38974 122 73737
378 35762 42076 7 22378
379 35834 42771 55 421288
380 35909 37976 138 128914
381 36245 45721 31 63666
382 36270 41316 6 25624
383 36325 36644 53 4682
384 36329 37190 29 20300
385 36385 42875 123 492833
386 36399 54402 14 43033
387 36444 40456 137 41792
388 36521 38235 46 127283
389 36602 37178 135 32512
390 36713 46787 24 74483
391 36823 38558 133 78014
392 36837 38079 5 2222
393 36838 40720 89 117275
394 36975 39679 131 275318
395 37019 42753 91 94555
396 37307 42696 129 325221
397 37323 39035 123 115713
398 37389 42522 90 74622
399 37409 38026 146 31803
400 37437 40341 104 213987
401 37458 43669 39 69240
402 37531 43348 68 89616
403 37840 39140 42 46371
404 37927 65636 43 565403
405 37954 38210 48 9356
406 38217 44368 70 382583
407 38407 38913 90 14779
408 38479 42830 57 86016
409 38499 39620 26 9219
410 38582 40969 81 55821
411 38659 39958 6 2167
412 38660 41912 47 22538
413 38679 51553 33 412205
414 38711 43835 12 31348
415 38769 41027 127 182363
416 38794 47917 42 224727
417 38810 50334 13 31356
418 38828 42693 83 106541
419 38951 39498 4 1079
420 38982 39656 27 17313
421 38983 39669 91 26557
422 39013 40099 148 61310
423 39110 56765 45 762791
424 39123 41055 6 4871
425 39177 45989 66 573041
426 39307 45842 72 127737
427 39336 45006 92 244242
428 39342 51640 20 161075
429 39349 41381 34 18453
430 39389 39402 8 69
431 39545 41376 6 6026
432 39608 62682 133 860074
433 39688 39722 13 182
434 39838 46468 12 21154
435 39844 45105 6 16303
436 39933 40088 72 4638
437 40079 46269 13 20524
438 40083 48072 71 65087
439 40233 46938 16 33518
440 40281 47290 5 13095
441 40331 57740 24 57398
442 40411 56938 63 191937
443 40430 58817 97 345598
444 40527 83885 84 1261863
445 40533 43075 4 4566
446 40694 42899 26 10818
447 40878 41643 119 65629
448 40887 44484 120 150077
449 40896 41125 5 383
450 40897 44654 37 65082
451 40920 56788 4 21136
452 40938 52772 26 35774
453 40979 43186 68 19751
454 41004 43514 19 43689
455 41083 42607 143 145663
456 41246 57575 89 342648
457 41411 44255 147 301667
458 41499 44216 122 82471
459 41607 43609 24 31955
460 41633 47426 36 121428
461 41686 42276 61 11852
462 41696 47910 59 140224
463 42152 56349 72 290012
464 42318 44963 41 43224
465 42442 42504 73 2871
466 42461 44720 128 88666
467 42834 42978 63 5447
468 42926 50271 94 136906
469 43013 46531 43 108176
470 43085 46330 73 36167
471 43124 46900 9 8682
472 43392 44144 92 79613
473 43642 63469 19 42784
474 43749 47671 6 17481
475 43751 54634 79 335076
476 43855 49815 58 61613
477 43858 46727 14 11804
478 43941 45181 24 12274
479 44011 69828 95 824831
480 44046 46054 98 125459
481 44101 52833 23 117213
482 44177 46636 43 78861
483 44236 52103 79 377790
484 44307 45011 49 23958
485 44321 48133 90 92092
486 44444 49683 59 175972
487 44532 46239 102 72737
488 44554 63684 41 226271
489 44612 49292 95 246644
490 44622 51859 79 449230
491 44630 47961 134 71498
492 44684 45877 82 28347
493 44943 45937 83 137721
494 45060 47427 77 195231
495 45103 47586 57 95380
496 45441 50883 140 144471
497 45589 46227 44 9678
498 45675 49368 107 47911
499 45731 56111 149 459010
500 45984 46677 19 4743
501 46446 47555 87 45021
502 46542 54326 143 618859
503 46574 50017 90 172781
504 46696 46806 24 3510
505 46755 60520 20 31298
506 46823 57056 143 785806
507 46837 53409 6 38152
508 47038 58009 48 287664
509 47052 52206 99 339704
510 47091 60139 7 20424
511 47157 47310 132 13008
512 47162 47559 79 16806
513 47255 60277 41 310055
514 47294 48727 42 34168
515 47317 66340 45 207300
516 47373 49547 104 96943
517 47381 50014 70 108921
518 47383 49175 18 21085
519 47576 48883 8 8964
520 47606 48598 92 38920
521 47701 48084 63 18611
522 47963 49057 26 32292
523 47979 55291 9 17872
524 47991 48543 59 31537
525 48171 55971 68 167561
526 48215 59824 11 105154
527 48247 65568 21 89259
528 48439 50816 28 81376
529 48590 54399 105 129299
530 48662 50021 33 16677
531 48752 53109 148 204442
532 48837 51582 79 353625
533 48980 49019 38 639
534 49095 49737 48 10213
535 49405 54714 33 50154
536 49501 50090 32 12357
537 49599 53013 10 15122
538 49640 51944 126 62412
539 49696 61612 19 78037
540 49705 52312 9 8852
541 49814 49842 99 1440
542 50154 50484 14 1234
543 50155 52652 23 19035
544 50200 52107 14 16272
545 50300 53457 35 65961
546 50508 53399 20 44621
547 50566 86302 48 913662
548 50664 50864 73 13867
549 50683 68371 27 259878
550 50712 53915 80 35688
551 50782 51164 31 4894
552 50876 51862 15 13418
553 51170 56053 107 242589
554 51361 51470 36 2327
555 51391 57622 107 462382
556 51488 53225 85 160292
557 51547 60834 122 680298
558 51775 53874 17 9625
559 51948 83442 88 1870864
560 52110 56928 105 183199
561 52186 56681 34 135243
562 52252 54681 32 16408
563 52327 66329 37 103144
564 52465 64489 114 540038
565 52477 58367 61 165935
566 52542 54175 148 58609
567 52692 65222 66 238415
568 52698 53518 4 1402
569 52743 61537 86 374322
570 52892 54268 58 87501
571 52919 60193 79 79261
572 53261 53801 5 1084
573 53317 55346 35 28821
574 53341 69239 33 315778
575 53464 62567 18 68264
576 53510 54691 58 21818
577 53575 66781 17 104888
578 53619 64787 80 296508
579 53630 54664 46 38889
580 53681 55200 19 7167
581 53896 54767 46 23271
582 53972 65923 18 105311
583 54144 82132 86 1117514
584 54327 55472 5 2512
585 54373 60964 58 83406
586 54410 55488 8 3927
587 54587 57490 10 8841
588 54678 58509 123 201533
589 55006 64901 133 424807
590 55215 58614 5 9195
591 55262 64151 24 88472
592 55427 62972 124 247439
593 55462 57110 9 2172
594 55502 55842 8 2129
595 55563 67769 52 361127
596 56132 64903 15 63579
597 56195 71844 10 60018
598 56363 59977 5 5011
599 56407 57641 122 164247
600 56558 64139 11 8795
601 56679 64192 4 30162
602 56756 80256 11 116874
603 56864 58407 110 84034
604 57144 64376 27 159633
605 57268 57688 38 3057
606 57285 71624 135 734909
607 57319 61394 36 25276
608 57323 57878 4 600
609 57429 58806 71 80706
610 57459 57650 27 2232
611 57583 64577 32 97499
612 57681 70255 5 32895
613 57685 62070 38 114201
614 57794 65906 4 9915
615 57990 58496 9 2823
616 58028 63779 80 307690
617 58032 82485 5 51017
618 58088 59736 28 30580
619 58094 64948 114 474180
620 58125 58415 135 52846
621 58358 64150 23 70296
622 58418 77381 18 145991
623 58567 59085 10 6767
624 58574 62722 138 315532
625 58611 72481 16 48309
626 58707 68017 38 199454
627 58740 60841 52 43917
628 58961 60163 7 2685
629 59042 62339 139 196278
630 59106 72759 146 572120
631 59133 60798 86 38432
632 59178 61865 34 12851
633 59202 60837 46 34478
634 59320 62501 13 23648
635 59381 59437 5 144
636 59434 62164 86 78015
637 59535 62088 138 110134
638 59682 61223 11 5035
639 59779 61227 4 3206
640 59900 72211 95 427326
641 60042 60987 120 92890
642 60265 66582 93 441174
643 60515 61826 92 134545
644 60569 61153 25 7752
645 60753 63797 103 56424
646 60847 65981 44 162819
647 60861 73890 12 52445
648 60914 67480 106 234630
649 61030 61802 15 4008
650 61087 65792 14 43725
651 61328 62277 73 45784
652 61430 63039 72 47094
653 61468 95394 60 1292330
654 61562 66397 101 75335
655 61583 66428 16 22336
656 61623 63983 103 64352
657 61677 62145 49 15569
658 61726 75745 110 941501
659 61893 66436 6 13914
660 62137 63462 81 100921
661 62187 64565 38 37557
662 62215 76838 92 238815
663 62227 67722 18 31923
664 62298 63490 9 6222
665 62308 65980 5 4273
666 62391 66726 51 121907
667 62450 70435 120 505315
668 62499 65882 29 19032
669 62834 68167 118 302961
670 62843 65395 87 85258
671 62957 63168 28 7268
672 63037 65177 108 64264
673 63046 70495 33 90836
674 63124 64867 115 34683
675 63139 64446 10 6524
676 63223 66320 63 79259
677 63245 65396 95 178509
678 63275 74368 10 27271
679 63318 67915 20 75153
680 63460 65415 23 6416
681 63753 64205 68 21081
682 63781 65323 122 82581
683 63872 68563 4 11884
684 64015 85203 85 1042434
685 64172 66627 9 5930
686 64270 66738 9 11685
687 64296 76526 92 120843
688 64334 69966 34 77401
689 64398 66772 128 103399
690 64506 69163 31 94007
691 64678 69565 9 22456
692 64712 81502 81 897367
693 64727 64980 63 49389
694 64878 66294 42 16726
695 65056 70851 5 14981
696 65089 67591 24 31092
697 65531 68251 95 108204
698 65554 77278 119 257969
699 65621 66812 85 82458
700 65934 71542 128 675699
701 66003 70100 4 9606
702 66009 73238 11 27192
703 66140 77609 57 484208
704 66373 66479 109 4788
705 66381 88790 126 1049947
706 66477 66830 35 7439
707 66493 66956 26 4983
708 66506 80033 39 316583
709 66658 72901 10 16436
710 66805 73640 20 104072
711 66962 69505 143 109416
712 67073 75558 84 1341010
713 67098 72652 8 15140
714 67105 77722 67 208514
715 67247 73944 56 199676
716 67495 78837 133 613224
717 67663 87661 19 53350
718 67696 74141 12 18774
719 67742 73199 25 44533
720 67773 72111 25 115422
721 67942 73911 142 266210
722 68080 70195 6 4438
723 68215 95624 133 1911998
724 68226 74971 17 108523
725 68255 70067 122 103298
726 68370 91972 125 2352691
727 68387 70274 69 43963
728 68480 69885 35 26582
729 68585 70298 7 4647
730 68698 76717 16 24230
731 68874 76239 8 32120
732 68910 74160 103 554539
733 69076 72501 28 37321
734 69289 77230 9 23980
735 69412 75828 5 10827
736 69443 96111 49 325429
737 69481 74702 49 149079
738 69742 71815 22 20815
739 69777 71763 58 69256
740 69882 73638 42 80551
741 69903 93427 43 354667
742 69961 74360 15 15825
743 69988 77687 51 212465
744 69989 72993 13 28978
745 70132 79685 10 105456
746 70284 70557 19 6134
747 70397 84701 81 615546
748 70486 70580 5 318
749 70551 74411 5 8855
750 70661 81630 16 70448
751 70675 76676 56 86806
752 70816 77001 74 384774
753 71001 75254 42 79465
754 71027 76416 31 76096
755 71162 71481 28 9419
756 71220 74600 21 16835
757 71266 74089 138 142193
758 71306 79217 39 56712
759 71509 75532 149 161996
760 71517 76150 84 147114
761 71541 77946 63 266973
762 71548 75101 134 197226
763 71549 83709 47 194312
764 71671 73511 12 13569
765 71707 71812 136 18702
766 72002 78520 101 160537
767 72049 72287 43 5155
768 72300 77127 29 46739
769 72342 77508 131 118810
770 72583 72987 83 12547
771 72586 80861 17 72907
772 72696 80555 31 36911
773 72738 76912 80 334858
774 73103 80368 42 254367
775 73216 74104 17 15648
776 73251 75002 4 2086
777 73348 75348 13 7945
778 73446 75410 122 139008
779 73501 74390 83 39803
780 73524 84226 149 861830
781 73593 77823 13 43786
782 73633 82966 13 29164
783 73707 75497 118 187714
784 73953 88810 144 1043816
785 74000 78290 119 220986
786 74112 76122 42 43157
787 74248 80415 9 18690
788 74367 77427 60 84867
789 74392 76006 107 55368
790 74402 90034 83 300241
791 74404 76271 8 4819
792 74409 75458 42 25673
793 74427 79032 132 570001
794 74661 79639 28 45450
795 74670 82725 122 287363
796 74798 81980 55 200808
797 74801 76246 61 29882
798 74986 75908 39 26536
799 75017 83005 5 60588
800 75216 91538 68 137207
801 75338 78829 20 63199
802 75374 82164 4 13245
803 75623 75874 75 9908
804 75660 76810 42 62034
805 75758 79000 12 32470
806 75941 77577 14 11424
807 75952 89867 16 85786
808 75987 79522 75 119142
809 75990 84949 17 77992
810 76222 87288 8 59340
811 76311 76795 65 13604
812 76439 85581 98 312256
813 76473 84179 41 122796
814 76490 87290 6 29978
815 76523 77330 25 19299
816 76581 83428 33 103665
817 76726 82427 60 141653
818 77090 77743 143 34945
819 77167 80261 80 48712
820 77200 87151 147 421351
821 77216 79563 8 18706
822 77378 78507 11 7945
823 77385 93681 59 117668
824 77407 91327 20 47725
825 77432 89965 54 132036
826 77730 79646 54 37792
827 77874 90490 115 789174
828 78015 81823 25 32316
829 78292 87406 150 920381
830 78567 89172 35 187430
831 78611 89365 64 341919
832 78630 84895 67 466720
833 78650 83641 118 371463
834 78880 86270 17 53860
835 79022 80643 130 152794
836 79276 83476 102 252686
837 79416 81665 17 12998
838 79480 89158 40 78615
839 79517 89196 62 104891
840 79589 84992 48 101595
841 79596 80543 72 35694
842 79601 82196 70 38448
843 79604 79879 71 9831
844 79901 80725 75 12871
845 80008 81171 145 113781
846 80427 83405 60 65183
847 80483 85939 107 342900
848 80534 92832 37 81089
849 80669 94007 6 20447
850 80793 85679 29 57751
851 80889 81697 43 30233
852 80935 86335 6 19864
853 80988 82353 11 8665
854 81103 88332 119 188498
855 81354 85218 10 12469
856 81383 83220 146 71576
857 81464 82048 36 10786
858 81512 82402 25 65816
859 81589 91524 81 380373
860 81631 82300 4 1183
861 81657 84423 101 210087
862 81672 90778 114 247263
863 81718 81989 66 2918
864 81894 85493 110 301518
865 82159 92591 30 185182
866 82212 82535 33 9363
867 82225 88287 65 64543
868 82267 85583 91 111303
869 82290 93063 32 119561
870 82308 91081 52 184384
871 82460 84550 31 22541
872 82519 86992 65 201469
873 82701 87735 136 114127
874 82788 82850 64 3078
875 82888 93240 16 55410
876 82986 86115 9 16252
877 83074 94311 38 188736
878 83181 91394 32 206810
879 83274 99501 86 484875
880 83391 85430 34 18913
881 83774 96672 79 294485
882 83825 86991 13 15862
883 83872 83919 89 2559
884 83879 88342 79 170959
885 84080 84104 134 1502
886 84132 88012 19 23013
887 84177 86726 92 198485
888 84205 91839 109 310650
889 84321 89896 23 131028
890 84335 87936 73 130144
891 84411 93850 138 856257
892 84513 90644 57 125784
893 84551 85847 105 53482
894 84652 93852 144 481235
895 84775 85667 100 75786
896 84817 97519 103 449495
897 84909 95382 13 79997
898 84916 93875 36 131279
899 85091 95475 86 238495
900 85178 89105 9 11393
901 85182 86301 32 16006
902 85186 89209 37 164506
903 85207 85548 134 22229
904 85402 92803 8 14951
905 85453 98116 72 373327
906 85594 85606 145 812
907 85636 89863 121 223796
908 85868 94768 38 70075
909 85945 88175 140 197470
910 85992 92137 27 52866
911 85999 89467 81 119272
912 86005 99827 78 321007
913 86019 89401 54 128138
914 86071 89577 97 615142
915 86114 88879 118 65273
916 86244 91403 47 43439
917 86261 89816 18 27673
918 86358 88105 5 6275
919 86476 86840 30 9380
920 86526 87811 25 10476
921 86528 90969 27 50789
922 86671 88195 48 32267
923 86850 91669 129 445539
924 86908 87488 19 7884
925 87065 93962 6 6912
926 87072 89979 134 135347
927 87079 87843 81 37008
928 87457 92253 64 108603
929 87499 94719 129 338014
930 87536 90192 71 202426
931 87747 93248 112 165579
932 87823 91529 71 222103
933 87944 88358 17 4336
934 88035 90129 71 96493
935 88296 89339 69 19227
936 88336 95418 142 524044
937 88350 90597 11 34133
938 88365 88866 29 14737
939 88598 97685 13 57005
940 88626 93780 133 99647
941 88883 91877 35 48483
942 88996 94041 125 489729
943 89318 90972 136 186508
944 89403 90325 84 63570
945 89593 91493 17 10795
946 89770 91849 9 3980
947 89779 94632 10 15090
948 89970 95523 49 173128
949 90380 93499 112 224658
950 90399 92189 5 14568
951 90601 93797 42 88852
952 90711 92281 106 159257
953 91035 98104 47 136652
954 91074 96155 66 155030
955 91164 91295 54 3880
956 91208 96841 34 50687
957 91217 91286 25 699
958 91385 94887 122 292113
959 91932 93263 78 50353
960 92060 99455 27 21522
961 92167 94947 13 24626
962 92219 92282 11 416
963 92609 99925 36 71552
964 92620 98979 5 12120
965 92690 93822 146 25955
966 92710 93191 83 23714
967 92859 97155 4 17238
968 93137 97617 23 33525
969 93253 95717 35 51165
970 93722 95185 134 116708
971 93815 96786 21 35901
972 93830 95860 56 41651
973 93903 96553 38 25282
974 94043 97560 33 31627
975 94382 98943 13 34852
976 94428 95220 143 54159
977 94557 95175 38 5089
978 94673 97233 81 73708
979 94898 99347 88 110925
980 94984 95425 71 10855
981 94989 96717 17 12125
982 95121 96388 32 23561
983 95271 95765 6 2351
984 95634 97784 41 35024
985 95811 96173 36 3908
986 96073 99554 15 12259
987 96132 98630 39 55224
988 96353 96883 79 114372
989 96356 96977 98 12667
990 96950 98788 134 78666
991 97462 98009 5 1553
992 97479 99140 66 65090
993 97857 98564 67 34212
994 98018 99490 117 102628
995 98067 98205 16 476
996 98115 99982 107 119620
997 98406 98680 17 1058
998 98658 98697 43 728
999 98698 99530 40 14665
