50 1000 0.016
..................................................
..................................................
..................................................
..................................................
........#.........................................
.......##.........................................
......##..........................................
.......###........................................
....#####.........................................
......###.....................................####
.......#..............#..#...................####.
....................#######.#...........##########
#####................########.#........###########
..#.###....#..#......#..########........#######...
.##.##.....####.......#########.......###.########
######...######......#########........##.####.#.##
..#.##....######...##.#.######..........#.###.#...
######.....#####....##.#######..........###.......
#######....################............#####......
######.....####..##.#####.#............###........
###.##.....#..#..#.########...........#####.......
#.#.##...#.......#..#####.#.............#.#.......
#.#.###.##..####...###.#.##.#.....................
....#..########...#########.#.....................
...#....#####...#############.................#...
...########........#..######.................###..
....#..#.#####......###.####.................###..
.......#..#..#......#..####..................#####
........................#####..............#######
.........##.###...........#...................####
......#..######..............................#.#.#
......##.#.###...............................#####
......####.#####..............................####
......######.................................#####
.....###########..............................####
.......#.########.............................####
........#########................................#
.........######...................................
..........#####...................................
.......##########.................................
.......####.###...................................
.........##.#.....................................
...........##.........#.........................##
...........#........####.......................#.#
......................###......................###
....................#####................#........
......................###..............#####......
...................#####..............#.#####.....
.................##.######............######......
.................#######.............#######......
0 84 7962 53 161378
1 107 6284 125 158814
2 188 1964 145 172780
3 241 9902 5 33606
4 313 13112 16 47730
5 315 8064 148 161956
6 339 18925 43 384065
7 407 6648 147 440893
8 506 2963 18 47190
9 552 1545 136 65197
10 615 6513 23 90181
11 695 3090 44 23580
12 737 3832 149 160119
13 752 16683 4 20491
14 1178 2260 34 5627
15 1205 2281 29 11241
16 1223 5381 4 12124
17 1264 3115 20 13440
18 1279 1434 132 10365
19 1422 1424 43 192
20 1441 4805 7 26642
21 1508 14217 27 265846
22 1688 6295 67 138593
23 1689 8420 49 272959
24 1708 10287 44 243930
25 1765 8824 73 135839
26 1783 7885 53 145724
27 1821 3061 98 191547
28 1828 7998 113 91944
29 1919 2375 59 53705
30 2095 14122 116 554925
31 2158 4775 15 56919
32 2193 7384 143 250528
33 2418 19261 7 47679
34 2421 14458 95 469331
35 2431 3713 7 7328
36 2544 4953 94 54035
37 2651 5853 35 143611
38 2678 10996 29 356670
39 2725 4509 63 72543
40 2879 13087 90 332234
41 2890 9534 78 140127
42 2961 6185 17 7744
43 3201 4930 44 30171
44 3287 14294 9 32085
45 3705 9961 96 274396
46 3846 4743 94 51761
47 3864 7505 45 170352
48 4064 6644 31 32003
49 4153 5023 51 84301
50 4195 10558 63 220086
51 4236 6500 78 54738
52 4379 10784 17 17760
53 4423 15182 57 1155503
54 4571 10063 97 302588
55 4884 9642 24 56029
56 4900 7360 116 228117
57 4961 6229 22 38135
58 5111 5435 12 5478
59 5151 9094 36 36278
60 5306 11226 39 40983
61 5413 10278 112 140812
62 5523 12076 9 28423
63 5673 15415 64 499931
64 5863 7893 146 126132
65 5918 19437 140 466747
66 5965 10167 67 30296
67 6444 7325 13 4522
68 6462 10311 128 430642
69 6589 6649 25 799
70 6776 8408 81 70713
71 6861 8174 45 52520
72 7105 11188 101 205148
73 7263 14201 16 31217
74 7338 15277 54 66851
75 7465 13750 47 145618
76 7478 17402 25 50007
77 7500 9180 16 15189
78 7529 14425 16 73003
79 7795 9521 6 4233
80 7825 15902 39 87282
81 7829 9542 125 85802
82 7869 11893 60 89802
83 7895 8680 46 11898
84 7921 18836 66 462012
85 7961 12518 127 314211
86 8053 10644 120 307468
87 8082 10361 108 64082
88 8152 15712 10 32430
89 8403 13166 35 48931
90 8449 17116 82 142231
91 8545 9657 95 181816
92 8550 20911 47 324770
93 8833 9915 23 17168
94 8951 14674 91 434761
95 8982 12450 100 186336
96 9054 10362 30 27329
97 9130 9451 68 5724
98 9194 18445 66 170547
99 9457 15172 101 225628
100 9734 44429 47 582067
101 9790 10294 144 28750
102 9863 16664 40 198357
103 9889 12432 130 85754
104 9958 17802 45 292261
105 9978 13240 111 95834
106 9984 12144 28 83509
107 10047 13978 79 59501
108 10054 10211 12 1255
109 10124 21103 4 13732
110 10126 17037 73 567132
111 10136 12435 114 52140
112 10162 13580 117 139941
113 10258 14448 48 68353
114 10289 11862 56 26142
115 10337 12415 47 46841
116 10429 11708 8 6720
117 10605 10901 19 3588
118 10641 24535 109 469702
119 10645 10902 61 10084
120 10757 14045 135 355298
121 10831 13559 14 10871
122 10836 14505 6 3971
123 10838 15085 15 25450
124 10842 12787 131 44417
125 10860 11693 37 8418
126 10880 12663 141 79704
127 11004 20389 118 1543573
128 11016 16869 112 475841
129 11033 11647 11 2767
130 11071 15672 12 26982
131 11189 16251 37 215655
132 11265 13432 82 42199
133 11281 17434 53 35353
134 11567 36461 124 911094
135 11620 12606 22 13994
136 11623 28344 36 509524
137 11632 14172 6 21645
138 11652 16744 49 143795
139 11661 38934 62 538186
140 11709 12832 11 8495
141 11755 13357 30 20571
142 11907 12668 49 12361
143 11941 12765 20 18338
144 11993 18388 90 294635
145 12256 13083 18 6011
146 12295 19597 100 598896
147 12322 18406 114 312497
148 12481 16936 10 14854
149 12608 12960 91 24929
150 12846 22806 109 325846
151 13024 15339 23 5922
152 13141 29293 11 96436
153 13302 20105 34 44640
154 13466 16249 96 211812
155 13680 17661 94 101450
156 13787 19015 43 55942
157 14017 21589 18 21636
158 14068 19778 58 177042
159 14194 17173 33 42757
160 14232 23328 8 27247
161 14387 15095 15 5881
162 14432 16125 124 82978
163 14613 14655 20 310
164 14695 17403 133 216845
165 14846 20641 21 43444
166 14944 33241 18 64684
167 15157 17693 12 12556
168 15176 24170 56 96827
169 15188 20210 115 244033
170 15251 23991 76 209076
171 15253 17337 41 58912
172 15323 18786 29 34899
173 15460 15663 76 5621
174 15575 18911 85 190051
175 15879 18759 10 6762
176 15961 17627 77 72315
177 15970 19958 66 85639
178 15982 18880 4 6525
179 16131 20535 11 24523
180 16380 20608 108 424541
181 16640 17377 85 25884
182 16648 24555 43 387399
183 16677 18119 56 79975
184 16724 27038 7 12306
185 16801 18173 112 84488
186 16821 20418 121 192949
187 16852 21746 11 19430
188 16965 26168 68 420982
189 17558 18364 85 23923
190 17681 22164 71 161260
191 17706 27434 110 278430
192 17714 28852 59 167176
193 17726 18564 28 15731
194 17772 20701 90 94038
195 17804 25449 137 414236
196 17980 28601 15 164259
197 18045 23266 14 25527
198 18079 19698 73 86927
199 18103 21126 114 85362
200 18266 19855 5 3575
201 18331 28429 11 48691
202 18534 19014 79 24690
203 18558 20997 12 14189
204 18738 20665 83 154008
205 18953 25533 123 249602
206 18955 30125 124 476714
207 19221 34933 107 258827
208 19232 20537 17 7358
209 19247 19651 128 60002
210 19400 29194 15 22864
211 19435 24558 97 51816
212 19544 19730 18 3966
213 19600 20741 61 23335
214 19644 28927 8 60207
215 19748 24547 107 882454
216 19786 22105 55 85916
217 19830 20610 89 29575
218 19987 20541 91 46101
219 20023 31839 14 76767
220 20070 29032 23 216273
221 20090 22714 25 14649
222 20208 31926 95 340660
223 20270 32846 84 329488
224 20296 25789 5 17476
225 20308 20496 6 1592
226 20374 23885 14 27478
227 20462 31236 12 39326
228 20538 24334 106 186523
229 20570 22450 88 144504
230 20694 22212 68 188381
231 20718 23522 67 127068
232 21001 21620 5 1834
233 21026 25141 18 9600
234 21525 27329 27 30141
235 21553 30275 48 168894
236 21585 22408 94 92301
237 21826 25432 119 159700
238 21841 27933 15 47233
239 21852 24198 71 20915
240 21939 45135 9 47633
241 21954 25206 25 68264
242 22055 27102 86 293495
243 22184 22663 12 633
244 22214 26685 31 87913
245 22290 24147 12 14545
246 22447 23570 72 121883
247 22509 24308 80 59296
248 22726 25169 41 55378
249 22881 28791 40 31735
250 22935 23144 118 13976
251 23085 26589 83 231534
252 23197 27707 16 53036
253 23320 25836 13 17781
254 23404 23524 126 28362
255 23577 28361 22 193387
256 23607 25678 8 5067
257 23790 24498 84 107498
258 23862 26114 30 48211
259 23965 25448 36 21823
260 23983 30102 39 119354
261 24114 28485 121 493853
262 24195 34434 143 417011
263 24219 35885 87 607319
264 24487 30363 57 119615
265 24584 27734 129 150729
266 24803 34839 5 14662
267 24878 32277 146 178843
268 24911 27092 23 30224
269 24961 28796 33 97592
270 25279 29735 16 46906
271 25292 32136 61 206393
272 25333 25812 4 1293
273 25389 26793 148 93142
274 25491 32522 28 214154
275 25588 30200 39 128689
276 25621 28304 20 19525
277 25622 28176 100 164177
278 25671 26468 28 5800
279 25795 36365 40 133402
280 25984 28146 74 16476
281 25994 26447 74 10945
282 26067 27222 79 42836
283 26117 29728 6 5109
284 26211 33384 128 231822
285 26302 37146 89 508854
286 26592 30996 11 12279
287 27025 47095 69 916800
288 27145 34504 81 390828
289 27255 30199 10 10611
290 27371 28279 101 47731
291 27543 27939 13 1204
292 27605 27983 89 19841
293 27765 29760 32 41656
294 27814 31570 25 47517
295 27815 49032 118 408323
296 27950 32881 40 43616
297 28075 29778 95 61916
298 28080 31320 115 119331
299 28245 31315 141 227553
300 28287 31901 118 153843
301 28385 28997 26 7342
302 28466 39010 121 163042
303 28613 34499 6 88030
304 28623 50195 122 2473772
305 28631 35857 9 34688
306 28675 29330 70 9296
307 28751 34420 11 38576
308 28833 29472 65 9502
309 28891 29301 112 50298
310 29004 31692 12 8422
311 29186 35884 16 25496
312 29192 32492 24 55239
313 29228 29497 19 2167
314 29428 34070 106 270723
315 29485 41272 32 251992
316 29557 51763 98 1267642
317 29679 31649 94 134729
318 29783 48592 150 2219455
319 29793 41450 24 52883
320 29931 30856 5 6277
321 30012 63076 126 1509512
322 30026 31395 125 27612
323 30335 30532 127 16045
324 30420 36441 116 724619
325 30628 38672 29 73461
326 30634 31358 68 46006
327 30714 36748 90 329865
328 30882 38530 24 70185
329 30888 33167 98 96368
330 30901 36481 64 268251
331 30952 31737 82 42306
332 30980 35184 20 26513
333 30997 38930 5 5373
334 31065 32539 10 18062
335 31069 36766 40 207748
336 31148 42105 31 177735
337 31242 34424 63 89272
338 31246 38432 103 157913
339 31285 34678 27 35391
340 31419 32292 99 20113
341 31591 40555 148 1119791
342 31767 46744 99 247473
343 31790 36196 24 37521
344 31884 42420 10 68246
345 31999 32523 20 7245
346 32018 35845 138 194999
347 32022 32572 45 9507
348 32117 52844 49 546758
349 32272 36753 87 109060
350 32466 36483 43 30469
351 32559 41230 99 964935
352 32567 33190 9 5394
353 32573 37397 95 132485
354 32600 37011 68 166933
355 32803 45172 94 459271
356 32858 34931 15 8295
357 32908 36118 13 28542
358 33008 36233 118 342442
359 33278 33722 11 5117
360 33351 37594 144 304239
361 33497 33692 117 6193
362 33610 34105 5 1284
363 33977 35412 138 152701
364 34191 36392 22 18199
365 34673 35017 15 3885
366 34683 50273 59 564653
367 34689 36804 31 44555
368 34696 37009 6 4745
369 34767 35996 9 6856
370 34780 36560 7 4661
371 34815 37089 81 90912
372 34830 36571 6 4907
373 34891 35763 82 82341
374 34910 36228 78 44701
375 35092 36643 52 30387
376 35115 39221 61 61679
377 35209 38802 30 39343
378 35220 53725 114 437197
379 35353 44937 34 542673
380 35368 37630 11 20386
381 35379 43947 115 262509
382 35393 38374 27 9783
383 35413 35840 88 13304
384 35490 37030 80 67555
385 35544 36443 5 913
386 35666 39179 128 209048
387 35685 44155 14 78328
388 35709 47866 89 217374
389 35746 38177 138 159821
390 35916 36731 18 15358
391 36081 37698 26 11077
392 36146 37435 22 11511
393 36206 36346 114 8814
394 36272 36701 72 10002
395 36338 41742 45 178863
396 36496 40727 60 107185
397 36527 42335 11 30259
398 36641 36714 33 1418
399 36656 44601 74 421270
400 36683 42156 10 22467
401 36787 37346 148 38832
402 36850 42888 36 111245
403 36904 39905 23 32429
404 36932 51655 10 35820
405 37137 37730 92 33260
406 37145 41734 100 133792
407 37247 46038 5 8517
408 37337 43880 19 21039
409 37416 37609 27 1816
410 37420 39958 20 18364
411 37445 41238 11 25567
412 37453 48192 34 291122
413 37555 40221 113 53821
414 37599 39910 7 3649
415 37689 44600 52 135802
416 37760 38579 142 95134
417 37833 41258 15 26866
418 37864 50152 52 377679
419 37914 41525 22 27900
420 38088 38322 40 3554
421 38400 38617 78 9919
422 38494 40596 36 39963
423 38621 43779 9 13500
424 38808 44975 117 210205
425 38883 46186 16 86911
426 38929 41200 5 7000
427 38964 44035 134 281327
428 39000 39084 81 2623
429 39056 45788 131 926432
430 39101 41018 54 46811
431 39143 46347 38 74053
432 39301 43174 99 294917
433 39315 43498 32 37156
434 39499 48563 5 19156
435 39578 47743 125 629388
436 39593 42490 24 16882
437 39611 58279 140 1518642
438 39964 41311 122 146706
439 40218 40613 98 15095
440 40278 40826 5 828
441 40298 45454 43 64189
442 40313 42341 68 74885
443 40379 47214 142 515791
444 40492 47490 10 16725
445 40619 41347 16 5633
446 40719 43808 59 112964
447 40865 44958 150 202445
448 40897 46537 50 83186
449 40980 45269 23 16493
450 41188 44439 104 171220
451 41326 44063 105 129921
452 41344 42635 5 12950
453 41402 51458 14 82747
454 41404 47446 54 201445
455 41650 42077 34 8905
456 41781 42390 78 12824
457 41908 50120 64 212714
458 41972 43205 40 42324
459 41983 45391 45 84874
460 42186 56532 38 84387
461 42419 45921 37 181461
462 42429 46734 33 126679
463 42512 46733 39 33137
464 42588 44099 15 12221
465 42612 43036 38 15217
466 42649 42905 32 2753
467 42768 43030 15 2065
468 43100 45449 43 24986
469 43263 43955 115 74495
470 43315 44197 13 8422
471 43396 45093 80 155411
472 43534 44759 91 26837
473 43577 60695 123 476928
474 43642 45274 20 15797
475 43781 56861 86 436702
476 43813 44576 18 8551
477 43932 48227 125 491911
478 43934 54412 6 13081
479 44044 60606 91 513142
480 44062 50007 33 85646
481 44096 51595 19 48493
482 44160 53241 88 133084
483 44278 46323 46 42923
484 44312 51325 71 621454
485 44567 46606 27 27356
486 44627 45731 30 15676
487 44751 61206 42 566149
488 44880 48702 130 64119
489 45207 49074 92 268095
490 45275 46871 29 14175
491 45289 48398 44 92730
492 45302 53787 74 848828
493 45525 49911 59 126520
494 45773 46345 35 21136
495 45925 60810 18 87516
496 46055 49179 20 21019
497 46183 50936 81 352716
498 46248 49268 140 67329
499 46339 47735 147 79666
500 46465 46945 43 14873
501 46483 57410 106 468256
502 46501 49903 138 172899
503 46553 62307 19 57376
504 46617 68565 134 904790
505 46771 48066 75 80317
506 46955 56179 29 495996
507 46963 48179 31 16468
508 47075 58198 146 1043638
509 47186 51054 51 730615
510 47220 49137 60 31886
511 47336 53196 8 19522
512 47492 48493 47 30373
513 47610 51500 12 20666
514 47632 50986 20 12641
515 47673 65803 48 1377693
516 47770 51063 149 315265
517 48016 52084 59 81605
518 48017 52123 44 53488
519 48255 51270 80 146898
520 48332 57197 18 32958
521 48448 63511 30 226147
522 48508 49802 60 39920
523 48648 58563 98 455945
524 48650 48875 15 2242
525 48692 49799 28 17899
526 48724 51972 15 25297
527 48899 69527 13 106715
528 49079 54700 11 19183
529 49092 51455 23 8875
530 49124 51122 75 176208
531 49345 50725 68 116635
532 49617 51743 10 23067
533 49666 54819 60 51219
534 49715 49880 124 25147
535 49751 54799 14 10782
536 49757 55543 87 187194
537 49837 65341 7 30747
538 49841 50890 87 34119
539 49858 51765 121 133313
540 49949 56099 32 42014
541 50183 59059 41 172788
542 50457 79713 61 1010285
543 50522 63173 57 87601
544 50549 52062 36 14525
545 50625 52106 138 58380
546 50655 56531 11 42545
547 50806 52136 148 239648
548 50862 51145 4 673
549 51034 51632 139 25360
550 51047 63933 17 84270
551 51090 51817 48 11216
552 51176 52547 16 11836
553 51413 57301 20 28242
554 51414 56036 55 65229
555 51429 58613 23 79028
556 51445 52588 50 61247
557 51565 67762 22 123909
558 51589 52310 59 32598
559 51674 65194 80 553722
560 52033 53588 6 4985
561 52035 56374 74 23136
562 52065 53188 132 83353
563 52276 54276 15 16815
564 52332 68488 28 99057
565 52405 57034 147 363343
566 52410 65325 29 213838
567 52471 52666 104 10463
568 52594 67791 52 343248
569 52786 53453 124 47073
570 52865 53320 142 33153
571 52990 54101 9 3933
572 53136 56908 43 107225
573 53152 57228 40 115296
574 53176 56033 53 57264
575 53276 55657 88 141509
576 53400 80185 28 256270
577 53420 53590 38 2206
578 53489 58992 100 263766
579 53599 59720 22 15818
580 53723 58121 59 198123
581 53864 54206 36 10400
582 54114 56555 63 91989
583 54199 55669 27 77904
584 54283 55913 81 124311
585 54369 55086 115 83202
586 54431 56580 10 9915
587 54453 57115 34 42695
588 54500 58156 77 140334
589 54520 54949 28 9902
590 54577 54991 33 12783
591 54579 71166 28 170367
592 54840 54918 85 11943
593 54862 73441 50 333279
594 54915 59863 91 253745
595 54972 56974 50 20697
596 55021 56299 14 5488
597 55074 59725 16 26019
598 55159 56128 78 46894
599 55193 55641 78 17951
600 55283 59597 18 30593
601 55296 56517 19 51103
602 55391 55803 102 38637
603 55420 63847 19 61079
604 55452 66015 62 345964
605 55900 62861 72 152798
606 55928 58951 43 61889
607 55933 56096 7 1044
608 55979 56774 53 26141
609 56015 60550 62 81217
610 56094 57011 65 33250
611 56178 58318 4 5148
612 56324 62228 115 286684
613 56426 63250 9 21010
614 56556 61686 110 626746
615 56589 59022 6 5314
616 56593 60118 76 56882
617 56666 59140 19 20141
618 56754 59035 125 181659
619 56808 57648 11 8992
620 56820 66235 87 250368
621 56837 60516 137 669882
622 56887 60535 65 77790
623 57167 58114 94 121331
624 57174 57952 36 16754
625 57373 58353 59 13684
626 57402 60500 72 284401
627 57603 58960 145 141736
628 57878 59823 11 18623
629 57976 61668 45 90866
630 58038 59268 18 4366
631 58086 64840 5 15310
632 58119 58698 34 12080
633 58134 65930 41 184794
634 58248 59347 38 20277
635 58375 58537 52 8286
636 58442 59595 114 79657
637 58455 63848 9 12976
638 58470 60536 48 73581
639 58489 58617 139 5148
640 58582 60520 121 80882
641 58586 66845 10 16330
642 58707 94770 21 215100
643 58841 61374 75 142918
644 59016 65674 70 178865
645 59051 60309 4 4118
646 59231 63697 48 48813
647 59376 66338 37 168461
648 59453 59745 18 3234
649 59567 64763 62 308298
650 59612 67339 22 79017
651 59871 76508 109 176509
652 59976 70286 130 251827
653 60061 63236 74 155915
654 60369 63785 116 233294
655 60407 61838 90 38181
656 60444 66697 110 232219
657 60465 69008 77 230632
658 60493 62662 37 34701
659 60549 68243 121 376801
660 60993 69536 6 11378
661 61049 80430 9 61407
662 61103 67694 20 35318
663 61278 89885 114 680263
664 61280 70100 31 413150
665 61330 63996 83 72078
666 61390 64170 57 91485
667 61505 74753 28 249927
668 61511 73672 75 373357
669 61721 67424 19 48953
670 61979 71339 128 319232
671 62000 62447 138 23878
672 62081 69934 90 148788
673 62113 66482 23 62562
674 62253 66595 34 74463
675 62365 75797 17 93199
676 62414 72113 4 5106
677 62442 65067 14 12686
678 62455 63525 47 16083
679 62490 73085 118 712809
680 62519 64708 43 50180
681 62586 66162 78 114090
682 62768 66001 80 144562
683 62947 66065 131 74219
684 63083 67169 7 10757
685 63106 70818 97 78202
686 63311 64338 24 11018
687 63818 67366 52 63010
688 63904 66184 38 37944
689 63955 76918 5 39758
690 63979 67828 17 23737
691 64008 69851 82 165229
692 64042 67301 149 366986
693 64321 68766 111 271310
694 64727 90958 25 320712
695 64767 64839 101 4522
696 64881 66013 39 10325
697 64891 65218 46 8875
698 64922 65679 7 4098
699 65007 65907 42 33931
700 65026 66880 8 2399
701 65056 70140 91 232058
702 65071 66373 105 59953
703 65185 66412 27 9627
704 65199 73078 10 27027
705 65417 66689 115 29665
706 65449 71916 143 869280
707 65475 77444 28 45467
708 65477 68583 5 5751
709 65497 67986 31 20590
710 65546 81335 135 2055358
711 65717 72160 40 245469
712 65770 72216 50 145621
713 65871 70749 52 50507
714 65910 71969 36 50886
715 66007 82546 55 223555
716 66024 66993 54 9921
717 66078 74277 92 304274
718 66277 66753 97 23976
719 66339 89537 23 144860
720 66575 66643 105 3650
721 66668 67325 4 1430
722 66810 67234 36 23579
723 66893 73291 28 128047
724 66942 71972 29 43675
725 66944 95174 62 209128
726 66962 67061 18 776
727 66996 68346 98 123900
728 67148 72837 115 405346
729 67182 67851 104 38862
730 67252 68044 10 3202
731 67329 67481 34 2519
732 67411 73531 144 726960
733 67451 68373 60 29163
734 67697 71886 15 14730
735 67698 69896 78 61640
736 67747 70025 148 52911
737 68105 70198 147 83151
738 68148 71235 72 205342
739 68244 72228 147 268936
740 68279 71672 148 207885
741 68282 70070 79 113701
742 68609 75281 29 69468
743 68619 69293 45 19843
744 68666 69439 141 136157
745 68692 80608 34 156282
746 69367 72109 17 14315
747 69546 69908 6 1082
748 69555 70080 96 11632
749 69601 76919 31 107411
750 69633 69640 38 377
751 69678 70224 56 9776
752 69807 70346 64 18628
753 69820 79856 20 118294
754 69821 74964 126 243275
755 70050 72743 144 271809
756 70079 73115 93 177027
757 70406 73520 21 16000
758 70631 72360 48 16286
759 70689 71239 97 54362
760 70710 70951 89 9171
761 70846 82850 8 23556
762 70885 72729 15 11959
763 71040 71962 94 29172
764 71171 73343 68 75508
765 71386 76649 62 100484
766 71456 75840 40 46895
767 71461 71704 71 5903
768 71466 74852 7 11647
769 71561 72473 48 16957
770 71904 72917 80 21168
771 71960 82465 16 48497
772 72182 72328 63 8010
773 72208 91630 63 209066
774 72319 79158 141 399315
775 72433 75229 80 92428
776 72880 74789 79 59126
777 73096 76944 33 36600
778 73116 82748 6 14648
779 73154 76754 79 140529
780 73374 79137 148 895636
781 73685 80279 93 115182
782 73719 73780 28 697
783 73842 78033 105 289409
784 73939 75670 95 95705
785 73963 74990 118 77995
786 74017 76283 40 69727
787 74073 91474 77 612186
788 74179 79423 10 16043
789 74201 75973 48 38404
790 74290 76846 9 15614
791 74379 74683 15 2495
792 74603 77201 89 72035
793 74649 76413 37 20546
794 74700 81490 33 65979
795 74834 77619 18 45883
796 75054 79685 12 23965
797 75237 89678 81 837116
798 75480 78643 121 325855
799 75547 79716 60 117328
800 75576 77890 94 77722
801 75587 79705 28 46256
802 75784 89102 9 64149
803 75895 81541 85 645349
804 75913 76124 75 5961
805 76064 76565 15 1687
806 76104 79851 14 18934
807 76233 82269 35 115068
808 76327 77433 115 102854
809 76621 86922 23 102488
810 76737 80329 84 75587
811 76761 78752 114 251041
812 76926 81972 74 250494
813 76996 79837 32 25433
814 77194 78187 6 3368
815 77228 77321 51 2666
816 77255 86910 19 73208
817 77466 78237 99 54070
818 77626 81703 31 38227
819 77642 78233 10 5509
820 77687 86840 40 155207
821 77714 79222 47 19369
822 77822 80892 7 7846
823 78010 97465 85 389761
824 78264 78639 108 13384
825 78283 79409 28 22359
826 78658 80299 146 162273
827 78771 79758 10 2671
828 78802 80630 48 60593
829 78900 82246 9 10101
830 78963 80263 42 24424
831 78965 93681 75 576921
832 79018 79048 101 3456
833 79019 83205 28 31003
834 79088 81138 32 66882
835 79214 79439 22 1954
836 79247 82252 126 408438
837 79304 83974 52 104197
838 79518 82957 146 108063
839 79665 83362 138 65290
840 79676 86482 110 233947
841 80077 81101 132 255620
842 80179 91640 34 109185
843 80355 88574 6 39879
844 80425 90989 33 139984
845 80523 82704 82 190530
846 80610 93243 10 23757
847 80699 91616 68 227804
848 80827 87602 13 37204
849 80900 94844 149 1058372
850 81111 82103 14 9984
851 81404 88617 125 373897
852 81576 82235 18 3804
853 81710 90831 9 25674
854 81741 82108 47 12230
855 81750 86658 84 49899
856 81876 89472 35 175715
857 81886 91245 123 264051
858 82001 85942 4 9335
859 82031 85424 114 55000
860 82090 87635 139 440465
861 82151 84604 90 137306
862 82158 83976 121 87122
863 82248 83854 44 17432
864 82277 89873 43 199005
865 82288 92840 108 667265
866 82362 86347 61 137678
867 82455 91461 56 135701
868 82618 91006 26 108524
869 82902 83877 139 51486
870 82904 83757 91 40320
871 82950 87469 6 12617
872 83103 98336 62 843756
873 83118 97145 17 44461
874 83159 84419 57 24211
875 83213 92110 58 244753
876 83221 84446 29 22681
877 83337 91106 116 500021
878 83581 85684 36 29261
879 83584 89565 17 36094
880 83733 87048 5 20919
881 83771 90941 12 33328
882 83909 87522 121 478443
883 83975 87125 31 139300
884 83987 85979 8 5631
885 84405 92896 57 308792
886 84673 90220 72 220516
887 84836 87550 49 28763
888 84843 88640 81 71909
889 84872 99251 106 432633
890 85035 86395 81 90577
891 85051 87194 121 131643
892 85084 87686 68 164929
893 85099 96265 9 17217
894 85204 85320 114 4777
895 85265 87623 116 48451
896 85405 85708 5 1466
897 85453 89561 16 20471
898 85498 95102 19 61057
899 85531 87880 11 17971
900 85583 89811 37 67560
901 85707 86188 134 13362
902 85826 94997 107 162109
903 86149 87057 92 46244
904 86168 91835 114 304901
905 86287 97595 49 193318
906 86529 93776 128 770142
907 86648 87962 20 6667
908 86725 88264 8 8616
909 87225 93071 102 106379
910 87351 89352 100 79503
911 87581 98871 47 156207
912 87612 89108 18 7255
913 87702 92666 47 59554
914 87707 91430 128 253285
915 87859 88563 130 64824
916 87871 93083 65 195479
917 87874 89245 12 4550
918 88058 92560 56 52448
919 88078 88193 39 2354
920 88201 88487 57 9885
921 88221 89923 14 20913
922 88318 92890 129 652545
923 88471 90148 39 40449
924 88483 90347 59 86404
925 88507 99486 61 406665
926 88645 92535 24 46381
927 88648 89644 23 4229
928 89065 91867 35 82654
929 89157 93545 14 14505
930 89172 93500 23 25858
931 89300 90850 30 54744
932 89581 92190 134 344090
933 89664 97713 38 282106
934 89836 93175 16 12844
935 89915 92417 6 19042
936 90083 91363 60 66392
937 90222 94038 23 28693
938 90586 90630 36 820
939 90713 98172 5 26981
940 90724 92343 121 87913
941 91026 91900 57 7194
942 91109 91814 126 181255
943 91150 96253 56 115982
944 91282 92438 66 115667
945 91288 92677 7 13199
946 91714 92372 60 20204
947 92005 92189 21 1924
948 92205 99833 141 849304
949 92221 92817 120 25825
950 92294 92863 14 5033
951 92334 96325 140 133005
952 92368 98480 13 32305
953 92582 95612 7 8514
954 92586 94245 91 16598
955 92662 96128 44 86909
956 92664 95585 20 30023
957 92920 93943 55 37065
958 93190 95458 6 4841
959 93207 94306 31 5790
960 93252 94556 95 67068
961 93341 96104 97 104564
962 93413 94188 74 29315
963 93506 94116 133 30628
964 93674 94451 88 25108
965 93736 94565 10 2182
966 93859 98990 106 164927
967 93964 96336 9 9125
968 94013 95388 31 12854
969 94073 97186 106 75559
970 94184 95602 50 36035
971 94483 94616 41 7161
972 94627 95197 73 33380
973 95090 98045 28 21653
974 95113 95703 42 7868
975 95206 99141 55 130943
976 95225 95932 16 3803
977 95433 97998 17 17926
978 95649 99344 138 233665
979 95720 95966 19 2789
980 95787 95984 21 3848
981 95793 98428 94 100201
982 95863 98028 5 2433
983 96039 97268 8 4802
984 96062 99191 61 56217
985 96063 97467 5 7872
986 96107 98844 62 501780
987 96178 99150 21 22793
988 96286 96608 71 7434
989 96392 96500 4 383
990 96518 98085 60 38737
991 96690 99526 146 125088
992 96707 98762 15 18524
993 96787 97611 56 29050
994 97153 99366 4 2875
995 97568 99147 65 97185
996 97593 99067 136 71819
997 97677 98016 134 35908
998 97999 98677 128 57757
999 98859 99581 4 937
