50 1000 0.093
......................................##..........
......................................###.###..#..
.............................#..........#..#..###.
.............................##................##.
.............................##................#..
.....................##...#.###...................
....................##...##.#.....................
....................##.###....##.#.###............
.................#......##....#.#####.............
...........#.....#.#.....#........##......#.......
......###.##.....###..#...........#......###......
.....######........#.##...........#...#....#......
.....##..#.......###.#................##..........
........##........#..#........####................
.................#.............#.......##.........
.................###...........#......##..........
.................#.............#.......##.........
................#..............................#..
................##.............................##.
..............###..............................#..
..............#...................................
..............#...................................
..................................................
.........................#........................
....#...................#####.....................
...##....................##.......................
...##.............................................
#.......##........................................
##.......####..#..................................
##.......#.##.###.......###........##.............
#.......##..###.........##.........##.............
..............##.............###.#.##.............
..............##..............####................
.............................#.......##...........
.............#.......................#............
............##....................................
.........##.##....................................
.........#######..................................
...........##..##........#........................
...........##..#.........#..#.....................
..#.##.........#.........#####....................
..##.##........#............#.....................
...#####..........................................
....#.##...#####..................................
.......####...##..................................
........#.....#...................................
..............#....................###............
..................................###.............
....................................#.............
...............................##.........##......
0 353 5267 53 177768
1 432 6988 44 131119
2 487 3041 90 54279
3 666 4805 20 62235
4 701 7734 108 305646
5 722 18949 46 308338
6 860 4816 111 466388
7 1028 6051 24 43688
8 1106 26275 53 357752
9 1167 20784 39 435508
10 1225 5502 10 20162
11 1379 10758 6 26716
12 1412 1416 78 282
13 1422 5514 104 321924
14 1535 13483 58 332643
15 1546 2743 10 3632
16 1599 2398 41 43595
17 1638 12105 26 52044
18 1667 5068 100 180788
19 1692 3267 18 17743
20 1695 3013 147 109231
21 1744 30898 12 199068
22 1856 4674 125 634256
23 1870 9637 33 203677
24 1924 5640 31 46602
25 2081 36385 25 321946
26 2232 14185 146 288242
27 2238 14038 43 156893
28 2283 3016 119 25425
29 2284 2395 50 12157
30 2300 4626 110 121777
31 2384 6780 4 6856
32 2526 6438 123 91340
33 2556 2889 69 5099
34 2625 4650 10 7225
35 2646 3401 14 7987
36 2872 11620 84 266063
37 3022 5260 143 138820
38 3172 4108 145 100476
39 3203 8087 8 21162
40 3247 8158 12 38377
41 3305 6431 71 101633
42 3326 9608 116 315878
43 3392 8226 25 77262
44 3475 7878 15 49975
45 3662 8170 132 214531
46 3818 7216 6 15050
47 4103 16324 127 999933
48 4254 13353 54 325593
49 4358 6077 40 10705
50 4565 7945 27 81083
51 4615 5848 12 6962
52 4680 8637 96 246199
53 4939 8871 85 399780
54 5046 12091 119 611858
55 5098 11162 93 117797
56 5258 14903 99 490658
57 5367 6366 92 81881
58 5434 5880 22 5652
59 5463 14851 18 36091
60 5563 13156 53 72816
61 5592 24782 34 222184
62 5612 6766 40 8988
63 5747 18055 19 221227
64 5755 38031 16 113434
65 5768 7241 11 5611
66 5852 6673 107 54052
67 6032 8279 78 74261
68 6055 19065 102 299896
69 6151 10473 108 80665
70 6291 12920 77 306304
71 6367 9353 16 16488
72 6421 11119 92 141262
73 6592 13166 47 136904
74 6605 12081 26 77572
75 6818 11311 124 185124
76 7055 14201 111 395490
77 7408 19217 47 354313
78 7445 8411 22 15030
79 7580 11541 6 4730
80 7706 10236 103 94220
81 7923 17275 24 85256
82 7977 8820 68 40081
83 8010 14385 7 10713
84 8142 14110 11 30100
85 8355 19479 6 10347
86 8372 22277 82 317885
87 8421 12441 27 40339
88 8474 10377 8 6583
89 8478 20760 10 86077
90 8590 17046 58 192847
91 8908 12089 92 94450
92 8995 19689 13 52258
93 9008 9706 23 13577
94 9047 9228 117 8693
95 9118 12760 145 167012
96 9234 20260 61 149047
97 9325 10091 61 20616
98 9326 11035 109 94774
99 9342 9741 25 4241
100 9367 13083 104 122147
101 9431 12749 21 40062
102 9525 15788 96 205708
103 9536 12886 81 47894
104 9711 10682 32 22855
105 9723 10859 88 52087
106 9797 10656 115 62931
107 9842 12516 79 112871
108 9964 13212 54 67546
109 10253 19896 71 518823
110 10420 17406 76 262258
111 10629 19330 103 341734
112 10638 15931 66 164701
113 10901 14755 36 73000
114 11022 19041 111 330451
115 11084 35559 41 319665
116 11098 18423 28 121189
117 11214 17171 11 75224
118 11552 12929 30 15542
119 11561 26068 44 332860
120 11640 14816 134 386739
121 11669 24564 62 204248
122 11688 13703 12 8475
123 11695 39419 30 337223
124 11881 35046 139 937736
125 11906 23085 44 274668
126 11960 13810 83 133884
127 11971 19030 35 43897
128 11988 13809 71 65638
129 12068 14394 37 33796
130 12093 13040 85 52368
131 12355 14268 69 54928
132 12373 15233 141 93427
133 12936 14772 17 6047
134 12944 17515 33 18650
135 12976 19078 79 468973
136 12988 14049 56 31887
137 13000 15766 135 559314
138 13127 22668 70 424232
139 13145 22787 41 238780
140 13339 13717 55 17679
141 13761 40887 82 419742
142 13768 24700 56 330724
143 13998 16156 22 40560
144 14019 14867 18 6814
145 14114 16806 107 148348
146 14154 20768 91 185504
147 14327 14457 46 2541
148 14471 24629 140 850766
149 14529 32388 8 91358
150 14781 36559 123 742124
151 14791 17740 103 133541
152 14911 19417 33 89063
153 14969 20872 69 199934
154 15017 36074 92 874701
155 15048 16388 10 7961
156 15070 23605 67 176728
157 15074 16144 22 13081
158 15106 31702 27 162361
159 15204 21911 18 24301
160 15234 16315 32 20746
161 15254 19566 6 7651
162 15302 18336 9 6622
163 15558 19423 37 106667
164 15682 15792 4 423
165 15743 17001 149 60617
166 15805 23944 12 79315
167 15865 17492 36 87151
168 15879 16829 63 25981
169 15942 18429 95 182040
170 15985 32093 4 17627
171 16074 20696 90 57394
172 16105 22087 89 209556
173 16185 32842 5 14717
174 16229 17436 20 17691
175 16380 22606 114 89317
176 16485 19617 111 328765
177 16558 22128 21 34792
178 16644 17690 128 71256
179 16665 21502 33 121985
180 16755 21079 21 57190
181 16758 19082 46 51754
182 16810 20851 15 26842
183 16825 19757 82 51493
184 16834 23573 16 49307
185 16946 25456 12 35302
186 16981 17545 131 41582
187 16990 22644 32 106453
188 17251 20424 89 107693
189 17402 20973 27 50828
190 17429 62783 10 69861
191 17454 24361 72 197600
192 17483 21163 22 38069
193 17514 25297 18 59441
194 17598 28411 5 13781
195 17643 18340 18 4086
196 17672 18024 69 15276
197 17737 22063 118 177480
198 17840 34045 25 205060
199 17940 19322 28 31495
200 17941 26297 53 45814
201 17956 28153 14 125052
202 18046 28547 40 199246
203 18079 27491 130 650444
204 18164 22228 39 161207
205 18485 22162 79 118030
206 18745 24755 68 409399
207 18806 27515 138 629939
208 18813 20110 9 9834
209 18832 39259 68 1066567
210 18935 36692 67 712062
211 18963 36446 28 82257
212 19103 30713 143 646346
213 19105 19291 5 944
214 19197 31772 76 147660
215 19213 22938 53 197171
216 19256 25208 111 925234
217 19390 30842 47 110280
218 19432 25859 14 49890
219 19493 20876 7 10556
220 19614 24886 11 15667
221 19668 42067 38 571606
222 19697 25645 14 33141
223 19800 32245 8 72573
224 20105 33261 41 97394
225 20179 26137 11 23812
226 20282 26341 4 11098
227 20304 22192 30 33584
228 20363 33132 143 691727
229 20462 23174 121 109786
230 20483 27373 9 11615
231 20551 24637 57 76534
232 20638 20875 15 686
233 20819 22463 42 35744
234 20965 29844 47 169002
235 20972 28115 32 89635
236 20976 25298 74 72983
237 21009 39467 135 911237
238 21048 23995 43 75928
239 21130 22496 43 29077
240 21332 24448 78 96760
241 21400 29573 99 425800
242 21468 29346 145 222737
243 21496 23049 6 3349
244 21548 31657 84 329343
245 21594 30636 149 606854
246 21686 30512 76 352100
247 21817 22298 133 73652
248 22077 27112 39 105425
249 22126 28629 6 11350
250 22195 27881 41 77078
251 22398 25283 25 10158
252 22587 27327 22 48917
253 22609 26811 6 4218
254 22637 35579 126 466581
255 22735 27549 125 124416
256 22776 23208 21 1540
257 22814 29783 101 305865
258 22855 42892 9 33512
259 22865 29215 15 37870
260 22891 39208 17 116631
261 22941 28553 150 252012
262 23014 24111 16 1443
263 23133 26895 105 161441
264 23156 27558 144 270232
265 23180 27349 9 24797
266 23231 24844 81 59292
267 23250 30413 15 34997
268 23284 24000 20 1992
269 23296 26203 56 125081
270 23473 43743 29 222379
271 23579 35904 36 178993
272 23647 38790 19 138775
273 23793 29693 46 72610
274 23869 37309 34 454197
275 23940 27089 140 241281
276 23959 28199 76 84106
277 23960 24725 18 8176
278 24058 28331 20 21430
279 24066 28833 29 27628
280 24263 25225 33 7322
281 24834 26661 24 26803
282 24948 37310 129 484581
283 24973 25985 43 15841
284 25046 27235 5 2173
285 25087 33086 49 130925
286 25092 39330 11 83600
287 25130 27309 23 13018
288 25177 38233 108 604175
289 25196 25923 11 5129
290 25256 29790 96 244274
291 25380 25694 45 3693
292 25453 28543 79 317267
293 25458 42511 111 839038
294 25505 25662 56 4456
295 25528 46138 59 418899
296 25992 27946 12 8052
297 26084 27018 22 14918
298 26089 26688 81 43545
299 26183 47993 27 634854
300 26189 31692 112 252753
301 26389 40644 38 169880
302 26419 37530 61 244079
303 26562 31106 10 15552
304 26582 36643 27 40389
305 26660 28704 16 28268
306 26743 35895 97 483823
307 26750 29336 24 29672
308 26753 29939 28 71174
309 26796 30660 36 174324
310 26884 32689 109 626575
311 26938 28003 4 2020
312 26943 39301 109 346065
313 26997 28672 14 13370
314 27633 44331 142 926139
315 27671 28459 77 24663
316 27791 29562 64 55014
317 27805 31136 35 73891
318 27942 51264 23 255136
319 27948 37094 149 1014213
320 28170 31420 24 61656
321 28201 30382 26 45228
322 28329 33871 26 29848
323 28405 45061 84 517859
324 28510 31691 38 67860
325 28512 34269 17 55462
326 28548 31835 8 7707
327 28826 31240 147 167564
328 28853 32373 61 70897
329 28866 32148 47 58285
330 29003 35504 23 50004
331 29027 33508 8 8977
332 29034 31536 78 125237
333 29323 42787 64 254016
334 29365 66544 49 576042
335 29386 32816 19 44308
336 29787 48421 39 332441
337 29820 30396 29 6151
338 30139 33806 97 138572
339 30225 40404 62 318501
340 30422 59653 78 1109561
341 30434 32353 61 30485
342 30534 37687 104 215391
343 30681 31197 128 32815
344 30887 46740 102 829702
345 30967 32481 103 129526
346 31025 37252 94 269601
347 31150 32873 65 56494
348 31153 37041 101 849150
349 31293 69548 27 237393
350 31366 31400 65 975
351 31425 35819 135 189090
352 31637 34055 8 5262
353 31744 43278 87 764168
354 31759 43639 125 468855
355 31797 34871 86 100561
356 31922 35864 26 23180
357 32016 48718 22 250702
358 32088 36468 128 216053
359 32266 41912 90 865755
360 32336 38448 18 17651
361 32365 33453 90 40440
362 32446 45961 87 577844
363 32662 40551 123 239009
364 32775 41662 7 61680
365 32813 44984 22 146770
366 32821 37225 103 323889
367 32952 33571 25 3860
368 32966 42789 47 188053
369 33073 38785 73 292358
370 33100 36948 35 65464
371 33328 33789 101 13479
372 33408 45721 53 176518
373 33731 46846 128 864783
374 33738 35245 5 2543
375 33948 37611 22 32475
376 34114 35896 140 89217
377 34159 37076 123 114429
378 34176 46364 19 171659
379 34272 51498 144 467516
380 34319 37590 101 172675
381 34355 38436 26 22540
382 34539 35824 4 8858
383 34672 47371 40 225794
384 34714 38219 71 99099
385 34980 35856 28 9257
386 34994 43453 15 54774
387 35041 41996 4 9459
388 35100 36018 75 25011
389 35674 35924 88 10229
390 35775 46862 9 43762
391 35792 44622 105 278032
392 35799 37833 124 118289
393 35975 47926 18 32782
394 36115 37403 146 169803
395 36150 43590 128 391382
396 36383 37391 117 75740
397 36536 51291 139 806605
398 36664 39565 26 31848
399 36667 60956 109 558211
400 36697 37287 30 9749
401 36737 55751 81 447888
402 36994 46636 80 79472
403 37023 49601 51 292498
404 37025 46887 120 445431
405 37058 48011 140 507324
406 37218 42125 147 729960
407 37276 49367 7 21355
408 37540 37819 67 18530
409 37576 42530 53 142005
410 37613 38300 23 2905
411 37620 37987 84 29240
412 37667 54141 104 720891
413 37887 60118 28 129362
414 37909 40284 138 61651
415 37915 51367 5 23633
416 38017 52892 93 1241914
417 38380 41402 18 28102
418 38578 39196 133 40094
419 38642 67043 8 115122
420 38694 40067 150 241682
421 38803 38881 76 7709
422 38859 40286 65 28440
423 39090 39503 96 29169
424 39120 59366 25 224207
425 39150 56531 60 307022
426 39197 42271 133 885421
427 39198 44770 67 170383
428 39364 57218 70 112899
429 39431 50648 34 146685
430 39454 40908 50 18154
431 39559 45739 93 381938
432 39629 41017 120 112728
433 39680 42224 67 92280
434 39682 55115 11 144820
435 39767 54451 10 108069
436 39855 43276 86 69673
437 40060 52142 6 15333
438 40257 45631 28 67648
439 40272 45485 45 108010
440 40456 63889 25 289410
441 40579 43708 10 12085
442 40696 42216 112 113042
443 40763 47879 27 56450
444 40973 43802 6 4928
445 41016 55026 112 554950
446 41118 76472 95 1996706
447 41244 46261 4 4416
448 41261 50831 72 334932
449 41414 45113 40 77136
450 41555 44206 22 20587
451 41850 45926 73 122862
452 41929 54530 59 172572
453 41930 43794 75 77479
454 41936 51576 6 34038
455 42302 63839 58 618391
456 42429 52755 57 162035
457 42435 55549 104 685395
458 42701 53642 65 302648
459 42719 47455 31 94793
460 42886 65196 5 49858
461 42978 45629 107 138531
462 42984 89908 51 363224
463 43003 57560 7 14848
464 43078 51376 36 95099
465 43094 56190 97 619355
466 43175 54988 67 919069
467 43251 55392 84 367891
468 43287 44107 32 8148
469 43304 47084 31 193241
470 43324 60310 18 84193
471 43398 54091 113 343239
472 43459 44264 10 2637
473 43778 45896 29 39914
474 43887 47990 22 38175
475 44052 51349 9 24725
476 44073 69528 72 923931
477 44133 49375 38 188690
478 44186 50761 97 159457
479 44198 48192 15 12723
480 44212 51871 28 187245
481 44314 51485 48 134837
482 44326 52298 51 99060
483 44334 53563 31 64865
484 44658 57214 101 1749949
485 44670 53661 123 649433
486 44762 49248 37 53127
487 44844 47443 138 171947
488 44961 62845 71 1318854
489 45080 54697 24 44458
490 45231 50539 13 35315
491 45303 65131 11 65736
492 45309 51276 17 50741
493 45385 60646 5 66877
494 45425 48220 90 195896
495 45494 50477 79 434337
496 45805 53815 132 262972
497 45882 48729 4 13126
498 45889 68390 57 606181
499 45903 52069 17 59542
500 46202 64097 6 19827
501 46323 71560 134 1431439
502 46448 46688 150 8852
503 46566 47634 45 16221
504 46569 49843 90 162451
505 46662 49667 79 132093
506 46691 48787 99 56476
507 46738 49594 79 128094
508 46767 56026 8 56426
509 46770 50725 72 76689
510 46972 61910 66 455471
511 46991 74828 22 120617
512 47026 62906 102 1543032
513 47037 61579 83 728716
514 47174 48999 135 358525
515 47207 47797 26 4269
516 47354 66108 25 128419
517 47386 57825 129 608672
518 47452 53598 143 238330
519 47575 72397 10 184426
520 47599 55341 89 124403
521 47774 63426 102 447931
522 47807 49009 41 32072
523 47872 51048 19 48407
524 47906 52857 102 293542
525 48127 50445 91 56241
526 48359 61520 113 689811
527 48454 57719 47 64921
528 48559 52354 120 245813
529 48760 50805 145 91946
530 48812 50060 127 101739
531 48899 53527 68 386524
532 48923 66868 101 1684575
533 49177 52021 134 426177
534 49206 67510 89 781698
535 49227 52433 128 198412
536 49231 57161 65 200171
537 49232 57086 75 234103
538 49423 52258 107 364882
539 49440 50120 54 31047
540 49504 55485 65 86288
541 49556 51511 7 4948
542 49639 50431 107 13502
543 49969 59175 93 348782
544 50087 62559 34 114907
545 50204 52906 22 31990
546 50290 63102 139 831712
547 50361 54276 17 9600
548 50465 76476 117 1387725
549 50576 60589 92 281501
550 50802 51841 51 40672
551 50808 50892 89 4180
552 50815 50995 84 4737
553 50935 93090 104 2157857
554 50939 57950 86 244406
555 51066 70364 110 671651
556 51128 56293 110 220655
557 51160 54250 52 94313
558 51309 58132 118 582334
559 51405 53627 17 11900
560 51424 56236 18 84045
561 51428 58944 82 223775
562 51528 56246 118 231842
563 51658 54404 72 69654
564 51661 55024 109 212979
565 51698 51925 120 11088
566 51739 57603 90 311648
567 51745 70460 33 472513
568 52055 54923 83 120488
569 52285 54562 140 208151
570 52467 53916 132 58706
571 52751 63330 62 203845
572 52868 74766 21 632588
573 53094 57301 147 503798
574 53166 57052 122 171641
575 53489 60655 7 12443
576 53492 83481 62 570656
577 53503 70875 19 25362
578 53549 59220 51 208017
579 53558 54830 147 95910
580 53673 61200 38 75101
581 53722 68672 49 128054
582 53763 58280 10 9100
583 53826 56993 104 129760
584 53860 54742 18 8502
585 53966 56940 102 118444
586 54013 54495 34 19902
587 54128 62685 22 45657
588 54215 56418 47 60061
589 54227 61516 47 47121
590 54438 64314 98 123837
591 54759 56095 16 17852
592 54768 55669 62 25194
593 54790 61384 64 163061
594 54850 59703 121 153613
595 54927 57589 43 80489
596 54937 55722 64 24393
597 54982 57755 33 47075
598 55000 59502 6 14226
599 55072 55692 141 15446
600 55345 62012 47 211743
601 55349 67546 58 300374
602 55410 55759 6 1917
603 55522 56072 62 12250
604 55640 61126 26 74653
605 56066 64739 6 13520
606 56149 57033 80 40426
607 56433 61583 24 63024
608 56470 61239 39 45249
609 56497 61411 146 301077
610 56921 69773 115 378152
611 56937 65083 15 50671
612 56945 71570 23 146506
613 57119 65614 114 164136
614 57175 68517 35 170955
615 57183 59002 17 8498
616 57188 60460 34 138119
617 57220 64455 15 32335
618 57254 58561 35 51542
619 57490 57979 115 13608
620 57509 65033 140 312129
621 57728 58595 109 175397
622 57809 61848 108 293628
623 57819 64627 92 590261
624 57848 60785 78 174756
625 57881 59890 47 42904
626 57989 60283 69 161874
627 58007 64904 121 221689
628 58197 81016 117 397135
629 58219 61567 11 40021
630 58228 59193 73 38160
631 58446 80554 135 515678
632 58583 62817 106 422878
633 58597 69383 118 294693
634 58769 77253 26 124296
635 58800 64247 29 54692
636 58809 65105 81 330406
637 59362 61160 5 3190
638 59450 83527 69 1259891
639 59573 81277 51 281440
640 59628 65646 28 50996
641 59696 60953 46 18726
642 59739 65636 16 106338
643 59746 62090 19 15020
644 59812 64232 80 69814
645 59838 73455 119 200012
646 60503 61282 24 8775
647 60649 68588 38 52547
648 60705 64676 18 64524
649 60744 63747 28 70247
650 60861 61342 120 16267
651 60869 63279 100 203315
652 60885 66115 60 107838
653 60909 61301 137 29099
654 61099 70478 128 1400602
655 61220 67124 146 393832
656 61230 68194 81 237582
657 61251 62674 93 67587
658 61260 68080 124 245490
659 61348 64600 17 25886
660 61438 63410 64 63342
661 61464 62204 127 54882
662 61474 70845 95 633193
663 61541 61752 30 2652
664 61647 61694 134 5000
665 61754 65987 6 6882
666 61858 62319 51 23735
667 62097 62725 41 13395
668 62140 64891 37 37986
669 62187 76199 12 61228
670 62275 65520 26 42346
671 62377 64921 88 153277
672 62407 65751 91 107066
673 62436 86735 11 121657
674 62779 90719 139 1124308
675 62986 73727 27 64662
676 63024 66538 6 76625
677 63265 71800 83 106784
678 63294 78830 21 497688
679 63296 63475 15 2093
680 63419 64343 106 50358
681 63454 74753 38 207363
682 63579 73161 139 313127
683 63610 69033 42 219724
684 63819 65471 55 28871
685 64165 70513 34 51063
686 64180 67672 32 108456
687 64280 65068 59 10598
688 64681 70406 11 20022
689 64808 65375 25 8320
690 64845 85430 37 181671
691 64935 66176 107 49131
692 64954 73047 19 65505
693 64997 70059 76 64408
694 65314 70574 4 11029
695 65348 65477 101 5487
696 65413 65698 70 12608
697 65515 66116 60 16613
698 65589 72951 85 210342
699 65618 74136 8 55834
700 65622 67376 63 131050
701 65629 67692 6 8084
702 65769 67087 5 2225
703 65823 88939 9 113596
704 65875 73380 9 40985
705 65886 66533 106 13988
706 65961 73241 85 197875
707 66012 68348 22 31704
708 66076 67213 116 94427
709 66237 70584 117 163891
710 66260 69564 42 67449
711 66312 73103 68 112261
712 66375 88254 118 910342
713 66421 66830 28 5084
714 66719 74216 51 219554
715 66761 75439 94 251078
716 66875 68326 39 49315
717 66915 75430 132 285981
718 67163 75393 142 349172
719 67311 70070 6 8135
720 67404 87107 9 29572
721 67473 68975 5 4886
722 67487 92741 11 207834
723 67534 69861 37 75728
724 67662 69242 26 14491
725 67811 70456 6 5731
726 67881 79196 40 139738
727 67883 83585 16 94133
728 67887 81094 30 95825
729 67895 68155 59 8680
730 67954 70901 54 81682
731 68028 69116 28 8783
732 68099 71341 32 70129
733 68226 76967 35 169397
734 68398 76483 19 35897
735 68492 69261 18 7174
736 68636 94035 21 156534
737 68698 71390 31 26577
738 68871 71329 51 50708
739 68884 69473 101 22521
740 69074 74378 6 12414
741 69171 81937 12 73307
742 69367 84068 59 564344
743 69582 75650 37 79004
744 69646 75454 23 66026
745 69657 71295 55 59026
746 69687 86246 5 53218
747 69728 70328 138 35267
748 69734 70227 43 10100
749 69762 79587 39 132662
750 70047 70247 10 1443
751 70065 70496 49 12736
752 70105 71680 102 187971
753 70144 70420 18 4570
754 70186 76303 114 275332
755 70375 75991 134 242036
756 70659 73059 145 236489
757 70660 95685 59 208134
758 70941 77281 107 211623
759 70988 72194 104 65496
760 71051 71808 7 1175
761 71075 74244 54 43181
762 71285 71915 90 58634
763 71340 76263 109 302593
764 71544 74262 61 43059
765 71564 73350 102 52019
766 71575 75568 18 35788
767 71654 80332 85 310093
768 71775 73475 14 10006
769 71938 72934 85 35226
770 72150 74043 116 240186
771 72155 77286 10 16865
772 72270 78186 61 129507
773 72308 75244 109 64697
774 72323 74464 28 118729
775 72403 75586 12 28689
776 72522 92261 59 329751
777 72597 82471 6 70145
778 72604 85103 17 105842
779 72609 77509 57 150477
780 72732 74522 25 39366
781 72761 89958 76 552675
782 72876 78394 18 40375
783 72999 83378 30 36234
784 73095 75245 66 201033
785 73200 74796 58 37476
786 73261 74230 148 99895
787 73403 94935 22 383572
788 73513 80379 78 215648
789 73668 76307 17 8880
790 73757 80608 111 292012
791 73816 78747 134 500609
792 73856 74728 101 49326
793 73945 83530 146 323262
794 73949 83264 29 47412
795 73954 91893 40 91880
796 74224 78210 8 3275
797 74404 82396 124 295751
798 74426 77554 86 305829
799 74485 82258 28 32425
800 74488 75060 96 46492
801 74667 82867 5 14980
802 74893 83431 94 160000
803 74926 89965 30 135247
804 74964 79018 107 142616
805 75030 86770 143 335404
806 75181 75324 140 8763
807 75345 77524 146 578347
808 75366 76543 23 21454
809 75432 76785 8 5997
810 75448 79086 31 56416
811 75538 82109 19 32687
812 75579 76821 74 70789
813 75600 79760 17 9287
814 75734 82265 14 26653
815 75826 81299 5 33198
816 75993 76758 9 2643
817 76085 77277 102 24481
818 76127 83836 140 283492
819 76436 78020 78 43666
820 76576 84851 41 333432
821 76864 88688 65 225125
822 77028 83023 51 139579
823 77074 78030 8 2689
824 77144 78966 126 301787
825 77205 83687 5 8429
826 77314 92733 136 2347599
827 77458 81795 15 17989
828 77521 79584 54 24062
829 77567 86946 90 648233
830 77580 86274 122 244749
831 77654 84502 10 51826
832 77673 83609 63 210626
833 77710 81176 150 248360
834 77759 80979 78 87824
835 77825 90466 35 190614
836 77847 86454 5 9084
837 77989 92505 6 42421
838 78003 82295 57 200237
839 78098 79321 14 19261
840 78114 79218 84 51563
841 78163 82947 136 516806
842 78343 79370 11 8934
843 78503 86420 33 100306
844 78529 81609 77 69045
845 78539 88845 38 87534
846 78563 81435 115 130958
847 78612 87596 5 47304
848 78629 88044 37 121097
849 78686 79217 37 8243
850 78711 85148 24 31536
851 78827 94201 36 240658
852 78829 83268 9 17178
853 79147 82615 18 6637
854 79223 95071 116 775889
855 79456 97710 48 182747
856 79530 81873 81 49697
857 79598 82250 109 91732
858 79609 81177 68 69271
859 79630 81930 29 48767
860 79932 81548 70 114567
861 79975 81779 129 90600
862 80078 82807 23 70465
863 80237 83404 100 182579
864 80269 81981 118 76147
865 80271 87231 103 120823
866 80462 82317 12 18577
867 80563 80662 19 1142
868 80566 80634 6 600
869 80707 87153 126 549937
870 80782 87162 57 66129
871 81089 81635 72 12171
872 81184 81439 71 8777
873 81410 85427 30 33410
874 81474 82792 105 145467
875 81496 88742 57 190446
876 81554 81614 75 1211
877 81654 82117 127 16916
878 82190 82679 84 12264
879 82400 83420 84 61752
880 82574 90468 64 174047
881 82740 87414 141 201675
882 82776 83712 74 20841
883 82919 98649 49 132271
884 82989 95808 59 186605
885 83088 91352 6 39428
886 83124 86375 141 116142
887 83472 96424 19 54645
888 83475 84878 7 2097
889 83560 87004 91 264034
890 83587 85623 76 123519
891 83626 97733 93 777993
892 83629 96282 39 103167
893 83831 88244 38 72506
894 83846 86870 80 116373
895 83881 84034 46 2910
896 84042 86726 108 172749
897 84383 99422 80 454210
898 84808 89780 95 234478
899 84956 89086 7 14307
900 85109 85562 87 25211
901 85223 95652 47 249840
902 85263 95812 95 374472
903 85270 92654 108 326168
904 85474 94604 100 328600
905 85482 94908 134 917991
906 85530 93637 85 215228
907 85640 92229 34 231142
908 85668 88112 130 177602
909 85713 92553 87 431449
910 85730 86461 9 2684
911 85830 95878 93 317562
912 86026 89176 124 107720
913 86185 87606 34 17555
914 86231 86866 53 20986
915 86361 90834 109 151607
916 86638 93019 31 66602
917 86655 90855 27 30077
918 86799 93990 43 115838
919 86801 86886 137 16231
920 87003 90982 84 204934
921 87010 96039 13 31897
922 87619 87929 9 1358
923 87622 89205 68 110670
924 87783 92307 17 30363
925 87938 91524 12 15087
926 88058 88404 139 39649
927 88128 88565 24 15466
928 88161 89915 32 11675
929 88488 88875 106 10728
930 88547 91412 69 68471
931 88657 90999 127 356003
932 88663 93601 31 78563
933 88793 99898 100 286482
934 88813 92189 66 59802
935 88891 91530 26 36791
936 89122 93066 13 45060
937 89283 99021 48 166902
938 89320 89707 48 7644
939 89400 91423 39 14614
940 89513 91660 33 37864
941 89723 92451 81 69364
942 89826 95172 64 158751
943 89906 97276 90 117174
944 89939 90410 10 2951
945 89977 95130 28 61245
946 90028 94782 98 310272
947 90481 93966 16 29340
948 90492 94944 94 123532
949 90508 95441 75 74176
950 90529 92759 94 128999
951 90541 98672 33 93935
952 90735 95705 99 245617
953 91159 93158 32 68943
954 91213 96489 55 190812
955 91224 98657 80 108477
956 91256 91912 45 17379
957 91341 99288 12 36390
958 91351 97530 27 101652
959 91539 98695 33 137488
960 91644 96547 69 112107
961 91776 95472 17 45617
962 91934 96373 93 116752
963 92136 95497 146 246262
964 92139 94770 43 96834
965 92185 94968 143 149184
966 92372 95144 67 139793
967 92419 93921 38 70186
968 92421 98341 9 12566
969 92619 98844 23 103970
970 92650 92744 79 2133
971 92817 99367 11 36507
972 93043 99082 21 52605
973 93122 98072 124 359818
974 93162 95639 15 19106
975 93249 94134 9 5092
976 93285 98477 60 184498
977 93438 95011 9 4016
978 93626 93751 66 12570
979 93889 94234 52 13753
980 94022 96707 68 217638
981 94277 96323 15 5206
982 94345 98622 6 13155
983 94504 99298 126 280734
984 94512 95167 69 22967
985 94662 95452 50 23635
986 94979 99188 14 15037
987 95290 99716 147 236918
988 95478 95987 50 10562
989 95886 98943 30 35399
990 95897 99428 6 4521
991 96412 98876 123 191586
992 96745 98034 43 12977
993 96858 98158 37 29832
994 97193 98267 54 22738
995 97356 99583 91 29829
996 97962 98897 79 18143
997 98019 98454 6 1982
998 98754 99628 32 8195
999 99189 99510 9 2144
