50 1000 0.093
.....................................#............
..............#......................#............
............###.....................##............
..........###...........#...........###..#.......#
........................................##...##..#
............###...............................#...
...........###...............#....................
.............###..................................
..................................................
#......................###........................
###....................#..........................
#....#.........#.##............................#..
##..###.......##..###.............................
.#.....#.......#..................#...............
.....#.#.##..##......##...........#..#............
.......#..##.......#.#..#.........................
...........#.......###.##.......##................
....................###.#.........................
.......................................#.##.......
.#.........................#..........#####.......
.....................................##..#........
....................#...................##........
.........#..........#.#.............##..#..#......
.........#..........####.......#......##..........
........##.....................###....##.....#....
......#####.....................##...........##...
.......##.##.....###...........##............##.##
...........##...###.......##.................#####
............#.............###..................##.
.###.......##.............###.....................
...#........#.................................#..#
...#........##......####.....................###.#
.............##......##...........................
..................##............###..###..........
...................#.......#....#....#.##.........
...........................#......................
..........###..............##..........#..........
...........#..............##.....###...#..........
...........#................##.....##.............
...................................#.#............
.........#.......................#..##............
........#####....................#..#.......#.....
.......####................................##....#
...........###................................####
............##...........................######...
.....................##......####......####..#....
........#............#.......###.......##....##...
.......#.#.....................##...........###.##
........##....................###.............#..#
.........#....................#..................#
0 74 151 113 9295
1 82 1450 123 160644
2 245 1736 141 40341
3 246 2489 63 68694
4 278 16466 50 300624
5 328 5105 42 80524
6 351 4570 36 33834
7 487 1460 36 25881
8 488 790 46 7178
9 590 2512 24 24361
10 897 5019 6 17962
11 900 3046 115 45280
12 908 4546 105 441858
13 938 4586 103 122862
14 1044 4337 39 100869
15 1244 9516 16 35840
16 1248 1693 22 3174
17 1357 3863 122 112349
18 1385 1615 42 19300
19 1612 5270 50 123354
20 1618 2959 87 52827
21 1664 16151 106 248190
22 1685 4118 17 10407
23 1866 2119 13 571
24 2009 4621 112 137802
25 2104 4012 51 74444
26 2149 2649 112 15306
27 2256 16744 65 503802
28 2321 3199 5 1348
29 2338 2459 91 5130
30 2397 6074 39 56160
31 2416 6381 53 71257
32 2657 4805 122 78135
33 2663 3828 96 88838
34 2944 3635 64 38613
35 3074 6545 98 134261
36 3194 3456 17 2146
37 3341 7634 143 317630
38 3392 9550 33 120122
39 3654 5525 114 98133
40 3685 12853 94 97644
41 3767 10358 44 146095
42 3903 5036 4 3373
43 3935 4457 110 23824
44 3963 22305 48 109769
45 3965 7424 13 19883
46 4016 6352 58 49412
47 4150 6191 124 105219
48 4170 6438 85 115837
49 4463 10594 148 302430
50 4648 10326 7 27889
51 4804 7040 112 75782
52 4918 10255 18 58111
53 5029 12694 44 129080
54 5077 5592 149 27047
55 5092 9282 126 629700
56 5335 14073 108 978688
57 5422 9852 49 42944
58 5728 7306 4 3210
59 5735 12003 13 22427
60 5759 6862 111 56444
61 5764 17821 82 319566
62 5897 16115 26 138021
63 5953 7653 22 7910
64 5990 6021 31 1243
65 6065 8087 107 46612
66 6105 9253 87 51148
67 6202 8392 94 76998
68 6319 11075 12 30147
69 6383 6396 147 1255
70 6567 8605 88 173288
71 6716 7336 84 32340
72 6811 11323 10 20308
73 6882 10083 108 118824
74 7067 9523 75 64513
75 7312 18924 13 33231
76 7434 11685 138 163649
77 7543 13621 61 155587
78 7631 7645 67 473
79 7715 16112 78 224747
80 7904 11969 89 91496
81 7939 12066 147 153695
82 8078 12740 135 143013
83 8132 11345 111 129005
84 8233 10943 89 76607
85 8260 11072 5 8256
86 8348 12093 4 24210
87 8387 11344 75 246600
88 8469 10368 49 53120
89 8535 10820 150 106453
90 8548 11764 19 22676
91 9035 9721 33 10946
92 9132 17875 6 24914
93 9291 11489 51 25474
94 9405 9999 8 5838
95 9419 13783 44 72718
96 9506 20319 117 336834
97 9630 18565 17 68878
98 9715 10753 7 3443
99 9931 11350 7 3923
100 10025 12602 40 72847
101 10075 13191 13 8447
102 10110 16071 118 170393
103 10240 13051 8 12198
104 10253 10752 108 6233
105 10471 12040 128 178672
106 10754 11449 115 92217
107 10898 12824 133 159685
108 10952 12666 32 13535
109 11082 11574 79 12877
110 11088 15767 45 201286
111 11121 19986 104 332991
112 11298 19971 66 204418
113 11312 12704 15 9581
114 11458 11743 106 21193
115 11490 15996 10 30233
116 11581 12296 73 14281
117 11664 15223 85 81506
118 11847 12866 84 13059
119 11908 18579 19 15929
120 12163 16082 132 252971
121 12538 17726 50 70727
122 12930 14366 7 3246
123 13055 13486 52 25488
124 13109 25524 76 502569
125 13144 16569 33 33875
126 13165 14958 76 48962
127 13187 14236 13 7564
128 13211 14999 63 44473
129 13285 16123 9 11823
130 13489 19691 120 777654
131 13548 21512 8 75183
132 13582 13618 88 1329
133 13640 14941 80 47869
134 13893 15854 21 8031
135 13905 16255 87 68597
136 13980 17941 5 9562
137 14078 18895 9 14566
138 14348 14394 7 976
139 14415 15190 59 10619
140 14581 21589 82 246278
141 14632 17320 87 92829
142 14648 16987 45 27392
143 14676 15698 74 43805
144 14692 20881 10 37727
145 14840 27569 14 95635
146 14900 19774 31 175310
147 14935 21789 54 152265
148 15092 15545 92 27784
149 15322 22915 117 292380
150 15618 22769 49 455480
151 15644 21909 120 434290
152 15866 17450 68 51292
153 16001 17115 50 23502
154 16012 18399 78 120543
155 16100 16972 8 3892
156 16153 26244 29 170718
157 16184 17690 149 89517
158 16325 21986 27 139650
159 16390 20777 26 58559
160 16490 19188 55 71093
161 16662 18448 147 107587
162 16776 32367 12 86093
163 16820 17276 75 13771
164 16897 17955 115 90082
165 17068 20337 35 54668
166 17164 18747 134 50582
167 17169 18051 86 42187
168 17211 17563 103 22630
169 17250 17535 30 6071
170 17408 22623 41 71360
171 17447 17664 71 12380
172 17566 21182 7 6421
173 17652 20164 71 44614
174 17886 18053 51 4468
175 18119 20690 12 10112
176 18280 30176 18 183075
177 18363 20602 63 21493
178 18397 25032 79 489117
179 18418 19193 107 52872
180 18488 21981 41 34672
181 18546 23571 114 323447
182 18594 20305 123 239471
183 18625 22031 36 65965
184 18657 21205 18 17560
185 18670 19124 103 62040
186 18757 23624 61 88482
187 18781 19687 78 70337
188 18811 20112 40 38882
189 19307 26522 94 1214877
190 19319 29178 24 169276
191 19854 28655 36 155407
192 19940 21537 23 12173
193 19969 23011 145 321333
194 19990 21153 18 9746
195 19994 23987 20 74659
196 20071 22241 94 132872
197 20235 22064 80 85979
198 20318 21562 114 73352
199 20346 21876 48 36781
200 20423 24669 33 65043
201 20438 27964 43 132115
202 20539 26027 52 42696
203 20637 21246 82 20324
204 20775 21607 39 10130
205 20789 24336 5 8295
206 20821 23080 72 21551
207 21389 22908 32 18333
208 21445 23037 7 4836
209 21517 23386 22 52212
210 21670 22181 80 15956
211 21888 23116 51 102253
212 22409 24620 129 163693
213 22512 26426 138 331086
214 22727 28406 67 465333
215 22732 24847 35 53660
216 22776 23237 115 20847
217 22791 24463 27 44252
218 22910 23957 115 74114
219 23023 23657 132 30998
220 23029 29169 16 27227
221 23218 23497 17 3749
222 23293 23540 11 1467
223 23470 24758 27 22484
224 23536 26231 67 308018
225 23656 26520 25 26264
226 23774 24506 85 20564
227 23864 26087 75 40638
228 23936 24405 43 17893
229 23949 25812 77 57314
230 24033 25446 61 34531
231 24043 28274 45 22409
232 24225 25601 76 57659
233 24383 37318 121 747303
234 24472 29675 4 6806
235 24502 26864 131 53764
236 24527 25356 102 27853
237 24539 31888 83 180434
238 24614 40329 17 74799
239 24615 35154 44 157516
240 24833 27887 99 104335
241 24846 27161 13 24841
242 24914 26595 62 52698
243 25142 25273 77 9530
244 25146 28321 16 21402
245 25212 25654 42 6048
246 25214 25481 47 6287
247 25294 34332 80 245394
248 25310 27743 124 159056
249 25540 27579 4 3627
250 25585 26011 60 10088
251 25615 29515 84 133576
252 25741 31084 65 314406
253 25787 29566 17 54904
254 25880 26567 9 4450
255 25951 27716 147 82711
256 26055 39405 59 203267
257 26268 26971 120 36798
258 26334 26907 12 2741
259 26395 27195 65 96635
260 26416 39339 84 634296
261 26519 33982 19 28348
262 26524 28789 20 8925
263 26596 27226 35 26653
264 26602 30521 28 51780
265 26621 26756 13 429
266 26721 30818 6 5299
267 26758 30045 49 146261
268 26840 43250 107 348485
269 26870 27600 64 43500
270 26958 27976 127 39921
271 27104 32658 89 203232
272 27160 34720 54 190902
273 27292 33188 141 249436
274 27314 27787 26 1995
275 27416 33107 20 22286
276 27562 29616 11 14972
277 27732 31352 42 99449
278 27863 33063 22 74216
279 27902 29690 135 98299
280 27940 28348 66 14774
281 27955 28311 132 15301
282 28017 28785 40 20785
283 28085 41374 62 945283
284 28128 29378 56 101627
285 28187 33175 58 136777
286 28195 37332 8 40516
287 28314 41092 22 236421
288 28481 28539 123 9312
289 28762 28820 62 2265
290 28874 30383 17 15958
291 28902 31259 129 41292
292 28905 36085 56 161814
293 28952 37235 85 162832
294 29003 29916 21 12060
295 29014 33735 84 198468
296 29151 29568 92 19238
297 29195 29239 5 301
298 29407 29582 73 8832
299 29660 38056 101 149329
300 29779 31597 81 14266
301 29961 30885 29 9295
302 29990 31676 124 180840
303 30132 33948 59 69121
304 30136 33857 15 54407
305 30334 30594 70 4274
306 30429 31806 15 7480
307 30632 30643 54 603
308 30865 34090 20 19907
309 30916 32967 117 111739
310 31088 34135 4 9937
311 31161 36049 7 15219
312 31246 31482 38 1841
313 31297 32752 45 60171
314 31638 31868 112 4696
315 31784 35254 66 145488
316 31903 40261 19 89085
317 31989 32011 76 1001
318 32000 34047 143 67811
319 32006 35017 8 11832
320 32286 35645 77 105978
321 32537 33764 29 16152
322 32669 35859 55 102476
323 32696 37020 95 128762
324 32836 46706 76 305996
325 33453 36150 100 157333
326 33502 38060 30 72915
327 33635 34240 104 8955
328 33832 35307 54 27997
329 33988 34721 98 30978
330 34498 35105 100 23156
331 34513 36363 46 34993
332 34592 35253 116 69193
333 34599 37048 82 53848
334 34712 39094 78 176883
335 35051 36891 116 43704
336 35079 37178 45 14884
337 35194 37161 56 30537
338 35565 41789 94 284714
339 35586 41281 22 56035
340 35599 39170 135 60881
341 35727 37814 132 153506
342 35827 36141 12 2017
343 35893 46835 74 105337
344 36067 36319 56 7754
345 36226 36512 23 2986
346 36414 37115 53 31774
347 36431 38088 7 5486
348 36545 40712 32 56801
349 36629 41834 96 304585
350 36851 38241 32 20935
351 36934 38376 100 65614
352 37087 41219 38 26737
353 37130 37569 16 3959
354 37288 40464 13 16516
355 37304 37832 32 10322
356 37342 38728 27 25837
357 37387 40085 90 80218
358 37391 37517 22 1014
359 37402 37439 15 400
360 37513 38904 95 65241
361 37541 46369 100 324057
362 37586 42182 15 67054
363 37595 40013 9 10859
364 37758 43611 111 181203
365 37921 41844 21 73710
366 37927 51935 119 1056363
367 38029 40469 142 153120
368 38032 40600 32 108367
369 38059 39450 64 37305
370 38275 43176 19 43020
371 38400 45053 89 177002
372 38610 46022 132 708703
373 38614 46310 92 130505
374 38645 44509 98 288393
375 38784 40964 42 56238
376 38884 41692 48 48481
377 39015 40539 88 55393
378 39047 43516 22 25902
379 39237 41183 5 5408
380 39279 41011 43 50717
381 39377 46805 86 268420
382 39386 41668 16 26086
383 39494 40426 132 17425
384 39723 40113 78 46849
385 39750 43315 56 125617
386 39775 39897 55 3951
387 40099 43922 86 145588
388 40200 48583 5 25721
389 40202 46518 65 116748
390 40340 43993 118 124955
391 40449 42176 47 43700
392 40807 42461 48 34788
393 40890 46397 97 70431
394 41044 44296 58 115182
395 41190 43384 117 62445
396 41231 46936 65 233784
397 41234 44097 72 35289
398 41300 47035 124 898882
399 41363 50725 34 85886
400 41496 46956 24 32313
401 41579 46644 23 125542
402 41585 42981 50 54109
403 41877 43837 98 138094
404 41939 43883 40 43397
405 41985 44477 16 15728
406 42100 42983 5 1577
407 42108 45756 147 242392
408 42159 45257 39 54365
409 42274 45479 11 39344
410 42319 44540 91 94560
411 42387 44893 17 28958
412 42402 54425 15 54086
413 42423 42732 84 13383
414 42507 60001 60 445868
415 42564 44373 38 52566
416 42582 42937 121 21416
417 42609 43365 53 12540
418 42625 45029 10 6053
419 42630 47378 148 633892
420 42943 44135 53 41339
421 43001 52442 33 66258
422 43055 46459 7 11911
423 43286 44729 128 69917
424 43399 48926 4 5591
425 43553 43595 11 348
426 43680 43738 81 2293
427 43681 46026 134 35872
428 43983 46106 96 330139
429 44063 54566 46 326202
430 44162 47853 121 214696
431 44167 52086 77 507114
432 44402 48976 7 13400
433 44848 58436 6 34695
434 44890 47036 80 112803
435 44904 53157 12 39188
436 45120 50060 85 188636
437 45204 48950 83 271370
438 45205 48991 68 78551
439 45413 53402 73 299797
440 45427 45996 38 9939
441 45528 46230 47 12206
442 45623 45898 139 20099
443 45745 45854 4 252
444 45900 51040 33 83593
445 45912 46696 35 15370
446 46206 51463 63 97933
447 46336 46515 20 1554
448 46516 49294 26 38553
449 46535 47511 21 8320
450 46547 52184 147 512924
451 46617 48569 23 17306
452 46718 46779 75 3366
453 46827 50244 36 226451
454 47008 49991 16 17515
455 47038 50895 90 122424
456 47295 51232 133 84036
457 47568 48931 126 53656
458 47602 50616 9 27667
459 47642 50690 91 116659
460 47659 51603 55 74603
461 47712 53253 145 624112
462 47821 53848 12 53092
463 47846 50493 88 397455
464 47905 48763 76 48899
465 48078 75113 34 421026
466 48145 49013 30 14325
467 48314 48829 119 47759
468 48353 51290 37 62057
469 48652 52285 142 115182
470 48702 54415 11 35049
471 48720 58383 147 2244282
472 48853 51597 37 133656
473 48903 49695 68 56772
474 48984 53756 47 95848
475 49003 50638 132 107421
476 49064 49655 87 33045
477 49368 49616 55 3716
478 49403 51911 54 81452
479 49409 51952 122 127018
480 49450 55285 26 195938
481 49637 49656 26 501
482 49697 49707 45 559
483 50014 53589 50 101456
484 50272 58017 97 444469
485 50330 53269 104 274033
486 50419 58083 60 114271
487 50465 51215 130 76786
488 50530 51581 120 76906
489 50565 50928 19 3269
490 50631 53531 16 30763
491 50637 52990 114 251384
492 50791 54173 4 4030
493 50960 56728 62 125696
494 51052 51262 12 1112
495 51315 51714 29 11759
496 51481 52032 15 2918
497 51501 52845 19 15173
498 51622 52050 107 75144
499 51646 54280 26 48657
500 51757 53245 13 16899
501 52083 58021 6 12969
502 52134 57133 74 70049
503 52136 60721 58 268504
504 52289 81515 26 567239
505 52387 55277 50 52626
506 52431 53503 16 14006
507 52518 55250 111 105023
508 52932 53356 80 30670
509 52998 54083 133 36192
510 53097 56949 7 6257
511 53123 53141 6 37
512 53492 62195 24 72890
513 53551 54218 20 4044
514 53600 54890 17 7029
515 53657 56329 118 121406
516 53677 53829 101 3574
517 53712 65738 13 75404
518 53764 55264 50 40131
519 53765 54606 18 10135
520 53817 60951 67 276377
521 53915 60847 100 317371
522 54087 55953 9 8133
523 54097 57296 44 30231
524 54247 63593 19 140346
525 54469 57533 6 26732
526 54510 56102 10 11741
527 54511 59115 83 62378
528 54796 55908 15 5605
529 54813 56928 128 473671
530 54827 62100 11 33323
531 54853 55534 82 28306
532 54872 59524 57 40045
533 54926 70220 38 158388
534 54988 63551 77 1118775
535 55106 59281 5 6970
536 55150 62236 14 40776
537 55274 58070 51 40780
538 55407 58159 44 41086
539 55504 55915 9 2640
540 55694 55809 21 1011
541 55751 63091 25 54335
542 55832 57311 21 9911
543 55874 56434 22 9796
544 55889 56577 101 18777
545 56193 57009 5 5320
546 56285 56409 89 4327
547 56327 57807 7 3687
548 56340 57207 95 22752
549 56341 60979 10 17839
550 56359 64716 34 26815
551 56454 57344 22 7451
552 56465 81980 83 1765094
553 56603 56731 15 1745
554 56610 66367 20 49459
555 56616 56982 120 8848
556 56828 58087 80 55972
557 56929 58848 84 110342
558 57122 62464 106 276512
559 57312 58767 73 58909
560 57323 61589 7 58257
561 57333 61538 9 46642
562 57387 60562 41 50481
563 57575 67407 86 165377
564 57717 61931 54 147397
565 57770 64784 66 839790
566 57779 62609 99 111321
567 57878 71035 11 12895
568 57884 57983 62 3729
569 57885 62572 42 140462
570 57932 58573 7 5546
571 57991 62679 47 49425
572 58091 65526 61 89420
573 58197 59402 37 61396
574 58263 58511 56 9621
575 58379 59798 19 11389
576 58422 59198 19 13665
577 58509 66037 40 198231
578 58513 59252 41 31673
579 58537 71779 26 177947
580 58661 61139 70 58463
581 58764 67576 57 319146
582 58773 60808 129 83264
583 58805 62807 28 43112
584 58890 74232 134 740554
585 58974 63763 142 310256
586 59083 60714 5 4335
587 59127 69224 66 170364
588 59181 60431 43 11828
589 59260 60201 130 94341
590 59295 61279 132 97402
591 59296 60767 40 9912
592 59409 63635 142 165067
593 59459 66702 17 51153
594 59527 62941 5 5091
595 59820 61117 96 57176
596 59887 61797 51 125224
597 59961 61093 123 98746
598 59970 60205 17 1939
599 59971 60149 46 5751
600 59982 62367 127 60002
601 60008 70314 131 2072249
602 60038 63085 138 158643
603 60381 63743 133 85805
604 60523 60741 15 2735
605 60592 63441 27 42936
606 60637 66780 76 208784
607 60750 61172 82 6607
608 60831 62341 92 28565
609 61004 61859 15 12035
610 61033 61788 18 17996
611 61102 65019 139 223634
612 61113 64253 131 190943
613 61203 66652 10 37092
614 61339 63022 43 69444
615 61397 64062 49 115227
616 61415 65357 54 70087
617 61506 63231 141 147422
618 61518 62178 90 20287
619 61785 68300 5 9183
620 61814 63964 66 146966
621 61910 62661 106 24448
622 61928 69462 5 20964
623 61988 63771 113 45973
624 62358 73192 141 357545
625 62401 62898 74 16439
626 62411 63744 113 146552
627 62596 62792 54 780
628 62969 63118 71 9631
629 63102 65321 41 32450
630 63148 63603 58 38495
631 63347 68059 14 28316
632 63357 65609 20 9188
633 63359 67612 119 92796
634 63422 69210 28 115919
635 63435 67595 64 43526
636 63495 66878 34 16191
637 63652 67710 28 70289
638 63661 67079 64 156252
639 63788 71214 90 404572
640 63835 78821 20 104855
641 63931 66067 68 117310
642 63932 64531 44 12162
643 63937 68293 113 103293
644 63944 64475 28 5593
645 64016 64649 136 53297
646 64092 75247 17 71070
647 64157 70191 117 327814
648 64205 64321 24 1822
649 64458 65504 134 62690
650 64646 73338 53 273907
651 64647 71487 28 27063
652 64695 65427 6 2425
653 64866 66263 8 3439
654 64896 67846 19 15462
655 65033 65380 131 14494
656 65188 68753 7 2949
657 65208 68464 51 61123
658 65301 65534 103 33361
659 65361 70025 55 38473
660 65510 66377 5 2496
661 65537 70462 13 25087
662 65711 66131 119 58053
663 65811 75515 76 453547
664 65847 65939 38 3065
665 65868 74104 75 197914
666 65883 77002 123 1142433
667 66021 67240 145 35962
668 66194 71088 15 18622
669 66244 88062 144 2395040
670 66281 67995 13 9384
671 66291 69288 71 83445
672 66295 71829 142 204546
673 66369 66740 34 2983
674 66380 71353 91 147982
675 66401 68442 48 32686
676 66628 67446 128 35537
677 66796 69400 48 140778
678 66895 67578 58 20462
679 67149 69329 73 30005
680 67228 68381 9 1129
681 67237 71690 31 71667
682 67241 70445 62 82676
683 67272 67866 128 46829
684 67302 68722 17 21769
685 67325 67834 73 22612
686 67339 73973 10 22134
687 67370 77803 115 560913
688 67393 80655 25 74939
689 67413 72519 34 36236
690 67416 80852 87 284643
691 67440 69328 33 33618
692 67476 70116 29 10013
693 67537 69000 30 22907
694 67582 68297 10 3513
695 67693 70987 112 427983
696 67855 70295 24 42529
697 68024 68622 67 24559
698 68045 68279 12 2029
699 68061 68991 5 2300
700 68127 68618 31 16228
701 68137 72819 43 116294
702 68222 68561 6 484
703 68315 72270 127 64413
704 68316 68823 20 3260
705 68503 70470 16 27847
706 68564 71084 6 3458
707 68607 70792 100 40079
708 68644 69941 35 43898
709 68655 69456 55 9173
710 68667 70738 85 115074
711 68742 70433 53 87231
712 68789 73823 83 141157
713 68865 77193 36 62916
714 69113 77330 62 190945
715 69132 71754 147 467541
716 69332 69753 68 9962
717 69383 69494 29 5000
718 69512 71330 7 4440
719 69540 70484 110 54913
720 69620 73480 40 47727
721 69645 71966 16 22297
722 69682 76549 79 339491
723 69700 76747 57 141341
724 69807 72611 45 179514
725 69880 70471 32 2541
726 69917 74116 22 63368
727 69938 73723 134 155370
728 69955 70400 33 9606
729 70064 72718 127 218847
730 70071 73857 41 83710
731 70076 72942 15 23087
732 70248 72125 82 88385
733 70271 74417 83 68357
734 70693 71258 30 7711
735 70723 76268 40 51865
736 70762 77019 137 217237
737 71039 80441 121 211709
738 71186 72865 146 129306
739 71201 72640 28 10758
740 71625 76300 105 331910
741 71819 72842 27 17901
742 71948 75135 40 46649
743 71949 72800 116 45828
744 72018 78904 124 187991
745 72210 80468 21 121699
746 72284 74062 67 106894
747 72287 72990 5 972
748 72336 73634 70 28703
749 72366 73783 4 4250
750 72381 73453 42 13572
751 72473 78561 149 313295
752 72551 74995 61 75261
753 72566 76328 89 150097
754 72613 88645 48 114297
755 72687 75162 40 75117
756 72720 78569 117 93061
757 72791 80748 31 98116
758 72809 74122 58 39565
759 72844 74509 46 33586
760 72873 73792 11 5368
761 72921 73387 50 13406
762 73011 77404 72 138359
763 73139 75292 110 113104
764 73259 77275 12 41126
765 73335 79254 56 99687
766 73461 74978 131 123193
767 73487 74304 26 18447
768 73503 74691 42 13999
769 73561 76755 51 59422
770 73613 75612 20 17648
771 73674 75358 90 106354
772 73934 79403 57 134347
773 74148 77823 44 153159
774 74266 79794 59 106714
775 74326 75939 143 99579
776 74383 79011 104 235867
777 74474 76426 8 8350
778 74480 80817 127 348863
779 74547 75811 26 18213
780 74562 84508 124 461181
781 74680 78039 16 45616
782 74951 81052 83 503531
783 75040 75911 80 23979
784 75079 81176 11 17562
785 75296 77509 100 60219
786 75427 76571 32 36701
787 75619 76073 10 3345
788 75624 76218 6 1456
789 75712 89510 91 267467
790 75715 82267 12 74648
791 75823 78705 29 77493
792 75989 81308 52 109328
793 76047 77658 8 5113
794 76162 78183 8 6778
795 76217 80661 37 51760
796 76260 77261 18 5298
797 76283 76651 120 14586
798 76461 78288 54 62285
799 76712 77900 32 25707
800 76935 82564 23 57471
801 76992 87497 5 20047
802 77046 77662 114 48861
803 77058 80238 74 112258
804 77149 80129 29 55114
805 77163 77927 6 3851
806 77164 78242 36 29695
807 77170 81633 31 32485
808 77228 81306 87 162005
809 77262 80975 104 421238
810 77441 79000 29 10306
811 77553 80154 108 118547
812 77718 80323 127 119472
813 77764 82380 17 52792
814 78078 80060 82 111003
815 78087 88089 34 178819
816 78215 78533 117 14737
817 78283 80630 22 24790
818 78392 79991 72 74010
819 78515 80407 19 27324
820 78641 78800 103 12190
821 78870 87412 19 54289
822 78970 80822 64 123630
823 79012 81721 39 80983
824 79106 81648 107 126638
825 79138 80015 76 34217
826 79226 86198 40 293403
827 79539 79887 148 40253
828 79574 87832 42 250212
829 79646 83747 75 66811
830 79691 80668 54 21248
831 79785 80047 37 2569
832 79871 83527 5 6419
833 79900 81748 48 89077
834 79903 81976 124 103421
835 79912 81362 13 4147
836 80057 82069 137 96782
837 80061 82367 129 62925
838 80080 81382 143 101614
839 80106 84593 6 30683
840 80115 86395 43 98958
841 80251 82354 42 57438
842 80278 83578 100 118754
843 80606 81086 150 27154
844 80614 83671 46 99698
845 80645 89151 30 255851
846 80649 83502 65 79274
847 80981 81296 22 5045
848 81071 82895 52 44620
849 81157 84610 24 32836
850 81280 83829 8 10605
851 81344 86787 121 133534
852 81554 84069 90 54499
853 81617 92069 65 251091
854 81787 85859 25 29501
855 81847 92051 5 33354
856 82029 83560 5 3661
857 82033 83851 6 18756
858 82195 88830 102 497167
859 82249 84850 99 144249
860 82261 88284 69 160123
861 82388 82716 103 57654
862 82417 84215 81 30425
863 82558 89487 13 50792
864 82804 83131 20 9099
865 82919 83474 133 43660
866 83015 92363 29 54072
867 83021 83448 70 14168
868 83078 84199 70 18009
869 83098 84954 65 36124
870 83272 85471 138 311346
871 83341 85555 12 34286
872 83453 98677 111 706740
873 83624 86057 61 80611
874 83625 84196 71 16875
875 83697 88071 115 241000
876 83835 84271 97 132520
877 83982 86688 63 202442
878 84003 84155 62 6209
879 84210 85657 86 143603
880 84391 85301 127 82059
881 84525 88668 9 10071
882 84616 88373 130 931510
883 84622 85420 73 31045
884 84788 86112 6 3929
885 84854 89230 55 160846
886 85000 89018 60 76469
887 85233 90161 113 348058
888 85299 90187 82 241346
889 85322 87487 53 193514
890 85401 86151 15 9371
891 85427 97273 84 561738
892 85671 89073 78 249107
893 85706 90099 21 57597
894 85747 87764 113 77598
895 85760 91197 6 11096
896 85792 89537 23 40502
897 86077 87695 52 30258
898 86143 87962 30 31288
899 86503 87323 43 5608
900 86581 89011 62 79884
901 86649 97721 8 17978
902 86708 90716 130 352276
903 86727 88091 37 63661
904 86860 87793 73 48131
905 87069 96106 10 39754
906 87087 93627 117 256598
907 87361 88231 57 32135
908 87564 90616 76 71702
909 87621 89211 5 2555
910 87789 94834 45 79125
911 87806 89694 27 36891
912 88090 91341 27 36825
913 88125 90193 44 55732
914 88241 91508 37 127422
915 88269 99799 50 542839
916 88291 90600 88 104694
917 88299 92589 7 9459
918 88380 90157 52 41219
919 88563 88879 8 2244
920 88603 93923 39 40777
921 88637 90125 5 3887
922 88987 89466 36 5007
923 89253 89489 27 3611
924 89290 99717 120 413824
925 89304 93886 41 114196
926 89343 90946 58 73521
927 89349 90805 15 21526
928 89441 89534 96 5699
929 89444 90468 19 19095
930 89520 89686 24 4877
931 89571 89869 87 9796
932 89599 97077 121 275635
933 89606 94035 23 40676
934 89773 91447 87 46576
935 89847 91666 32 22886
936 89856 93958 115 311475
937 90000 95519 8 24292
938 90136 93734 52 169868
939 90165 91452 4 3138
940 90177 98423 4 22416
941 90412 98499 16 30067
942 90445 92228 39 25424
943 90489 97244 21 80073
944 90536 92708 19 21695
945 90667 95753 113 300162
946 90725 92286 83 222131
947 90734 95947 60 172677
948 90767 91874 20 4459
949 90794 92148 132 114782
950 91042 93399 116 104428
951 91152 96327 66 135796
952 91199 91262 24 598
953 91285 93387 41 25810
954 91517 95422 118 230329
955 91684 94447 87 69975
956 91685 92523 123 25900
957 91704 96003 5 12880
958 91741 94722 11 10736
959 91912 92738 53 23527
960 91979 94314 30 94171
961 92046 92816 92 72066
962 92050 93668 48 62017
963 92361 92484 125 7194
964 92382 92593 75 6964
965 92564 94904 38 34964
966 92690 95400 61 42467
967 93024 93632 112 16312
968 93272 95475 95 72852
969 93337 95118 28 25314
970 93694 94287 11 2083
971 93777 94380 50 18580
972 93825 95170 9 12246
973 93861 97948 34 117377
974 93953 95635 26 15872
975 94233 97181 12 7645
976 94425 95165 38 7720
977 94530 95279 26 18065
978 94621 98052 13 14340
979 94650 98682 103 577744
980 94815 95003 118 11759
981 94874 96937 9 21704
982 94992 97348 91 63303
983 95068 96250 15 8093
984 95159 97509 95 46260
985 95198 96347 7 1612
986 95483 99515 128 476239
987 95632 95778 77 8441
988 95659 95769 26 1898
989 95878 95986 6 977
990 96054 96465 72 12733
991 96194 97579 7 5931
992 96246 96262 34 253
993 96467 98039 121 61999
994 97727 98546 32 24474
995 97974 98159 13 570
996 98235 99973 28 14506
997 98939 99477 11 2056
998 99001 99111 108 4710
999 99398 99670 137 9705
