50 1000 0.080
.........................................#########
...........................................#.#####
..........................................########
...........................................#######
.............................................#.###
..............................................####
................................................##
..................................................
..................................................
..................................................
..................................................
..................................................
..................................................
..................................................
..................................................
..................................................
..................................................
..................................................
..................................................
..................................................
..................................................
..................................................
..................................................
..................................................
..................................................
................####...#..........................
.................#########........................
.................#####.#.##.......................
..................#######.##......................
....................####.####.....................
..................#.#####.###.....................
.................###############..................
................###..########.###.................
.................#.#########.##...................
.................#.########.#.#...................
.................#.##############.................
....................##.######.####................
.......................#######.#.#................
......................#####.#.....................
......................##.##.##....................
.......................#........................#.
..........................................#.....#.
.........................................##.#..##.
..........................................####.###
........................................#########.
.........................................#########
........................................#########.
........................................##########
.........................................#.#######
.........................................#...#####
0 280 13008 44 200946
1 344 998 68 16487
2 483 10295 34 100165
3 497 1391 29 12131
4 544 639 125 11251
5 564 869 33 3737
6 619 1802 16 24382
7 1195 3494 30 95465
8 1242 1537 51 17707
9 1259 2167 81 128262
10 1285 2987 147 82774
11 1558 1799 39 3593
12 1563 11454 10 33926
13 1642 4113 133 94218
14 1709 1797 124 4747
15 1763 2138 114 21936
16 1835 6065 61 97130
17 1836 2545 63 19341
18 1840 2425 17 4498
19 1935 2173 42 10768
20 2127 6818 54 66479
21 2154 10426 12 25279
22 2188 9107 98 131622
23 2250 3805 102 82024
24 2441 9472 5 10356
25 2469 6076 27 29398
26 2504 3483 99 47057
27 2660 3073 66 18538
28 3057 8804 9 39143
29 3220 8724 52 114244
30 3296 8354 5 14929
31 3360 6105 50 79405
32 3380 5245 98 137591
33 3456 19747 7 26185
34 3537 6503 91 107312
35 3864 9146 8 7658
36 3978 11656 9 39289
37 4015 5260 11 11361
38 4098 8566 50 111338
39 4121 12038 133 976492
40 4144 4507 57 3703
41 4168 8330 97 92804
42 4241 9233 9 29279
43 4365 10572 77 44354
44 4369 6683 5 2440
45 4542 5396 83 47176
46 4679 13472 8 20634
47 4707 4860 75 5591
48 4726 7508 136 164908
49 4803 7372 43 75092
50 4972 5377 21 6587
51 5012 5276 6 1306
52 5095 6347 111 131327
53 5172 6433 94 31062
54 5185 10346 32 50866
55 5190 7291 45 21782
56 5365 5685 142 17653
57 5586 12854 146 319619
58 5698 11412 93 155090
59 5746 7915 27 24334
60 5812 7345 59 76725
61 5826 6102 13 1798
62 5860 5912 50 2361
63 5877 6101 49 6923
64 5913 7818 15 20419
65 5927 11524 141 312180
66 6002 10695 11 32308
67 6120 7421 68 88897
68 6221 10452 57 164764
69 6270 21806 11 74753
70 6301 7820 34 44068
71 6434 20282 102 448452
72 6529 7416 114 40028
73 6679 18061 11 90689
74 6791 7410 41 18935
75 7044 7255 21 627
76 7265 9847 112 119580
77 7268 9046 88 59532
78 7536 8903 59 33229
79 7547 16146 6 32577
80 7617 8576 40 12430
81 7650 9453 131 314919
82 7796 17098 7 49093
83 7799 21566 76 312710
84 7901 14953 51 260995
85 8045 10383 85 21340
86 8223 9557 69 25268
87 8231 10069 103 52289
88 8248 9415 70 20189
89 8374 24405 31 537833
90 8411 11436 23 24764
91 8687 9689 114 81451
92 8759 10434 16 12356
93 8761 9885 111 102027
94 8805 22735 9 34552
95 9042 9390 29 7184
96 9087 9623 11 2029
97 9127 9360 95 12282
98 9229 9646 17 10556
99 9291 10547 106 54537
100 9338 9945 124 43340
101 9358 14767 34 36534
102 9434 19459 97 560536
103 9514 13823 23 18071
104 9836 10778 6 2703
105 9967 11108 107 64757
106 10119 19452 7 16780
107 10130 10864 78 33889
108 10140 10438 104 21692
109 10280 14751 125 219108
110 10337 11864 84 130109
111 10359 14797 51 116626
112 10574 11508 5 1287
113 10749 11752 113 45682
114 10755 30905 51 121964
115 11064 12937 4 1668
116 11140 12044 85 96605
117 11358 21472 36 437413
118 11568 11592 22 287
119 11679 22240 28 67734
120 11684 12803 15 7413
121 11698 16898 130 330923
122 11718 16093 7 40648
123 11920 12151 56 3636
124 11935 13391 10 7906
125 12028 13747 33 29677
126 12070 20649 107 174260
127 12119 16726 23 64053
128 12126 12546 150 57954
129 12143 13957 7 12078
130 12320 15095 25 37773
131 12576 14222 70 104224
132 12754 12811 22 866
133 12836 21821 10 50041
134 12859 13123 76 10343
135 13088 15276 18 21144
136 13205 13991 49 9701
137 13530 23902 112 394866
138 13531 21408 43 183866
139 13988 15305 97 45023
140 14019 14794 101 68129
141 14039 15687 75 71115
142 14073 22897 23 118728
143 14098 20959 130 1104374
144 14134 24522 46 317128
145 14204 15144 22 13225
146 14527 17581 47 31220
147 14569 17313 89 282163
148 14746 19841 47 307139
149 14805 19846 7 22245
150 15056 30446 76 759946
151 15068 16487 11 6436
152 15152 30585 141 880955
153 15170 15966 33 12755
154 15311 20940 90 122246
155 15368 35650 103 1161491
156 15435 16456 33 13426
157 15447 20076 121 421151
158 15540 19004 17 31179
159 15738 16133 57 6123
160 15754 18333 97 196550
161 15831 21411 75 206481
162 15918 17722 115 73958
163 15933 29864 52 322783
164 15947 28137 5 24448
165 16032 25294 114 584487
166 16060 18197 31 27159
167 16155 22321 61 223974
168 16506 17476 137 36755
169 16596 17560 112 56404
170 16783 19766 22 45376
171 16910 17327 143 64876
172 16926 23930 121 281803
173 16964 20328 32 48767
174 17012 19434 64 114655
175 17039 20632 71 128510
176 17133 22917 130 309236
177 17204 19187 18 28618
178 17243 20428 130 337129
179 17432 17721 8 614
180 17437 22636 117 210629
181 17472 18260 38 19414
182 17523 19742 70 24257
183 17536 21065 14 30202
184 17628 20986 87 115764
185 17640 19038 29 59142
186 17754 20474 5 3607
187 17768 19691 5 6778
188 17848 25761 22 54839
189 17849 19764 93 137795
190 17960 20936 18 26904
191 17962 31280 91 650857
192 18045 18076 106 1719
193 18089 27135 46 84938
194 18199 32491 29 115735
195 18206 29160 67 311812
196 18426 18578 93 7825
197 18622 23123 11 37484
198 18709 20991 123 84678
199 18869 19579 13 2438
200 18985 19331 144 34923
201 19129 23202 63 101340
202 19268 21336 15 3970
203 19340 24143 40 82826
204 19437 20439 24 23251
205 19735 26889 33 171988
206 20271 20758 29 8814
207 20442 20506 107 2657
208 20567 22725 21 38188
209 20617 24307 82 108946
210 20688 23040 44 50135
211 20767 48968 111 582525
212 20779 27951 9 23977
213 20810 23332 10 5648
214 20829 36475 30 133473
215 20994 21320 130 21425
216 21070 25394 48 52285
217 21136 23600 39 42494
218 21149 24228 14 19462
219 21163 22474 28 37822
220 21177 21634 17 3422
221 21201 28369 55 231746
222 21415 27696 60 158043
223 21661 24729 85 65698
224 21686 21860 113 17176
225 21690 29597 135 666768
226 22022 25809 28 72519
227 22051 32811 72 411773
228 22236 23969 58 24263
229 22316 26604 55 116079
230 22615 24563 13 11540
231 22698 24683 38 30420
232 22919 23783 138 102604
233 22923 32702 83 550018
234 22989 26621 47 49050
235 23106 31665 15 19175
236 23354 29339 98 207470
237 23414 24884 5 7282
238 23688 43215 104 1195822
239 24132 25048 21 10562
240 24212 24789 42 12299
241 24313 27057 19 28953
242 24349 24555 89 13616
243 24706 26312 89 34107
244 24730 29353 71 189018
245 24828 28629 104 291697
246 24843 25891 11 1469
247 24908 28132 69 43892
248 25064 26205 101 73173
249 25227 29166 110 320875
250 25493 29769 86 190359
251 25561 27187 141 173654
252 25663 31262 61 75731
253 25666 26484 8 4560
254 26010 35306 34 70837
255 26020 30986 24 40894
256 26068 27257 55 11257
257 26109 29614 70 58334
258 26182 26726 35 6698
259 26190 27446 57 49276
260 26233 33394 8 40864
261 26239 28113 9 19564
262 26304 30789 97 212717
263 26490 33149 41 50303
264 26629 27932 81 87573
265 26638 28001 18 5935
266 26687 38399 11 62108
267 26792 30338 71 41987
268 26793 28390 76 55131
269 26819 27820 80 60124
270 26881 32831 89 104347
271 26982 29304 112 160781
272 27259 29048 8 1529
273 27273 40735 130 960654
274 27396 28254 25 8944
275 27461 30035 13 12434
276 27716 32884 146 544847
277 27809 29867 26 40359
278 27910 29405 99 43546
279 28040 37251 21 210023
280 28162 34332 52 61877
281 28288 33477 20 41132
282 28290 31849 27 75882
283 28367 30223 50 31647
284 28459 31190 25 19804
285 28737 30083 13 15860
286 28773 32087 16 11194
287 28821 29945 58 15976
288 28878 30680 132 112231
289 28926 48105 144 1207834
290 28948 29136 50 5183
291 28952 33876 10 47038
292 28986 44343 114 618346
293 29020 30481 109 49265
294 29062 29305 88 22014
295 29085 31918 22 20284
296 29131 39108 60 119796
297 29138 32374 60 45543
298 29175 36997 69 171836
299 29201 33277 114 213247
300 29314 29855 59 30172
301 29336 34383 132 516928
302 29362 38284 63 336518
303 29397 31621 22 35757
304 29476 31707 17 20057
305 29510 31843 15 12235
306 29652 32586 33 43510
307 29812 31093 72 58551
308 29970 31855 12 8726
309 30085 39945 66 271324
310 30110 31413 102 94245
311 30175 32271 110 219838
312 30226 31039 6 1689
313 30232 35982 51 121192
314 30282 33766 11 20594
315 30294 34404 117 304351
316 30397 35164 12 22707
317 30440 31192 47 10591
318 30484 33939 67 98928
319 30572 33673 24 46294
320 30586 34344 63 83673
321 30777 55890 32 165766
322 30803 33591 140 89858
323 30805 31618 28 8445
324 30953 37668 96 201517
325 31057 51681 57 718904
326 31129 34209 81 52199
327 31162 36068 57 104386
328 31222 46351 143 409758
329 31426 33257 54 17780
330 31528 38367 119 682578
331 31538 35634 58 177784
332 31626 42547 72 204047
333 31676 35832 74 336258
334 31724 33889 111 116013
335 31826 33971 104 65648
336 31844 33240 120 41869
337 31859 33553 125 108380
338 31861 36745 70 269197
339 31951 38658 139 282957
340 31964 40078 126 370410
341 31985 36494 102 139415
342 32010 36630 82 267573
343 32116 33772 120 77211
344 32488 32601 27 1569
345 32508 37807 4 10864
346 32529 33231 16 6572
347 32603 34277 26 15174
348 32807 34251 90 47695
349 33085 33403 99 16736
350 33087 38563 114 64006
351 33213 34615 6 7370
352 33239 35201 43 121823
353 33265 35463 132 111799
354 33347 34855 14 11252
355 33480 35489 62 150235
356 33561 33710 61 4085
357 33671 38693 16 34301
358 33973 34268 63 7013
359 34398 45445 91 819855
360 34552 37184 8 2906
361 34593 39637 101 410825
362 34680 42661 36 67643
363 34758 41613 14 49558
364 34761 35943 140 93480
365 34836 36748 96 140716
366 34920 39301 39 36093
367 34928 40240 22 21809
368 35144 39259 103 176855
369 35187 42181 52 122434
370 35362 48071 38 343898
371 35536 36697 66 17103
372 35822 38068 29 20265
373 35824 37446 100 146553
374 35903 42727 91 209913
375 35994 39266 32 56455
376 36026 55520 85 231644
377 36030 36128 23 1228
378 36050 36151 24 1549
379 36103 39506 16 8827
380 36231 38691 16 30641
381 36469 37470 8 2355
382 36635 39173 120 171493
383 36714 43316 50 258421
384 36819 37283 6 2110
385 36902 37443 9 2464
386 37139 37569 10 2678
387 37160 42635 37 198762
388 37230 37452 59 7108
389 37327 38145 96 19607
390 37381 69144 108 818777
391 37411 42792 131 308993
392 37510 43238 18 51495
393 37652 42300 58 115591
394 37755 41071 18 19385
395 37867 42301 20 63340
396 37887 44329 8 6244
397 37918 38686 5 3746
398 37921 40253 42 44547
399 38250 50755 9 18622
400 38275 38854 30 5942
401 38308 40785 8 2424
402 38765 39987 14 11142
403 38776 46652 131 192302
404 38895 39022 120 11173
405 39090 41854 5 6205
406 39110 40767 5 3169
407 39321 40563 78 51026
408 39380 39558 106 8728
409 39584 39869 112 10986
410 39586 40734 49 14563
411 39638 46135 13 28202
412 39666 43975 23 48013
413 39765 41026 5 3987
414 39770 43528 33 45173
415 39851 46868 43 69157
416 39873 41629 11 17871
417 39882 46751 28 89063
418 39955 46761 126 227915
419 40036 47386 109 233815
420 40097 41824 132 82069
421 40106 47197 4 31943
422 40199 56499 72 410284
423 40229 42485 7 12050
424 40629 42244 114 214276
425 40779 41148 7 1107
426 40789 46416 102 154204
427 40888 42269 124 46196
428 40925 41562 8 1823
429 41116 46909 37 145217
430 41168 46583 26 27420
431 41178 53641 55 622378
432 41195 47776 15 21765
433 41250 45161 25 55928
434 41328 43951 38 83659
435 41413 41456 13 244
436 41463 55788 122 357344
437 41631 42253 107 89054
438 41660 46494 67 90901
439 41811 42770 81 65123
440 41820 42052 54 7872
441 41841 45775 7 9289
442 41984 47282 10 29374
443 42011 45720 130 325092
444 42067 44921 11 21474
445 42074 43789 98 53257
446 42138 50014 144 1162684
447 42183 42342 139 6174
448 42208 48543 37 90986
449 42351 42822 31 7676
450 42405 49026 37 99330
451 42459 45122 59 88511
452 42487 45041 7 7500
453 42512 44019 32 22296
454 42601 43793 106 80437
455 42834 43922 73 17870
456 42929 45039 146 215649
457 42931 44446 66 33620
458 43022 59823 120 730912
459 43155 43181 148 1801
460 43214 49036 88 410744
461 43702 47578 26 26709
462 43775 44109 66 20714
463 43833 47537 104 330497
464 43838 44533 147 88107
465 43846 47032 27 27772
466 43886 44146 44 12574
467 43936 49824 75 338537
468 44016 44715 81 62767
469 44144 45895 6 5394
470 44193 45987 123 164557
471 44290 44462 71 1864
472 44378 47982 43 56168
473 44531 46074 19 16977
474 44590 44773 34 5068
475 44605 51858 58 273945
476 44763 49277 35 122064
477 44924 50702 11 45915
478 45048 45405 5 1426
479 45069 48443 133 88673
480 45139 47306 59 143630
481 45181 46212 115 48004
482 45468 50506 138 123428
483 45664 50534 102 220290
484 45852 45859 21 175
485 45903 46745 65 14084
486 45905 49480 29 36845
487 45912 51289 16 58840
488 46022 46322 144 63157
489 46039 46852 36 23018
490 46112 51901 41 204123
491 46127 46572 20 8175
492 46193 47667 73 41707
493 46244 47305 147 109525
494 46345 46898 122 27235
495 46367 49467 94 69088
496 46520 48118 32 19391
497 46837 54011 55 71536
498 46952 49403 141 84087
499 47010 48998 109 191882
500 47175 48725 53 54193
501 47245 54856 113 233623
502 47292 47911 12 1948
503 47368 49185 75 54081
504 47674 49749 99 57813
505 47715 67248 25 356256
506 47804 51775 126 176115
507 47856 52334 66 132880
508 47934 52253 31 91927
509 47942 55444 121 324921
510 48016 52337 5 8790
511 48087 55676 85 113331
512 48374 55975 90 205559
513 48480 49319 27 12024
514 48485 52845 5 5102
515 48567 50047 9 2134
516 48587 49468 116 42026
517 48710 56721 61 166273
518 48737 48866 33 2984
519 48761 49401 99 33130
520 48904 50824 39 55403
521 48962 66193 49 457483
522 48989 50606 25 34073
523 49011 50124 9 2585
524 49035 49762 23 4249
525 49106 55235 113 119147
526 49190 53065 138 480866
527 49217 56918 105 177960
528 49231 53047 8 13298
529 49340 52812 4 19915
530 49408 59129 87 193186
531 49432 49758 29 2689
532 49551 56577 18 79560
533 49745 52137 14 23248
534 49765 52166 6 3011
535 49790 58664 89 248098
536 50176 55178 103 141664
537 50343 52985 114 225503
538 50439 50507 60 794
539 50548 53699 67 168082
540 50586 51210 34 7378
541 50615 51568 36 11523
542 50683 57833 85 225805
543 50807 59811 19 82111
544 50823 51774 133 15067
545 50884 55112 23 64964
546 50995 53082 56 197423
547 51087 53422 107 287178
548 51227 51572 76 14430
549 51312 57787 11 26161
550 51361 57409 53 101244
551 51508 64366 108 377951
552 51635 58683 130 290758
553 51698 57649 88 151978
554 51767 53601 5 2324
555 51807 55882 100 170734
556 51848 53088 82 22220
557 51903 57088 42 56050
558 51943 53019 137 25870
559 52020 55933 22 16213
560 52048 55490 116 419910
561 52053 53990 11 8950
562 52434 58776 38 81970
563 52560 56153 10 12365
564 52579 54464 55 66878
565 52609 65217 51 137454
566 52616 52744 142 13762
567 52707 56560 150 460234
568 52724 55323 22 35517
569 52799 56202 32 41704
570 52813 54898 148 97101
571 53083 60742 28 50722
572 53194 53428 18 1895
573 53334 53598 45 8081
574 53395 60209 18 37985
575 53424 53552 74 2996
576 53443 58526 5 3236
577 53482 55748 100 63571
578 53498 56348 70 148878
579 53604 58463 9 34726
580 53913 59278 66 61632
581 54197 62798 11 23460
582 54255 60449 148 188296
583 54370 59315 18 39264
584 54389 55722 43 18887
585 54404 54902 7 2092
586 54429 54939 58 13833
587 54484 58373 109 120810
588 54494 68205 39 211843
589 54524 56775 104 198896
590 54604 60013 140 188081
591 54775 60780 145 209336
592 54816 55165 124 20280
593 54864 58904 10 25837
594 55071 56593 60 111321
595 55200 75224 35 596077
596 55369 57157 98 275139
597 55400 58310 89 100123
598 55433 56904 42 65017
599 55515 58726 66 110857
600 55589 65532 37 121591
601 55672 62480 145 878429
602 55735 61499 45 239241
603 55783 57277 7 6196
604 55943 58911 11 19376
605 56112 59812 90 132222
606 56290 64729 39 141912
607 56473 58703 29 38026
608 56732 57271 92 35600
609 56819 59610 21 5854
610 56934 57950 84 64230
611 57010 61968 96 333925
612 57301 57985 59 14283
613 57364 69150 8 21179
614 57368 62284 125 253210
615 57432 63104 106 100842
616 57488 62870 52 154795
617 57698 65852 122 529407
618 57767 58218 65 36972
619 57977 61532 35 35719
620 57988 66898 62 203055
621 57990 61010 27 29017
622 58016 63797 62 134327
623 58118 76357 60 1082501
624 58158 63865 61 114505
625 58159 63328 45 144539
626 58398 59506 81 108302
627 58429 67005 103 373072
628 58432 60846 92 83168
629 58462 62609 100 300902
630 58497 58840 31 2989
631 58527 60259 49 38356
632 58595 59581 30 4144
633 58672 59110 59 41500
634 58738 61585 22 8399
635 58772 63103 78 76827
636 59028 65874 9 54019
637 59111 69177 58 179076
638 59168 67061 111 382473
639 59169 60830 30 35282
640 59203 65711 130 236807
641 59220 70017 43 191046
642 59265 66296 41 186064
643 59499 62791 82 37673
644 59566 60142 20 7369
645 59685 62788 36 48884
646 59831 64660 75 149368
647 59932 63164 13 14659
648 59947 63116 11 39019
649 60024 65107 110 239769
650 60066 62000 49 29895
651 60242 73145 9 40793
652 60374 65109 63 192489
653 60463 64782 68 125012
654 60466 61787 21 9527
655 60474 60943 20 4533
656 60486 66140 76 209405
657 60759 67976 103 466001
658 60843 61770 76 34280
659 60940 67613 88 65591
660 60997 62267 49 36391
661 61131 63671 38 22427
662 61310 64740 58 77553
663 61392 64033 14 23430
664 61520 65122 52 115320
665 61522 62310 65 30249
666 61564 68605 17 47195
667 61565 65522 6 3354
668 61588 63367 103 118743
669 61643 71024 31 165515
670 61934 62024 44 1068
671 62070 66973 64 102223
672 62257 67033 39 135040
673 62372 62935 135 32445
674 62526 64594 53 35788
675 62743 72281 40 88445
676 62747 63165 19 4766
677 62786 64269 76 44923
678 62973 76826 30 239458
679 62982 67834 95 296433
680 63034 64390 22 9665
681 63171 67143 61 91034
682 63222 69934 33 74341
683 63356 71967 42 93833
684 63362 65306 36 29183
685 63399 64417 4 1047
686 63400 65362 32 35161
687 63436 64418 149 150157
688 63552 68402 57 232562
689 63596 82983 26 380209
690 64034 71295 7 15050
691 64078 64234 94 7601
692 64152 64298 24 1057
693 64153 68498 20 17100
694 64197 66378 131 226957
695 64495 64862 49 4691
696 64508 66459 6 1515
697 64598 73652 56 251629
698 64991 71496 51 40973
699 64993 74576 141 571613
700 65183 65494 10 7490
701 65243 67052 40 16809
702 65392 68369 27 31443
703 65443 65655 9 623
704 65597 68931 25 39066
705 65646 66074 41 12960
706 65756 66166 31 3135
707 65796 67273 38 36618
708 65892 70208 139 132703
709 65897 80278 11 53272
710 65951 68478 6 11393
711 66181 68508 4 12672
712 66206 71000 58 285369
713 66227 68828 14 13877
714 66323 78941 87 381808
715 66335 69992 27 61223
716 66511 69868 96 227806
717 66614 70807 20 31892
718 66657 67615 21 10363
719 66666 66881 13 2369
720 66675 69057 102 180972
721 67045 68109 10 6835
722 67181 67188 19 189
723 67200 72326 102 217801
724 67222 89106 94 1289329
725 67528 72423 9 37510
726 67571 67925 5 673
727 67786 70509 6 6374
728 67830 68435 91 23267
729 67886 68030 17 1505
730 67981 68594 44 16225
731 68172 70565 10 22707
732 68238 74223 76 346999
733 68284 71327 10 52302
734 68330 69118 18 8215
735 68350 71259 76 53979
736 68560 74571 19 95783
737 68652 68746 136 3824
738 68722 78366 85 291767
739 68776 81878 21 58594
740 68871 70678 132 134214
741 68879 70717 19 14892
742 69093 76955 74 113402
743 69148 70685 50 51907
744 69205 72339 5 6307
745 69310 88986 147 2484673
746 69389 69719 101 59009
747 69397 76289 132 293984
748 69418 71108 41 67717
749 69429 80075 22 127145
750 69489 70053 145 41236
751 69506 74674 10 47351
752 69675 75958 137 124852
753 69807 69957 107 7162
754 69860 72544 15 17742
755 69964 71579 47 40138
756 69971 75550 103 249645
757 69991 71686 25 24699
758 70073 76059 143 111068
759 70086 70654 7 990
760 70217 76346 32 143045
761 70482 74411 42 60898
762 70684 72727 27 16234
763 70759 72834 42 100817
764 70950 72025 17 14286
765 71066 74096 5 3480
766 71173 73946 124 287312
767 71276 71417 73 3946
768 71340 73694 65 101186
769 71385 80368 4 17058
770 71410 71987 25 9665
771 71463 74060 25 56577
772 71615 72700 58 8050
773 71687 75391 76 288280
774 71745 71868 25 1579
775 71809 73420 132 80886
776 71988 72365 113 19851
777 72182 72434 112 27448
778 72393 77834 57 298119
779 73026 74028 33 22251
780 73104 75238 81 93900
781 73258 77421 28 114856
782 73262 74289 140 105951
783 73321 77488 118 210172
784 73628 81274 67 273035
785 73663 77775 33 113823
786 73784 78243 13 40516
787 73795 75689 23 15389
788 73807 74632 37 11013
789 73991 75773 98 145619
790 74044 77516 111 125338
791 74067 77300 32 36474
792 74101 77575 96 106247
793 74113 84501 124 440724
794 74376 77066 21 70649
795 74392 82512 7 23008
796 74528 77874 46 127118
797 74700 75080 24 3771
798 74752 89203 49 113940
799 74988 76561 77 35104
800 75198 80509 20 50402
801 75243 83187 66 232564
802 75257 76543 33 28761
803 75282 75924 97 35280
804 75540 78355 103 239515
805 75602 76087 15 4439
806 75788 76244 74 16101
807 75911 78609 11 18998
808 75991 77474 56 67581
809 76069 85315 53 235480
810 76117 77057 42 13162
811 76131 81060 81 626950
812 76147 81466 20 52472
813 76167 76928 113 55624
814 76197 81501 9 6538
815 76241 78509 123 216978
816 76313 76362 31 1564
817 76353 77398 22 12830
818 76391 79002 146 296612
819 76446 80219 12 15875
820 76517 77851 33 30139
821 76531 80027 59 125428
822 76579 76713 32 1714
823 76670 77998 40 51493
824 76751 78208 9 13877
825 76981 78223 47 10374
826 77223 81412 31 56830
827 77251 80484 57 48389
828 77292 80661 87 165568
829 77342 77896 5 1326
830 77371 79585 9 10965
831 77373 78147 131 34039
832 77431 81827 125 239840
833 77466 83027 29 44287
834 77502 82918 9 33860
835 77506 77966 11 5532
836 77582 85875 28 299607
837 77617 77731 12 1247
838 77706 81230 73 215026
839 77945 78068 57 10601
840 78003 87418 21 67422
841 78504 95204 43 423422
842 78624 79046 50 6119
843 78642 83748 12 34526
844 78696 80184 41 25149
845 78849 82883 149 214611
846 78889 81474 12 18405
847 78913 92863 55 453119
848 78938 82150 55 98598
849 79109 84253 40 54750
850 79150 83081 34 22885
851 79233 86236 92 233219
852 79261 86429 109 306173
853 79590 81602 48 214876
854 79638 80025 14 14058
855 79719 85068 62 341807
856 79815 84259 5 27497
857 79828 81815 143 183857
858 79851 83139 15 66670
859 79987 82470 6 6787
860 80095 83791 11 17741
861 80108 86357 40 148762
862 80340 82941 9 15335
863 80656 82080 105 120458
864 80693 89557 5 10986
865 80733 86314 49 44007
866 80783 84705 13 38672
867 80795 82077 142 45300
868 80869 82710 7 5790
869 80893 83155 53 55238
870 81553 86418 80 171223
871 81681 93639 80 168760
872 81703 86194 31 45281
873 81785 84891 15 18453
874 81899 91521 39 124723
875 81970 83799 22 9938
876 82126 88354 34 95866
877 82210 87369 20 36586
878 82329 87946 49 111132
879 82440 82724 9 6123
880 82590 95872 54 181711
881 82660 91015 7 38442
882 82830 85504 84 81894
883 82996 84939 148 252532
884 83379 88612 36 109382
885 83813 87566 104 154860
886 83980 89507 137 421079
887 83984 88848 79 207884
888 84000 86623 41 20879
889 84098 87649 45 34789
890 84147 86901 40 45508
891 84166 86086 133 150134
892 84172 84800 112 7832
893 84255 88577 89 321869
894 84395 86320 54 27941
895 84468 87575 17 25430
896 84576 89829 55 140308
897 84664 89321 37 121937
898 84897 85217 110 9371
899 84927 85408 24 8831
900 84932 89732 87 215094
901 85064 89175 76 72811
902 85311 90521 122 318859
903 85540 85707 31 3830
904 85646 91578 102 219075
905 85734 87701 137 64561
906 85759 85800 11 242
907 85822 86800 78 34856
908 85895 91203 82 137394
909 85908 91698 94 328037
910 86264 86359 19 582
911 86347 91250 19 34749
912 86889 88111 122 38093
913 86913 90031 113 86484
914 86998 90972 8 16206
915 87023 89768 102 130462
916 87151 92067 11 18725
917 87549 92292 99 656810
918 87955 91380 141 122275
919 88012 94153 22 66125
920 88021 91508 113 232961
921 88498 92164 10 5943
922 88634 89039 83 14247
923 88770 89124 68 11154
924 88852 89955 87 69529
925 89004 89882 12 5737
926 89056 92024 144 147021
927 89155 91385 22 50276
928 89259 94083 38 94707
929 89316 96119 81 298648
930 89633 90782 22 31686
931 89666 90828 88 117918
932 89683 89974 64 8803
933 89738 91274 28 48279
934 90228 92758 146 261932
935 90266 90886 142 42950
936 90441 90760 93 18127
937 90606 94560 96 199407
938 90733 95259 22 26486
939 90955 93322 80 88907
940 91029 95072 107 241407
941 91243 95878 90 186429
942 91252 91270 124 558
943 91327 95401 117 232119
944 91355 94385 88 64484
945 91386 97406 45 181801
946 91631 94639 75 42501
947 91801 94677 112 181823
948 91967 92201 126 13548
949 92152 92920 141 55417
950 92165 92606 27 9294
951 92287 92998 8 2614
952 92335 94030 94 33805
953 92367 93374 29 6855
954 92375 99078 24 104327
955 92400 99348 19 28851
956 92550 96604 38 62463
957 92584 99702 62 300236
958 92682 96537 13 26960
959 92767 97832 9 20296
960 93002 93817 52 12860
961 93093 94665 52 13265
962 93212 93819 131 28104
963 93236 96795 135 100475
964 93498 97218 58 208784
965 93566 96885 25 28007
966 93734 94748 5 2863
967 94286 95217 95 10760
968 94333 96155 11 24323
969 94419 99060 71 155796
970 94483 95159 67 24586
971 94866 97748 16 25891
972 94879 95222 39 5629
973 94979 96129 111 34242
974 95212 95611 6 2498
975 95284 97108 14 9990
976 95675 97868 31 52819
977 95709 95954 128 35140
978 95820 98946 14 7637
979 95928 95945 70 636
980 96053 98302 35 39115
981 96205 97696 131 60637
982 96533 97317 33 11311
983 96590 99079 90 283114
984 96599 98099 56 43515
985 96660 99000 115 159418
986 96702 96962 18 7831
987 96739 97259 55 11144
988 96814 97082 42 7796
989 96941 97937 40 34212
990 97040 98643 6 16902
991 97165 98379 47 27972
992 97502 98696 10 14920
993 97598 97960 9 2329
994 97642 99392 98 64254
995 98445 99648 97 46038
996 98492 98913 107 11097
997 98853 99151 137 19578
998 98923 99913 66 16293
999 99156 99741 33 5706
