50 1000 0.059
..........####....####.............##.............
..###......###......###........###.###............
...#.........##....###.........#####..............
.............#....##.........######...............
.....##....#########........#..#.###..............
.....##...###########.....###...#####.............
......#.######.####........###..######............
.....####.###..###..........##..#####.............
....##.....#........##.......###....##............
...####.............###.......###...#.............
.....##.............###......####...............##
.....#............##.####......##....##.#.....####
.....###..........####.##.......#.....####...#####
...........#.......#######..........#.#####...#.##
####......###.......#.#...........###.##..##..###.
##..##.#######....#####...#.......######.####...##
#..####....####.##..##....###......#.###..#####.##
#....##...##..###...##...#####.....##.....########
...####....######...##......###.....#.....####.###
..####......######........#####..............#####
...#####....##..#..........#.###.............###..
.....##.....##..............#####.............#...
....##.......................###.....#............
...###......................#####....##...........
..###......................###......#####.........
..#####.....#..............##......######.........
.######....##.......#..............######.........
..######..####......#..#............#####.........
.....##...######...#####....##.##...###...#.......
....####...###......##......##.###....######......
.....#.#....##.......##......#####....##..#.......
...#.#.#....###.......#.##..#######....####.......
...###.....##.......#######.##.#####..##.##.......
...#.......#........#.###......####....#..........
##.###............#...#.......###.................
#####......#.....####.#......###..................
###.##.....#.....#.####.....#####.#..#............
#######...##.....###.........#######.#............
#####....#.##.###.##........#######.###........#..
######...###....#.##........##.#####.####.....##..
.#.......####.....###......#######.###......######
..####.##.##...............#..#.##.#.........###..
...#.######............###.####..#.#...........#..
...#...#..#....#######.#.####.#.....#.#........##.
.......#....#...#...##...#######...##.#####....###
............######.........##.###.######.......##.
............######.........#.##....#.#.......#.###
...........###.####.......##......######.....#####
...........##...#.......####........##......######
...........#.............###...............#######
0 370 7137 19 110650
1 557 1172 21 13558
2 594 14448 20 76881
3 761 2665 72 89715
4 764 12708 99 587882
5 792 3087 24 25966
6 856 1828 111 180344
7 907 12028 95 332330
8 918 13461 57 211445
9 951 5847 8 6378
10 1086 16348 31 204649
11 1236 2457 96 48186
12 1268 3995 11 8252
13 1307 2799 12 11732
14 1362 1460 80 2545
15 1369 3444 92 168150
16 1480 11017 6 11170
17 1552 12949 91 146068
18 1585 3673 40 43920
19 1662 2536 66 39356
20 1790 7670 14 19469
21 1854 10409 137 630063
22 1968 40860 81 523234
23 1985 8759 106 405413
24 2025 9522 137 630593
25 2101 4224 16 6787
26 2239 43687 98 598064
27 2265 4030 12 5336
28 2269 5036 69 161911
29 2329 4086 108 130996
30 2440 7814 51 213219
31 2485 2520 120 4227
32 2647 3756 133 98832
33 2671 11555 68 359025
34 2722 19266 111 574047
35 2801 9944 136 358271
36 2808 3069 58 6855
37 2939 5200 8 12405
38 3047 9666 144 337215
39 3466 6159 34 68544
40 3564 4782 20 7456
41 3748 5570 95 47820
42 3799 17065 15 45428
43 3846 8585 48 252572
44 4111 9392 76 459717
45 4130 11875 43 103498
46 4134 39998 39 484480
47 4171 11199 140 570632
48 4322 5664 37 19894
49 4429 4862 23 3625
50 4572 20520 125 660016
51 4575 5343 45 5806
52 4906 19079 61 561571
53 5004 11340 14 16942
54 5100 5223 35 2173
55 5194 31182 16 136968
56 5230 5916 21 9057
57 5391 10071 10 18963
58 5455 11196 113 332635
59 5536 15005 57 206939
60 5585 7379 16 22877
61 5711 7738 10 15697
62 5873 27076 43 677442
63 5946 19739 19 113846
64 6252 6271 114 986
65 6309 29884 24 69318
66 6368 6532 73 17111
67 6523 16430 72 172654
68 6534 12674 15 39279
69 6738 17808 16 99942
70 6890 12760 87 225823
71 7045 7796 20 13190
72 7083 8095 82 13976
73 7090 11645 10 19943
74 7130 9170 108 130743
75 7382 7739 60 10015
76 7415 8867 125 107241
77 7426 25235 127 1320607
78 7431 13162 93 520070
79 7534 8433 11 7772
80 7565 10776 112 162500
81 7574 8666 128 73728
82 7575 35139 21 164116
83 7671 10937 50 182882
84 7925 16673 37 185280
85 7929 22565 98 996308
86 7951 17438 21 74523
87 8025 8137 6 835
88 8172 30554 10 69738
89 8209 15713 115 469321
90 8343 8522 63 6718
91 8398 13712 106 356212
92 8439 10814 48 20595
93 8468 14423 91 213354
94 8470 35286 105 913756
95 8498 12108 38 73607
96 8534 11412 109 199744
97 8594 17715 45 109142
98 8645 12398 23 10038
99 8649 10839 75 202591
100 8665 14028 9 29711
101 8707 10866 11 13077
102 8848 17387 35 75247
103 8967 20882 10 46274
104 9173 18255 32 89545
105 9328 9892 108 27675
106 9332 10581 83 80392
107 9376 18606 10 38523
108 9500 48134 77 1261058
109 9620 10189 32 3201
110 9631 26164 61 556859
111 9641 14352 119 162900
112 9765 11551 51 63067
113 9924 14318 32 49540
114 9966 13579 44 29748
115 10049 13007 39 22725
116 10051 23577 144 1457855
117 10157 22836 36 354204
118 10169 20216 103 269131
119 10234 12459 26 31090
120 10517 10628 117 4131
121 10522 12146 83 44638
122 10530 11756 91 90339
123 10532 13145 14 23978
124 10696 17103 9 26287
125 10726 20174 4 8077
126 10743 45338 86 684051
127 10747 16924 17 22274
128 10778 16553 57 69427
129 10824 13475 35 81284
130 10830 13522 87 35181
131 11124 14906 57 53578
132 11237 11305 6 292
133 11323 18245 35 112223
134 11368 24947 53 176003
135 11397 11548 33 5330
136 11399 21130 44 263650
137 11575 13124 108 74486
138 11581 17530 52 91210
139 11629 13387 16 16843
140 11662 17086 7 14598
141 11809 13254 144 326677
142 11936 21083 131 998435
143 12105 19265 86 101834
144 12116 14961 54 76268
145 12166 17951 31 164656
146 12502 14839 49 32735
147 12597 13181 49 7434
148 12702 28062 113 680050
149 12747 14584 123 140053
150 12783 13205 58 11140
151 12887 54067 13 241110
152 12938 15545 38 78717
153 13137 18905 97 136018
154 13185 16760 27 13836
155 13369 26851 74 590504
156 13472 20087 46 420707
157 13650 15188 73 131235
158 13769 19249 53 42089
159 13908 16617 108 53465
160 14134 15679 56 42594
161 14227 17139 6 28283
162 14369 16448 142 66309
163 14438 16189 147 206745
164 14559 15478 20 2576
165 14572 42591 38 129319
166 14675 17701 108 127446
167 14685 26922 143 995398
168 14709 22545 59 168971
169 14826 25514 11 45495
170 14928 16248 97 46136
171 15041 19385 136 362375
172 15051 24728 32 188341
173 15071 19816 114 308404
174 15257 25103 11 21383
175 15267 19772 146 100466
176 15367 25961 149 567836
177 15467 33814 99 268241
178 15482 37440 4 22363
179 15567 24285 18 28066
180 15646 31133 140 1737371
181 15681 26911 105 525543
182 15825 17621 42 69497
183 15871 18677 25 18695
184 15900 19807 92 255249
185 16094 25612 52 248331
186 16101 22889 129 914836
187 16183 22613 15 29928
188 16377 18228 123 60668
189 16416 17815 50 36822
190 16421 28573 6 19969
191 16483 18781 14 9558
192 16606 17780 89 32732
193 16661 24025 129 771376
194 16751 28477 76 181784
195 16757 17568 24 4258
196 16800 17414 5 884
197 16855 26010 69 253413
198 16952 32083 6 28874
199 17148 22193 73 483089
200 17247 19309 72 32721
201 17520 39000 148 987588
202 17559 34498 22 92879
203 17629 27641 146 642556
204 17742 20797 59 69852
205 17883 29990 37 327243
206 18127 21776 75 87591
207 18398 26093 87 252686
208 18439 20673 110 124083
209 18443 19349 92 57407
210 18653 19314 37 24767
211 18657 21870 44 138682
212 18720 33233 49 127531
213 18724 19006 7 294
214 18823 21939 111 145714
215 18886 20260 68 90761
216 18945 26818 63 363512
217 18956 22698 19 14155
218 19374 46654 117 910093
219 19425 22675 96 262950
220 19540 27440 38 104989
221 19824 20775 13 2189
222 19924 20033 25 737
223 19976 23204 41 78217
224 20001 22857 41 22029
225 20296 24948 9 27493
226 20323 20647 94 6161
227 20364 31520 48 201876
228 20409 23404 13 17583
229 20503 24698 55 192930
230 20541 39527 31 178458
231 20577 20957 58 17638
232 20584 23780 117 160468
233 20832 26688 44 89267
234 20847 23961 19 15014
235 20870 23032 17 35150
236 20950 22880 4 5881
237 21027 41442 22 214099
238 21296 21765 129 31084
239 21300 32563 73 367656
240 21322 36286 12 98755
241 21475 25948 37 90022
242 21499 23793 67 104964
243 21893 21997 61 3689
244 21917 44733 36 363362
245 22079 32902 45 191013
246 22262 48155 8 109415
247 22371 38824 8 30790
248 22558 27486 5 16971
249 22606 27065 45 124472
250 22740 48487 13 116663
251 22984 27744 22 31848
252 22988 29752 104 190385
253 23011 26415 33 83847
254 23028 27955 8 31864
255 23083 35647 60 157622
256 23098 30434 141 265313
257 23145 27856 48 59910
258 23246 48128 23 108002
259 23284 24764 39 46966
260 23297 23938 79 22143
261 23310 24291 14 3919
262 23348 23826 110 50378
263 23558 28230 52 58278
264 23624 29539 49 153328
265 23800 39394 110 544806
266 23971 26507 109 69998
267 23974 24753 42 62111
268 23982 28664 83 184630
269 23985 32613 40 38313
270 24032 30293 21 41528
271 24473 26624 76 62350
272 24505 31590 122 452037
273 24543 28830 40 93061
274 24741 25092 95 28422
275 25138 25169 119 3240
276 25196 31862 19 46823
277 25286 27200 17 33408
278 25368 26167 62 17335
279 25400 42575 9 89244
280 25418 26182 131 66008
281 25437 32822 92 274424
282 25747 27971 103 110801
283 25937 28422 67 67880
284 26125 33876 51 266137
285 26236 37934 121 279792
286 26299 28292 109 51960
287 26328 31294 17 57072
288 26339 35351 8 45978
289 26393 29998 115 381381
290 26531 29230 23 67450
291 26601 33055 7 10747
292 26632 27390 47 10902
293 26794 30369 149 215789
294 26802 38744 44 97042
295 26835 27292 115 31390
296 26849 29923 12 14596
297 26972 28833 51 33878
298 27067 36494 62 147804
299 27097 35237 6 14413
300 27127 32483 9 25646
301 27181 27380 14 4425
302 27279 37079 108 352879
303 27365 27931 102 13466
304 27422 27425 82 412
305 27589 32324 13 10447
306 27616 39510 12 30761
307 27661 32180 114 350703
308 27723 30789 39 30065
309 27934 29227 22 10402
310 28036 28789 139 133181
311 28155 31224 141 73765
312 28301 28804 40 12717
313 28324 28675 38 7856
314 28361 36235 14 78757
315 28503 30929 19 49045
316 28931 41268 132 579797
317 29584 44266 102 400248
318 29660 31417 51 30448
319 29702 54934 27 156893
320 29944 31159 110 116521
321 29967 32748 130 92322
322 30039 34761 13 20878
323 30146 30666 43 18263
324 30380 38341 114 294509
325 30400 33648 41 53921
326 30471 58941 9 68725
327 30609 31661 28 14406
328 30659 40094 143 987329
329 30738 32056 133 188585
330 30801 32698 8 7233
331 30919 43854 29 390382
332 30962 31436 114 29224
333 31283 41427 48 88629
334 31411 44329 23 61149
335 31445 36339 148 337579
336 31792 34517 74 122226
337 31832 34485 82 96879
338 31891 43860 51 282151
339 31914 37970 19 20559
340 31918 34527 50 40207
341 31930 68219 19 251145
342 31951 37870 109 174658
343 32141 40852 132 753201
344 32205 38627 80 102409
345 32291 36798 110 142547
346 32296 36672 36 41882
347 32374 35654 13 20122
348 32416 34268 80 103279
349 32418 46656 138 1102543
350 32434 45172 45 83835
351 32504 36003 29 35698
352 32532 44853 9 26846
353 32542 33915 20 6881
354 32552 34493 95 92527
355 32598 32795 38 9292
356 32644 38570 114 311097
357 33018 41956 92 376341
358 33106 35663 46 46537
359 33211 33666 24 4125
360 33355 39090 23 73312
361 33356 38601 6 14520
362 33397 33799 139 58100
363 33513 35430 16 18117
364 33528 36894 63 42348
365 33550 44496 10 71718
366 33715 36005 107 156157
367 33771 40752 64 120100
368 33794 34062 95 25394
369 33798 37112 30 43384
370 33821 34727 97 16530
371 33827 35662 41 72950
372 34052 38424 122 886526
373 34093 37579 20 22966
374 34152 37588 63 63978
375 34190 37184 114 130875
376 34381 44822 139 258737
377 34451 37328 77 120259
378 34467 34572 77 4403
379 34721 36915 10 15757
380 34742 35027 14 2909
381 34787 37419 145 480073
382 34822 45889 123 223245
383 34878 42073 120 406552
384 34943 37165 55 40102
385 35102 37253 26 25898
386 35315 40758 15 41990
387 35356 38768 23 22777
388 35449 36670 80 35586
389 35519 39560 47 65108
390 35578 42461 12 39577
391 35752 35840 7 376
392 35812 39853 136 165780
393 35855 40254 10 16138
394 35923 38922 143 181020
395 36066 42788 51 36613
396 36111 37840 112 123666
397 36122 36349 48 4254
398 36262 45333 23 51973
399 36561 43851 47 290427
400 36622 47081 69 267934
401 37158 43657 17 24347
402 37230 40020 5 15795
403 37289 45020 58 104806
404 37348 47118 83 194765
405 37409 37902 43 5372
406 37475 40531 128 461835
407 37546 48659 34 147568
408 37707 66661 17 288557
409 37730 41890 46 81194
410 37818 40374 95 226963
411 38039 40869 48 33786
412 38079 39408 5 2929
413 38105 41202 133 281250
414 38123 39808 17 22866
415 38193 38600 18 3140
416 38289 39687 26 8763
417 38291 48663 137 598270
418 38353 38419 6 224
419 38382 41255 19 34726
420 38390 48234 104 737438
421 38477 43881 67 151149
422 38592 42130 34 84270
423 38599 39915 121 50158
424 38707 41041 72 69979
425 38831 39570 120 24933
426 38933 40115 80 43426
427 38995 40298 105 137768
428 39137 44162 105 416670
429 39223 43497 137 497280
430 39386 41104 22 15899
431 39442 52795 9 31804
432 39446 40370 26 31237
433 39652 58435 61 154014
434 39659 59347 113 1256660
435 39703 46143 129 380359
436 39765 44497 92 373961
437 39777 42545 136 100733
438 39792 52843 7 38846
439 39830 50537 36 79575
440 39978 41453 15 16803
441 40270 42382 7 10966
442 40306 46227 66 184474
443 40357 44217 38 159991
444 40510 43847 4 1568
445 40526 53512 10 124718
446 40695 51579 76 769194
447 40725 45717 135 215927
448 40787 40841 30 485
449 40875 41315 48 6912
450 40928 43442 5 11509
451 40936 58883 8 40784
452 40994 42943 107 143068
453 41128 45782 64 105432
454 41245 50452 130 1255161
455 41319 49165 131 649103
456 41351 41591 65 8843
457 41421 41731 99 10504
458 41576 48888 46 239858
459 41670 46591 19 29339
460 41674 49128 23 113921
461 41711 47426 16 33642
462 41853 45824 139 490575
463 41864 49590 29 67796
464 42028 45347 52 171338
465 42038 48752 5 9533
466 42187 45182 144 515247
467 42211 45413 42 124054
468 42244 48898 113 679068
469 42308 45394 39 27268
470 42379 63707 137 904070
471 42470 70600 53 452362
472 42582 50302 4 18552
473 42799 50129 125 2261332
474 42832 47724 38 23372
475 42982 57791 107 556258
476 43069 48535 63 150343
477 43104 47589 68 83517
478 43141 63595 48 185408
479 43249 43714 47 17079
480 43295 79340 55 305072
481 43927 43976 32 430
482 43994 49317 37 97070
483 44038 46445 22 34932
484 44113 48199 97 376878
485 44451 56853 121 337292
486 44571 51443 6 12683
487 44655 58763 35 267742
488 44720 50066 41 106669
489 44746 53642 144 629408
490 44760 46441 56 67171
491 44843 47516 10 9574
492 44981 47239 54 73026
493 45263 49801 136 576536
494 45411 50159 30 130373
495 45593 47738 122 155379
496 45609 47702 7 2341
497 45666 55193 14 21094
498 45801 46667 45 7102
499 45847 54229 45 224347
500 45978 59700 90 510563
501 46038 50252 140 156336
502 46043 48500 88 105795
503 46111 73790 110 2574159
504 46124 54599 97 457629
505 46136 53167 101 213441
506 46186 54742 139 1220400
507 46286 64448 60 359120
508 46300 62195 36 440876
509 46430 53550 57 209061
510 46499 54607 19 71244
511 46733 48175 31 14681
512 46863 72962 35 223344
513 46881 55740 77 193286
514 46928 47774 6 2267
515 46994 55245 45 100003
516 47146 53443 133 405879
517 47329 48909 123 111264
518 47626 54907 80 114610
519 47652 50313 110 117634
520 47671 48902 148 96477
521 47699 50089 9 13624
522 47903 55253 11 17240
523 47913 64828 61 294769
524 48284 49435 19 14051
525 48293 67024 106 715147
526 48342 51904 21 50775
527 48348 52936 54 146105
528 48440 48493 61 1334
529 48455 58013 100 579202
530 48611 53808 14 16891
531 48806 81084 65 585493
532 48852 52570 40 122841
533 49048 50241 115 110601
534 49104 52984 35 33153
535 49396 59583 38 140889
536 49571 54693 146 253652
537 49594 51615 126 74345
538 49657 53504 146 331344
539 49717 59615 11 56916
540 49822 52131 85 71606
541 49919 58033 105 422097
542 49934 53477 85 106007
543 49980 50854 34 10115
544 50294 51653 98 46349
545 50549 68283 20 182410
546 50708 53361 39 43718
547 50734 51406 43 33615
548 50821 58489 144 856292
549 50890 56568 55 124637
550 50929 58640 73 285717
551 51091 55313 6 5930
552 51426 55158 5 19292
553 51610 51621 14 88
554 51648 68528 15 143318
555 51697 57590 48 435617
556 51736 62838 106 264106
557 51930 53597 22 16396
558 51962 52831 36 6227
559 51973 65803 68 249519
560 52046 62611 97 146025
561 52096 56266 139 477466
562 52223 85101 15 194662
563 52236 57942 63 80582
564 52243 52513 9 1493
565 52409 52814 13 622
566 52422 54058 74 66024
567 52449 56260 18 64641
568 52574 63243 95 875351
569 52605 54351 6 3803
570 52714 54673 31 13099
571 52863 82501 7 42654
572 52988 53362 116 19446
573 53298 63619 58 82089
574 53302 56952 107 345544
575 53318 64020 64 609515
576 53357 57920 78 494752
577 53743 63231 15 35422
578 53805 56612 93 71029
579 53848 60230 5 15879
580 54056 54439 57 5852
581 54091 62648 68 259332
582 54162 56409 121 94207
583 54199 60655 138 209598
584 54228 56514 102 105327
585 54270 59573 12 15333
586 54331 54518 12 1415
587 54690 57516 28 27279
588 54694 70829 47 208765
589 54760 56492 56 34956
590 54833 55414 118 45596
591 54981 58251 133 175062
592 55034 69419 103 760724
593 55138 58702 8 11862
594 55144 88911 27 429431
595 55148 70422 6 33293
596 55190 73693 22 23811
597 55280 56570 73 15963
598 55332 60705 80 140318
599 55333 59317 126 194405
600 55421 59847 37 44311
601 55478 64557 51 347407
602 55559 59502 43 80224
603 55654 63508 106 156303
604 55721 57632 12 12337
605 55745 70551 94 533692
606 55748 57217 24 17267
607 55999 63386 13 29988
608 56042 57548 55 102671
609 56250 64404 16 39244
610 56307 57986 49 25297
611 56438 66281 17 28702
612 56452 64796 19 61805
613 56664 60320 28 82085
614 56778 61714 39 141296
615 56880 57922 87 17589
616 56923 56985 55 5887
617 56965 65281 89 424618
618 57046 64694 129 232448
619 57318 60731 9 9155
620 57334 70716 11 18050
621 57345 61840 96 259790
622 57384 57698 111 43424
623 57429 64645 53 132871
624 57503 62327 111 195252
625 57525 69780 85 246797
626 57565 59405 131 107986
627 57638 59832 46 46500
628 57860 60891 49 45382
629 57970 69926 95 497861
630 57975 72947 6 24107
631 58224 62385 23 36958
632 58256 68242 112 291983
633 58271 59650 80 32352
634 58310 65386 34 248272
635 58421 58487 10 230
636 58422 73272 10 65485
637 58500 62616 51 60147
638 58795 58995 47 3057
639 58866 63562 9 16785
640 58968 65412 13 41415
641 58973 60367 10 11475
642 59092 65703 80 130659
643 59135 76655 59 174131
644 59171 59862 25 10646
645 59261 61551 25 19506
646 59300 67306 48 276078
647 59341 60447 124 40108
648 59359 63219 149 245599
649 59422 74171 56 269444
650 59662 62378 28 32197
651 59694 64901 97 147491
652 59696 66147 92 224388
653 59806 65760 13 34477
654 59811 61153 17 12132
655 59883 72517 30 125378
656 59912 67166 7 28249
657 59954 62643 21 44134
658 59989 62484 11 8381
659 60258 62060 77 19350
660 60402 71638 113 392283
661 60436 84244 99 286548
662 60680 61195 14 7906
663 60694 61168 150 36223
664 60935 61304 112 16059
665 60937 67294 37 162116
666 61002 63457 40 67604
667 61121 62689 140 76078
668 61272 73845 72 964132
669 61360 61690 39 4591
670 61361 64493 90 65342
671 61599 80871 17 274502
672 61653 63847 22 24646
673 61713 76679 29 65067
674 61765 63394 6 3741
675 61847 64427 108 245641
676 61980 73462 14 82150
677 62007 63245 80 57135
678 62048 80525 93 1096204
679 62080 69520 39 157167
680 62212 63695 100 79439
681 62377 66692 39 80688
682 62792 72170 23 115605
683 62992 66609 107 77974
684 63059 72436 15 163587
685 63367 69053 104 328044
686 63372 73284 9 22583
687 63516 65740 66 103199
688 63754 71893 60 336991
689 64062 67526 10 21173
690 64090 64966 21 14608
691 64162 64822 105 37731
692 64290 64478 13 1159
693 64306 65343 43 20789
694 64465 70046 74 160156
695 64495 77317 57 567984
696 64555 95182 124 2973310
697 64611 65893 139 61168
698 64797 67772 115 73594
699 64947 68461 99 146616
700 64971 65467 131 100098
701 65067 73385 24 49426
702 65164 68783 79 37416
703 65179 69006 6 9131
704 65220 76148 40 96211
705 65260 65606 65 28369
706 65308 73430 6 21302
707 65321 68631 106 139003
708 65353 65826 30 4984
709 65369 72484 64 418013
710 65584 67608 30 26195
711 65712 72818 43 137094
712 65754 67954 60 80586
713 65790 86153 7 49964
714 65860 75316 6 16402
715 65878 70703 79 91892
716 65991 67995 55 70604
717 66089 76988 24 45115
718 66237 81375 133 975618
719 66368 73050 77 264117
720 66387 76853 16 141752
721 66429 66719 37 6396
722 66441 76891 7 13851
723 66553 73216 50 40547
724 66579 67829 92 36635
725 66927 71512 19 24756
726 66963 85198 149 834807
727 67012 72525 116 133355
728 67019 67487 7 2276
729 67150 68354 66 94536
730 67234 68289 30 25478
731 67238 67645 97 6687
732 67263 76683 33 70552
733 67600 72631 52 98037
734 67731 71770 31 69021
735 67915 68226 127 40027
736 68049 69540 63 97058
737 68126 83126 25 414038
738 68223 71232 139 361634
739 68255 84465 47 129996
740 68340 68906 33 26355
741 68545 68823 47 10097
742 68755 75018 78 440652
743 68920 80381 61 146092
744 68950 69808 109 56754
745 68996 76537 79 291497
746 69149 75427 7 22333
747 69263 71006 24 23644
748 69299 78045 33 294857
749 69402 71011 149 116234
750 69453 70457 65 28510
751 69485 69918 13 3943
752 69522 74270 90 229469
753 69577 78478 139 369942
754 69581 73290 4 3892
755 69682 84132 22 97620
756 69703 76948 54 206748
757 69707 70426 41 32529
758 69751 69758 123 283
759 69776 69931 41 6330
760 69791 74938 50 188387
761 70175 82740 68 267461
762 70249 71242 7 2652
763 70340 71889 54 32027
764 70447 87191 44 1555530
765 70489 89679 22 196124
766 70542 74199 17 27930
767 70583 90751 9 35782
768 70904 74539 5 5991
769 70938 77576 32 48106
770 71094 83944 12 61576
771 71101 82985 86 171848
772 71128 73644 62 50598
773 71158 80646 35 34945
774 71428 71890 125 49123
775 71443 77426 66 118743
776 71587 71621 29 289
777 71613 92025 30 161380
778 71721 76020 104 299258
779 71773 88377 10 111652
780 71781 73215 14 10663
781 71785 72938 7 4479
782 71798 82025 5 20866
783 71846 73899 34 54298
784 71948 83925 104 558382
785 72003 81285 16 68476
786 72021 78735 8 24468
787 72072 89687 55 729175
788 72155 78846 28 233150
789 72165 80224 20 34545
790 72182 87001 89 352981
791 72203 78408 63 184402
792 72211 72652 92 15017
793 72251 75076 108 157791
794 72310 92197 87 1260923
795 72468 89845 106 744543
796 72543 73384 85 19183
797 72597 82243 57 400464
798 72615 76784 122 316171
799 72669 77869 64 73268
800 72909 74092 53 22582
801 72951 75387 110 107753
802 72986 76993 8 10507
803 73025 76482 5 6872
804 73119 78455 136 256161
805 73138 77145 101 353020
806 73186 89545 9 61018
807 73287 80658 22 41847
808 73517 83649 11 33025
809 73546 80712 5 12603
810 73624 74455 121 51796
811 73731 74361 107 51123
812 73916 76523 49 174870
813 74349 75113 8 6129
814 74417 79797 8 28653
815 74544 79957 31 70752
816 74607 79535 56 83279
817 74621 81633 5 23716
818 74641 79309 99 121192
819 74642 75617 123 42850
820 74787 77698 6 6088
821 74923 80037 96 466029
822 75051 78919 55 112718
823 75161 75862 16 3631
824 75183 77755 17 53788
825 75217 81630 12 34531
826 75237 80920 84 328204
827 75392 78479 39 33009
828 75458 76673 27 9594
829 75544 78276 42 22924
830 75559 87365 25 70409
831 75891 87527 23 179307
832 75898 77587 25 15012
833 76088 81811 19 79336
834 76096 76721 63 7750
835 76147 79478 59 142549
836 76191 89930 72 180798
837 76533 78463 75 46407
838 76621 78893 58 84610
839 76723 77822 145 92817
840 76770 78938 101 66143
841 76811 80053 9 19337
842 76935 81975 95 376808
843 77067 80298 49 34307
844 77153 84617 43 25998
845 77166 81111 27 68901
846 77498 79165 82 120686
847 77713 79018 103 29798
848 77783 79014 74 96325
849 77834 85958 6 25485
850 77862 87195 50 113609
851 78061 79645 15 12786
852 78164 78234 130 10105
853 78181 81136 37 79048
854 78277 89923 98 367020
855 78394 78940 60 8668
856 78577 79295 47 26436
857 78773 79296 24 16485
858 78818 78875 38 2786
859 78833 80410 82 79629
860 79051 81110 18 28544
861 79078 80997 15 16834
862 79252 81998 13 13008
863 79300 89895 64 143097
864 79315 92402 22 82143
865 79480 88860 109 328881
866 79649 83552 11 16794
867 79743 81805 57 46407
868 79834 99074 52 857390
869 79935 87487 6 12304
870 80041 82853 50 69664
871 80060 84258 38 29972
872 80395 80682 54 9586
873 80412 82971 48 157206
874 80518 85602 107 434791
875 80533 84126 24 128909
876 80832 85134 91 90161
877 80874 92687 146 383126
878 81036 81356 18 4695
879 81062 81853 25 13013
880 81230 82666 53 20570
881 81290 83267 23 48012
882 81394 93307 25 100828
883 81668 86713 75 157602
884 81750 91536 17 66873
885 81937 88068 135 1099087
886 82067 87672 62 146125
887 82112 83226 30 27734
888 82229 87581 11 23036
889 82268 90711 107 610720
890 82323 87511 30 40105
891 82380 85433 55 139738
892 82388 83885 133 164839
893 82428 98540 11 211697
894 82671 82689 75 1633
895 82726 85840 35 128026
896 82831 85288 9 8490
897 82920 95920 97 721402
898 83061 89092 105 152095
899 83211 83706 147 10682
900 83250 92877 141 114108
901 83589 88314 16 57294
902 83627 86115 26 14842
903 83882 86165 16 11195
904 83887 90189 8 27775
905 84003 88353 57 371504
906 84044 89345 87 451151
907 84052 87848 13 32588
908 84129 95871 137 705283
909 84402 96721 52 608514
910 84479 93417 69 77512
911 84757 95372 43 143051
912 84854 85630 87 19989
913 84909 87154 6 10775
914 85300 85424 6 739
915 85329 86448 80 81673
916 85393 88022 44 106402
917 85429 89614 25 113282
918 85434 89314 15 40202
919 85444 88879 108 284404
920 85505 85921 82 14170
921 85606 93817 82 157012
922 85613 89878 47 101784
923 85671 91328 101 101332
924 85708 88661 141 121348
925 85850 97311 145 1206741
926 85878 86349 32 6485
927 86161 89378 48 159157
928 86202 91934 77 153122
929 86224 99556 63 313372
930 86374 88819 78 119906
931 86580 86972 20 7068
932 86731 88360 57 41276
933 86922 96422 10 56696
934 86960 98612 53 152903
935 87063 90228 56 94063
936 87090 99496 38 170725
937 87153 89393 124 211345
938 87208 89608 13 10136
939 87231 87338 28 3684
940 87252 89402 128 165274
941 87854 91656 101 72594
942 88009 91847 82 105046
943 88124 94739 38 69615
944 88211 89747 105 104029
945 88264 98958 7 17474
946 88306 90976 22 31313
947 88350 91241 100 326375
948 88386 89769 35 7782
949 88494 93339 97 378510
950 88558 91816 6 9842
951 88573 89484 32 14842
952 88692 96858 149 190784
953 89025 91172 12 14027
954 89034 90619 59 60827
955 89084 91097 71 87340
956 89093 89284 9 479
957 89279 95566 61 151330
958 89454 97971 79 156769
959 89511 94971 82 44444
960 89597 89843 30 4522
961 89711 91599 7 4564
962 90060 91398 26 27252
963 90071 91794 26 15001
964 90193 90962 55 34035
965 90205 94878 122 273917
966 90363 93759 40 67531
967 90578 97006 104 302934
968 90579 94587 71 159945
969 90644 92102 31 23212
970 90745 91382 114 28244
971 90801 93076 107 34350
972 90916 93983 5 15085
973 90955 93049 14 10523
974 91073 91843 48 30109
975 91114 92918 150 233644
976 91728 95181 112 139497
977 91985 94245 88 35062
978 92093 92904 121 114336
979 92376 92982 89 16925
980 92892 98017 24 46815
981 93030 97832 88 189360
982 93077 95737 45 34673
983 93116 96063 25 32403
984 93322 95979 5 4424
985 93424 98716 114 430214
986 93593 97728 121 134894
987 94118 96047 71 39896
988 94178 96623 81 133742
989 94280 98120 117 149025
990 94410 94485 6 224
991 94872 95984 46 13833
992 94956 96694 131 283786
993 94996 99668 43 75055
994 95089 97856 68 335956
995 95850 96458 106 50371
996 96565 99146 103 282062
997 96788 99786 24 65850
998 97739 98524 86 34607
999 98091 99861 38 54148
