50 1000 0.013
.................#.##########.........###.####.#..
.................##########...........###.####.#..
.................###########.........###..##.####.
...................#########.........####..#######
.............#..#############.......##############
.............##########.#.#.......##############.#
.............#...#######..........##.############.
.................#.###.#..............#########...
..................####...................###......
..........................................##......
.........................................##.......
..................................................
..................................................
.............#.....#.......##.....................
.............#..#.###......##.....................
.....#......##.#####..###.#####...................
.....#.####.#.#######.#.#########.................
...#####..###########...#####.#...................
.....#########.#########..##......................
#..############.#####.#####.......................
###.##.######.##.##......####.....................
#...######..###.###.......##......................
#...#..###...##...........#.......................
#.##..............................................
###...............................................
###...............................................
#####.............................................
#####.............................................
#####.........................................##..
....#........................................####.
...##..................................#.#..####..
.......................................####..####.
.....................................####.##.##...
.....................................######.......
......................................########....
.....................................######.#.....
....................................##.#####......
.....................................########.....
.......................................####.###...
.......................................#.######...
......................................##..#...#...
..........................#.#............###......
.......................######..............#......
........................###..#....................
........................######....................
.......................##.####....................
.......................########...................
........................####..#...................
.........................####.....................
..........................###.....................
0 44 6404 43 68637
1 113 16909 22 101767
2 152 5984 149 671287
3 462 18026 60 844169
4 584 744 67 13159
5 586 7331 122 283999
6 609 19750 14 61777
7 806 27315 80 899657
8 1075 11248 111 463341
9 1126 6357 10 40805
10 1332 2300 29 15374
11 1479 6833 29 38952
12 1531 3220 9 28867
13 1579 14656 42 227374
14 2019 2635 10 2579
15 2187 2361 63 7713
16 2245 3959 54 47468
17 2501 13621 33 365048
18 2587 5971 24 31796
19 2676 4582 34 22545
20 2788 3803 138 110190
21 2923 11235 89 252580
22 2924 3216 93 17089
23 3006 3272 28 3755
24 3037 14919 49 492562
25 3136 3965 129 62707
26 3151 7682 91 88736
27 3215 19936 40 274301
28 3221 4100 79 17267
29 3259 4588 49 37596
30 3358 13037 7 41396
31 3575 5555 27 16323
32 3605 21320 61 738785
33 3682 10603 65 342364
34 3895 10771 62 123866
35 3906 7216 22 63502
36 4032 5700 90 168184
37 4085 8070 64 72908
38 4280 35662 102 2387535
39 4319 11874 21 168895
40 4490 4959 10 3676
41 4493 13597 63 393511
42 4629 17390 29 155280
43 4665 6255 7 2413
44 4666 10333 77 247665
45 4849 5048 15 2085
46 4929 6571 42 8756
47 5002 7125 4 3139
48 5016 32515 8 105568
49 5037 5459 54 18982
50 5118 5591 32 8200
51 5180 18216 54 112208
52 5207 17526 69 290379
53 5336 7307 37 42430
54 5337 11257 99 292966
55 5360 8904 45 95405
56 5454 6567 6 4783
57 5711 6970 48 18345
58 5761 10966 10 33213
59 6117 6595 56 9380
60 6124 6870 18 7964
61 6344 8538 147 171491
62 6375 10038 30 58680
63 6444 23048 33 565083
64 6648 17556 89 336930
65 6676 12884 73 99747
66 6688 20575 126 615244
67 6709 21432 10 50318
68 6850 7925 50 47053
69 6886 19700 109 627825
70 7018 7775 29 7342
71 7421 19235 32 105847
72 7465 7574 24 6362
73 7619 16598 20 78922
74 7799 16702 4 10735
75 7846 17909 70 137871
76 7980 9230 43 13854
77 8223 10044 10 31038
78 8274 19246 92 559656
79 8443 22426 51 457910
80 8454 13139 88 389214
81 8714 14458 76 148199
82 8800 11900 4 6508
83 8898 9673 108 54880
84 9051 9519 90 9637
85 9344 10614 21 4169
86 9354 18232 16 32371
87 9471 12801 78 177322
88 9613 16781 11 36496
89 9671 11371 12 4629
90 9716 12001 126 106960
91 9813 10093 80 28436
92 10046 13446 68 145895
93 10136 11516 16 5313
94 10199 32122 5 38224
95 10200 27388 76 920525
96 10228 13397 139 108480
97 10339 18378 22 56619
98 10419 11768 99 41045
99 10533 12486 22 32397
100 10656 14002 23 66888
101 10737 16124 33 61676
102 10788 30446 146 1248728
103 10811 13607 73 94271
104 10841 20226 53 187351
105 10879 28017 6 55611
106 10924 14239 31 18745
107 10964 24623 100 287425
108 11160 33089 72 172460
109 11180 25289 47 248546
110 11220 21633 111 417720
111 11300 14012 93 92301
112 11318 23053 12 73856
113 11378 26375 41 399356
114 11449 13708 76 183905
115 11450 11679 6 778
116 11511 15667 82 43493
117 11638 14930 32 166944
118 11657 21039 138 664377
119 11662 32489 94 414438
120 11681 12810 138 44517
121 11904 22503 53 378603
122 11961 12386 5 507
123 12025 14287 21 32447
124 12039 13178 10 8443
125 12110 19518 115 554830
126 12129 17944 85 299450
127 12284 15849 37 83448
128 12289 18699 129 486805
129 12490 23868 21 85331
130 12647 14055 47 60163
131 12832 27161 44 197861
132 12975 22757 13 36704
133 13036 26956 61 821838
134 13050 14789 25 19381
135 13246 20281 28 28194
136 13283 40017 39 183074
137 13383 21015 99 323381
138 13475 19139 112 213830
139 13646 17828 7 14076
140 13675 24224 89 324331
141 13781 15665 124 187921
142 14128 23055 63 123302
143 14151 15995 74 106811
144 14324 15382 112 44391
145 14344 16657 81 143844
146 14359 15792 115 81395
147 14507 14833 57 10273
148 14521 23869 143 377676
149 14550 30557 146 1758702
150 14553 14727 127 24955
151 14561 15039 81 18010
152 14659 18479 145 624799
153 14684 47526 67 884969
154 14854 20111 23 67035
155 15110 16934 126 165803
156 15174 23498 128 664215
157 15194 16842 56 78559
158 15236 19608 131 421165
159 15277 20122 128 750328
160 15306 20192 14 17301
161 15345 15482 28 4247
162 15461 17103 98 68576
163 15523 20674 28 44306
164 15572 15653 116 2082
165 15584 16267 5 2172
166 15631 16569 72 43102
167 15673 20907 33 66424
168 15761 17971 72 198506
169 15781 21447 71 468246
170 15895 19131 4 5771
171 15934 22631 11 8838
172 15947 20620 129 466180
173 15967 21475 93 258555
174 16064 25584 110 382200
175 16216 16466 87 10137
176 16360 25439 12 44637
177 16534 21641 52 133716
178 16591 37981 98 556564
179 16660 17968 78 57125
180 16778 28469 128 2097673
181 16933 22628 48 128898
182 17052 18710 104 40381
183 17064 25811 58 115039
184 17098 30233 23 259005
185 17121 24508 46 122858
186 17158 37323 146 2104623
187 17253 19387 15 19476
188 17288 27409 78 488394
189 17388 21094 44 152017
190 17597 55090 93 1209919
191 17618 25498 27 81634
192 17633 17960 47 5148
193 17744 18612 142 53084
194 17748 20196 10 4819
195 17772 24055 97 75782
196 17791 30391 10 84285
197 17813 24023 60 437142
198 17955 18194 89 10477
199 17995 19970 110 69795
200 18335 19878 122 70511
201 18381 19483 33 14673
202 18449 23653 49 96582
203 18589 36213 15 167168
204 18604 33158 75 268816
205 18646 34634 136 829424
206 18799 22830 114 177841
207 18825 37712 20 99175
208 18918 21381 9 4935
209 18919 35173 87 1239491
210 19069 20659 112 91232
211 19240 20703 7 2759
212 19268 19705 77 21595
213 19325 24284 103 184037
214 19464 32363 52 176261
215 19526 28726 26 112338
216 19557 21975 27 18265
217 19703 22392 43 40979
218 19732 20657 63 16167
219 19906 23458 56 57123
220 20050 24336 141 843272
221 20300 24527 107 217673
222 20731 41941 51 456240
223 20815 31744 98 283694
224 20825 38122 111 1175593
225 20929 26192 148 709780
226 21051 72927 17 108950
227 21245 35079 53 122331
228 21396 23050 69 138404
229 21466 29234 63 135919
230 21550 22595 123 73893
231 21551 24355 6 7134
232 21585 27537 56 167975
233 21660 26166 49 250804
234 21781 25046 8 16068
235 21803 23197 10 5409
236 21840 34448 26 26882
237 21879 42712 39 167540
238 22083 28094 97 123901
239 22113 56381 108 510989
240 22132 22656 26 5408
241 22239 41624 65 1623874
242 22391 27389 82 114236
243 22506 34461 91 348635
244 22570 25076 98 64443
245 22586 33994 130 1506276
246 22874 39152 5 34272
247 22880 37065 33 90613
248 22914 23251 61 11380
249 22915 26786 149 251282
250 23299 58837 83 500003
251 23543 42774 136 867806
252 23582 26893 85 193989
253 23651 27603 98 206210
254 23663 47520 9 61052
255 23740 37026 19 106584
256 23755 34794 78 234529
257 23866 28007 33 46369
258 23897 29168 44 145876
259 24195 39531 12 68045
260 24211 44844 5 11622
261 24265 33761 21 162754
262 24302 31870 141 362635
263 24499 44855 39 530145
264 24504 29588 60 209976
265 24679 24882 40 4902
266 24958 32265 116 440610
267 24978 49083 6 42883
268 24991 29407 6 11821
269 25149 34128 15 15340
270 25180 25420 106 16825
271 25234 33666 13 15727
272 25608 36804 125 742197
273 25719 29982 55 53597
274 25730 27319 10 9556
275 25791 34107 69 168685
276 25901 29485 34 115979
277 26158 32018 52 265598
278 26259 33540 119 587698
279 26263 35881 31 240533
280 26274 27731 81 49896
281 26368 30111 8 41713
282 26409 27686 73 31579
283 26445 31065 19 27502
284 26467 51530 73 1190478
285 26635 33104 50 92445
286 26927 35177 72 79726
287 26984 27184 33 3099
288 27387 37681 113 404175
289 27427 28134 104 32530
290 27554 32750 17 15865
291 27589 31968 40 114236
292 27723 34722 131 539874
293 27757 27932 59 10941
294 27844 30090 88 67334
295 27894 53960 106 2172157
296 27919 33303 10 19262
297 28431 40836 86 934213
298 28443 30887 42 22911
299 28661 30515 24 14635
300 28694 35131 11 27650
301 28905 36169 143 205051
302 29005 45182 13 204290
303 29112 55071 31 242365
304 29209 43686 4 21652
305 29300 32956 133 238956
306 29359 35319 109 881577
307 29391 33364 29 31714
308 29412 30122 7 1142
309 29435 34511 45 274424
310 29489 43533 127 635291
311 29729 30220 22 4895
312 29764 39944 34 323825
313 29776 30896 30 37143
314 29810 35637 56 205137
315 29924 45670 6 31096
316 30011 54761 73 718032
317 30045 30742 21 3751
318 30057 37682 100 446381
319 30073 31371 116 125645
320 30085 30228 94 10540
321 30152 36168 9 20162
322 30333 45458 27 112904
323 30483 34651 72 124740
324 30658 43861 6 38195
325 30738 41131 97 274738
326 30787 39752 4 33832
327 30920 34725 100 75997
328 30962 33491 49 116086
329 30974 31306 133 14894
330 31041 32138 29 16015
331 31091 47840 5 19412
332 31209 32339 11 6568
333 31326 31687 24 4180
334 31332 33800 149 63481
335 31501 46955 92 722788
336 31615 45422 83 463482
337 31683 33631 55 15485
338 31703 33423 16 28005
339 31763 43509 61 177248
340 31848 53204 139 3977386
341 32072 36471 103 133304
342 32214 39282 7 26520
343 32244 40624 41 321613
344 32300 32356 121 7499
345 32418 40090 76 111933
346 32454 36588 97 112783
347 32484 34466 11 27175
348 32939 68505 31 714833
349 33020 35983 36 59652
350 33197 41237 5 23337
351 33268 36293 61 138227
352 33271 33350 17 936
353 33282 43762 82 830375
354 33287 33955 37 7985
355 33522 34701 8 6862
356 33557 40479 88 364505
357 33853 33864 41 277
358 33949 37090 132 61505
359 33971 34170 111 16267
360 34207 38792 81 216053
361 34249 41687 125 714326
362 34259 41895 4 4212
363 34416 35868 127 58008
364 34536 35894 9 12919
365 34579 43267 52 306401
366 34637 39073 21 34766
367 34715 45804 63 515319
368 35023 36380 30 12702
369 35052 36888 6 5664
370 35092 35137 26 481
371 35094 41560 7 19730
372 35216 38101 60 35446
373 35247 42821 120 388300
374 35426 68663 56 1873916
375 35475 45796 103 333864
376 35491 39640 11 19109
377 35525 47222 24 336024
378 35579 36836 22 4297
379 35672 41283 95 117990
380 35834 44072 44 282923
381 36011 38794 6 7857
382 36043 43029 20 120290
383 36067 37988 148 235574
384 36181 40279 76 162462
385 36307 42154 79 246872
386 36312 42301 113 161694
387 36348 39131 138 227157
388 36378 54138 92 402386
389 36416 56385 113 362351
390 36422 38874 9 8058
391 36440 37608 77 46957
392 36555 38093 101 42524
393 36712 40609 41 66010
394 36741 41096 105 455495
395 36847 46485 85 455415
396 36988 39392 91 118334
397 37064 42594 82 160840
398 37115 38958 12 13828
399 37123 38963 88 216350
400 37241 42269 94 463777
401 37378 48234 13 43512
402 37430 53595 66 156234
403 37437 66572 126 1456603
404 37522 42761 100 215170
405 37677 38587 27 7017
406 37877 41411 121 746292
407 37899 42748 63 154366
408 37989 46958 35 65626
409 38102 49996 28 58767
410 38151 58195 24 385429
411 38175 59937 57 497414
412 38189 64887 6 83345
413 38213 45582 88 310023
414 38217 46183 110 504966
415 38404 41579 91 149085
416 38412 52392 17 320195
417 38478 60324 46 678333
418 38525 40973 10 9330
419 38615 51720 22 106548
420 38620 39524 69 36730
421 38624 40079 105 40668
422 38681 39048 67 14179
423 38775 43773 70 255839
424 38797 48030 124 150257
425 38982 41395 53 169496
426 39112 50580 100 300821
427 39296 39388 76 1500
428 39526 43671 6 11302
429 39624 40564 81 18707
430 39851 56618 112 782886
431 39872 41610 15 20479
432 40053 42427 11 14181
433 40060 45568 4 4482
434 40064 52816 74 410797
435 40161 62170 85 545669
436 40222 45491 37 53276
437 40314 43628 58 40260
438 40433 51384 66 156557
439 40546 63731 39 169281
440 40570 43502 143 104287
441 40610 43414 39 94996
442 40664 44969 128 173039
443 40667 50666 31 72122
444 40702 52743 96 352647
445 40755 45275 101 130980
446 40867 46928 125 404070
447 41022 43138 28 33363
448 41094 45253 91 122368
449 41117 53606 7 15428
450 41211 45678 93 67780
451 41423 54217 11 36248
452 41434 44216 25 6312
453 41565 46877 9 16427
454 41600 48609 70 102548
455 41638 41819 102 6842
456 41679 45611 107 154926
457 41683 51040 5 6888
458 41695 47171 9 30322
459 41724 53074 13 120361
460 41883 45056 4 1837
461 41939 42264 82 9629
462 42036 44040 31 29409
463 42074 49300 63 397564
464 42114 42825 32 15432
465 42116 60647 137 441028
466 42305 60426 41 409533
467 42515 44027 84 56999
468 42598 52344 11 38834
469 42611 45787 69 93454
470 42864 45443 41 69613
471 42936 47137 63 359841
472 43154 53733 17 44678
473 43189 63885 7 51651
474 43444 46524 35 172249
475 43582 53350 106 932829
476 43634 49729 76 135387
477 43855 50950 93 250385
478 44032 46578 82 92996
479 44053 74168 103 2097218
480 44077 46810 53 35684
481 44108 49168 99 170499
482 44150 53808 80 363335
483 44239 52256 145 549930
484 44241 44843 145 32690
485 44246 45227 48 147771
486 44285 48266 14 15192
487 44303 56635 44 262198
488 44402 46984 108 101469
489 44494 49877 15 30304
490 44576 55523 27 127371
491 44637 49576 16 47997
492 44992 58091 12 68965
493 45277 46028 16 10896
494 45295 53476 9 26968
495 45298 45888 140 40198
496 45355 51838 13 49765
497 45570 48736 91 306624
498 45717 48918 65 55467
499 45783 54377 92 438742
500 45806 51105 6 10665
501 45821 63894 82 423490
502 45923 53004 77 306318
503 46027 47872 30 65610
504 46038 59964 88 512760
505 46316 49876 110 161266
506 46411 47779 105 310207
507 46427 56469 22 45247
508 46446 47750 28 23780
509 46560 54435 57 99821
510 46672 52164 8 18058
511 46725 54344 150 809177
512 46740 51763 27 25237
513 46747 51894 126 275072
514 47200 53685 12 16661
515 47305 53485 125 468585
516 47338 49648 93 232445
517 47409 53660 12 35545
518 47556 48137 98 39853
519 47570 55036 90 189067
520 47593 55823 134 353304
521 47832 60266 16 106826
522 48066 53205 17 45229
523 48173 48496 13 1347
524 48231 48333 10 732
525 48391 50924 19 25947
526 48486 51872 34 197453
527 48655 54626 114 219806
528 48837 59857 47 149551
529 48957 61181 17 74962
530 48986 57264 9 28069
531 49213 53481 120 175135
532 49312 67844 82 490467
533 49317 50365 81 54569
534 49359 65190 31 171227
535 49466 52010 117 158016
536 49473 60668 17 67922
537 49612 52188 33 96835
538 49657 49660 37 143
539 49699 54515 44 59253
540 49743 52988 57 162515
541 50482 55544 60 212292
542 50557 53234 82 154321
543 50561 71916 39 330281
544 50732 56043 119 297475
545 50746 58125 63 197488
546 50810 54967 114 120356
547 50858 51388 60 16189
548 50912 69928 61 400429
549 50913 52493 60 63665
550 50928 59418 5 73568
551 50999 57016 140 643017
552 51117 59132 83 296367
553 51178 85643 65 823140
554 51221 57074 5 16523
555 51364 68691 9 38005
556 51417 54434 52 36249
557 51447 55957 150 103089
558 51503 57234 15 17277
559 51574 59609 10 30979
560 51595 57518 12 68500
561 51748 59010 20 58855
562 51765 53769 28 48048
563 51786 59612 21 42466
564 51910 55126 82 44370
565 52127 53849 102 61708
566 52295 56252 36 39401
567 52351 52890 27 5553
568 52427 68080 73 316574
569 52548 66306 56 939628
570 52587 58153 27 148632
571 52781 68207 119 703795
572 52797 94307 50 1762020
573 52804 53794 17 10526
574 53016 59952 15 41427
575 53095 66605 8 74354
576 53320 58381 104 67204
577 53530 56224 14 14604
578 53557 54937 143 46680
579 53573 53693 43 3565
580 53584 54040 40 11739
581 53585 61785 118 359649
582 53587 54852 118 122656
583 53676 61458 14 18845
584 53765 61094 64 195435
585 53975 56164 19 7843
586 54169 55174 144 42195
587 54258 56020 27 23306
588 54581 55063 36 7843
589 54674 58953 72 151380
590 54684 57347 119 556213
591 54724 61190 37 60053
592 54739 82175 142 1373246
593 54793 61002 37 51748
594 54888 56011 66 24720
595 55110 63669 42 152378
596 55251 56651 13 11184
597 55280 61689 81 405120
598 55290 58127 78 95299
599 55434 66405 17 23579
600 55519 87081 106 534821
601 55548 71781 24 215217
602 55608 55900 39 4016
603 55618 58257 107 102369
604 55760 56177 99 89510
605 55779 80427 139 1018355
606 55883 63722 35 78360
607 55993 62975 141 322562
608 56050 63030 61 147748
609 56167 66111 67 349000
610 56326 64185 82 162670
611 56347 57687 21 8624
612 56629 61900 4 5417
613 56708 76800 40 543021
614 56760 58415 18 20369
615 57029 58464 8 5905
616 57033 59881 50 137856
617 57080 60937 18 11222
618 57190 68953 60 303973
619 57311 73267 75 838544
620 57360 81347 144 1541727
621 57388 58671 131 86984
622 57421 59177 39 38018
623 57471 67088 145 312111
624 57555 66368 85 182568
625 57776 58015 6 967
626 57787 63007 24 25394
627 57827 59020 107 87299
628 57890 63681 13 34459
629 57898 67933 15 88407
630 57902 66604 8 41674
631 57917 58832 4 1474
632 58043 72641 6 35514
633 58158 66622 81 96089
634 58173 76669 6 72973
635 58253 60307 5 6147
636 58296 59659 49 8423
637 58323 69482 86 327562
638 58398 62902 17 56735
639 58406 58588 33 3327
640 58412 60521 118 100564
641 58539 60400 8 7139
642 58717 60962 59 80398
643 58722 62532 6 15350
644 58756 76751 75 396229
645 58818 70646 127 382194
646 58821 70044 61 284847
647 59061 60008 16 4840
648 59113 62045 106 120558
649 59180 64587 126 101924
650 59322 72155 24 81483
651 59350 60080 49 22284
652 59356 66700 74 320464
653 59426 83686 33 254749
654 59603 94343 64 1936803
655 59672 62007 89 103423
656 59931 67463 109 411789
657 59936 66913 18 31439
658 59940 68031 74 519691
659 59959 61870 62 32347
660 59972 64563 20 67148
661 59975 67769 82 263132
662 59983 63287 11 12403
663 60111 65330 9 8025
664 60171 63303 40 108573
665 60397 80792 12 70399
666 60430 70010 77 378821
667 60560 67435 4 17402
668 60606 62502 107 215519
669 60623 90509 69 300797
670 60693 76944 5 32609
671 60700 67950 117 455347
672 60755 66140 4 7165
673 60759 75743 129 713150
674 60949 65778 30 25723
675 61244 63801 144 164937
676 61544 78990 15 191858
677 61592 62465 41 19642
678 61728 65949 140 157013
679 61786 72350 45 201451
680 61884 68564 31 64654
681 61887 69488 16 43471
682 61946 65559 89 169833
683 62008 63712 98 94508
684 62014 70194 50 170228
685 62082 62252 137 17076
686 62111 68268 9 16726
687 62271 64154 67 116858
688 62272 76187 9 50340
689 62463 88036 139 1418281
690 62618 73935 96 1509924
691 62685 72627 6 35916
692 63100 65293 21 13257
693 63105 65263 8 6898
694 63130 73932 10 48897
695 63191 67741 48 126619
696 63230 64573 92 145564
697 63408 64630 19 10385
698 63424 77548 106 344731
699 63488 76343 25 279813
700 63568 69388 128 74931
701 63595 65341 32 24867
702 63673 67716 11 15244
703 63691 75772 12 43554
704 63696 81222 56 385409
705 63703 74071 109 188908
706 63713 69550 32 43600
707 63809 78881 113 627388
708 64371 68495 12 19343
709 64419 70100 9 9526
710 64617 66736 110 83170
711 64634 72203 45 112906
712 64918 72149 16 43184
713 64956 71041 145 483626
714 65031 70316 98 322868
715 65153 86793 15 148227
716 65275 73097 78 295240
717 65429 72346 50 513674
718 65483 69199 38 97357
719 65520 90030 135 2468487
720 65632 71131 141 592308
721 65635 67216 73 67531
722 65647 68257 141 225372
723 65910 66067 40 18864
724 66023 73804 20 30128
725 66040 69219 7 20681
726 66112 66291 11 2788
727 66125 83188 119 616701
728 66310 73321 24 39991
729 66325 71633 38 252854
730 66508 78026 7 26799
731 66585 71810 14 62208
732 66945 72201 6 4565
733 66992 78035 29 82201
734 67012 77968 71 185254
735 67016 73539 148 141089
736 67031 71221 56 130530
737 67119 75390 28 61311
738 67221 73138 9 36718
739 67393 68708 11 6212
740 67604 69353 6 2381
741 67606 68099 132 11781
742 67797 73340 63 176774
743 67852 70338 62 43588
744 67931 70366 118 34643
745 68154 68707 66 27951
746 68228 68381 83 8517
747 68392 94296 31 301249
748 68664 80482 111 568509
749 68787 69508 130 73043
750 69029 72460 79 73773
751 69203 85685 24 94437
752 69209 70227 29 12829
753 69419 77845 83 405955
754 69524 77230 20 97661
755 69555 89825 53 269898
756 69615 81260 99 832068
757 69623 70499 12 6126
758 69845 73239 76 191322
759 70000 72944 79 132538
760 70036 74534 34 97632
761 70041 71130 68 24147
762 70113 72639 95 131266
763 70166 70486 10 1726
764 70391 78224 30 75790
765 70407 70705 16 1305
766 70461 76694 80 113728
767 70492 89708 68 1292593
768 70514 75999 143 297971
769 70516 76990 12 29591
770 70554 77934 6 10964
771 70665 90545 48 598192
772 71184 74183 106 96781
773 71209 75766 11 32391
774 71266 73674 22 4659
775 71276 74081 111 205851
776 71283 72111 45 26697
777 71403 83584 138 415724
778 71738 80145 54 192373
779 71823 76532 18 47934
780 71848 72321 113 12262
781 71866 75662 6 12285
782 71893 73322 33 20997
783 71936 74923 63 125496
784 72069 75792 17 54000
785 72178 72602 5 724
786 72287 72589 138 25966
787 72809 73722 9 4115
788 72973 78330 78 313610
789 72998 83116 7 38598
790 73008 94461 136 1562612
791 73159 87798 108 169437
792 73389 84394 11 45115
793 73858 74091 149 10058
794 73861 77042 61 105687
795 73933 87455 36 154120
796 74120 85766 9 97612
797 74279 88928 67 447934
798 74315 83110 17 16324
799 74472 75603 124 120470
800 74569 82440 11 64244
801 74579 81832 130 1046244
802 74720 82224 19 65652
803 74764 76230 12 4794
804 74835 80879 103 402477
805 74932 87203 78 194941
806 75086 87838 6 84954
807 75116 78258 70 126251
808 75194 80037 7 5294
809 75204 83530 68 380597
810 75258 77270 120 101674
811 75297 75442 132 3888
812 75376 87046 14 124326
813 75377 85674 26 103477
814 75454 78200 113 192796
815 75571 80438 69 66074
816 75574 81387 121 156919
817 75642 78045 107 41921
818 75738 76466 16 7277
819 75801 77019 97 59929
820 76019 76463 149 37420
821 76031 83836 29 87741
822 76115 86277 35 93352
823 76180 76549 133 28103
824 76269 77641 15 12450
825 76410 90411 137 644960
826 76416 78084 26 21602
827 76467 76841 103 36232
828 76524 78691 142 53246
829 76587 86935 6 8649
830 76616 81418 44 158510
831 76754 86803 28 151647
832 76777 92574 6 61779
833 76928 77902 44 42278
834 77079 96500 46 155375
835 77082 87620 11 63815
836 77289 80300 131 251889
837 77591 84975 101 238676
838 77762 95052 74 415045
839 77823 85162 11 30597
840 77875 81503 80 215126
841 77894 81206 67 69025
842 77971 83857 113 158894
843 78037 87704 42 136403
844 78063 78442 138 20041
845 78208 81616 90 46224
846 78272 85994 19 28269
847 78288 79054 25 2813
848 78589 82164 146 520892
849 78594 80450 29 21760
850 78717 92327 27 173973
851 78835 95654 85 1368522
852 78861 92904 102 678592
853 79184 81663 34 29824
854 79188 86456 37 199777
855 79197 81664 102 98319
856 79269 83541 81 136314
857 79286 84846 118 456724
858 79451 80373 13 14683
859 79457 80655 43 73396
860 79600 82701 46 36878
861 79629 84404 65 102828
862 79848 84944 90 125725
863 80141 96942 34 245342
864 80197 95284 88 248092
865 80313 83319 9 6833
866 80500 83928 15 17781
867 80612 83535 127 57613
868 80635 89085 9 29270
869 80696 80967 58 5216
870 80923 81251 84 24074
871 80961 85875 101 212388
872 81036 82504 22 14775
873 81139 84074 5 4409
874 81141 91020 22 122325
875 81205 81364 25 708
876 81709 83553 14 14686
877 82006 86954 34 262659
878 82132 85988 23 16403
879 82174 88934 73 268256
880 82178 83885 13 21711
881 82284 86890 88 281954
882 82547 84349 16 19225
883 82570 89337 30 255986
884 82596 89835 89 323500
885 82823 93314 10 11758
886 82948 91995 4 20418
887 83031 87061 45 34961
888 83042 85314 8 10856
889 83095 90257 18 38850
890 83193 85702 91 61511
891 83320 96178 10 58504
892 83382 91268 15 42717
893 83555 88375 11 21497
894 83568 88926 10 23175
895 83863 92517 126 217190
896 84046 92470 16 130448
897 84057 85411 47 27156
898 84254 94025 62 110309
899 84273 87427 46 28985
900 84351 87615 53 44967
901 84642 88158 9 34994
902 84668 89320 44 69354
903 84700 92102 5 26585
904 84706 87518 96 126445
905 84850 95385 6 62504
906 85032 90170 103 141922
907 85127 98663 118 179079
908 85147 88059 30 76181
909 85645 88257 98 78496
910 85687 86528 25 10675
911 85757 93921 112 204101
912 85884 90029 77 168883
913 85938 93158 91 345606
914 85975 94685 43 145590
915 86007 89456 41 193126
916 86036 87758 62 45384
917 86103 87526 118 82391
918 86123 87165 8 4954
919 86514 96564 37 64601
920 86600 86883 86 4342
921 86650 92997 28 110424
922 87022 93805 73 383455
923 87064 97982 14 113491
924 87220 94919 89 159077
925 87358 88788 32 16206
926 87763 93758 133 513314
927 87770 87972 92 9866
928 87861 91537 24 58316
929 87931 97650 77 809174
930 87932 94180 89 169254
931 88047 90013 114 50606
932 88458 89748 7 4486
933 88536 92512 54 228696
934 89233 92032 100 62107
935 89392 99158 20 94568
936 89443 99440 80 194885
937 89624 97788 96 578141
938 89655 93632 60 68088
939 89778 93639 41 48112
940 89809 91128 90 104311
941 89918 90401 106 38110
942 90035 94012 11 22927
943 90178 90973 7 3568
944 90472 94270 28 22918
945 90579 99371 7 16224
946 90632 94151 18 43958
947 90673 91605 9 2788
948 90696 91824 12 3304
949 90702 93355 58 51883
950 90870 92796 66 90850
951 91075 92359 58 116289
952 91336 92841 15 14236
953 91344 91395 9 357
954 91464 92780 109 44794
955 91956 92905 6 5473
956 92008 92449 31 6532
957 92111 92807 118 132801
958 92276 95382 78 102128
959 92523 92568 111 3218
960 92618 97721 61 137517
961 92705 98300 4 25814
962 92823 94635 7 3311
963 92894 93801 15 3076
964 93409 96759 6 10089
965 93448 94783 123 94490
966 93510 96108 36 52599
967 93798 98904 134 234334
968 94079 94091 115 1586
969 94092 98628 58 126898
970 94102 94408 21 6482
971 94196 98573 135 191024
972 94258 94929 63 16618
973 94281 95459 24 5276
974 94734 97056 143 187562
975 94766 99182 28 62003
976 94899 96412 5 2016
977 95131 99298 73 134333
978 95189 99707 67 65696
979 95344 96145 94 50591
980 95465 95783 78 15413
981 95471 97859 55 26411
982 95541 96002 16 6375
983 95668 96711 14 5385
984 95885 99381 24 46671
985 95904 96475 27 6850
986 96027 99633 20 13719
987 96512 98884 16 42943
988 96720 98544 134 41405
989 96849 99530 84 119339
990 97152 97625 55 7869
991 97339 99551 86 39239
992 97357 97388 32 1804
993 97379 99256 8 5385
994 97768 98538 41 13794
995 97877 99229 149 136493
996 98166 98446 64 13554
997 98223 98392 102 5587
998 98908 99542 6 2098
999 99264 99816 85 66291
