50 1000 0.008
......#....................#.#.....###..........#.
...####.....#.....##.......#.#......##....####.##.
..##.#.##...#.....##................#.......##...#
....#####........##................#..............
....#.###.##..........#......###..####..##........
...##.......#.........#......###.....#..#.#.......
............#.............#..#.............###....
..#.....................###..##.......#...........
..#...................#..#.#.........####.#.......
.###.....##...........##..##.........####.##......
.#.#.....#........#.##.##.#.....#.......#.###.....
...####...#.......#.##.....###..........#####....#
.................##.##...#####...........##.......
.................##...###.#..#............#.......
.#..........#.#...#...###.....#....##........##...
.#.........##.#...#....#.#..####.............##.#.
.##...#...##................##..................#.
..##..#...##..#.....#..#.....##...........##......
....###..#..####..###.##.....##...............##..
....##...##.##....#.#..#.##.........##.#.##....#..
.......#.#.......##...............########........
......#####.###..#....#............#####...#......
......#.###...........#..............#...####.....
........##....###..#..##.....#............#.......
.........#.........#..##.....##.....#...#..##.....
..#......#.........###........#.#......######....#
..#..........#....#.####.....##..####.....#......#
..................####.............#....##.#....##
#.......##..........#.##.....###...#.....#......#.
#......##.................#...#..###........#...##
#.....##....###.#..##.....##..#.#.#.........#.....
......#.....#.##..##.#...##...#.#....#....###..##.
......#...##.....######..##.....#...##.##.#.#####.
...........#..#......#....#..#...............###..
...........#.###......#.....####.............##.#.
.....#.....#.####.............#..##.......####..##
.....##..#...#.#.................#...#...###.#..##
....####.....................##.......#......#.##.
....#.#..............##.....###.......##.....#..#.
.##...#......#............######......#....##...#.
#.##...#.......#.........##....##....####...###...
#..#...#............#...........##....#.......#...
##..................##...#.......#...#............
.#.........##.......#.#...##.....#...##...........
##...................###..####..######...........#
#....##......#........##...##....#..#..#.###..####
#...#.#....###.............##.......#..##.#.......
...###......##...............#..........#.........
...#.........##............###............##...##.
..##.#.####..#.......................##....#......
0 78 11721 70 320930
1 121 2468 119 88481
2 139 35910 10 350123
3 322 809 69 23372
4 430 5062 67 184365
5 481 7691 133 409716
6 656 12335 19 75840
7 804 13581 147 406773
8 931 5704 62 78858
9 1145 4403 53 92588
10 1188 12590 8 77447
11 1418 19979 79 511025
12 1465 6385 23 33926
13 1513 12448 5 37934
14 1515 7820 65 99690
15 1729 1888 10 684
16 1984 10214 52 134595
17 2250 2740 69 7995
18 2303 15146 73 764479
19 2573 2699 148 9467
20 2631 3978 6 4297
21 2672 3166 5 958
22 2678 2999 69 15136
23 2870 24953 53 305327
24 2872 8062 34 21537
25 3106 4125 35 24417
26 3162 5834 58 52033
27 3208 4972 146 154417
28 3281 4618 89 68365
29 3282 5464 128 124890
30 3411 10480 19 105428
31 3438 9980 79 464507
32 3572 19334 24 125852
33 3676 10231 75 154324
34 3756 6240 31 17946
35 3773 13001 83 288435
36 3829 10458 18 24927
37 3869 12552 82 181592
38 3903 9449 29 60588
39 3932 15062 81 172211
40 3950 11393 21 78365
41 4230 7673 35 119506
42 4642 11607 137 446572
43 4735 10888 105 86188
44 4958 7726 14 28906
45 4962 8953 42 137338
46 5004 11001 114 204111
47 5168 8851 22 37293
48 5238 14344 33 82987
49 5293 10827 23 47238
50 5338 5537 39 3886
51 5346 15060 17 92298
52 5395 11836 90 250084
53 5559 11734 57 138965
54 5672 23009 57 488073
55 5746 13086 27 96945
56 5976 21653 37 490549
57 5987 7527 47 56599
58 6008 11059 150 95790
59 6136 11942 80 176371
60 6377 7693 7 4446
61 6391 11165 10 24383
62 6481 12083 63 186187
63 6516 9530 13 23666
64 6538 6656 82 1581
65 6541 59016 16 318152
66 7074 10640 89 115581
67 7097 10164 37 58152
68 7218 12280 15 31957
69 7282 7562 62 11455
70 7311 10656 54 101280
71 7344 8544 67 40432
72 7384 19370 115 727645
73 7542 8920 64 36004
74 7575 24934 5 14614
75 7966 30212 66 368466
76 7977 8007 81 1004
77 8071 22238 11 22734
78 8283 13554 109 462224
79 8338 21152 13 83779
80 8363 8497 25 1811
81 8387 10744 58 41506
82 8489 17552 36 171746
83 8595 10134 115 23726
84 8690 9618 125 34337
85 8700 23707 60 778725
86 8795 11319 18 39826
87 8813 33051 72 649962
88 9105 10898 67 47046
89 9255 10141 5 1942
90 9302 13755 4 3824
91 9321 23878 114 226769
92 9378 33389 138 720690
93 9410 19114 74 377494
94 9413 9509 123 10269
95 9460 9858 102 74555
96 9525 12129 18 15442
97 9715 11700 148 311487
98 9738 13287 64 97773
99 9779 17275 129 602849
100 10140 12662 78 84367
101 10185 16841 42 106461
102 10271 20585 29 66050
103 10335 12212 144 125468
104 10394 29599 33 206113
105 10398 19257 26 67834
106 10420 10730 145 8330
107 10519 11841 101 73871
108 10658 10805 30 3880
109 10973 19094 6 38119
110 10982 16228 113 292743
111 11043 13568 18 10737
112 11086 11623 11 7439
113 11150 18518 33 94379
114 11359 16105 75 49119
115 11486 23110 68 110144
116 11667 17548 8 21191
117 11693 16125 87 220537
118 11800 28797 29 94935
119 11858 19767 30 80262
120 11937 22430 45 237889
121 12045 22849 27 174046
122 12151 30473 15 79086
123 12184 47368 146 2010294
124 12349 29305 49 259777
125 12579 22063 28 228643
126 12689 12841 5 466
127 12695 17015 27 63735
128 12751 17606 76 168252
129 12883 23542 11 50253
130 12903 14693 52 47343
131 12924 16166 6 6746
132 12951 13986 14 6644
133 13089 17845 31 44548
134 13239 16038 100 83318
135 13323 23908 90 624480
136 13334 23413 48 68349
137 13397 14314 35 25795
138 13411 13827 31 2058
139 13425 15792 25 47588
140 13783 16466 81 63530
141 13811 18996 134 304138
142 13943 22403 93 472545
143 14077 22400 12 11007
144 14197 15144 16 11622
145 14235 17091 55 69339
146 14278 15773 78 71973
147 14290 34899 46 456988
148 14511 42597 119 939433
149 14520 14932 25 3517
150 14551 15232 14 5122
151 15002 15208 34 3988
152 15038 30342 27 292082
153 15076 17519 68 51440
154 15254 20316 76 122698
155 15278 17690 91 178852
156 15313 18479 60 63538
157 15343 32010 7 106363
158 15379 17223 47 71792
159 15443 28979 146 438558
160 15469 18430 30 42324
161 15509 21835 41 108718
162 15580 22696 7 13192
163 15744 21392 53 107622
164 15842 17413 83 28232
165 15855 16104 136 26900
166 15875 19208 114 244427
167 15970 18557 131 233999
168 16120 18080 62 32182
169 16433 16950 106 28766
170 16437 22030 41 59648
171 16494 22061 29 71884
172 16647 29841 26 239518
173 16754 17687 40 18552
174 16921 19108 18 4972
175 16945 25115 113 365981
176 16962 23754 39 255758
177 17079 20233 52 41203
178 17205 27593 86 1114976
179 17234 17904 99 44973
180 17479 18371 122 57174
181 17490 21319 50 39415
182 17543 26599 58 86273
183 17573 22940 56 86526
184 17675 20274 112 431134
185 17774 19272 101 131730
186 17852 43090 16 232803
187 17915 34433 89 611974
188 18011 21121 86 74623
189 18016 20044 79 79676
190 18071 23882 134 128288
191 18130 24959 12 33260
192 18144 23423 91 420165
193 18197 20198 45 64695
194 18483 44248 103 501018
195 18486 22533 131 159097
196 18505 34620 38 458370
197 18591 36403 65 402489
198 18619 19571 137 57495
199 18720 28588 97 176525
200 18862 22919 126 163172
201 18912 20561 110 66798
202 18919 23646 74 206873
203 19069 23718 39 46449
204 19156 20483 11 15906
205 19189 25606 90 345883
206 19200 36148 60 763072
207 19744 34571 82 447357
208 19905 21793 38 51735
209 19931 21791 14 8057
210 19951 20298 20 3638
211 20005 20507 20 5337
212 20307 21447 62 78404
213 20323 22657 53 24584
214 20339 21315 7 3241
215 20352 24039 17 14415
216 20354 24493 136 386269
217 20416 38473 35 255803
218 20427 23198 24 18631
219 20485 21999 19 14455
220 21199 36069 14 69221
221 21243 25828 84 133315
222 21302 23133 11 17091
223 21335 22937 147 155780
224 21343 25797 49 57374
225 21374 32467 67 749874
226 21410 42356 63 294417
227 21531 22366 20 12212
228 21542 26060 48 31981
229 21545 21547 5 8
230 21599 23704 99 169441
231 21894 29264 25 44355
232 21982 22781 61 23807
233 22045 22201 39 4439
234 22341 25502 8 27834
235 22398 23312 14 7632
236 22438 26986 16 13766
237 22460 30413 71 158451
238 22517 27956 15 37479
239 22548 28496 11 5841
240 22565 48155 15 94752
241 22775 27292 79 168522
242 22787 23579 97 57759
243 22806 22829 35 350
244 22841 28348 118 447952
245 22909 32614 72 338821
246 22917 23165 86 4461
247 22973 27709 71 347736
248 23123 23241 14 1562
249 23234 23323 8 346
250 23254 24609 61 42507
251 23276 32875 145 329545
252 23395 28242 34 53825
253 23396 24610 97 82905
254 23434 28815 95 235731
255 23452 34884 128 869270
256 23460 40132 41 369113
257 23588 28061 68 74916
258 23626 34415 9 47064
259 23631 31416 94 171663
260 23662 47199 37 176405
261 23681 26171 8 10871
262 23715 28000 128 128226
263 23969 41773 18 55466
264 24018 29045 14 20892
265 24026 25602 65 31338
266 24146 64010 20 133482
267 24266 38683 8 36538
268 24457 27098 58 72891
269 24461 25224 24 6734
270 24548 24878 89 19028
271 24625 31434 77 115589
272 25156 29374 94 365827
273 25186 29555 23 27862
274 25387 48944 6 96180
275 25514 25733 20 1730
276 25529 25864 5 1356
277 25544 27173 73 44689
278 25677 26490 7 3640
279 25854 36346 135 747952
280 25865 27692 18 69563
281 26102 34502 146 423234
282 26275 42926 77 319221
283 26369 34057 112 242972
284 26451 33521 75 252430
285 26558 33206 62 173234
286 26592 31253 53 134779
287 26920 30104 45 77758
288 26945 34735 49 152928
289 26988 31539 72 167435
290 27047 42794 92 513657
291 27157 43130 14 41610
292 27231 37060 101 200780
293 27233 29322 94 68239
294 27253 79019 25 936455
295 27462 46279 82 442341
296 27566 36147 7 22178
297 27680 28514 31 9332
298 27802 30761 6 11769
299 27835 36909 90 326667
300 27950 34404 84 235778
301 28073 28874 134 35098
302 28087 34424 110 652153
303 28420 28592 139 5918
304 28456 37772 21 31127
305 28674 31179 111 120927
306 28718 33455 78 189067
307 28757 34485 6 19724
308 28993 36552 24 275040
309 29037 43004 128 470252
310 29039 42202 53 487354
311 29169 36241 61 180799
312 29260 31578 17 11838
313 29357 34698 12 73786
314 29368 30607 108 20321
315 29415 30578 94 107280
316 29431 30189 13 7327
317 29557 38421 69 147641
318 29575 46053 5 15124
319 29649 39193 144 535103
320 29782 45983 39 106024
321 29855 46014 59 610880
322 29937 31794 53 119553
323 30202 36920 97 258156
324 30211 33082 21 60132
325 30483 49820 29 167756
326 30519 30713 70 4753
327 30553 31090 42 13398
328 30615 36093 46 123337
329 30697 31338 136 42376
330 30723 38613 9 35235
331 30790 32285 95 52015
332 30906 40507 32 56285
333 31085 35528 37 75615
334 31175 37696 13 41904
335 31194 31420 37 6212
336 31280 73710 4 83392
337 31293 32037 51 38512
338 31527 55289 5 22261
339 31706 34743 21 40800
340 31780 42984 55 938799
341 31853 33118 11 9008
342 31854 35821 4 4330
343 31885 34830 19 64995
344 31922 35367 38 84407
345 31946 33934 22 30662
346 32022 34149 8 4555
347 32097 32480 99 24831
348 32224 41818 65 237494
349 32338 37304 120 178890
350 32399 34383 36 31603
351 32465 62574 149 3114599
352 32522 33247 46 23511
353 32705 38843 26 29341
354 32794 35310 14 21136
355 32899 42730 103 332399
356 32928 35233 49 48672
357 32952 36196 70 247714
358 33024 33359 121 29549
359 33125 36596 12 13094
360 33189 33454 92 17205
361 33236 41980 137 214876
362 33392 60003 49 201046
363 33406 37795 144 184990
364 33444 33532 67 4854
365 33614 37038 88 63583
366 33799 51403 25 364698
367 34146 34437 138 9319
368 34163 38082 148 750030
369 34173 36670 75 71397
370 34291 39551 43 127427
371 34314 41333 119 283775
372 34337 40528 58 234094
373 34456 35553 53 20100
374 34535 42104 12 19742
375 34648 34927 42 2824
376 34691 50388 5 32938
377 34725 35603 98 19081
378 34779 52071 131 1332228
379 34868 48399 124 778259
380 34948 37106 13 26289
381 35169 37178 23 41413
382 35296 38933 20 23621
383 35347 43602 72 288958
384 35407 36746 5 3082
385 35517 37756 69 113054
386 35637 42121 146 240010
387 35676 37789 19 24194
388 35684 53188 53 748936
389 35722 36504 11 8517
390 35730 38893 9 9883
391 35967 41578 32 44744
392 36250 47642 38 162795
393 36452 37897 63 31040
394 36586 42213 7 13539
395 36734 45165 9 23326
396 36832 45810 101 383106
397 36858 36898 57 1500
398 36985 56429 6 130425
399 37028 48128 65 278377
400 37151 39880 58 64145
401 37221 45115 50 108631
402 37323 60571 96 919605
403 37368 38629 50 19218
404 37402 43249 12 36372
405 37476 37809 79 9580
406 37486 40686 100 187932
407 37586 39057 22 10861
408 37691 42906 92 298443
409 38541 40777 126 43649
410 38747 42065 18 35052
411 38878 39283 35 6685
412 38952 44149 40 373382
413 39061 61242 18 399714
414 39064 44052 115 113147
415 39131 55761 14 120226
416 39175 50557 115 378111
417 39182 66486 22 253338
418 39430 44529 53 114024
419 39508 40033 79 20913
420 39626 46489 4 7685
421 39730 48814 69 177809
422 39735 46974 93 352489
423 39755 56616 8 86451
424 39768 42975 81 44256
425 39795 57375 118 536336
426 39902 51330 111 330615
427 39972 40767 17 10942
428 40071 43797 112 149193
429 40190 40242 27 2285
430 40228 55810 14 63440
431 40412 51875 54 575154
432 40439 56498 115 473204
433 40467 44611 57 108203
434 40540 43535 49 65485
435 40628 40785 7 375
436 40769 42254 136 67872
437 40888 42129 85 20484
438 41379 42209 136 143299
439 41539 46717 89 109436
440 42177 54702 79 346011
441 42705 48749 11 31480
442 42786 47305 4 14148
443 42834 55377 15 54733
444 42858 46352 100 109153
445 42881 52182 13 33376
446 42918 45263 125 209793
447 42939 45863 62 54622
448 43349 46208 59 67238
449 43795 66482 125 898791
450 43865 55504 29 161295
451 43948 49512 66 88619
452 44008 61604 57 845416
453 44230 44366 56 4359
454 44288 58145 26 101869
455 44358 48994 128 287012
456 44447 47224 15 13012
457 44460 46238 9 13176
458 44486 46641 6 12628
459 44542 46396 59 34882
460 44546 48075 112 199709
461 44616 46758 128 101167
462 44995 45525 139 83460
463 44998 47663 53 85489
464 45036 48948 104 76197
465 45093 57632 70 397416
466 45112 57629 31 166008
467 45200 47158 17 35068
468 45213 46929 85 36028
469 45485 56251 85 193100
470 45533 56020 57 101347
471 45581 55134 7 30102
472 45750 54507 140 717026
473 45823 46621 119 68705
474 45886 50963 14 20998
475 46017 62751 12 16596
476 46080 48946 21 33524
477 46355 54362 117 829518
478 46368 47328 14 9738
479 46518 48131 36 27053
480 46635 58964 38 478614
481 46776 61565 91 908867
482 46815 53454 35 46018
483 47004 52958 6 24603
484 47068 53790 4 13826
485 47163 50848 126 192011
486 47178 62988 144 4583114
487 47382 47405 142 3303
488 47466 59922 5 28771
489 47659 49430 94 84553
490 47686 52199 24 32388
491 47730 53734 26 60488
492 47766 49876 6 11808
493 47936 51187 9 7485
494 47965 55610 51 275151
495 48098 55408 91 374049
496 48236 55517 30 47208
497 48391 49863 94 44909
498 48469 63224 101 723185
499 48786 54475 10 11683
500 48862 66455 114 752502
501 48876 55058 44 314857
502 49068 55359 99 127723
503 49132 51093 92 248529
504 49175 52247 134 344717
505 49282 51771 14 18739
506 49528 60938 105 668486
507 49570 51241 126 87601
508 49573 51583 59 56496
509 49582 61623 102 782082
510 49591 60306 105 377483
511 49720 61294 103 548173
512 49784 60492 12 50352
513 49790 57936 8 44057
514 49818 54806 36 52859
515 49843 56608 13 75998
516 49857 50440 62 57205
517 49923 51709 135 69758
518 49960 56426 20 30289
519 50204 60215 4 6879
520 50209 54493 30 72754
521 50249 55335 56 199435
522 50361 52051 19 14223
523 50376 58797 124 825373
524 50461 51951 20 18998
525 50780 55322 20 35061
526 50794 59781 41 229004
527 50826 58321 70 340151
528 50887 58616 67 573329
529 51041 51384 145 41550
530 51222 81019 98 1450738
531 51242 54180 139 254577
532 51252 70128 91 917532
533 51293 55533 122 586550
534 51348 62697 20 59071
535 51427 61122 61 178346
536 51439 57334 19 128352
537 51512 54173 125 218299
538 51607 57592 24 81192
539 51677 57355 16 170591
540 51750 62856 109 352119
541 51988 52928 23 14027
542 52001 81121 39 468902
543 52076 54331 119 42592
544 52105 55597 32 26141
545 52116 52586 9 1938
546 52248 56003 59 129406
547 52340 58390 20 251696
548 52393 55388 32 50240
549 52590 59754 28 119684
550 52664 54669 104 170181
551 52673 61327 50 293700
552 52753 53154 4 575
553 52922 54517 57 18007
554 52931 54172 41 18278
555 52982 53660 97 28750
556 53055 55903 7 32764
557 53063 57949 104 359020
558 53168 58932 130 138266
559 53224 56182 12 9086
560 53233 58195 5 10260
561 53241 60578 16 15128
562 53291 53479 60 4433
563 53365 56567 77 149671
564 53382 64607 142 735480
565 53546 79702 21 245039
566 53668 57813 73 373065
567 53709 57266 82 220640
568 53843 54486 65 13462
569 53877 57226 64 97204
570 54015 54230 62 9073
571 54245 67227 107 140098
572 54249 54266 5 166
573 54436 60772 10 12890
574 54492 73063 10 122259
575 54584 59523 26 32785
576 54606 57601 104 295385
577 54757 59858 39 58205
578 54913 58546 8 9848
579 54957 59698 130 131260
580 55039 57052 142 52054
581 55045 57594 15 23726
582 55074 58669 19 34145
583 55097 59270 32 53615
584 55123 55724 82 22971
585 55152 58499 38 56237
586 55243 58303 10 25097
587 55348 55383 11 190
588 55353 63853 19 46257
589 55354 57422 110 339364
590 55711 57531 65 41205
591 55727 62070 9 27700
592 55964 57660 29 47383
593 56001 62156 42 76781
594 56035 61759 15 25820
595 56072 60232 114 191669
596 56215 69512 9 44994
597 56277 64214 120 568893
598 56316 59014 28 33353
599 56395 57546 81 66766
600 56668 72827 112 619163
601 56742 58048 143 131090
602 56756 71462 5 30853
603 56860 57128 63 12261
604 56913 62756 22 44003
605 56919 57329 101 26506
606 56951 57471 100 31630
607 56982 60564 70 93041
608 57153 65927 60 336682
609 57244 65343 24 32082
610 57308 57317 7 94
611 57440 66966 6 17391
612 57563 60700 16 23621
613 57613 68294 21 26167
614 57619 58862 51 26331
615 57716 58157 69 48541
616 57841 60180 22 35689
617 57878 63250 54 88389
618 57879 66128 9 32277
619 57896 59120 32 13769
620 58147 61846 134 850665
621 58178 63589 93 496529
622 58322 68151 137 364310
623 58466 64776 31 69736
624 58707 60133 66 133712
625 58714 60045 14 4596
626 58821 63180 98 168193
627 59013 63251 52 190678
628 59083 60239 102 83983
629 59297 63408 61 49898
630 59378 65155 113 330617
631 59486 70642 27 116867
632 59542 60281 62 17031
633 59622 67967 43 90817
634 59874 65651 4 17111
635 59985 62041 37 25798
636 60085 66931 65 256924
637 60091 64830 102 90378
638 60301 64036 76 99751
639 60486 77013 22 208846
640 60686 69701 137 653713
641 60742 65082 61 214614
642 60867 71007 15 58515
643 60945 63379 8 12712
644 60960 66827 41 181797
645 60970 63620 132 126662
646 61170 67770 9 17456
647 61199 66887 68 253680
648 61265 61622 6 1534
649 61397 61853 9 6057
650 61517 80841 112 1440801
651 61605 65695 130 1050641
652 62645 64475 12 11316
653 62759 78533 77 209002
654 62792 63173 10 946
655 62801 63572 6 2564
656 62870 63818 40 6134
657 62914 63159 87 12619
658 63014 68475 19 25068
659 63102 69069 115 613067
660 63258 64440 150 81390
661 63274 70648 120 328131
662 63361 78275 133 481128
663 63920 64300 66 10423
664 64014 75081 51 269526
665 64060 78630 58 300802
666 64072 67526 19 14659
667 64180 70792 143 872102
668 64205 65472 125 57735
669 64401 64491 5 291
670 64824 66159 36 29162
671 64914 69372 141 295781
672 64933 67095 95 42551
673 64955 66465 26 17255
674 65086 77324 35 160561
675 65174 74765 8 8404
676 65250 80623 21 131688
677 65262 76053 78 564693
678 65299 81292 21 140409
679 65309 69157 54 106105
680 65368 73412 5 29475
681 65389 78231 61 532045
682 65495 67447 146 68223
683 65681 66385 100 37835
684 65740 78018 93 891634
685 65900 66477 52 9167
686 66028 96318 52 138881
687 66092 66677 10 3122
688 66093 72400 13 39460
689 66150 81651 127 1604536
690 66243 66838 4 993
691 66271 85480 91 1532019
692 66324 66950 44 13777
693 66348 72054 47 59962
694 66614 71088 19 30377
695 66622 70366 74 107786
696 66626 68904 106 134850
697 66642 71654 145 259328
698 67020 67022 56 113
699 67163 68058 103 52542
700 67262 67310 10 409
701 67341 78809 23 168016
702 67402 73191 84 176663
703 67521 71269 59 159229
704 67541 92448 34 372107
705 67553 74661 19 32392
706 67557 85859 53 122806
707 67728 71719 75 127603
708 67743 78698 54 218857
709 67774 88444 18 200774
710 67881 71136 93 238481
711 67891 69780 149 68659
712 67937 68165 21 1255
713 67976 68968 31 9728
714 68008 68077 50 1297
715 68086 73680 6 48208
716 68136 79847 125 812908
717 68226 73382 148 101256
718 68227 70997 113 59808
719 68355 69442 68 77941
720 68363 71131 53 176403
721 68416 80668 62 267129
722 68491 75170 29 79140
723 68601 85793 22 153470
724 68607 68734 125 20926
725 68824 76145 10 16615
726 68973 90335 140 1259093
727 68999 76320 106 137812
728 69094 69542 147 13511
729 69130 74859 22 34566
730 69134 75033 20 207598
731 69155 99682 112 891328
732 69302 74522 32 139575
733 69398 70593 5 2992
734 69446 84691 33 128445
735 69467 92134 46 907238
736 69481 76229 76 703767
737 69502 71602 24 18002
738 69624 81334 111 759765
739 70021 76254 36 108741
740 70246 82084 65 75941
741 70277 80628 124 676893
742 70329 80098 138 369968
743 70331 70418 117 2135
744 70388 70723 37 8403
745 70537 71595 54 47201
746 70551 82818 6 43771
747 70570 83454 15 63619
748 70600 71645 115 92995
749 70606 73673 32 56621
750 70623 74088 25 22933
751 70737 77898 45 256083
752 70738 72417 71 118945
753 71101 72502 12 7291
754 71120 87324 10 83736
755 71126 80325 42 510621
756 71179 72160 59 68762
757 71181 72296 34 29737
758 71273 78742 29 95060
759 71298 79219 9 33299
760 71464 73452 45 21285
761 71587 73185 69 25184
762 71986 78422 40 70258
763 72064 77216 115 113055
764 72101 82179 149 528992
765 72180 89946 130 871022
766 72202 72489 146 38426
767 72263 79169 103 227749
768 72322 84165 90 620930
769 72388 81216 54 168521
770 72654 77008 131 244359
771 72693 76051 44 61599
772 72694 86814 141 515965
773 72726 87813 8 38138
774 72784 88104 75 565202
775 72830 73684 7 2567
776 72860 77395 55 206609
777 72961 80384 58 149916
778 73255 75395 10 13652
779 73387 88781 139 1775714
780 73420 80031 25 42712
781 73475 78022 7 14042
782 73829 81814 49 141575
783 73947 80583 55 126422
784 74136 79282 68 185281
785 74387 79979 57 49913
786 74473 78166 109 243374
787 74528 83367 39 63855
788 74772 79506 48 86093
789 74797 78747 135 292704
790 74932 78377 43 58767
791 75006 76184 10 30425
792 75037 75095 25 421
793 75042 78393 7 9888
794 75186 77550 145 129028
795 75191 86928 21 95546
796 75231 77656 41 21698
797 75324 75721 36 13188
798 75339 76196 10 6404
799 75956 85466 85 681137
800 76034 80460 5 3971
801 76126 79033 34 192815
802 76157 84148 52 60181
803 76175 79151 5 5673
804 76197 93505 30 265340
805 76520 78009 21 12139
806 76652 92753 67 260277
807 76809 78188 20 17398
808 76948 81203 60 154841
809 77085 79341 113 63273
810 77171 92324 149 1374636
811 77273 85633 9 48524
812 77313 83352 77 240276
813 77338 82868 98 320850
814 77420 79384 17 13173
815 77440 82461 102 349077
816 77586 83396 9 10834
817 77639 80305 52 63077
818 77693 77948 43 8020
819 77769 81367 132 570573
820 77864 78793 27 33856
821 78104 80764 97 54191
822 78187 81785 99 239125
823 78352 89753 28 118589
824 78546 86225 6 25422
825 78602 90004 23 76659
826 78621 86462 34 159521
827 78832 79885 83 37261
828 78879 83107 84 67161
829 78889 79152 84 16367
830 79012 96158 11 50054
831 79047 81280 74 34659
832 79164 85004 75 162458
833 79205 88408 64 331297
834 79221 81291 54 35937
835 79507 84329 120 423853
836 79581 80045 20 5729
837 79760 81354 141 73548
838 79785 80578 17 5251
839 79855 81066 147 132737
840 79952 90859 138 566507
841 80007 92664 13 30207
842 80101 81932 144 146029
843 80199 89701 98 572626
844 80268 81905 10 4766
845 80490 82637 23 28681
846 80520 83081 144 250847
847 80527 88687 33 123300
848 80542 81978 55 58580
849 80603 93956 141 775268
850 80616 83509 35 93323
851 80671 92317 42 204653
852 80789 87217 67 152600
853 80811 93670 128 536092
854 81055 81288 71 6279
855 81148 93345 75 213635
856 81305 86812 120 336999
857 81359 91946 27 100352
858 81625 89042 9 20460
859 81821 87812 11 38741
860 81889 84791 109 143630
861 82070 85134 92 132591
862 82100 84498 82 70703
863 82163 84228 45 49689
864 82281 84163 34 29079
865 82571 91343 147 266244
866 82639 85502 83 158598
867 82877 86500 102 218940
868 82940 83784 7 2373
869 82977 87600 113 210666
870 83061 83290 99 8817
871 83180 85306 150 99774
872 83261 83814 42 9055
873 83296 89743 84 245619
874 83310 83493 124 11873
875 83381 86837 31 46809
876 83386 88043 126 148864
877 83440 85692 94 58011
878 83490 84295 24 7300
879 83514 90970 8 12209
880 83556 85248 6 12418
881 83578 87824 7 11431
882 83665 84757 16 16011
883 83789 88355 11 33641
884 83884 93091 38 211345
885 84000 92064 7 12177
886 84082 91843 69 507680
887 84362 96117 38 403172
888 84403 96259 150 499202
889 84567 93604 45 164469
890 84716 89933 121 262529
891 84958 86516 104 70403
892 84960 89362 114 178744
893 85010 87306 12 12256
894 85140 90368 12 86868
895 85349 88331 72 147036
896 85593 89192 41 116999
897 85746 87484 28 9267
898 85781 89867 132 123511
899 85845 91141 87 148517
900 85940 88791 22 21764
901 85950 98170 136 1766158
902 85978 88110 6 11821
903 86014 89323 11 16327
904 86102 86834 6 970
905 86141 90380 36 56853
906 86230 96607 79 149866
907 86251 87225 127 98234
908 86358 93004 72 277176
909 86564 86693 73 5423
910 86646 90229 40 30161
911 86664 91550 120 278606
912 86665 92812 20 34540
913 86710 87527 44 11896
914 86733 94594 48 116405
915 86904 90128 10 30453
916 87029 97059 6 9074
917 87316 91966 58 56479
918 87360 88171 136 81296
919 87429 93100 99 374537
920 87555 92679 50 96111
921 87576 91489 59 207449
922 87711 87752 17 318
923 87831 90214 70 41969
924 87945 99959 89 292774
925 88102 91962 85 64825
926 88136 99484 64 213904
927 88168 99260 34 218723
928 88228 91773 48 180896
929 88265 88541 20 4688
930 88378 90180 101 125052
931 88419 98507 61 333088
932 88767 94645 137 154139
933 88877 99733 90 383525
934 88997 89349 17 2825
935 89123 89750 4 831
936 89145 98647 138 322681
937 89258 92227 45 26874
938 89264 89556 73 16369
939 89305 90151 54 22032
940 89351 98442 22 66361
941 89420 98400 29 236347
942 89632 93666 90 129056
943 89666 92652 54 23865
944 89671 95699 9 10447
945 89681 96901 6 6122
946 89724 95361 46 178240
947 89972 92528 35 37463
948 90017 92079 84 72154
949 90156 91140 95 80719
950 90210 94500 67 119549
951 90502 92891 47 100168
952 90598 94369 41 70411
953 90707 92216 39 23368
954 90935 92793 97 75746
955 90996 96775 107 134226
956 91031 92033 10 3023
957 91094 94935 37 46823
958 91521 92866 112 185566
959 91590 97467 137 308413
960 91593 94303 7 4865
961 91683 93907 7 9712
962 91765 94123 18 16784
963 91812 94911 29 47151
964 91930 99845 141 520512
965 92367 92744 4 527
966 92680 94321 68 86115
967 93090 99020 9 23219
968 93287 95944 53 28636
969 93571 96512 54 65243
970 93730 96349 40 65667
971 93753 94684 38 25399
972 93760 96073 5 2523
973 94000 95564 22 30597
974 94270 96679 20 49010
975 94342 94836 36 4184
976 94488 96591 11 15875
977 94576 96989 8 9263
978 94611 98964 58 43029
979 94659 95439 23 16504
980 94705 97115 7 4900
981 94733 97689 20 26162
982 94846 98047 115 121376
983 94939 98873 92 100722
984 95258 99242 65 120466
985 95531 98192 94 65955
986 95596 97606 81 27803
987 95982 97956 134 133265
988 96018 97426 55 23568
989 96032 98202 12 12656
990 96097 98096 15 33359
991 96228 99814 11 14908
992 96293 97291 144 108495
993 96545 99919 56 82130
994 96681 97656 45 42375
995 96726 97016 4 351
996 97170 98974 88 76487
997 98002 99161 9 4626
998 98619 98883 44 6759
999 98655 99884 26 9944
