50 1000 0.049
..........#.#.......###...........................
......#.######........###.........................
......#######........####.........................
....####.###........#####.........................
......#..####..........##.........................
.........#.#......................................
.........#........................................
..................................................
..................................................
..................................................
..................................................
.........................#........................
........................###.......................
.........................######...................
..........................######..................
.......................#.####.....................
.#.................#.###..###.....................
###................######.######..................
..##...............#########..#...................
....................#######.##....................
.....................###..#####...................
.....................#.....#.................#....
.....................#.......................###..
...........................................#####..
...........................................###..##
............................#............####.###.
..........................####..............#...#.
..........................###...............##..#.
.........................####................#.###
.........................#.###.............#######
...........................###...............###.#
..........................##..................##.#
.........................##.......................
.........................#........................
.........................#........................
..................................................
..................................................
..................................................
..................................................
..................................................
..................................................
..................................................
..................................................
..................................................
..................................................
..................................................
..................................................
..................................................
..................................................
..................................................
0 101 694 17 2474
1 106 4241 127 123356
2 131 2406 20 11471
3 433 10167 85 296415
4 705 3054 35 36457
5 812 868 78 926
6 873 12622 67 570011
7 896 4441 87 161190
8 912 1924 16 14965
9 925 10522 67 160932
10 1001 4803 144 99110
11 1125 4260 105 240891
12 1148 2808 144 75993
13 1287 11379 44 175963
14 1394 5122 97 85601
15 1556 2776 61 25061
16 1608 9143 133 478547
17 1673 5944 7 9115
18 1678 12264 21 202548
19 1717 3648 94 121138
20 1772 5053 14 18037
21 2045 14229 128 411311
22 2321 6060 83 127950
23 2495 5809 115 176902
24 2753 4924 19 26771
25 2872 5971 139 99980
26 2893 8275 51 82109
27 2907 3270 91 35254
28 2912 8543 21 41123
29 3024 7049 25 62198
30 3146 4019 19 6732
31 3470 20929 130 667045
32 3485 4927 25 18286
33 3488 13556 98 606899
34 3684 3989 9 674
35 3715 7416 11 8442
36 3716 4758 11 10508
37 3734 10502 98 189284
38 3826 15226 47 244917
39 4026 9267 32 55134
40 4219 6591 8 27701
41 4236 19896 126 936196
42 4327 12386 32 74708
43 4402 6847 57 54186
44 4455 5164 108 27517
45 4510 6505 44 61339
46 4515 4721 10 1753
47 5048 7640 55 130660
48 5308 6554 54 78896
49 5331 6136 10 7849
50 5557 6890 48 60934
51 5578 6877 15 10758
52 5635 15282 14 63328
53 5764 7514 7 2607
54 5874 7037 125 33734
55 5995 10317 80 196169
56 6264 6353 64 14353
57 6386 8445 62 31751
58 6568 7918 15 9122
59 6583 7565 37 39428
60 6625 17693 12 53782
61 6633 12855 72 331809
62 6703 9376 30 12959
63 6851 17588 21 41239
64 6937 9586 106 137429
65 7176 11608 77 40263
66 7183 8061 85 42101
67 7196 9772 24 31887
68 7424 7770 85 9498
69 7470 11384 14 31493
70 7583 9286 128 63869
71 7697 8075 51 26324
72 7759 8095 43 13152
73 7761 10460 127 113747
74 7773 10563 7 10170
75 7875 9878 136 81357
76 7893 11008 5 8499
77 8033 12641 6 17579
78 8265 12248 80 58953
79 8362 8604 10 580
80 8485 8850 4 527
81 8666 13969 76 153607
82 8677 17057 6 46643
83 8686 12175 72 96757
84 9264 9458 124 19196
85 9317 12559 92 281458
86 9406 9476 33 1192
87 9487 9489 11 26
88 9505 13326 41 48523
89 9580 10143 12 8078
90 9613 10150 11 5746
91 9698 15138 11 24685
92 9720 13896 6 10296
93 9741 10506 125 26273
94 9820 14812 53 107211
95 9848 18519 132 412731
96 9887 12219 85 81569
97 10106 10235 136 11579
98 10151 12104 89 108694
99 10255 11324 110 135719
100 10640 11501 149 292516
101 10707 17474 123 347388
102 10777 21464 7 65823
103 10779 16911 88 201396
104 11078 13074 44 33247
105 11228 12992 63 32174
106 11442 13229 50 16357
107 11460 23981 73 388387
108 11520 21258 91 210470
109 11569 11923 50 4949
110 11666 19086 4 37482
111 11696 12394 22 6865
112 11966 16193 77 222232
113 12043 12100 90 4608
114 12068 18248 80 509204
115 12113 18946 13 23065
116 12321 16383 23 52366
117 12412 14049 125 79372
118 12580 18625 19 45482
119 12589 23794 26 190891
120 12725 19982 122 636785
121 12754 23817 29 150250
122 13116 14468 57 33454
123 13374 13471 79 4005
124 13499 16346 84 113284
125 13701 20064 123 136690
126 13708 21090 107 207751
127 13770 20367 108 449400
128 13803 17653 25 45776
129 13906 15541 50 43497
130 13942 22518 41 54186
131 13963 16923 69 90310
132 14246 21011 115 343496
133 14251 22959 121 373951
134 14263 18528 110 96081
135 14360 14746 107 16128
136 14392 16248 45 20397
137 14633 31360 23 78807
138 14718 18409 103 61287
139 14826 16252 34 31326
140 14942 16087 38 21130
141 15081 18616 43 35240
142 15194 16466 33 17670
143 15548 15878 12 2857
144 15623 26455 35 72469
145 15625 17231 87 81893
146 15806 19452 70 130682
147 15885 19042 115 249167
148 15908 17819 16 8977
149 15999 17125 100 56644
150 16028 16148 33 1380
151 16198 18247 14 8043
152 16278 21636 42 119474
153 16290 16408 107 9485
154 16333 18622 77 44375
155 16643 18478 9 16167
156 16822 26310 36 102685
157 16839 18737 33 63915
158 16887 29060 87 270791
159 17324 34740 17 55306
160 17369 41774 64 1584757
161 17443 20255 10 17763
162 17446 22011 48 189314
163 17625 21246 87 198030
164 17680 24950 33 175916
165 17777 19319 20 7707
166 17860 25001 98 404685
167 17988 19117 103 29121
168 18060 24621 113 341652
169 18251 20187 40 21470
170 18355 24257 79 281438
171 18363 19204 82 40440
172 18401 25443 6 22061
173 18596 19463 17 28425
174 18750 26913 82 406939
175 18819 24716 5 11065
176 18879 21856 121 87132
177 18962 20495 97 152329
178 19005 21002 129 207933
179 19010 23103 116 80489
180 19058 19300 13 1024
181 19142 22027 103 121673
182 19202 26217 44 194116
183 19706 23884 60 73398
184 19767 19815 37 2383
185 19889 23562 125 211654
186 19893 27066 126 1023565
187 19945 30058 41 141038
188 19975 32633 65 353894
189 19985 23489 37 36144
190 20279 20407 123 8326
191 20667 23738 140 217812
192 20758 23516 11 14370
193 20842 28452 92 471594
194 20961 21816 11 15513
195 21035 26520 17 36299
196 21131 23243 44 89816
197 21242 21360 90 6157
198 21306 26919 72 157455
199 21320 39076 100 450861
200 21534 23147 5 2643
201 21588 28472 37 227200
202 21620 25950 34 38472
203 21756 21834 106 3723
204 21805 25334 41 184614
205 21895 33039 51 80789
206 22158 33548 96 391444
207 22210 27884 69 92427
208 22221 33950 6 35750
209 22248 22739 54 34273
210 22621 22773 6 362
211 22635 23659 45 10808
212 22894 25629 10 5781
213 22923 37815 123 299207
214 22998 24274 128 70647
215 23005 27191 50 83647
216 23191 24813 74 86334
217 23332 30989 94 265516
218 23343 37337 105 731536
219 23361 24150 133 117738
220 23379 40332 58 476055
221 23386 27392 118 138598
222 23548 23786 82 11314
223 23630 24000 19 5374
224 23637 32352 57 588655
225 23661 26777 61 75913
226 23933 42654 119 878469
227 23937 25297 16 23412
228 24018 32551 6 14188
229 24069 27355 20 27558
230 24103 25260 44 34335
231 24282 24599 89 12287
232 24331 29522 14 28362
233 24486 25649 20 16733
234 24668 40083 51 401644
235 24691 36813 108 1281419
236 24742 25301 9 5049
237 24903 28190 111 156562
238 25066 28176 15 21356
239 25117 28927 114 114366
240 25124 25136 54 420
241 25298 37098 6 44603
242 25308 30704 4 9686
243 25454 29020 55 60704
244 25530 31808 22 82207
245 25747 34013 42 106755
246 25893 27400 24 24854
247 25961 29573 8 24234
248 26000 28747 14 26220
249 26214 27889 17 6824
250 26304 35570 63 143822
251 26463 40405 93 1899588
252 26470 27660 33 11821
253 26573 31006 54 85077
254 26617 30029 148 180353
255 26663 26902 146 17429
256 26758 27250 146 30907
257 27172 30228 114 452961
258 27362 31534 7 15369
259 27436 33907 116 344983
260 27444 31045 118 124093
261 27477 28326 4 1322
262 27518 35726 80 233131
263 27533 27879 112 32144
264 27610 34204 63 77895
265 27694 40329 59 601032
266 27819 31478 64 105135
267 27863 29610 6 16424
268 28005 45607 5 39936
269 28069 33626 49 191186
270 28137 31576 144 99385
271 28147 35558 29 86684
272 28330 31676 129 279682
273 28371 28855 50 5541
274 28492 29835 83 18515
275 28545 33030 24 63465
276 28675 34594 5 7316
277 28679 34890 98 220240
278 28964 29937 84 53237
279 29022 29506 39 34193
280 29064 33924 51 120876
281 29113 29271 91 5288
282 29294 30200 104 62957
283 29322 37670 110 315880
284 29376 31733 14 13717
285 29398 29453 144 9608
286 29561 30886 27 12344
287 29636 33759 83 168672
288 30010 33003 24 69376
289 30028 30103 11 428
290 30033 31336 21 5324
291 30204 31233 116 82299
292 30247 31933 53 90059
293 30356 39277 97 630567
294 30498 32334 49 33765
295 30582 34361 74 290795
296 30601 41631 127 694404
297 30754 31711 24 15773
298 30793 34239 61 78117
299 30823 31750 121 66269
300 30906 33828 118 277417
301 31015 38141 5 20027
302 31023 36537 93 354652
303 31234 31626 124 78516
304 31315 33199 5 2977
305 31330 35151 121 130493
306 31439 37016 93 531519
307 31443 34693 150 505774
308 31480 35696 14 11697
309 31494 36269 57 58646
310 31504 33273 44 49759
311 31547 38217 67 129913
312 31673 42789 52 357556
313 31767 32083 74 19754
314 32123 33301 27 18393
315 32179 37675 71 325241
316 32319 36340 5 5478
317 32555 32670 42 3989
318 32606 34986 27 16536
319 32609 32687 31 2522
320 32617 38077 7 15118
321 32793 37035 35 38169
322 32870 33824 111 54256
323 33040 38951 56 128821
324 33051 43495 17 34143
325 33131 54877 109 1203461
326 33623 38031 58 69740
327 33694 34646 18 1561
328 33820 34754 11 4316
329 33922 46646 19 117845
330 34189 47002 127 1165960
331 34299 38808 26 31033
332 34326 43626 55 226736
333 34487 35225 23 6216
334 34653 49380 25 59228
335 34839 38646 32 296683
336 34840 35339 16 3361
337 34894 41191 101 388800
338 35106 40441 88 203477
339 35138 36595 76 32868
340 35189 45329 52 164146
341 35249 35594 6 4023
342 35419 52525 26 202526
343 35437 36570 11 5231
344 35589 46762 35 55899
345 35790 36404 96 26620
346 35893 35921 45 2448
347 36042 41410 15 22020
348 36071 39097 39 30538
349 36189 46405 125 515251
350 36403 50053 126 727271
351 36460 37153 143 49379
352 36493 38936 11 27197
353 36558 42665 145 391601
354 36630 37828 7 5768
355 36634 38832 25 10200
356 36673 38030 129 195257
357 36676 53421 68 306003
358 36699 37318 21 5055
359 36793 43911 111 191653
360 36797 41401 17 15148
361 36947 40134 26 57003
362 37008 37710 129 36243
363 37080 37698 138 49313
364 37179 37608 70 46623
365 37303 47154 73 435665
366 37399 38845 77 132370
367 37401 47859 50 124936
368 37568 39885 92 215942
369 37823 46119 119 558326
370 37904 38765 106 74947
371 38054 43896 21 80123
372 38306 45309 42 201640
373 38336 40481 72 67256
374 38353 49254 24 132279
375 38381 39302 120 79315
376 38495 47418 115 577198
377 38509 43008 49 159847
378 38600 41474 16 21163
379 38630 43269 69 162036
380 38714 39570 114 24833
381 38791 49954 9 51332
382 38802 45417 34 326316
383 38840 42406 69 169913
384 38856 40868 88 109189
385 39009 39290 14 4272
386 39083 46985 92 172007
387 39348 41318 31 18689
388 39542 40768 5 2039
389 39598 45971 109 236225
390 39711 41801 19 17219
391 39789 43282 37 35191
392 39915 46208 55 130378
393 40085 43543 75 49177
394 40161 42509 6 16179
395 40235 48275 131 354163
396 40402 44656 46 186009
397 40526 40704 77 8870
398 40550 44509 30 42802
399 40599 42468 55 29436
400 40671 45364 137 104457
401 40688 52621 77 946877
402 40723 42164 76 49490
403 40796 44783 11 15467
404 40804 41099 9 1284
405 40828 44567 26 72448
406 40882 47793 131 388224
407 40977 53547 7 75890
408 41015 41173 23 2633
409 41019 50312 146 695406
410 41503 43981 49 36539
411 41518 74377 83 716058
412 41540 44216 28 57336
413 41599 47826 38 121250
414 41745 51235 86 224500
415 41762 47905 149 433072
416 41865 44297 115 256725
417 41877 41924 85 3616
418 41916 42324 137 25036
419 41928 47985 31 38029
420 41992 42159 116 20339
421 42112 45220 115 288778
422 42150 49071 140 294004
423 42176 44647 64 109581
424 42308 43086 28 3487
425 42333 42856 16 2706
426 42368 42653 23 4041
427 42459 47601 63 83530
428 42724 51366 146 1500384
429 42824 51723 76 292544
430 42923 46095 41 72189
431 43081 48845 21 71517
432 43083 47150 36 90344
433 43173 46177 50 81316
434 43178 53189 10 29954
435 43201 44249 73 24133
436 43303 56257 89 295474
437 43607 44790 26 13348
438 43638 45283 70 51877
439 43730 47699 5 8700
440 43803 44283 10 2606
441 43859 47961 32 51102
442 43993 49383 30 97346
443 44165 49646 13 91055
444 44247 53864 4 9267
445 44357 46080 71 81888
446 44430 46511 57 18458
447 44568 46578 13 35662
448 44569 48007 66 268444
449 44617 48288 75 143560
450 44621 47401 37 23643
451 44752 47058 31 58571
452 45237 54273 98 816071
453 45382 46344 7 2651
454 45440 47338 28 124692
455 45460 46698 93 49314
456 45478 46028 67 25978
457 45888 47284 128 126261
458 46108 48643 119 121002
459 46176 50800 4 4752
460 46314 47912 10 4540
461 46425 47665 127 162614
462 46468 52622 63 43229
463 46525 46590 14 1187
464 46556 46866 129 23853
465 46559 50294 5 4244
466 46576 47643 17 38285
467 46581 46737 45 2725
468 46738 47073 5 1445
469 47029 51251 53 63492
470 47064 56376 109 682409
471 47474 47803 134 12977
472 47486 51012 124 228650
473 47557 51383 100 129042
474 47984 49599 71 62008
475 48030 48557 18 7794
476 48054 48604 62 13300
477 48061 48654 46 14973
478 48423 57509 42 252427
479 48461 52849 61 100147
480 48528 55296 72 158086
481 48673 50175 72 39323
482 48759 49775 64 18546
483 48886 59288 56 430804
484 48911 49496 133 68640
485 49020 49712 90 56934
486 49135 53634 29 75800
487 49889 50009 99 10747
488 50158 59188 81 176239
489 50244 50577 4 3830
490 50299 50672 32 8246
491 50361 51406 44 9672
492 50402 51365 20 17441
493 50817 52654 43 26829
494 50872 50883 30 440
495 50893 60746 32 35413
496 50923 52190 89 38949
497 50981 51603 86 35756
498 51077 55984 62 66865
499 51320 52897 100 98866
500 51438 69127 47 438184
501 51451 54718 5 4873
502 51483 57244 92 160658
503 51485 52720 8 5093
504 51591 52337 60 14394
505 51661 55970 60 68816
506 51685 57965 83 273500
507 51783 58621 57 113466
508 51784 57652 134 242826
509 51877 52658 137 63526
510 51937 52065 86 8642
511 52032 58734 84 357423
512 52258 55988 122 96390
513 52262 54321 61 42159
514 52287 65098 85 1425651
515 52308 61717 39 117440
516 52392 55470 64 86989
517 52485 55734 43 50916
518 52500 54655 77 88391
519 52561 54847 109 43510
520 52706 54401 147 45024
521 52739 53406 106 98756
522 52940 59397 33 95597
523 53008 53966 10 7832
524 53228 54531 10 4577
525 53400 66109 7 12005
526 53485 63258 127 224691
527 53554 56286 111 229884
528 53582 53583 131 126
529 53616 55497 27 39747
530 53726 54760 19 15968
531 53906 54741 141 90158
532 53936 75756 8 74777
533 53988 60471 16 37309
534 54005 59429 104 267653
535 54165 61567 144 824061
536 54329 68468 36 105614
537 54633 61779 114 94419
538 54650 65686 119 969476
539 54763 61434 114 509475
540 54767 58327 87 97826
541 54785 55503 22 6561
542 54802 56434 127 113902
543 54840 57623 97 163328
544 54860 57213 144 311995
545 54915 56215 99 83113
546 54941 58009 28 76750
547 55068 57749 29 95733
548 55168 58377 8 9918
549 55187 56896 14 28713
550 55394 57227 34 16217
551 55460 58736 54 140632
552 55536 61345 65 83038
553 55597 58607 80 85714
554 55625 56170 140 62536
555 55709 58891 77 114860
556 55711 56792 68 58399
557 55713 56469 70 48155
558 55765 56414 63 22850
559 55902 56078 31 4200
560 55927 59267 24 63349
561 55931 57086 108 79650
562 55963 67266 38 266444
563 56002 58120 69 59365
564 56090 63774 31 183212
565 56331 63312 120 114317
566 56377 59727 126 138345
567 56804 59392 75 69206
568 56845 62767 68 243625
569 56866 60568 112 80999
570 56899 57448 123 74550
571 56903 74041 6 54329
572 56906 57739 37 15580
573 56944 67493 13 53258
574 57095 59095 49 26613
575 57266 62902 101 231493
576 57288 62173 122 585244
577 57296 69686 72 194384
578 57454 70790 95 574220
579 57491 58885 107 44253
580 57495 59368 59 43714
581 57523 58761 39 43197
582 57591 59299 60 38760
583 57658 69471 111 808928
584 57795 58144 8 4160
585 57940 59801 79 56510
586 58247 71671 141 766958
587 58422 60642 85 63572
588 58608 59662 103 72999
589 58659 59071 39 12229
590 58702 66092 148 406777
591 58811 58900 8 466
592 59034 69507 41 84783
593 59051 73297 35 47818
594 59108 61009 41 14645
595 59198 64496 81 178588
596 59309 59844 39 8501
597 59463 63827 6 7188
598 60086 66196 76 151531
599 60158 65993 15 29791
600 60172 66825 61 252573
601 60436 72317 149 1040406
602 60440 62321 108 34776
603 60518 62627 17 26128
604 60527 67040 13 15697
605 60542 62218 31 22417
606 60543 63287 45 12399
607 60859 69800 24 113992
608 60865 67854 6 15132
609 60972 62632 65 106913
610 61001 61947 74 33776
611 61105 64638 23 69367
612 61187 61989 55 37172
613 61385 67081 5 7895
614 61461 64646 80 110690
615 61564 70709 91 352009
616 61627 66973 97 130007
617 61667 63644 9 8457
618 61724 62467 12 2966
619 61839 64327 42 45585
620 61850 62161 133 33449
621 62012 63748 93 67017
622 62045 62659 112 35720
623 62093 67064 108 271303
624 62269 70870 75 194364
625 62413 64211 29 26920
626 62513 63575 119 81097
627 62614 67199 60 58863
628 62672 67935 44 127785
629 62680 66116 43 52882
630 62807 66094 18 47677
631 63011 63261 51 9739
632 63016 63602 36 5414
633 63081 67490 100 125794
634 63101 64815 33 29521
635 63313 65108 4 3173
636 63374 67222 39 135066
637 63438 68055 114 130042
638 63453 67209 35 122063
639 63605 68213 106 298868
640 63687 67379 4 8619
641 63905 70423 45 99829
642 63977 67537 17 53176
643 63981 66969 8 13738
644 64082 64640 35 8345
645 64115 65271 142 98410
646 64186 64378 37 9153
647 64208 65125 25 7494
648 64213 76934 103 785202
649 64275 64826 32 13073
650 64381 85144 9 125707
651 64408 84801 6 98624
652 64572 66132 58 38269
653 64586 73117 50 198464
654 64732 90366 60 556472
655 64795 66815 27 19127
656 65164 70508 7 16896
657 65294 65730 41 18224
658 65341 70383 36 140565
659 65370 68190 84 240530
660 65414 72376 67 275253
661 65442 65458 38 602
662 65866 69719 124 222386
663 65885 68797 9 5470
664 66039 68697 94 68081
665 66172 68490 51 20315
666 66373 82272 35 151745
667 66463 69165 102 153087
668 66545 66668 144 15765
669 66864 69228 143 81156
670 67114 70912 29 34441
671 67291 74289 17 65163
672 67395 71360 41 53404
673 67453 70826 4 3701
674 67460 69234 7 6610
675 67511 72907 47 116800
676 67644 83923 44 116459
677 67653 76519 11 58143
678 67749 73824 93 176285
679 67801 68133 48 14528
680 67951 71248 110 91616
681 68027 69825 5 6214
682 68033 70918 39 45502
683 68044 75541 135 587473
684 68069 68910 107 77814
685 68156 69311 141 65911
686 68164 70404 24 51069
687 68283 70167 11 14155
688 68298 69026 26 11135
689 68342 79029 139 472778
690 68443 71157 11 11268
691 68466 68602 87 4127
692 68704 72199 129 344434
693 68783 69063 73 12165
694 68851 71881 50 53813
695 68937 74189 50 228543
696 69040 73220 30 38300
697 69226 69528 120 13718
698 69247 73116 53 83705
699 69291 73675 21 18107
700 69393 77631 103 361840
701 69409 72092 104 178046
702 69466 71123 46 81702
703 69687 71803 5 2965
704 69926 72894 59 115813
705 69944 78210 101 341644
706 69983 70540 61 18520
707 70077 71655 103 69664
708 70171 76257 32 109270
709 70222 77811 32 132717
710 70335 72520 21 46382
711 70338 75178 13 28205
712 70467 73100 8 15350
713 70522 86575 84 459256
714 70535 72851 9 4212
715 70754 78921 13 54311
716 70781 71875 84 32968
717 70788 78570 74 370657
718 70833 73755 34 50244
719 70863 75905 15 65121
720 70867 76624 5 22464
721 70893 74770 5 12923
722 70915 75910 56 203998
723 71149 75161 102 285351
724 71228 84258 7 56044
725 71274 72094 134 37177
726 71289 77506 53 74485
727 71327 76369 9 24799
728 71350 82282 100 541817
729 71409 92501 22 164505
730 71511 73651 17 10193
731 71591 73229 34 22335
732 71715 77223 134 990594
733 71756 76814 4 20409
734 71820 84834 38 360031
735 71822 73784 60 76574
736 71841 80395 14 50501
737 71944 75024 36 29505
738 72311 80887 141 610571
739 72390 72691 105 38228
740 72422 75845 143 214425
741 72589 75906 14 9594
742 72735 85062 77 813510
743 72832 76394 80 315372
744 72881 73113 59 13870
745 73025 74502 25 25716
746 73072 74492 72 47957
747 73074 73318 58 3368
748 73190 74208 66 37173
749 73209 76092 53 109707
750 73317 84089 55 92603
751 73419 74500 42 14643
752 73552 74860 41 44254
753 73652 86067 103 1123730
754 73672 74668 73 103375
755 73721 74159 84 20466
756 73808 78589 70 135246
757 73884 76284 50 41518
758 73942 77814 85 66288
759 74153 80040 6 12223
760 74232 75390 85 103744
761 74241 74858 148 50403
762 74497 76077 51 122613
763 74573 77720 14 8198
764 74691 80400 142 385355
765 74969 77063 105 107903
766 75045 78075 39 72991
767 75117 78761 53 57201
768 75263 76096 9 2173
769 75351 75378 78 2915
770 75506 78364 115 173742
771 75528 79798 109 267969
772 75828 75886 82 4684
773 76122 86610 105 466284
774 76151 77478 12 6398
775 76567 76816 8 1100
776 76594 77977 80 33055
777 77101 80441 53 99642
778 77146 78517 34 20339
779 77272 77998 26 9304
780 77309 79622 85 102984
781 77369 84973 21 56010
782 77379 89440 31 63736
783 77734 79110 79 73000
784 77753 80667 28 18200
785 77802 78609 140 100255
786 77911 78902 96 27429
787 78121 82009 142 202558
788 78189 86749 48 133535
789 78341 82422 6 14273
790 78464 84723 40 298186
791 78509 81286 47 33706
792 78673 82186 108 97072
793 78674 79776 18 8105
794 78703 78805 21 918
795 78715 83380 54 194364
796 78803 80469 124 52995
797 78806 85972 36 143261
798 78823 80737 31 30579
799 78996 80717 8 6325
800 79044 82484 45 73180
801 79118 84094 24 24055
802 79174 79400 78 13135
803 79270 83466 68 101023
804 79276 83435 132 532493
805 79313 84124 64 141108
806 79482 82175 49 94439
807 79488 87766 73 247194
808 79516 82203 47 137712
809 79542 79795 37 1933
810 79605 82205 23 18812
811 79700 95367 32 71747
812 79731 81698 28 18301
813 79740 81362 46 63359
814 79792 85343 56 176031
815 79825 80217 66 9592
816 79872 81201 31 27652
817 79906 81930 81 193549
818 80051 80406 86 10226
819 80301 81957 115 39847
820 80312 81496 14 14290
821 80393 90038 58 297292
822 80518 87475 83 129325
823 80574 81264 33 6212
824 80594 81961 93 43015
825 80599 81080 146 30582
826 80618 84947 136 236625
827 80698 83724 6 5591
828 80787 81574 13 7582
829 80799 86761 7 29743
830 80880 86494 46 68420
831 80895 83726 91 77446
832 80905 81509 11 6402
833 80999 86384 7 13124
834 81081 90229 14 46902
835 81086 81967 114 52036
836 81253 84264 115 216211
837 81321 89312 17 28479
838 81369 85695 131 189561
839 81415 84893 8 11014
840 81567 82559 7 11183
841 81689 81693 51 127
842 81740 84129 64 38858
843 81827 86451 28 47116
844 81978 87620 26 64544
845 82039 83040 25 6486
846 82045 88455 104 140611
847 82254 83804 123 54691
848 82310 86558 59 41424
849 82520 85042 53 86410
850 82552 84317 12 13122
851 82602 83372 38 20865
852 82642 86412 78 82543
853 82732 93369 94 233971
854 82777 83963 65 33890
855 82854 85733 16 25541
856 82909 82976 4 233
857 83003 86831 23 33830
858 83018 85783 37 92381
859 83124 90693 99 285325
860 83215 83780 28 12348
861 83305 86590 30 113575
862 83538 96921 62 317479
863 83610 88697 13 31627
864 83709 87019 119 373813
865 83869 85600 25 20141
866 84251 86040 18 26314
867 84404 91513 4 10072
868 84613 92947 68 294850
869 84726 89195 32 48334
870 84796 85168 52 4927
871 84864 86359 10 9705
872 84945 85401 70 13499
873 85031 93598 29 185669
874 85064 89035 89 122224
875 85091 88751 52 98338
876 85097 89766 14 13062
877 85136 86289 4 3224
878 85263 86024 6 2223
879 85427 91342 132 441046
880 85505 85953 36 9401
881 85590 85852 53 13228
882 85623 88254 29 63660
883 85665 86498 43 35786
884 85869 89085 87 45212
885 85879 94248 69 156395
886 85946 91770 139 336378
887 86115 89356 109 296201
888 86164 87261 121 76845
889 86217 88106 19 12456
890 86229 99000 18 173994
891 86577 95120 78 412258
892 86591 87976 8 7507
893 86644 89797 62 100487
894 86712 88013 6 8652
895 86813 88092 66 55955
896 86816 94831 51 137779
897 86914 94480 114 405807
898 86941 86955 15 72
899 87185 89754 106 285247
900 87234 93300 125 186890
901 87319 87540 60 9580
902 87364 89051 85 41267
903 87510 91020 27 25147
904 87676 89900 71 45095
905 87708 88758 78 106494
906 87902 92321 137 84395
907 87955 96689 40 97622
908 88053 89932 55 38473
909 88063 93580 45 80261
910 88197 90356 96 97913
911 88465 89659 66 47576
912 88554 92086 49 72028
913 88626 96819 36 254448
914 88673 90051 55 15305
915 88730 89647 115 35661
916 88902 91639 69 107229
917 88941 90030 149 44744
918 89136 96149 45 119841
919 89157 92444 44 47736
920 89159 89817 19 17844
921 89309 94752 27 142033
922 89398 90706 68 85772
923 89688 89853 144 20838
924 89725 91271 64 86177
925 89811 89963 147 10557
926 89991 91777 11 23719
927 90019 96131 144 212061
928 90026 92604 27 14500
929 90252 91239 10 3406
930 90279 91193 16 4679
931 90298 92250 80 33006
932 90482 91487 28 15156
933 90696 94982 88 209280
934 90708 92247 74 29303
935 90764 91366 63 36058
936 90886 91789 72 31614
937 90965 99318 4 32617
938 91301 93060 4 2448
939 91323 99514 34 156797
940 91540 97766 5 12313
941 91637 93255 51 37737
942 91735 92379 100 69963
943 91858 93940 10 13860
944 91862 94130 6 3875
945 91897 99727 76 189819
946 91898 93356 43 24521
947 92022 93045 59 89550
948 92065 95849 36 46819
949 92083 93610 75 25241
950 92252 94019 61 21409
951 92293 92556 33 13395
952 92306 97769 22 46408
953 92506 94064 59 49243
954 92511 92618 36 5350
955 92593 97061 16 24389
956 92609 95474 6 3122
957 92707 94828 82 27309
958 92780 97805 4 8476
959 92943 97211 126 220804
960 93021 95188 103 95884
961 93108 96127 58 73409
962 93144 93534 78 46462
963 93351 96854 20 29195
964 93441 98715 66 250835
965 93774 94976 39 28827
966 93814 95260 5 5858
967 93931 94435 15 4607
968 93976 94160 81 13642
969 94000 99256 63 168455
970 94390 95350 125 46377
971 94589 94840 30 3203
972 94716 96687 140 146286
973 94852 97459 9 3275
974 94865 98830 19 62882
975 94903 99021 148 139284
976 95034 98103 46 32410
977 95066 95558 17 5197
978 95091 96186 4 1378
979 95266 97982 130 116290
980 95334 98038 48 64400
981 95378 98810 7 11456
982 95472 96588 40 17272
983 95636 96950 18 13237
984 95644 96989 140 41505
985 95984 99455 55 70613
986 96590 99391 29 56387
987 96683 98472 5 24566
988 96985 98497 66 49550
989 97103 97206 106 7378
990 97140 97506 139 23940
991 97219 97796 61 12795
992 97241 97404 52 7460
993 97433 98444 31 6311
994 97444 98893 7 1209
995 97666 98279 9 1208
996 97714 97734 142 2009
997 97927 98537 20 7219
998 98689 99431 14 6250
999 99350 99684 34 2403
