50 1000 0.008
..................................................
..................................................
..................................................
..................................................
..................................................
..................................................
..................................................
........#.........................................
........#.........................................
........#.........................................
.....#.##.###.....................................
.....#.########...................................
..####.#########..................................
..###########.....................................
....#######.#.....................................
...#######..#.....................................
..#########.......................................
#########.#.......................................
############......................................
.########.#.......................................
###.######........................................
.....##.#.........................................
........#.........................................
..................................................
......#...........................................
....#.##..........................................
....####..........................................
....#####.........................................
....#.#.#.........................................
....#######.......................................
..##.######.......................................
..##.#######.##...................................
..####.#########..................................
...#.#######.##...................................
....############..................................
.....#########.#...............###................
.....##.##########...........#.###...##...........
......############......#.####.#########..........
.......#..##.#####......########.#.###............
........########.#.......###########.###..........
......#####.####.##......##############...........
.......###.###...........##############...........
.........######...........###########.#...........
.........##.##.............############...........
............................#######..##...........
...........................######.##..............
............................###..##...............
..................................................
..................................................
..................................................
0 178 23566 44 312352
1 207 11479 143 946545
2 592 12021 14 72510
3 594 1244 87 37975
4 634 7115 61 207325
5 644 46517 27 359164
6 651 764 7 289
7 748 23592 102 1877332
8 949 13213 21 81284
9 951 9023 43 174313
10 1111 11784 102 706901
11 1320 4007 65 77013
12 1375 3262 89 94972
13 1557 18684 47 621138
14 1690 6759 7 11454
15 1808 29061 41 298762
16 1974 10478 54 103844
17 2028 10603 14 52654
18 2167 7176 30 54917
19 2230 11106 43 138806
20 2382 10954 35 71342
21 2681 22326 115 778128
22 2748 3191 58 6566
23 2941 8341 139 595211
24 3076 27583 21 231275
25 3087 5594 78 82085
26 3094 6194 138 475778
27 3593 9616 122 268686
28 3744 16615 36 206857
29 3906 4384 52 15603
30 4067 8546 56 99732
31 4078 14269 68 70692
32 4099 19872 51 361874
33 4408 9264 9 19907
34 4462 8061 22 28933
35 4497 15223 8 22245
36 4699 10462 119 241329
37 4719 21784 68 257093
38 4740 10678 62 467540
39 4798 11983 9 10309
40 4813 12797 115 164872
41 4828 13363 77 466780
42 4934 8179 69 288040
43 4976 29048 20 163014
44 5017 5095 35 2770
45 5101 7693 47 88837
46 5227 12039 120 291621
47 5232 6756 120 139243
48 5344 24083 12 87211
49 5585 6766 68 17047
50 5741 29130 109 955234
51 5827 5901 94 4599
52 5874 9362 6 12181
53 5972 19535 142 576109
54 6024 11624 111 296291
55 6030 10769 19 55553
56 6043 10484 12 23889
57 6209 8204 34 22250
58 6236 48457 129 664305
59 6266 10865 10 15134
60 6353 9430 77 109727
61 6483 7107 131 42989
62 6594 11207 41 154093
63 6608 16707 62 359373
64 6667 17446 81 299265
65 6710 44195 54 486965
66 6799 12338 42 106032
67 6905 10418 5 9457
68 6930 18054 145 461265
69 7054 11854 33 171176
70 7196 21139 84 405332
71 7334 14493 25 22668
72 7360 26835 28 324635
73 7362 7386 124 3334
74 7559 11560 92 173104
75 7607 24022 23 217449
76 7700 28128 16 281258
77 7709 13700 13 30751
78 7723 8530 27 9744
79 7781 10291 29 35727
80 7830 8633 110 99112
81 7859 18162 18 79418
82 7937 26543 63 378026
83 7940 20472 112 1333202
84 7990 17880 50 210967
85 8005 10131 12 19911
86 8100 13295 17 27810
87 8137 8872 42 31676
88 8353 14110 4 6984
89 8373 10501 131 218630
90 8381 12708 50 57234
91 8540 24853 9 45247
92 8564 26841 6 46490
93 8683 13052 137 253400
94 8717 16318 133 451426
95 8905 21566 69 194878
96 8917 11564 77 99122
97 8980 21742 102 598097
98 9175 20716 147 563746
99 9321 17139 43 111383
100 9322 10525 26 16165
101 9397 12953 147 307689
102 9423 11551 125 269170
103 9518 45281 27 439367
104 9673 18009 20 197614
105 9681 11419 40 27073
106 9712 18946 89 345283
107 9774 16143 22 46204
108 9800 10563 93 29326
109 9824 21696 61 132697
110 9880 20995 80 242479
111 9973 21768 30 109229
112 10017 10534 53 8008
113 10110 13517 138 138860
114 10204 11982 123 133586
115 10224 16923 15 114859
116 10281 15205 49 123640
117 10305 23724 60 154332
118 10334 21809 28 125877
119 10410 10979 92 30335
120 10422 14133 133 88284
121 10442 14876 8 23196
122 10454 24462 115 1170664
123 10485 11145 108 31243
124 10753 17045 114 498165
125 10869 13934 41 33367
126 10952 17088 18 50416
127 11156 20999 41 392733
128 11311 16899 120 545611
129 11487 15174 108 252254
130 11548 13660 114 27161
131 11570 17786 24 241780
132 11609 21785 16 118259
133 11813 12689 4 4394
134 11980 57163 85 1523465
135 12159 17174 32 142533
136 12259 16598 144 155816
137 12346 15549 102 149772
138 12659 14400 126 112528
139 12803 13036 105 15076
140 13092 14454 70 64361
141 13165 19465 67 127625
142 13173 23650 7 18133
143 13328 24606 33 112814
144 13525 14480 8 2691
145 13584 16390 29 29233
146 13609 15319 75 67226
147 13879 23253 13 32089
148 13897 21804 57 119924
149 14037 15551 150 88924
150 14089 16112 36 61079
151 14091 14954 54 15384
152 14107 15547 27 22780
153 14211 26370 143 1393502
154 14304 15537 134 88634
155 14319 21758 113 412582
156 14629 19730 12 48177
157 14684 19131 47 90224
158 14706 21727 143 306640
159 14736 28846 10 74989
160 14875 15054 27 2308
161 15241 23309 128 350953
162 15322 18611 98 76769
163 15390 17143 52 11374
164 15447 32418 78 372718
165 15454 46851 133 2161184
166 15644 16525 76 39117
167 15721 34546 102 532375
168 15848 20362 11 41875
169 15867 17668 54 95157
170 16305 16682 114 13686
171 16606 20779 31 66540
172 16673 27294 92 302737
173 17080 33398 123 656836
174 17099 22409 33 64205
175 17122 19709 8 23016
176 17142 17703 50 13063
177 17274 55600 148 3429823
178 17469 24295 5 29169
179 17605 18967 120 89467
180 17623 27174 99 248522
181 17652 24059 25 18318
182 17758 27180 144 1150995
183 17837 19555 56 28791
184 17870 21054 9 16515
185 17907 20668 110 161262
186 17910 28875 135 252142
187 17943 20565 22 62282
188 18051 21223 126 154924
189 18071 28156 92 295439
190 18082 18665 79 23408
191 18190 18928 15 4888
192 18254 23052 60 195566
193 18582 24795 74 110391
194 18591 20615 13 16601
195 18635 27493 45 307735
196 18747 42460 68 817087
197 18787 26729 85 228290
198 18868 40125 8 55763
199 18898 19463 139 65515
200 18930 28205 98 150242
201 19091 42048 47 452109
202 19177 38609 91 485146
203 19432 28814 17 82996
204 19439 36660 6 59027
205 19516 41409 19 133576
206 19621 21021 29 8264
207 19736 29439 129 365990
208 19948 23691 9 31912
209 20080 25154 44 82043
210 20443 22587 28 38595
211 20459 28314 8 34553
212 20633 42703 121 1767111
213 20711 23339 35 59456
214 20841 27119 37 84558
215 21105 28617 92 636429
216 21163 23526 45 41784
217 21400 37369 57 383497
218 21461 27560 149 559494
219 21589 31788 48 303963
220 21606 41723 9 173885
221 21807 24254 117 94119
222 21928 25269 7 29266
223 22066 26897 62 105110
224 22173 43969 10 104675
225 22227 31620 137 371070
226 22342 42970 134 746842
227 22504 24003 125 155270
228 22574 25548 29 103471
229 22594 36263 86 338881
230 22710 28326 52 30442
231 22752 24334 80 85822
232 22863 30868 90 383163
233 22927 26192 48 131268
234 23057 27459 37 106090
235 23137 24789 18 9474
236 23152 35548 7 57109
237 23162 40838 114 507485
238 23250 32768 5 14991
239 23405 37397 46 643076
240 23486 23675 148 20574
241 23489 26716 100 171699
242 23612 24560 9 3149
243 23712 28131 67 145959
244 23823 34532 41 95087
245 24030 31290 47 112101
246 24057 25763 51 21679
247 24127 29561 105 383244
248 24142 34101 50 243980
249 24202 28914 132 218957
250 24313 34606 5 22380
251 24333 28696 12 13296
252 24405 56238 26 191116
253 24460 26868 71 93258
254 24711 26694 118 55015
255 24733 37738 93 713712
256 24818 26246 50 35761
257 24822 38868 94 403552
258 24854 28012 117 201014
259 24987 27421 71 208371
260 25120 38935 44 395155
261 25135 34483 106 439953
262 25210 32400 10 46675
263 25281 38066 22 103089
264 25287 26738 9 3310
265 25299 26255 15 7627
266 25318 32109 40 214447
267 25331 30934 57 134186
268 25371 27461 32 42335
269 25745 29201 35 51573
270 25751 31591 127 126246
271 25759 43554 11 78803
272 25794 38134 20 42895
273 25874 26325 136 36946
274 26026 35805 70 269998
275 26096 34696 17 40030
276 26286 28794 133 212229
277 26298 28699 47 57542
278 26405 32424 93 93005
279 26457 38849 35 68322
280 26462 39028 106 407314
281 26463 34008 103 392827
282 26527 31415 51 125276
283 26530 46084 112 594937
284 26537 31065 58 186365
285 26584 27539 101 82065
286 26711 27685 110 27203
287 26824 46213 11 94288
288 26924 36522 19 48182
289 26976 33982 46 128791
290 27191 31115 131 573554
291 27202 32774 30 66721
292 27300 39529 39 149688
293 27345 31399 43 103557
294 27374 42011 36 269133
295 27391 33566 86 159113
296 27533 30377 63 128220
297 27543 36933 6 7386
298 27613 49186 9 96392
299 27855 29049 101 145391
300 27887 40028 113 1103442
301 28060 42430 78 630915
302 28125 34162 126 128827
303 28151 29219 117 42969
304 28161 40458 40 247650
305 28194 32483 140 208798
306 28272 29479 72 47608
307 28679 31335 44 17431
308 28842 29335 29 8322
309 28848 30255 118 134840
310 28869 30434 51 44643
311 29018 39978 23 108695
312 29071 32356 16 21897
313 29120 32914 25 40451
314 29177 47133 9 126683
315 29189 30267 8 8458
316 29265 32516 47 57407
317 29351 30469 33 26093
318 29369 33254 42 52676
319 29509 30066 68 28464
320 29642 33523 20 29171
321 29745 36431 77 237568
322 29762 41514 30 190502
323 29922 33503 129 163320
324 29941 34906 35 244984
325 29953 34473 126 143674
326 29961 41847 28 75906
327 30094 30743 71 39977
328 30313 37098 106 140719
329 30525 33597 20 10470
330 30858 31351 123 73678
331 31029 57448 148 647252
332 31060 32101 57 36979
333 31098 33306 144 257167
334 31114 35752 40 95210
335 31170 33676 32 41229
336 31292 33436 8 19377
337 31375 32558 10 4600
338 31486 66906 8 209369
339 31627 32773 20 14215
340 31712 33670 33 55865
341 31729 34901 25 93855
342 31736 46210 79 348975
343 31771 32666 83 33274
344 31801 34459 73 83510
345 31934 41861 17 47295
346 32068 33861 7 3383
347 32107 33274 111 23348
348 32121 45216 5 28981
349 32216 36326 75 333286
350 32390 38303 17 25020
351 32433 40133 37 157786
352 32448 36400 100 104336
353 32693 33148 15 2977
354 32732 34620 13 8733
355 32922 48055 25 78092
356 32959 34046 17 11901
357 33021 35711 52 100328
358 33045 38939 27 124294
359 33052 42433 135 962615
360 33117 34905 109 27592
361 33128 33459 18 6074
362 33179 35408 18 7983
363 33256 69896 11 119846
364 33391 42021 5 25173
365 33392 42043 6 12839
366 33486 37802 73 64428
367 33542 35671 58 45737
368 33557 35344 10 4413
369 33564 48327 18 431554
370 33567 36202 57 58655
371 33782 35063 101 95294
372 33819 45219 33 182157
373 34280 39517 21 99460
374 34438 34954 38 9326
375 34813 36498 56 36168
376 35263 46459 81 281039
377 35402 35553 5 1378
378 35641 41234 21 56912
379 35746 41581 107 160356
380 35756 39364 12 35050
381 36186 42322 43 106756
382 36365 36910 61 59287
383 36407 44064 56 136902
384 36473 45521 7 14097
385 36720 37743 41 25276
386 36894 41891 5 9766
387 37019 42681 28 48120
388 37050 45699 28 102671
389 37245 39968 146 231285
390 37256 46007 104 261277
391 37295 39412 135 123033
392 37350 53517 108 601933
393 37362 38496 23 10788
394 37414 39079 113 38132
395 37496 38454 24 3000
396 37551 54444 57 384112
397 37706 42629 82 247566
398 37751 39298 63 65964
399 37769 39481 25 23437
400 37942 50043 87 2013442
401 38075 43134 59 59612
402 38098 39254 35 10478
403 38207 42359 131 127411
404 38567 56981 25 216563
405 38769 41415 27 21200
406 38856 40467 40 36080
407 38869 43682 18 34404
408 38975 54270 126 1219290
409 39050 46533 80 84333
410 39135 41738 4 9153
411 39169 50505 71 469076
412 39228 43080 99 170282
413 39476 55103 98 211426
414 39558 39929 52 8802
415 39562 48780 85 235774
416 39761 52164 30 123083
417 40003 43166 5 12439
418 40089 48307 26 93355
419 40500 48627 38 96506
420 40525 42756 50 116677
421 40543 45851 9 19032
422 40575 54555 11 62544
423 40644 43156 49 90230
424 40695 48297 28 133343
425 40713 51810 38 163309
426 40716 42855 33 29932
427 40765 42417 106 51369
428 40874 48438 107 930553
429 40883 47201 15 53670
430 40990 46647 19 36442
431 41162 67130 66 363028
432 41354 44995 34 31016
433 41400 43025 69 124952
434 41408 44773 18 31450
435 41433 53197 13 31712
436 41451 42003 146 37535
437 41504 41915 16 2721
438 41525 51116 11 61327
439 41601 45285 10 16024
440 41651 47210 31 82854
441 41676 59308 28 95184
442 41763 78079 9 36343
443 41858 44626 84 118412
444 41969 42898 23 15206
445 42241 46568 5 26574
446 42247 44346 142 84881
447 42292 43366 69 73016
448 42393 46867 69 129639
449 42412 47353 69 86909
450 42589 64613 110 1420202
451 42614 44213 5 4776
452 42727 43290 80 72201
453 42846 43400 49 8378
454 43040 55592 27 77986
455 43050 45738 139 90434
456 43093 49641 101 238832
457 43229 43867 22 6734
458 43401 53498 54 310069
459 43498 43841 126 29107
460 43760 49553 73 176741
461 43942 79067 31 189290
462 44172 49898 111 513069
463 44275 45274 19 11389
464 44348 47586 7 12992
465 44382 46940 7 18930
466 44441 59026 51 975628
467 44622 62568 18 118003
468 44643 48921 121 174053
469 44721 46577 58 84429
470 44772 45579 111 21092
471 44948 48289 66 40083
472 45022 53775 40 199467
473 45036 49295 39 113364
474 45109 50569 53 112183
475 45164 55194 90 262595
476 45205 45837 8 2350
477 45507 46139 17 3855
478 45597 62199 78 1960762
479 45625 96813 130 3332745
480 45848 55366 32 291489
481 45883 47969 9 8740
482 45960 51832 34 99264
483 45971 64284 44 393507
484 46111 51542 77 203893
485 46116 47786 137 64800
486 46182 49977 21 55891
487 46206 69190 8 30898
488 46280 60035 6 25627
489 46293 54039 32 168313
490 46401 57378 93 408272
491 46416 50291 54 143011
492 46450 66364 74 541654
493 46516 51039 6 7618
494 46724 52713 52 143599
495 46783 50408 54 50912
496 46872 55207 60 89419
497 47117 49247 126 166765
498 47283 51803 76 243466
499 47326 78743 50 683778
500 47356 81295 78 582203
501 47439 47795 85 21426
502 47512 60475 5 47594
503 47536 53184 98 333563
504 47634 53814 18 41920
505 47639 60402 93 654777
506 47735 60459 43 238423
507 47856 59101 75 398779
508 47999 49527 56 20050
509 48112 48988 136 45708
510 48154 50579 108 67383
511 48202 96770 51 1923599
512 48434 54113 31 33449
513 48481 60521 38 527034
514 48520 64757 93 1671885
515 48923 52970 35 25809
516 48985 66839 126 815091
517 49115 55256 135 186732
518 49148 51171 133 92770
519 49207 68073 13 75429
520 49217 51388 12 5623
521 49268 54915 13 105930
522 49281 50132 109 53888
523 49310 57020 10 19545
524 49385 58129 85 312025
525 49462 52487 31 78407
526 49473 49525 71 1721
527 49558 53903 95 360581
528 49594 50685 36 14125
529 49648 50265 7 2005
530 49670 52390 91 500886
531 49761 58110 35 32995
532 49888 53445 5 6210
533 49890 62577 24 116973
534 50138 51288 65 54079
535 50144 54390 9 27229
536 50186 58484 54 201655
537 50280 58982 9 43175
538 50428 57127 13 109165
539 50492 53022 65 44426
540 50546 54525 7 7076
541 50730 54127 68 85909
542 50848 58288 109 321027
543 50952 65692 9 28576
544 51044 53004 111 85712
545 51061 52398 112 64016
546 51188 51996 14 2991
547 51192 65924 88 782460
548 51361 57273 74 242206
549 51386 54758 72 139486
550 51425 55614 58 223001
551 51544 52985 84 37463
552 51598 62081 52 132096
553 51929 66696 37 199246
554 51997 58780 50 91559
555 52012 62188 80 141789
556 52193 68129 13 69041
557 52703 69212 19 105459
558 52716 58078 144 301674
559 52772 69585 16 167128
560 52958 53431 16 4717
561 53087 55483 76 78192
562 53097 56007 143 117357
563 53183 65313 148 247489
564 53191 72869 115 915029
565 53286 54259 112 64302
566 53415 54495 9 13534
567 53417 70068 60 843249
568 53520 57209 148 176785
569 53556 65115 149 482602
570 53648 54384 135 48202
571 53732 53743 48 254
572 53780 62722 39 135092
573 53821 66084 34 389541
574 53902 56346 47 53125
575 53972 56417 63 140922
576 54159 70519 5 42339
577 54196 54338 115 14857
578 54200 57854 5 6002
579 54422 56095 136 75022
580 54433 66807 18 100974
581 54437 78771 80 438570
582 54463 54635 106 11591
583 54517 55292 75 30789
584 54662 68051 98 448517
585 54737 57640 110 112206
586 54826 63213 57 106148
587 54919 61102 8 30865
588 55114 56588 42 46905
589 55121 56920 77 124722
590 55138 86681 66 1227035
591 55153 58570 121 369167
592 55289 66272 98 991359
593 55295 64885 85 989026
594 55497 57005 137 56067
595 55561 59649 27 63624
596 55584 61960 34 77048
597 55750 64214 130 552191
598 56076 60965 54 55630
599 56208 69450 62 553948
600 56437 59864 133 391389
601 56449 66515 9 64328
602 56617 65576 16 78321
603 56737 61652 46 272265
604 56813 58765 43 52885
605 56815 58091 43 19018
606 56843 65719 132 458085
607 56959 66978 72 302835
608 57011 73641 127 477932
609 57090 57282 31 4125
610 57243 59108 18 13642
611 57249 61312 65 160699
612 57316 77168 6 29921
613 57368 62377 39 67152
614 57467 71949 149 488471
615 57624 58072 20 12671
616 57773 58209 42 17626
617 57774 59091 11 5212
618 57837 63773 49 357097
619 57936 65035 29 117136
620 57997 58219 6 1050
621 58083 70676 29 401726
622 58134 58673 18 11424
623 58232 59967 85 55976
624 58352 60623 84 108524
625 58391 59562 21 16948
626 58746 63158 112 1239888
627 58825 77811 30 171722
628 58889 69715 7 69671
629 59123 60762 61 46346
630 59252 60768 26 21299
631 59472 60399 121 114782
632 59738 68137 82 761642
633 59847 60451 26 4816
634 59848 59875 5 30
635 60001 65447 87 136540
636 60256 74347 123 617353
637 60357 69370 33 68793
638 60598 69245 80 76135
639 60668 64945 117 189326
640 60755 61644 12 16459
641 60820 62297 78 30681
642 60911 72000 12 71657
643 60954 63627 21 34569
644 60998 63219 139 162222
645 61162 67970 133 659398
646 61333 62684 109 97323
647 61491 65299 106 102396
648 61506 77752 41 142707
649 61562 65632 37 80781
650 61717 66645 25 38666
651 61744 71253 10 25593
652 61758 88949 10 50496
653 61787 69559 106 235721
654 62007 82091 32 426181
655 62059 65025 98 144618
656 62072 62273 147 24212
657 62131 69992 9 79739
658 62164 79212 57 386105
659 62248 67469 112 275635
660 62249 85718 93 2031646
661 62302 64783 26 28433
662 62317 72566 43 115081
663 62348 62689 62 9227
664 62364 73606 28 89262
665 62430 63915 64 22466
666 62451 66312 110 206845
667 62580 69704 62 120316
668 62787 79892 136 390047
669 62972 64461 6 17395
670 63067 93209 39 808095
671 63142 71627 68 474123
672 63182 65596 94 53032
673 63184 83661 8 18231
674 63449 67550 58 123414
675 63500 85418 108 1853407
676 63624 70515 13 35045
677 63745 65894 6 5199
678 64063 68274 71 167541
679 64065 64891 33 6150
680 64460 64660 8 1210
681 64462 91019 62 303863
682 64502 65390 32 16370
683 64748 65787 8 5150
684 64815 67079 9 8533
685 64910 68540 118 93078
686 65104 68914 43 67389
687 65183 65699 7 2342
688 65285 69991 51 95540
689 65290 80304 6 42659
690 65353 66818 77 24464
691 65370 73049 78 273230
692 65412 80450 109 688667
693 65581 68479 89 111259
694 65626 69970 149 296322
695 65640 66151 43 96919
696 65659 70726 38 97870
697 65705 68259 7 7102
698 65875 75675 103 401441
699 65961 73575 94 504821
700 65972 76456 22 74209
701 66000 69400 52 178079
702 66120 66225 150 13573
703 66134 73592 10 29869
704 66177 69211 94 58198
705 66220 88391 17 134567
706 66294 68030 69 45249
707 66367 79953 41 152117
708 66431 67059 40 24131
709 66448 82009 76 314779
710 66498 73112 11 22236
711 66513 71965 29 164661
712 66554 79734 13 24149
713 66629 69415 75 62430
714 66703 69454 45 11754
715 66704 66872 6 673
716 66750 70667 6 5001
717 67047 67901 125 72965
718 67109 69891 68 47845
719 67290 71241 100 102563
720 67439 83175 30 332295
721 67556 84024 79 449100
722 67650 93567 53 623563
723 67680 68574 12 12481
724 67748 83248 38 746549
725 67776 68414 36 9512
726 67794 70572 64 178635
727 67875 87725 9 71621
728 67948 83874 42 194738
729 67994 73172 39 226517
730 68018 73264 24 105962
731 68291 79596 74 279614
732 68523 77267 10 32197
733 68686 73070 34 65033
734 68744 71476 33 54366
735 68942 89600 33 217123
736 69126 72773 141 511132
737 69317 75446 68 246228
738 69339 72393 120 140415
739 69378 93808 6 21303
740 69394 70342 89 111681
741 69616 74065 22 48287
742 69736 73299 125 218744
743 69806 71131 141 330968
744 69952 78244 83 399712
745 69984 80004 11 60596
746 70037 71364 15 9936
747 70126 75863 13 35751
748 70174 73691 133 356233
749 70439 73642 36 40141
750 70547 82928 58 92922
751 70567 80648 128 673310
752 70600 95071 45 629843
753 70686 76843 21 36939
754 70728 75094 21 274876
755 70830 70996 94 5775
756 70920 72629 31 32871
757 70977 71522 123 100848
758 71059 90225 63 857198
759 71100 77058 22 201579
760 71214 85566 146 639137
761 71257 75206 19 18593
762 71339 72919 148 321591
763 71423 79001 89 288137
764 71517 91719 139 563857
765 71529 75058 115 175123
766 71807 81245 59 1579498
767 72132 87696 36 110911
768 72156 76931 55 221137
769 72242 85000 31 115782
770 72402 76411 23 18581
771 72436 80086 70 305932
772 72589 72806 114 8708
773 72598 76409 39 117158
774 72648 99451 67 453393
775 72920 77925 53 59375
776 72956 74906 35 38522
777 72986 74532 57 34082
778 72989 73869 35 12227
779 73005 89136 23 219592
780 73044 83657 44 166840
781 73223 75679 8 14353
782 73364 90498 96 498364
783 73419 77731 6 20046
784 73521 78347 149 230917
785 73587 84057 30 87529
786 73672 90298 22 109173
787 73744 79500 5 7082
788 73815 85606 67 467978
789 73864 75808 8 8015
790 73883 76155 4 6411
791 74082 74807 67 17090
792 74316 96358 121 786976
793 74336 74909 145 51552
794 74364 76554 144 368763
795 74463 74662 5 482
796 74584 75747 32 19841
797 74587 77554 105 81808
798 74597 93579 82 282301
799 74748 76350 77 83546
800 74939 78599 131 68949
801 75079 79027 7 23615
802 75091 86240 40 488872
803 75101 81086 22 95048
804 75286 76295 26 38231
805 75288 93943 127 1633665
806 75296 77941 109 165166
807 75338 78476 61 194312
808 75445 75673 124 7478
809 75475 86303 60 155325
810 75478 77422 79 44449
811 75564 78331 9 14165
812 75615 88572 7 24414
813 75638 87362 58 181632
814 75757 79084 35 26403
815 75896 85665 34 106687
816 75904 82692 12 91987
817 75910 77319 94 78529
818 75915 83696 84 596676
819 75961 78035 109 98044
820 76133 77774 62 101320
821 76157 91683 53 1025767
822 76292 84328 51 71901
823 76313 76460 94 12096
824 76351 78310 13 7135
825 76373 83609 52 330775
826 76486 76584 116 4449
827 76709 86625 17 42169
828 76835 82536 106 223265
829 76837 86546 4 13708
830 76913 89597 66 132101
831 77100 81334 114 508580
832 77183 87599 4 11653
833 77338 87162 73 272964
834 77425 80771 81 270288
835 77462 84454 30 47770
836 77550 78812 19 24787
837 77599 83021 144 497005
838 77743 82830 29 40148
839 77763 78562 27 11687
840 78001 80160 122 175387
841 78021 85134 78 461521
842 78120 98085 92 649424
843 78139 78533 12 1088
844 78271 82142 90 320620
845 78423 90518 120 411233
846 78474 86062 24 64610
847 78718 94880 21 166492
848 78769 81617 129 331225
849 78783 80766 44 25936
850 78940 89763 85 829126
851 79100 91839 22 93175
852 79318 85644 75 172936
853 79398 79638 94 17038
854 79520 81829 26 52516
855 79634 85122 110 425009
856 79776 92790 124 457908
857 80111 83355 59 78539
858 80183 86474 11 29999
859 80226 80445 12 1712
860 80340 84786 78 154145
861 80368 90787 6 5508
862 80397 95773 73 1175186
863 80434 89004 13 19291
864 80549 80793 35 3107
865 80583 84512 54 58269
866 80668 87737 133 546764
867 80824 81525 59 15595
868 81000 81128 5 207
869 81028 81925 125 94916
870 81078 89201 102 424430
871 81088 81953 140 52165
872 81155 83027 94 54074
873 81401 82882 8 5141
874 81404 84726 66 89873
875 81437 84982 140 176349
876 81589 86204 36 301434
877 81685 88615 59 203084
878 81806 83067 98 111501
879 82235 83281 26 27783
880 82567 98255 19 140375
881 82587 93924 135 1458386
882 82717 84474 110 159298
883 82763 83327 128 34311
884 82792 90018 8 27031
885 82943 88643 100 278866
886 83207 92110 18 173841
887 83256 84518 39 34038
888 83483 92702 53 95667
889 83506 86400 56 50848
890 83741 85266 19 22458
891 84042 89235 76 269100
892 84044 84570 69 14398
893 84080 89649 20 37793
894 84320 95940 13 49670
895 84415 93335 61 195165
896 84422 98910 126 662488
897 84517 87392 107 89395
898 84692 99979 9 19010
899 84807 91192 19 29404
900 84810 85209 114 29366
901 84829 89750 82 204030
902 84934 93861 121 954152
903 84952 87872 31 47494
904 85063 90955 83 206128
905 85326 85826 11 4119
906 85533 91165 6 13324
907 85725 90956 106 379558
908 85821 91849 9 43378
909 85860 86096 80 14532
910 85955 97851 5 56258
911 85986 90046 124 240975
912 86064 86466 5 2388
913 86111 89044 124 108867
914 86217 92714 27 90933
915 86232 89421 24 31397
916 86255 97247 62 193982
917 86259 91660 12 24272
918 86317 95808 139 952676
919 86450 90527 39 29363
920 86457 91086 15 15309
921 86510 89506 52 40033
922 86560 91902 52 190222
923 86645 91421 98 224500
924 86754 98769 104 1250557
925 86825 90448 89 345431
926 86928 89695 130 139633
927 86944 88883 30 15969
928 87024 94649 28 63056
929 87326 90485 134 752278
930 87502 88194 81 20478
931 87606 91048 125 178563
932 87816 99183 39 82569
933 87944 95696 22 165879
934 87962 91555 54 42308
935 88011 92989 32 139823
936 88100 93733 83 288440
937 88187 91917 44 121290
938 88239 90651 44 37602
939 88534 88540 8 60
940 88678 94147 22 47112
941 88776 91253 77 82785
942 88809 88981 39 2637
943 88874 96678 22 94991
944 88893 89069 10 442
945 88968 93532 86 92500
946 88971 92404 88 72468
947 89088 98240 19 46788
948 89100 96904 145 371748
949 89122 90938 11 8187
950 89150 92499 110 230856
951 89361 91135 73 32027
952 89525 90300 6 1574
953 89742 92299 6 7475
954 89745 92570 9 6814
955 89845 91826 49 67314
956 89857 91480 11 10459
957 89975 99571 14 25609
958 90057 93348 100 111523
959 90239 94139 7 11696
960 90622 95781 19 41832
961 90673 96646 78 135522
962 90696 93553 9 7128
963 90815 90957 17 4030
964 90857 92590 5 4878
965 91104 91276 6 307
966 91293 94195 35 40567
967 91368 92440 12 3980
968 91842 98471 11 16060
969 91883 95376 17 20288
970 91972 94704 135 89966
971 92098 92797 39 6363
972 92219 99223 27 50441
973 92414 94975 78 156531
974 92828 99697 130 183767
975 92967 95266 5 5504
976 93225 93600 6 386
977 93230 96023 14 15304
978 93304 95205 50 45022
979 93407 95629 14 6219
980 93439 94270 12 6325
981 93797 96938 97 290173
982 93949 96858 44 26739
983 93986 97179 147 451076
984 94083 96832 32 26418
985 94150 95245 40 38740
986 94184 97857 12 15982
987 94674 96356 66 47159
988 94724 95677 133 107962
989 94778 95114 101 8097
990 95283 96388 109 57557
991 95416 97512 8 3611
992 95514 97995 26 22191
993 96057 96214 79 5055
994 96690 99302 25 30967
995 96786 97328 83 14335
996 96883 99098 9 4407
997 96901 98634 87 170812
998 97175 99749 147 389350
999 97529 98101 16 2309
