50 1000 0.076
...........................##..............##.....
...##.....................##....#.#.....#....#.#..
.#.###..........................#.#..........###..
##...........##..............##.###....##....#....
.##...........#......#.......##........#..........
.###..##.............#......#.#........#..........
.......###....##...............#....####....##....
.......#......##.........####......##..#..........
........#...............####.#....#...##..........
...#...##........#..#.....#..###..#.#.##...###....
.####..##....#....##........###...######...#......
####...#.##..###.###........#....#.#.#..#..##.....
...##.#..##...##..##............#.#####.....##....
......#..##..###...#........########..##.###......
.....#......###.........##..###.##............#...
.....##................####...#..........#........
....##......###.........#....##...................
.....#.......#...#.......##..........#.####.......
...###...###....#..##.#..##.........###.#.........
.....#...####......##..###.##.......#....#........
.....#.#...#.......##......##...##...............#
....#####..........##..........###.####..##.#....#
......##.......#..##.........###..#######.#.##...#
......##....#..##............##.......###.#....###
......##...##.##...........#.........#....#..##..#
....#.....####..........#####..#.....##...##.#...#
....#....#####............######..........#####...
....#.....#.#.....##..#..#...###...........##...##
............###...##..##.#.....#.........###.#..##
.....#..####.#..###..##...#.###...........#.##....
#..#####.##...######.##.......#......#......##..#.
#####.#..###......##......#..........#..........##
.#.#...#.###..##..........#.###...#.............##
##.##.##....#.####.........####...##........#..###
.#.#...##.....#.#..........#.##..###......#.#...#.
.......#...........##........#....#......####....#
...##.##..........###.#......##............##..#..
....#...........###..##.....#............#..#.##..
....#..#######......###......##...###...####..##..
....###.##...##............#..#...#..#...#.....#..
#........#...#.............####......#......####..
##...........#.........##.###..##.....#..###..##..
...............#.#......###.....########..#...##..
.............###.#..............##....##..#####...
...........#..#................###....#.......#...
..#........#.###.............##.#.....#...........
..##..##..###..#....####.....##.......#...........
......##......###..........####.##.........#......
...##.#.#......#.####.#####..#..#..........#......
...##.#.###....#.#...##.................#####.....
0 79 1077 82 39464
1 121 4348 52 85722
2 160 5341 69 68158
3 241 7026 10 42958
4 415 3942 17 13364
5 450 1998 28 31720
6 1181 3424 4 2560
7 1277 3210 18 9379
8 1334 7926 22 195444
9 1443 2024 114 18433
10 1525 8546 9 27081
11 1594 1796 49 5121
12 1643 10023 73 246177
13 1734 2048 48 12185
14 1767 2861 85 43862
15 1792 3903 94 201418
16 2074 2954 126 74816
17 2215 2418 27 4006
18 2330 6154 113 307345
19 2377 4616 59 103636
20 2414 7338 30 51402
21 2537 2794 118 15843
22 2540 7115 15 6622
23 2663 3997 148 28728
24 2665 3106 111 32652
25 2706 7442 26 76249
26 2880 3145 86 13564
27 3016 8034 26 57686
28 3034 13025 18 88938
29 3051 4593 92 62116
30 3066 10773 136 214224
31 3104 5513 15 31715
32 3415 3457 67 1940
33 3474 5488 65 85408
34 3624 5406 36 19030
35 3638 8340 128 311377
36 3699 5537 143 123437
37 3877 8683 17 22812
38 3959 7021 84 86793
39 4009 7067 117 233099
40 4049 6450 97 202518
41 4200 5433 16 15096
42 4275 4602 19 2499
43 4307 13137 31 99255
44 4326 5192 117 80592
45 4404 7330 21 18907
46 4436 8102 81 103422
47 4510 6158 44 92019
48 4647 6408 95 66830
49 4650 8529 119 303702
50 4676 10836 55 60189
51 4796 14673 95 1593381
52 4840 6586 16 8095
53 4961 5545 99 19279
54 5165 6267 146 76526
55 5173 7213 39 32193
56 5275 5449 9 459
57 5578 11768 118 160994
58 5621 6378 27 11956
59 5661 6944 93 88521
60 5664 9120 132 121859
61 5680 8191 146 102880
62 5693 8984 49 46086
63 5775 7087 32 10330
64 5863 6633 76 49597
65 5865 6308 40 21604
66 5925 7239 66 31144
67 6000 6303 37 6301
68 6166 9711 85 92269
69 6227 8464 111 59051
70 6307 10228 37 32437
71 6451 8616 6 6139
72 6590 8030 20 11921
73 6591 8774 69 47307
74 6767 10301 118 412437
75 6779 6805 127 3013
76 6807 15285 135 611795
77 6846 8387 108 82395
78 6937 12873 132 632257
79 7015 18237 133 963263
80 7109 8333 62 32570
81 7132 9224 150 192289
82 7221 17047 42 196197
83 7307 8329 24 18830
84 7345 14454 129 440999
85 7624 20931 20 150655
86 7629 12729 66 112585
87 7870 7941 6 249
88 7967 8485 67 16870
89 8004 10160 20 35628
90 8010 8037 101 4043
91 8049 15397 125 349483
92 8056 8934 42 20585
93 8074 9878 149 117903
94 8077 8352 8 504
95 8179 22203 44 206268
96 8457 9907 25 6437
97 8652 13190 10 21049
98 8954 14082 142 406553
99 8961 17259 25 61959
100 8987 9339 26 3581
101 9002 18420 138 846822
102 9012 14768 56 143433
103 9077 12231 138 225117
104 9092 9526 36 4192
105 9132 9387 35 4778
106 9485 15037 4 25206
107 9523 20683 112 543151
108 9607 9798 24 3281
109 9739 10064 32 13408
110 9963 10979 47 11903
111 9990 10920 19 4561
112 10478 10578 12 499
113 10567 10910 39 3532
114 10653 20136 141 190950
115 10914 15580 91 408806
116 10934 21329 83 357720
117 10980 11282 103 22151
118 11015 11984 13 8678
119 11046 12616 79 93945
120 11086 11489 58 5229
121 11108 13381 31 12066
122 11156 16642 93 77854
123 11743 14889 60 48495
124 11871 13602 16 8758
125 11878 12847 69 43680
126 11945 12812 17 6214
127 11947 20915 9 31986
128 12114 12935 30 10744
129 12187 14565 51 34536
130 12272 21376 107 238292
131 12324 14674 58 71237
132 12334 19301 36 173712
133 12445 16922 39 59862
134 12597 13026 9 1153
135 12623 12742 54 4752
136 12822 14375 36 20235
137 13222 19277 26 64410
138 13266 13416 32 2923
139 13302 13352 42 1387
140 13611 21279 81 315866
141 13628 15837 46 32774
142 13745 19238 55 245308
143 13751 14483 63 28123
144 13754 14203 11 3323
145 13979 17037 40 34307
146 14031 18229 129 153305
147 14118 22832 104 1223288
148 14426 25293 18 57189
149 14525 14976 124 25259
150 14589 21568 141 767404
151 14697 15229 114 44942
152 15007 18595 117 343238
153 15107 23386 22 106249
154 15117 16275 77 50026
155 15398 18419 39 50381
156 15665 19931 11 22808
157 15874 16167 30 7834
158 15906 17425 113 30799
159 16031 18815 51 31889
160 16134 21599 21 50301
161 16161 28522 130 453790
162 16267 19354 39 24149
163 16484 17668 34 4140
164 16505 16816 12 5027
165 16567 19772 93 98703
166 16606 19120 36 72438
167 16814 19415 11 13227
168 16949 18683 6 4520
169 16999 18147 12 5464
170 17044 19228 50 129852
171 17111 19083 143 66014
172 17145 17703 10 1071
173 17173 22970 16 50977
174 17221 25460 17 209682
175 17345 17839 60 9361
176 17410 17999 71 16074
177 17453 22675 106 224564
178 17470 20175 17 16097
179 17598 29543 39 202451
180 17731 24444 5 6929
181 17782 19174 57 48688
182 18141 18893 31 11846
183 18282 26689 9 9076
184 18381 21441 9 4723
185 18393 21088 92 83640
186 18454 19981 75 18005
187 18545 19265 7 5141
188 18580 31453 72 291683
189 18639 19988 83 88187
190 18732 21793 27 28166
191 18912 33557 48 158702
192 19308 20819 117 153008
193 19365 24929 13 17106
194 19464 20137 9 5763
195 19472 19594 4 295
196 19586 28547 138 1058712
197 19625 23168 110 276291
198 19660 23794 129 136044
199 19790 20725 54 14190
200 19843 25664 79 52884
201 19956 29754 42 256671
202 20050 21606 146 123477
203 20081 21085 75 42096
204 20163 23127 24 57405
205 20208 32416 133 591275
206 20219 21942 123 129248
207 20289 33193 63 48062
208 20291 23582 125 147145
209 20342 20773 79 17491
210 20510 30273 128 1024076
211 20616 25127 79 153265
212 20813 24289 19 26862
213 20820 21684 43 6942
214 20944 21033 52 1714
215 20954 30694 23 39317
216 20979 22399 9 8166
217 21131 23394 50 23447
218 21144 24589 43 61006
219 21145 23202 29 21744
220 21157 26045 40 70153
221 21233 23067 44 25434
222 21667 21865 11 2357
223 21762 26381 71 121119
224 21824 22169 117 17129
225 21909 24019 148 93276
226 21999 24385 22 29887
227 22061 24104 24 18942
228 22273 23767 33 18209
229 22331 23217 88 30500
230 22340 24215 39 76473
231 22354 23659 45 44594
232 22448 22633 7 554
233 22557 23925 58 21412
234 22626 23897 20 21362
235 22735 25456 9 12905
236 22914 28396 147 580633
237 23186 27021 120 934057
238 23229 36371 17 259462
239 23405 34012 14 32488
240 23412 27148 24 32419
241 23461 23705 14 2204
242 23823 26704 72 118136
243 23956 29303 45 155717
244 24074 24086 14 291
245 24173 26421 40 20596
246 24487 31930 85 203779
247 24551 26137 84 34220
248 24706 30983 31 46610
249 24768 27469 8 9592
250 24788 31504 41 145587
251 24848 32474 19 84696
252 24892 35550 22 194492
253 24949 30481 14 89403
254 25005 29046 134 123671
255 25047 30323 35 140017
256 25066 27441 100 83710
257 25108 28650 6 7830
258 25431 26795 19 13595
259 25494 26954 42 25313
260 25611 27543 23 19062
261 25697 26071 34 4696
262 25711 25880 130 10999
263 25778 29342 6 5297
264 25820 30709 54 146508
265 25838 27698 60 28764
266 25869 26697 31 27103
267 25997 26574 62 37450
268 26049 26910 23 4965
269 26053 27946 100 153032
270 26093 26986 105 26798
271 26153 38765 140 560231
272 26338 32622 17 35953
273 26348 28651 65 134951
274 26642 31097 31 88127
275 26711 38493 121 155173
276 26883 28325 94 69002
277 26936 35697 7 31077
278 27065 35477 11 54855
279 27078 28434 96 72139
280 27122 32031 19 45819
281 27533 29701 13 27801
282 28053 33568 42 167281
283 28076 29226 45 24163
284 28178 29045 84 48032
285 28246 34959 83 116774
286 28318 29437 14 9330
287 28321 34151 10 33271
288 28323 34427 86 597633
289 28455 28593 39 1531
290 28549 32850 24 92350
291 28600 43207 14 216890
292 28733 31628 10 18547
293 28778 35225 41 74008
294 28940 32109 53 95059
295 29020 37394 120 170514
296 29475 29872 57 10911
297 29533 33494 5 5730
298 29634 30903 113 63011
299 29641 29962 7 1249
300 29899 30053 12 684
301 29964 33065 98 100923
302 29968 35195 118 255455
303 30064 35104 137 926259
304 30458 30831 73 18377
305 30470 30729 30 7328
306 30511 31217 66 25984
307 30519 32774 13 16014
308 30697 40200 59 316439
309 31044 31054 75 725
310 31087 31721 9 1776
311 31119 32009 31 24240
312 31430 32405 6 3285
313 31444 38246 37 248455
314 31449 31913 4 1007
315 31512 34133 93 299321
316 31633 34800 13 22048
317 31687 36173 39 141664
318 31708 50175 17 163874
319 31730 32603 16 9078
320 31777 37735 12 19294
321 31968 36629 14 66870
322 32094 34666 13 6708
323 32156 33243 6 6441
324 32293 40693 18 22225
325 32313 35507 141 253851
326 32490 35389 50 50908
327 32492 42791 83 113960
328 32591 32968 26 5055
329 32626 45128 86 1143207
330 32648 38925 23 62281
331 32731 36366 61 90051
332 32777 33405 53 12539
333 32824 36346 105 138825
334 32864 36145 38 108562
335 32894 35348 5 5466
336 32925 34612 11 12496
337 33011 33963 15 9411
338 33020 46260 62 240910
339 33349 42847 42 290388
340 33370 34230 138 48866
341 33382 34064 54 28159
342 33436 46335 37 207786
343 33514 38766 5 23410
344 33549 33690 21 2681
345 33574 36070 8 6293
346 33741 35083 16 16604
347 33764 35892 65 64880
348 34071 37196 69 48204
349 34304 39045 75 67695
350 34422 34644 60 1990
351 34488 37979 6 13366
352 34552 37498 127 98398
353 34719 36246 119 79797
354 34726 48344 39 206360
355 34873 38551 18 32112
356 34904 40035 85 114453
357 35003 46894 23 76001
358 35100 41260 143 977801
359 35108 37886 44 72543
360 35149 36943 20 26394
361 35256 35693 13 2379
362 35384 36115 82 21250
363 35651 36944 10 30347
364 35881 36787 35 17687
365 35894 36806 94 38112
366 35976 37675 12 37481
367 35980 38024 35 24491
368 35983 36139 40 3340
369 36008 36772 74 13274
370 36041 37842 12 14410
371 36242 36551 5 1280
372 36269 38056 118 184699
373 36344 40798 83 76347
374 36596 44139 31 68233
375 36644 39126 22 68458
376 36785 43881 37 121825
377 36816 37211 12 2422
378 36850 41476 35 60643
379 36879 49712 14 33422
380 36931 38644 59 29531
381 36979 39984 6 6929
382 37000 37353 105 10888
383 37077 43806 29 61450
384 37168 43197 115 943234
385 37170 38150 141 77994
386 37199 41742 8 12854
387 37319 42819 41 108808
388 37438 40960 97 214050
389 37514 37556 56 1132
390 37678 40031 42 79441
391 37721 37905 13 1860
392 37822 41506 47 41624
393 38424 42157 107 150834
394 38848 45074 89 210447
395 38849 43094 11 12310
396 38895 39107 70 6564
397 39059 39820 10 1922
398 39213 39348 61 5215
399 39306 41487 87 84780
400 39433 45671 11 24361
401 39441 41294 116 97188
402 39492 40963 19 40635
403 39527 40106 24 7785
404 39554 39823 105 16325
405 39617 55101 95 254826
406 39695 40165 131 74424
407 39756 41062 127 156668
408 39888 43780 77 194797
409 39933 41573 25 16829
410 39955 47284 35 88973
411 39995 40598 46 23155
412 40097 41464 36 12962
413 40113 49209 78 365003
414 40155 41088 29 31482
415 40176 62764 68 713662
416 40227 41153 101 93262
417 40447 40713 23 3201
418 40492 45787 54 70507
419 40511 41916 11 8120
420 40516 42619 18 24903
421 40795 42205 34 12804
422 40967 46285 125 132154
423 41081 43738 100 120937
424 41100 41898 135 81339
425 41177 42971 120 138216
426 41337 52012 19 56717
427 41352 41736 27 4244
428 41485 52114 28 62973
429 41601 42107 32 6105
430 41658 44722 19 113317
431 41660 52776 62 754714
432 42132 44910 44 101924
433 42195 46231 119 158587
434 42225 42790 75 13178
435 42237 44728 84 108425
436 42285 42521 27 1752
437 42363 47908 75 136348
438 42504 43587 85 46559
439 42628 46880 87 191949
440 42686 44351 99 72692
441 42767 43575 25 12374
442 42859 47818 67 161557
443 42925 43868 12 2844
444 42983 46080 25 19236
445 42995 44343 7 13865
446 43091 45345 75 69879
447 43340 45932 11 9964
448 43391 43936 10 3607
449 43397 46617 125 292107
450 43441 46558 15 8204
451 43474 46290 23 33300
452 43555 49738 19 39748
453 43820 44118 9 1591
454 43884 45310 113 69069
455 44186 51235 104 168485
456 44299 45035 16 2249
457 44375 52853 5 16707
458 44382 51300 104 284653
459 44419 48481 9 15885
460 44506 45216 102 35639
461 44653 45653 16 10997
462 44664 53754 38 258662
463 44867 45863 101 29253
464 44871 49701 5 16204
465 45101 50899 14 36412
466 45187 46455 18 5422
467 45194 45606 5 1247
468 45432 46424 21 6392
469 45435 47392 9 2910
470 45461 46796 66 45356
471 45529 45862 24 11026
472 45596 48893 22 29275
473 45599 46504 116 47180
474 45728 52431 69 232449
475 45761 48272 33 63095
476 45764 52686 49 257218
477 45779 46218 86 26583
478 45818 47285 18 11138
479 45842 46243 134 39258
480 45853 53074 31 191685
481 45947 46305 46 15023
482 45976 49454 15 16695
483 46131 47851 41 51404
484 46407 47589 98 79958
485 46445 50684 43 34704
486 46488 46948 27 13681
487 46851 48669 14 11531
488 46853 57222 7 27978
489 46856 49084 39 64727
490 46888 49793 18 41976
491 46910 49687 54 37447
492 46931 48583 102 97474
493 46964 47333 10 2143
494 46992 48562 38 58175
495 47155 47644 149 17732
496 47220 50018 126 69110
497 47250 48979 53 26727
498 47379 47756 19 6663
499 47505 59251 16 118558
500 47536 48287 12 7664
501 47588 48969 143 155788
502 47647 49206 34 19345
503 47717 53695 30 186879
504 47891 50924 71 360421
505 48109 52250 4 5596
506 48200 51755 35 38007
507 48219 53571 23 87071
508 48297 48349 130 4401
509 48416 49713 76 120588
510 48484 49199 68 23113
511 48629 49202 47 10224
512 48667 48772 13 823
513 48723 50520 127 85393
514 48733 61043 23 57706
515 49059 50239 118 64324
516 49176 58256 139 319367
517 49192 51242 55 41887
518 49220 49261 13 327
519 49321 49915 46 12930
520 49459 49602 8 2192
521 49535 49765 17 474
522 49574 53912 142 239650
523 49930 50408 150 44146
524 50120 50303 114 25707
525 50508 52123 14 13322
526 50634 54520 24 14131
527 50669 55293 18 37270
528 50904 57985 92 141470
529 51092 54745 32 30624
530 51146 60886 69 416197
531 51233 55355 131 313665
532 51253 51301 68 3357
533 51276 57809 21 76671
534 51622 54166 117 84299
535 51712 52225 107 73723
536 52039 52278 5 846
537 52454 53876 79 65040
538 52496 58324 37 85941
539 52736 53332 70 9079
540 52759 54265 134 37277
541 52920 53402 27 9053
542 52934 53658 5 1362
543 52956 57276 6 10799
544 53136 53713 15 5366
545 53148 55204 26 25444
546 53225 54539 18 10701
547 53325 53883 97 20819
548 53392 57371 149 676742
549 53589 53893 97 8521
550 53720 54208 6 574
551 53730 57094 80 120238
552 54124 57116 54 85366
553 54152 57695 36 88738
554 54393 54895 92 33942
555 54422 58181 96 407239
556 54454 54940 41 13191
557 54771 62243 82 198794
558 54836 63200 14 39553
559 54917 57795 29 22775
560 54928 55454 27 6330
561 54976 59534 68 160015
562 55247 57177 26 43925
563 55258 57020 72 22601
564 55266 57270 29 12484
565 55351 56740 53 76358
566 55420 57134 57 31699
567 55446 58845 21 26328
568 55474 56822 42 36760
569 55486 57055 25 10602
570 55510 58638 131 217128
571 55511 59019 131 539163
572 55840 57540 68 56135
573 55875 59395 106 509586
574 56003 57486 54 27471
575 56149 56674 106 19597
576 56206 56512 35 5213
577 56348 56403 6 496
578 56499 56603 118 5181
579 56613 57791 11 11111
580 56640 56708 11 477
581 56873 57119 11 2522
582 56973 61972 76 199231
583 57015 63947 76 280530
584 57156 57504 97 47505
585 57208 62315 62 20220
586 57389 57408 67 1914
587 57466 57733 126 24348
588 57634 57726 29 1500
589 57785 58914 6 2008
590 57831 59661 9 9422
591 57865 59020 39 17298
592 57995 58598 6 2228
593 58055 63393 105 408716
594 58151 60471 91 92947
595 58159 63362 20 60465
596 58320 61068 6 6910
597 58442 58925 36 22603
598 58487 60466 127 79999
599 58522 60479 28 8077
600 58609 61680 89 97025
601 58687 60374 113 70608
602 58815 65443 135 319558
603 58830 65844 83 233172
604 59145 59356 125 18561
605 59256 64200 108 404914
606 59329 60478 94 86428
607 59564 60532 135 77415
608 59594 61847 22 17161
609 59693 75503 77 153949
610 59817 60822 23 31498
611 59875 63543 67 100718
612 60095 60170 105 5913
613 60175 65800 31 57544
614 60258 60418 145 7588
615 60285 62858 101 323770
616 60318 64089 40 90394
617 60333 67938 40 48106
618 60379 67749 81 178602
619 60506 60776 56 11238
620 60801 67802 58 352228
621 60908 67666 7 36329
622 61099 62015 113 119616
623 61106 64180 9 8034
624 61469 62255 46 23614
625 61551 63143 137 219003
626 61592 61766 137 11140
627 61638 63809 42 35866
628 62074 64454 110 228775
629 62176 67651 84 95060
630 62195 62297 27 10468
631 62227 63147 115 45026
632 62544 64466 26 29022
633 62641 66164 58 120126
634 62803 64684 19 11060
635 63031 63348 56 2096
636 63174 65628 58 43564
637 63317 65961 25 38752
638 63460 63537 135 35373
639 63538 68853 8 17830
640 63711 65322 39 37475
641 63747 67109 19 31336
642 63956 65835 9 10285
643 64143 64411 6 229
644 64465 70348 10 33396
645 64476 65719 101 154500
646 64731 65025 38 8118
647 64762 64887 19 836
648 64769 66533 9 10424
649 64893 65137 35 5582
650 64926 69202 23 143296
651 65008 65700 57 34302
652 65088 70969 149 333707
653 65170 70821 26 126229
654 65219 65451 57 7660
655 65224 66668 19 7119
656 65360 70837 43 96455
657 65415 73876 63 199341
658 65447 65742 108 7217
659 65645 66270 60 23409
660 65790 65838 37 1048
661 65791 66588 25 6412
662 65931 67990 76 86996
663 66223 67071 100 35628
664 66341 73833 6 12630
665 66395 74229 18 66981
666 66414 69246 109 33515
667 66743 66810 44 1377
668 66744 69079 14 9031
669 66864 67284 117 21365
670 66941 70466 34 82507
671 67010 69674 49 23714
672 67032 67329 8 1069
673 67113 67773 95 24705
674 67183 67745 82 20262
675 67212 74504 10 17076
676 67233 71712 70 126786
677 67238 68214 127 52828
678 67279 70414 103 132717
679 67362 68045 119 70107
680 67521 70692 81 199154
681 67619 77547 25 87834
682 67919 69279 20 7454
683 67940 71486 52 59599
684 67942 69579 87 25889
685 67984 72474 13 15892
686 68007 72265 97 99984
687 68145 69446 120 57086
688 68227 69419 33 14606
689 68297 72292 9 22264
690 68299 81832 28 138663
691 68433 69327 24 7851
692 68480 69334 9 1117
693 68572 79721 17 65568
694 68580 70409 4 2736
695 68630 75506 52 246235
696 68721 71933 43 72121
697 69030 69621 34 4605
698 69044 70862 15 10943
699 69792 74757 17 23603
700 69892 73449 22 78345
701 69906 70075 75 8931
702 69930 72049 96 104930
703 69937 76747 68 282623
704 69974 70915 88 55407
705 69996 70046 129 3030
706 70095 70160 73 1553
707 70097 73274 52 80223
708 70148 74386 19 54726
709 70227 75948 72 105308
710 70275 77707 149 739873
711 70345 73976 42 101095
712 70393 71476 69 33337
713 70411 71883 5 5983
714 70497 71245 117 32605
715 70557 73266 99 202119
716 70702 71207 20 3599
717 70708 80236 16 53959
718 70732 72329 28 25736
719 70893 72001 50 32294
720 70989 71126 35 1736
721 71188 71632 129 14350
722 71234 76917 70 367222
723 71239 71481 20 4093
724 71356 71729 106 39800
725 71357 75511 74 133338
726 71523 82094 24 39132
727 71537 74622 146 224088
728 71540 72861 92 76654
729 71563 74349 13 10525
730 71713 74380 82 76307
731 71726 73575 35 34138
732 71753 72186 45 8949
733 71869 73093 89 53753
734 71880 80976 83 367505
735 71908 73479 94 108928
736 72100 73519 32 14548
737 72192 72640 36 8638
738 72226 75062 51 53803
739 72391 72751 21 7802
740 72411 77213 43 100365
741 72494 72760 24 2890
742 72533 75750 38 97023
743 72587 80135 23 81866
744 72787 74679 119 214249
745 72823 77975 39 78713
746 72912 73900 73 56872
747 72949 85237 78 80580
748 73067 77693 9 20911
749 73205 73567 14 3765
750 73422 75148 9 6686
751 73445 75606 88 84721
752 73471 77000 37 54574
753 73481 75640 6 4136
754 73636 77442 123 312070
755 73647 74395 111 33787
756 73794 83433 10 20054
757 73807 74004 61 13370
758 73895 74594 146 45337
759 74034 74973 57 33231
760 74304 77477 31 37278
761 74340 75248 14 2830
762 74423 81459 69 258743
763 74424 75291 11 2509
764 74481 80173 12 112930
765 74661 78527 22 47163
766 74664 75589 70 34162
767 74878 77093 8 4232
768 74884 79768 6 21398
769 74904 84590 45 159848
770 75123 77017 133 115084
771 75207 75737 5 1692
772 75339 78485 58 86024
773 75381 77096 83 84349
774 75562 76121 5 2902
775 75571 76285 51 27108
776 75787 78216 89 103811
777 75835 79593 67 86443
778 76012 83966 56 285364
779 76189 76482 59 5916
780 76262 76895 9 1352
781 76278 76360 18 1133
782 76341 83281 21 92533
783 76430 78932 107 230916
784 76455 77174 10 5825
785 76630 76943 83 11132
786 76696 81401 57 110669
787 76704 85962 7 50701
788 76733 78394 140 166251
789 76864 76894 82 764
790 76936 78091 15 11314
791 76999 79368 144 198497
792 77226 78752 97 23029
793 77293 78268 11 5242
794 77405 84453 8 25508
795 77425 78219 12 1760
796 77479 79325 93 65111
797 77525 78168 126 33239
798 77591 79589 138 199335
799 77666 78641 146 41117
800 77724 78001 59 3726
801 77776 85401 5 3891
802 77870 86080 102 542512
803 78511 79420 25 13001
804 78599 79914 24 14062
805 78775 78993 9 1495
806 78782 78869 75 3277
807 78819 80008 13 12956
808 78908 85837 45 123225
809 78941 83852 30 128653
810 79077 80645 8 5241
811 79100 85095 145 233361
812 79150 85478 34 59807
813 79383 80455 83 32622
814 79488 84546 4 23677
815 79499 80664 25 19810
816 79523 80785 89 21534
817 79683 80928 61 28187
818 79711 80084 103 8537
819 79726 80363 45 25581
820 79782 81845 22 21643
821 79846 82867 33 25600
822 79886 80521 5 3146
823 79919 82545 112 317321
824 80017 83013 85 180835
825 80048 80827 111 44028
826 80057 80869 71 35939
827 80134 90717 140 1181102
828 80297 81026 8 6658
829 80367 85450 27 103227
830 80467 84695 20 52302
831 80604 85806 13 13323
832 80652 81160 25 7214
833 81169 81657 39 19507
834 81260 82763 37 21643
835 81286 88831 75 405696
836 81474 86971 115 253135
837 81653 91967 53 342205
838 81742 87786 90 185081
839 81780 96966 105 1027611
840 81792 84200 16 9112
841 81866 83086 44 80683
842 82058 82178 78 7530
843 82086 84312 83 104940
844 82155 86433 139 181440
845 82203 82396 117 15980
846 82483 83252 10 2458
847 82540 83632 109 29323
848 82815 83733 17 5654
849 82843 86449 7 5081
850 82847 86499 28 41451
851 82898 83219 76 30835
852 82955 83671 15 15117
853 83069 83109 7 423
854 83078 85136 111 207532
855 83413 85086 50 32989
856 83495 85142 28 14975
857 83550 83821 58 8588
858 83646 84347 116 35251
859 83749 84838 8 13951
860 83855 93805 123 588541
861 83898 84274 39 5553
862 83976 92021 117 254913
863 84023 92994 131 517007
864 84060 85101 85 41939
865 84191 87129 90 52707
866 84221 86842 116 79781
867 84321 86509 131 46138
868 84382 85604 131 194191
869 84536 84697 80 10185
870 84829 88848 53 44831
871 84851 87157 34 57257
872 84869 88784 122 328823
873 84901 90740 6 33306
874 84911 85705 50 16125
875 84949 89479 12 19114
876 85009 91271 101 688860
877 85032 85687 122 36737
878 85126 85799 22 7529
879 85130 88436 83 177722
880 85376 85517 18 777
881 85543 91218 6 28339
882 85558 86129 57 15282
883 85666 90288 24 29714
884 85706 87735 40 71857
885 85910 95916 147 1142890
886 85941 88423 16 14384
887 85953 94767 99 145357
888 86067 88036 96 61149
889 86155 88227 17 13161
890 86282 86692 7 805
891 86312 87169 10 2428
892 86348 86491 74 4114
893 86372 89500 24 23142
894 86385 87918 5 4983
895 86569 96709 13 110106
896 86793 88753 9 14346
897 86809 90381 26 60287
898 87068 87402 125 23026
899 87070 88052 27 15010
900 87181 88590 88 51420
901 87283 88465 27 10577
902 87328 92071 59 184125
903 87359 88892 119 192818
904 87397 88075 55 14826
905 87555 90548 108 149356
906 87592 90082 9 12193
907 87776 89862 18 39370
908 88140 89425 117 70324
909 88233 93067 15 54810
910 88255 93740 25 56517
911 88470 89070 34 21961
912 88732 95673 11 8641
913 88805 91805 104 92963
914 88846 88987 65 3594
915 88956 90854 112 119080
916 89150 91626 60 47398
917 89279 90841 16 10059
918 89316 89678 101 14673
919 89317 89955 74 18945
920 89378 90140 57 20768
921 89529 89646 147 16974
922 89765 90647 65 21512
923 89789 97247 114 243951
924 90106 90175 58 2059
925 90157 90901 7 2226
926 90197 92237 118 37603
927 90204 90234 71 961
928 90368 95329 66 152034
929 90516 90664 16 1230
930 90524 93988 72 64653
931 90539 92543 143 202129
932 90554 92326 120 74490
933 90616 95784 68 90323
934 90813 95504 95 276315
935 90870 95500 94 145365
936 90921 91514 20 10584
937 91418 97791 17 39940
938 91582 91825 108 9583
939 91634 94725 21 23560
940 91751 92700 46 6703
941 91777 92067 30 2955
942 91899 92763 29 17474
943 92056 95262 59 147967
944 92214 93493 88 64334
945 92265 94083 98 38822
946 92450 99470 25 108606
947 92691 95148 116 101711
948 92699 95117 66 87318
949 92799 97930 71 56723
950 92868 97688 11 17013
951 92870 97770 22 45468
952 92872 93342 35 6592
953 92956 98625 101 211506
954 92995 93615 95 74792
955 93007 93883 10 2194
956 93181 97464 5 10588
957 93192 97087 24 22656
958 93206 94936 88 40116
959 93207 94064 21 3998
960 93426 95595 22 7242
961 93432 96675 41 85503
962 93479 95142 135 84671
963 93591 99713 81 144049
964 93923 95412 64 25314
965 94020 95245 52 18807
966 94213 95397 14 9604
967 94219 96433 133 55491
968 94397 97035 114 161368
969 94576 96861 43 35402
970 94620 94817 136 8893
971 94625 99249 137 245750
972 94677 96559 40 40139
973 94866 98302 142 23254
974 95355 98148 135 126955
975 95566 95571 84 807
976 95570 99338 32 134365
977 95726 97216 129 121072
978 95853 99196 148 215143
979 95872 96005 10 1247
980 95993 96754 55 12707
981 96155 97976 29 14761
982 96348 97389 28 4745
983 96422 97161 13 7682
984 96734 97795 52 23307
985 97000 99302 23 15488
986 97113 99983 126 176574
987 97172 97942 127 64902
988 97549 99414 90 255305
989 97616 98058 135 43481
990 98552 99228 96 30136
991 98709 98802 26 1327
992 98712 98985 49 8267
993 98757 99887 22 8554
994 98769 98782 121 793
995 98872 99038 27 2616
996 98889 99939 5 1536
997 99063 99866 9 6328
998 99696 99977 23 2027
999 99711 99897 74 11115
