50 1000 0.044
...###.###........................................
..####.##.#.......................................
###.#######.......................................
..########..............................##.##.....
#########.###........................###.#..#.....
############..........................########....
############...........................######.....
####.#######...........................#.#####....
###########..........................############.
##.#######.##....................#...#..##########
#.#.#.#.#####...................##...#############
####....###.....................##.###############
.###.....###....................##################
...#.......#...................#.#################
...#...........................#################.#
..##.###.......................###################
##.###.........................##.################
######....#....................#.###############.#
#######...##..................####################
##.##.#.#.##.....................#################
#####.#######...................###.##############
##########.....................##.################
###########....................#################.#
############...................#.....#############
####.########......................######.######..
###########........................##########.#...
###########.##.........................###########
################.......................#.####...#.
#############..##........................####...#.
#############.....................................
###############...................................
###############...................................
##########.####...................................
##############....................................
##############....................................
##############....................................
##############....................................
#############.....................................
###########.......................................
#############.....................................
############......................................
#####.########....................................
###########.##....................................
#############.....................................
.############.....................................
.#.########.......................................
##..#..##.........................................
#.......#.........................................
..................................................
..................................................
0 164 773 9 17134
1 198 2325 19 33863
2 334 1256 41 9388
3 335 10040 50 94910
4 444 4840 34 32502
5 538 1549 43 32173
6 678 3889 29 48728
7 759 10373 84 384230
8 902 1198 99 16237
9 1022 1494 15 5406
10 1122 2245 148 28162
11 1167 2139 15 7379
12 1187 17028 32 271539
13 1192 4300 39 24123
14 1209 7963 134 829854
15 1309 12348 117 406565
16 1399 1927 10 2059
17 1439 6524 69 112148
18 1581 8646 19 83809
19 1608 11425 35 203989
20 1861 1966 50 3965
21 2002 12940 82 245989
22 2021 14977 17 128283
23 2138 8621 27 57651
24 2251 4741 24 47974
25 2421 5560 63 106641
26 2462 4114 147 81945
27 2503 7132 62 66558
28 2611 3565 20 9521
29 2680 16938 60 443318
30 2683 4535 5 2567
31 2692 13917 24 47209
32 2846 8069 8 16554
33 2893 9242 77 187131
34 3153 3374 30 8726
35 3370 5345 8 7748
36 3391 39588 22 339868
37 3446 8236 18 25901
38 3668 6446 18 49029
39 3763 5765 113 27514
40 3786 14897 79 610918
41 4083 14201 100 438679
42 4166 5209 46 12363
43 4571 10814 129 357671
44 4677 5793 119 25636
45 4725 7862 76 128755
46 4817 7508 8 4183
47 4841 7113 55 45215
48 4962 9002 123 145439
49 5133 5486 145 19285
50 5446 23954 25 51184
51 5519 21447 39 354297
52 5580 15201 59 112680
53 5631 16079 15 71001
54 5639 6501 5 945
55 5769 9454 132 168045
56 5989 13981 88 136144
57 6020 10438 27 122316
58 6114 8563 9 5957
59 6226 23545 20 83528
60 6295 8083 149 160991
61 6308 25861 44 252849
62 6326 13071 5 7798
63 6348 30304 129 2666076
64 6369 7494 73 69125
65 6448 13042 35 74484
66 6640 9686 149 65159
67 6664 23330 47 238858
68 6846 8820 37 149615
69 6897 9313 51 44331
70 6900 7672 62 78084
71 6920 7075 10 333
72 6927 8172 124 60115
73 6944 10060 7 3556
74 7048 8846 42 22654
75 7120 16515 6 17235
76 7175 11270 46 195553
77 7219 11456 87 223138
78 7394 9152 58 33881
79 7466 12819 109 356126
80 7562 12265 19 58283
81 7632 14537 103 429944
82 7663 7792 122 14284
83 7749 16999 33 154418
84 7780 15263 145 605068
85 7808 7991 61 4140
86 7829 14232 132 664188
87 7978 17370 100 421770
88 7979 9568 13 16088
89 7992 14623 28 59189
90 8067 15226 65 164255
91 8103 9908 130 180009
92 8176 18235 52 182045
93 8257 10455 65 55684
94 8765 9054 8 1554
95 8806 9449 25 20977
96 8843 18262 38 171967
97 8855 16780 93 421351
98 8882 10337 11 6698
99 8943 14473 67 69364
100 8960 17451 126 241996
101 9081 14895 107 176599
102 9091 14350 7 13900
103 9129 31534 49 455989
104 9234 10026 64 9387
105 9267 16575 70 313574
106 9378 9881 89 22085
107 9392 21495 18 94700
108 9395 17388 98 443919
109 9511 10874 143 84732
110 9565 11622 87 65222
111 9626 11393 7 7247
112 9630 13028 29 29875
113 9696 10902 40 24437
114 9738 11466 118 102473
115 9741 15242 137 578166
116 9819 11538 49 46251
117 9936 12463 16 20764
118 9942 11783 49 32831
119 10104 17756 112 823476
120 10244 16735 119 682417
121 10295 11302 10 2736
122 10354 11060 45 14187
123 10732 11137 85 23524
124 10787 26868 12 124388
125 10851 19783 43 174730
126 11170 20751 7 11191
127 11391 11592 9 1375
128 11470 19710 20 36587
129 11515 14199 127 191472
130 11771 13474 8 3026
131 11871 15509 7 14239
132 11912 18881 75 310377
133 11924 21825 16 92503
134 11998 15428 44 123256
135 12075 12474 6 1182
136 12477 16298 49 127844
137 12509 17439 25 68112
138 12515 18336 141 613730
139 12522 42971 24 277997
140 12562 16436 90 179559
141 12649 15880 123 281258
142 12700 19835 12 45532
143 12858 18339 14 13333
144 12859 18056 5 6845
145 12995 15701 111 354202
146 13171 14192 4 949
147 13180 16393 14 41983
148 13493 25820 121 257819
149 13701 18222 15 47829
150 13718 20996 12 46310
151 13727 23475 30 66098
152 13793 21408 97 561332
153 13822 26830 34 283925
154 13906 75529 126 4243935
155 14084 22990 146 661349
156 14252 29378 13 36652
157 14576 14779 18 844
158 14586 14595 65 505
159 14590 22501 85 641863
160 14953 15844 44 44733
161 15007 15106 69 5921
162 15110 18730 34 31961
163 15122 18622 116 262329
164 15156 19832 9 17871
165 15412 25464 6 20878
166 15606 17363 58 30863
167 15689 15934 115 35335
168 15806 45973 55 721496
169 15993 24152 82 228144
170 16066 19053 37 91093
171 16091 22116 4 9820
172 16200 18646 27 40220
173 16252 16850 89 14340
174 16316 16896 115 29837
175 16374 18909 118 69813
176 16407 17131 98 59717
177 16446 19196 7 7758
178 16522 20824 48 130547
179 16603 24799 63 418301
180 16641 20114 68 93897
181 16819 22775 56 156916
182 16968 17616 28 16611
183 17174 19357 9 5444
184 17230 24865 14 60993
185 17301 22301 26 89976
186 17305 22056 21 28875
187 17314 18254 16 5151
188 17420 23477 5 25490
189 17460 18525 98 27354
190 17500 17534 63 873
191 17508 19536 13 14837
192 17630 19478 101 54363
193 17646 20777 74 113948
194 17745 26190 4 22429
195 17989 26418 97 149473
196 18165 59449 50 1114408
197 18172 18228 141 4464
198 18174 22396 150 387996
199 18302 34712 9 39668
200 18307 19058 139 77911
201 18315 24948 13 19615
202 18328 19186 87 27194
203 18499 38080 5 30426
204 18537 19782 141 55250
205 18561 22925 10 39069
206 18818 27768 13 38495
207 18910 19435 9 3344
208 19074 21692 108 137411
209 19160 22199 81 67206
210 19288 27206 105 449087
211 19644 21936 8 12800
212 19668 20126 92 26985
213 19692 21504 36 31142
214 19805 26919 10 35517
215 20087 30803 35 385420
216 20093 20557 34 10776
217 20201 25344 79 277765
218 20276 24094 7 23275
219 20571 24195 4 9167
220 20631 21339 96 19474
221 20645 24946 53 120744
222 20840 37632 47 155472
223 20868 23358 33 50588
224 20924 21148 25 2583
225 20941 20958 85 2782
226 20969 30290 64 180566
227 21135 25601 76 131502
228 21157 24309 43 55012
229 21183 25888 72 103783
230 21185 22934 130 117378
231 21251 24062 62 69116
232 21263 27582 127 531098
233 21351 26310 53 115770
234 21366 23072 32 14335
235 21386 27989 63 192434
236 21515 23534 18 21162
237 21516 22458 112 22688
238 21568 21751 57 4572
239 21598 27060 55 111902
240 21891 22326 11 6779
241 22041 60891 90 1392929
242 22111 28377 10 21106
243 22179 22257 121 1620
244 22206 22238 122 3844
245 22330 29061 94 157060
246 22533 33372 75 1000669
247 22582 26847 16 50451
248 23085 29694 90 415642
249 23244 26483 39 52820
250 23309 26585 97 182075
251 23369 25637 54 61262
252 23393 27857 13 25307
253 23417 24338 129 57584
254 23559 25792 47 56125
255 23595 35218 16 121917
256 23670 32585 59 270825
257 23695 33416 14 29937
258 23766 26185 133 84305
259 23800 26000 71 100150
260 23946 29282 39 73888
261 23968 29238 99 321138
262 24040 26283 131 88934
263 24212 25184 34 9872
264 24282 27424 37 34193
265 24585 27805 6 13570
266 24604 25944 35 19389
267 24626 24759 62 6731
268 25128 30584 58 101114
269 25191 28190 6 5393
270 25333 26914 21 21872
271 25469 26855 23 22620
272 25604 41350 19 145622
273 25629 26236 25 8678
274 25717 26438 6 1050
275 25722 28513 88 38842
276 25894 27821 42 85340
277 26079 30415 55 152775
278 26232 33675 33 100865
279 26233 37136 28 45883
280 26428 27056 19 5497
281 26535 28320 13 9127
282 26713 47894 64 734587
283 26915 33883 55 118009
284 27077 32907 64 169077
285 27227 30715 84 194368
286 27281 33365 80 597991
287 27416 27465 74 2214
288 27456 32223 96 718373
289 27496 28442 13 13785
290 27617 33771 16 40824
291 27649 32914 105 555949
292 27863 28838 13 7310
293 27907 33451 113 419169
294 28015 36507 49 174624
295 28290 34759 129 420801
296 28381 32750 10 13097
297 28759 34484 111 463552
298 28852 30337 140 196455
299 28860 28871 60 1053
300 29114 29228 26 678
301 29130 30292 96 63690
302 29142 37212 43 231451
303 29185 48499 64 379577
304 29374 30060 104 153930
305 29385 31920 104 82397
306 29429 32942 104 108814
307 29555 31721 99 245020
308 29561 36480 100 466475
309 29609 31987 29 25613
310 29617 33592 43 61417
311 29641 38681 8 50903
312 29695 31513 119 170392
313 29827 33454 106 263671
314 30040 39888 84 519831
315 30265 30541 54 4201
316 30288 36166 11 29697
317 30388 35437 11 21833
318 30428 35123 45 97391
319 30465 38822 88 398063
320 30537 39398 69 181671
321 30617 68497 22 362479
322 30661 31566 45 16531
323 30700 43446 34 83524
324 30971 33057 22 18006
325 31053 34009 81 118352
326 31189 44347 42 122044
327 31284 36676 64 155908
328 31384 33094 10 8329
329 31444 35949 59 121003
330 31572 44264 13 56559
331 31573 35143 39 212126
332 31581 31598 64 1702
333 31653 43931 5 38289
334 31663 31921 92 20613
335 31674 33706 104 51682
336 31766 48400 61 191880
337 31798 33386 57 60240
338 31863 32158 117 16146
339 31871 35289 16 10485
340 32038 34746 118 136944
341 32299 41573 25 158689
342 32421 46807 72 185324
343 32446 32971 117 46770
344 32496 32528 95 2392
345 32531 33229 76 33886
346 32680 39064 126 726545
347 32835 37362 34 16142
348 32841 33633 61 12060
349 32849 33440 11 9240
350 32990 42358 4 17469
351 33127 41790 50 281586
352 33343 35228 102 29917
353 33402 39860 15 57067
354 33435 36942 149 234132
355 33667 40357 16 56792
356 33917 34850 140 128333
357 33990 34733 112 61026
358 34017 35835 20 10671
359 34073 52578 93 525886
360 34251 38237 35 26243
361 34265 35343 12 16839
362 34391 34993 118 27570
363 34491 44539 140 364384
364 34629 46957 133 478877
365 34692 36704 136 109599
366 34726 37443 13 12500
367 34813 36270 82 13343
368 34830 55768 138 656218
369 34889 43426 103 739075
370 34958 37896 103 122937
371 34985 45533 30 104099
372 35016 39486 20 28368
373 35379 45502 52 130795
374 35387 40057 43 215447
375 35396 41862 55 46173
376 35414 36423 23 11654
377 35417 35481 70 3131
378 35486 37186 8 8673
379 35737 40625 8 30452
380 35783 46707 100 436589
381 35867 42501 4 17990
382 36076 37570 14 7391
383 36089 42892 90 593850
384 36107 37189 107 117123
385 36115 37124 109 85937
386 36183 46408 66 471541
387 36335 41164 28 26847
388 36520 59144 14 52089
389 36586 37257 14 3010
390 36638 36868 77 6226
391 36645 37822 80 30464
392 36674 43411 101 214366
393 36803 37666 63 22407
394 36808 39885 16 29300
395 36864 41740 55 387276
396 36921 37373 38 6124
397 37036 43516 49 69297
398 37802 38214 118 44316
399 37859 52298 6 14264
400 37874 43741 130 236353
401 37882 42426 91 192572
402 37924 47063 128 769356
403 37959 41348 6 22564
404 37970 47596 23 107386
405 38501 52975 35 301064
406 38590 38782 119 7894
407 38635 40255 6 3266
408 38737 41077 16 23120
409 38870 42857 20 72124
410 38884 40133 121 34634
411 38902 46385 19 73268
412 38912 49305 87 637355
413 38992 40970 64 100276
414 39140 47162 125 223515
415 39183 42264 30 86610
416 39293 52941 110 429670
417 39400 42461 127 138205
418 39511 41683 124 114807
419 39568 39778 97 20954
420 39719 53777 129 529535
421 39781 53215 12 29673
422 39807 45924 53 193243
423 39996 48960 137 271898
424 40069 58367 12 51515
425 40246 44727 65 56638
426 40318 43495 116 113057
427 40422 44071 27 53660
428 40475 55447 25 125339
429 40521 45903 45 93772
430 40541 41987 47 37448
431 40876 43139 102 99358
432 40886 66867 24 355037
433 40975 47065 24 60111
434 40987 43223 59 64044
435 41130 46606 32 149235
436 41218 47017 47 59040
437 41624 49126 20 35395
438 41765 46928 32 111991
439 41778 45904 8 9466
440 41913 51576 7 27972
441 41922 45771 115 429139
442 42014 70249 78 1648038
443 42020 46870 33 121636
444 42092 45775 101 589893
445 42157 49943 29 180833
446 42245 46560 6 33567
447 42450 42506 25 710
448 42466 46239 94 227432
449 42562 63394 44 234385
450 42586 47096 126 194024
451 42590 45487 129 192319
452 42640 47281 35 99781
453 42747 44090 83 78517
454 43056 43109 74 5213
455 43422 51890 34 88125
456 43506 44095 102 25907
457 43513 77921 87 1381962
458 43622 63657 34 200246
459 43727 46147 58 43081
460 43743 53819 129 835909
461 43912 47762 70 71633
462 44076 45521 64 25167
463 44152 46513 6 3575
464 44354 51666 14 76404
465 44479 45084 134 40111
466 44496 60109 78 656881
467 44678 50443 9 26225
468 44700 47053 43 110292
469 45024 46370 62 21261
470 45403 46676 16 5909
471 45661 50871 148 663682
472 45837 47457 70 28923
473 45981 45986 118 471
474 46021 47884 139 79527
475 46243 46997 20 23652
476 46407 47316 46 10107
477 46581 50212 27 56060
478 46654 56095 68 654936
479 46783 56123 61 200239
480 46921 50269 5 9073
481 47109 48316 116 37633
482 47247 48770 112 58418
483 47422 48849 82 93003
484 47447 49956 21 14445
485 47474 47771 8 839
486 47508 48250 59 32923
487 47548 64448 29 210823
488 47638 60157 4 27101
489 47675 49285 8 8461
490 47860 53812 86 143943
491 47869 50147 36 25804
492 48003 59064 31 87851
493 48121 49765 5 3405
494 48135 48804 11 4230
495 48405 48461 17 744
496 48419 53018 5 13129
497 48705 55066 94 155719
498 48722 50247 147 55045
499 48809 51679 100 72829
500 48880 51075 32 45917
501 49135 49417 51 7595
502 49137 50111 31 12313
503 49192 49475 52 9895
504 49222 52751 5 11773
505 49388 53282 103 189847
506 49478 64725 21 317615
507 49547 61491 80 522304
508 49553 49736 78 5960
509 49649 52361 30 34502
510 49662 64617 36 287893
511 49663 54881 135 236005
512 49776 70924 17 399375
513 49792 50201 5 1230
514 49794 51533 8 14587
515 49852 52679 90 90671
516 49947 51623 23 19739
517 50063 52774 115 116193
518 50138 51308 92 188928
519 50389 58699 51 149715
520 50409 54461 5 11205
521 50606 52154 35 25466
522 50706 63212 127 564306
523 50753 55787 123 996540
524 50922 55391 127 609069
525 51066 78189 14 132936
526 51096 62548 5 28553
527 51188 60143 18 43062
528 51218 54646 33 56017
529 51468 91186 144 7148732
530 51638 55098 5 5042
531 51776 67872 30 196208
532 51906 52029 69 5051
533 51931 63989 19 212215
534 52007 53254 7 5472
535 52035 71321 52 250212
536 52150 55516 121 205008
537 52175 55706 9 16249
538 52524 60507 47 335117
539 52532 59071 41 225239
540 52623 56074 83 193607
541 52680 54150 21 26336
542 52778 52979 86 7935
543 52797 53183 29 729
544 52893 55792 14 8585
545 52987 53211 72 7969
546 53025 57481 115 342952
547 53102 58601 21 89036
548 53168 71525 9 68894
549 53319 57058 26 50798
550 53329 64179 4 17514
551 53359 54645 48 32116
552 53423 53995 17 13880
553 53471 55524 73 37571
554 53639 59843 62 221362
555 53760 54925 9 5462
556 53776 58107 69 174853
557 53823 60356 117 202455
558 53903 53952 117 3591
559 53954 54705 59 21700
560 53961 57589 90 151328
561 53965 56965 16 20482
562 54360 58430 21 21967
563 54458 59530 65 214715
564 54459 60451 60 135262
565 54498 60596 30 37624
566 54608 55980 137 77418
567 54733 56807 91 293712
568 54879 60774 107 261580
569 55140 55910 93 35178
570 55220 56422 17 11717
571 55297 60465 147 260425
572 55432 59219 60 84521
573 55501 56217 100 56194
574 55543 58118 139 198872
575 55791 56146 4 1079
576 55825 58901 119 250516
577 55851 58007 70 56841
578 55928 61253 4 7372
579 56092 57174 22 6562
580 56165 57457 137 149192
581 56324 68778 50 205587
582 56508 63441 38 179488
583 56640 60757 7 21026
584 56668 62935 30 42194
585 56694 78998 43 639497
586 56716 63331 23 82697
587 56849 60938 146 160391
588 57040 62380 89 261287
589 57328 65670 146 125916
590 57336 60407 62 61793
591 57486 59631 11 6706
592 57580 61530 54 50354
593 57693 63594 20 39889
594 57733 69238 6 20701
595 57798 67758 143 563207
596 57801 73210 75 132399
597 57864 73797 121 940102
598 57878 57963 6 146
599 57912 58613 125 90360
600 58023 59841 63 89806
601 58033 61237 20 13531
602 58096 63223 114 117075
603 58219 64015 8 21828
604 58333 59901 66 137959
605 58414 62375 9 6464
606 58429 62719 110 486119
607 58480 64545 5 18645
608 58487 62770 118 223519
609 58494 61693 45 68303
610 58680 65778 113 491955
611 58702 59797 56 51513
612 58727 84661 16 335299
613 58821 71834 46 379037
614 58977 63100 68 145805
615 59303 67541 34 292530
616 59484 63298 40 50278
617 59511 69074 50 320405
618 59571 63862 53 153149
619 59665 89460 67 458186
620 59719 62878 94 177048
621 59727 60904 14 14217
622 59757 60581 20 18619
623 59842 60439 116 61061
624 59905 60059 27 1596
625 59925 68256 31 69995
626 60031 69255 115 231269
627 60123 87444 106 498742
628 60668 66136 71 151025
629 60823 75603 25 82298
630 60846 63260 22 53566
631 61022 62045 27 10432
632 61125 63377 9 6184
633 61185 78286 64 1061528
634 61252 73527 55 107643
635 61639 64006 68 95854
636 61851 67704 5 10324
637 61890 75221 145 575877
638 62008 66448 112 246971
639 62027 65673 15 23649
640 62061 64803 108 101487
641 62147 63691 99 167437
642 62239 63810 107 22631
643 62243 71747 17 57900
644 62318 73061 63 207031
645 62815 63206 90 33909
646 62866 71475 90 1075908
647 62909 88717 25 92645
648 62955 64229 59 60741
649 62956 65055 62 94787
650 63048 65867 24 50512
651 63125 64677 48 44511
652 63242 66674 19 16669
653 63415 64762 100 66868
654 63438 67000 65 76419
655 63630 63745 36 2162
656 63728 69071 121 305753
657 63788 75512 72 283127
658 63789 90837 98 571825
659 63841 67886 90 95381
660 63884 64381 97 27028
661 64204 68717 45 75453
662 64220 65025 83 61617
663 64357 66039 39 77894
664 64496 66836 47 56720
665 64543 66743 137 116858
666 64582 71904 4 8040
667 64663 68514 62 24362
668 64692 70508 31 146051
669 64822 67274 9 4485
670 64858 73374 56 402336
671 64861 65518 96 36153
672 64913 65197 113 45553
673 65298 73266 126 312919
674 65413 67150 49 58698
675 65417 68395 86 224567
676 65662 71679 90 190837
677 65992 78409 58 271202
678 66024 69697 118 333506
679 66071 68304 17 15249
680 66141 70649 72 240802
681 66165 67533 18 9369
682 66432 70985 69 54845
683 66577 71431 8 11373
684 66673 74905 28 74915
685 66730 68735 32 7724
686 66823 71783 78 96855
687 66859 68353 12 4836
688 66863 75028 29 198428
689 67020 72630 5 9560
690 67211 67647 25 4448
691 67218 70892 32 105999
692 67282 74486 44 158451
693 67379 73898 46 112591
694 67416 82753 97 404850
695 67604 81677 146 1119918
696 67680 69545 80 121511
697 67896 74723 9 21551
698 68070 78800 54 132601
699 68093 68108 142 1770
700 68180 75226 53 143074
701 68194 72085 99 90915
702 68258 69248 66 126359
703 68293 74060 95 379028
704 68336 69749 7 4550
705 68803 78781 31 140223
706 68844 69897 51 28916
707 68881 72735 6 14125
708 69045 73539 38 197791
709 69123 74294 5 16634
710 69159 71154 99 52623
711 69237 73327 12 30386
712 69265 98479 35 325177
713 69269 77481 11 26989
714 69353 74972 47 124262
715 69357 75197 91 449183
716 69375 69851 96 14973
717 69380 71743 66 58914
718 69475 70153 22 5374
719 69488 79272 10 70733
720 69495 83184 16 43323
721 69652 69831 12 556
722 69709 70548 82 22143
723 69729 71802 22 5506
724 69899 72361 43 39583
725 69928 74388 18 26206
726 70038 75402 23 71506
727 70278 93379 28 501252
728 70349 73233 126 87960
729 70405 72464 6 13608
730 70479 81201 52 211337
731 70554 79262 57 674447
732 70595 72268 55 59777
733 70609 74324 62 31852
734 70629 78342 105 184229
735 70656 78675 5 9314
736 70667 72950 14 9285
737 70683 71689 57 55205
738 70687 73846 35 117625
739 70689 79605 29 92458
740 70823 77478 13 13110
741 70902 74398 26 65448
742 71098 71416 7 1274
743 71182 71637 41 5833
744 71303 71335 27 274
745 71347 71856 59 8077
746 71453 74737 71 57465
747 71533 72502 8 5793
748 71616 71973 5 1023
749 71654 71776 36 2618
750 71767 74436 119 80955
751 72052 73611 84 119249
752 72088 78935 129 244129
753 72111 73568 67 50734
754 72305 90098 33 249024
755 72349 89321 119 441693
756 72423 75963 9 21586
757 72680 86198 29 398986
758 72896 77846 8 17240
759 73006 81468 111 232781
760 73073 75212 5 6628
761 73124 76956 85 156503
762 73146 81990 53 154421
763 73454 81046 49 245964
764 73466 83372 147 532239
765 73486 78250 5 18775
766 73497 76303 21 62931
767 73507 75423 25 13100
768 73635 75239 45 41458
769 73934 88911 143 717768
770 73963 74172 78 16173
771 74093 74304 107 16175
772 74252 95279 31 159118
773 74311 93245 63 318901
774 74321 74702 14 2304
775 74463 79933 8 8055
776 74575 77898 143 484471
777 74588 77679 26 43725
778 74633 77705 8 6644
779 74705 76136 11 5927
780 74884 76593 37 24361
781 74953 79614 25 22646
782 74986 77951 6 3487
783 75109 83614 13 83649
784 75115 77468 7 4621
785 75140 78070 65 56361
786 75374 76208 89 29846
787 75422 75950 20 5433
788 75627 93780 16 112166
789 75675 86116 18 110768
790 75815 78065 144 320041
791 75916 77236 91 27079
792 75945 76402 7 992
793 75975 79976 123 111238
794 76336 80463 33 50365
795 76656 79054 26 42949
796 76705 86913 6 20521
797 76745 80622 43 96243
798 76759 86574 88 224346
799 76805 83483 31 41700
800 76880 77933 28 18140
801 76893 82454 88 211457
802 76986 89665 59 517056
803 77080 77405 90 15515
804 77085 77503 119 41923
805 77126 81652 7 9658
806 77178 81356 8 6748
807 77345 84037 36 38409
808 77432 83978 22 41071
809 77535 94478 66 676921
810 77543 86801 23 54122
811 77638 80725 94 138134
812 77861 81846 6 6960
813 77871 86600 78 140372
814 77876 81132 71 110144
815 78009 82390 54 182659
816 78145 84227 7 16681
817 78362 81311 102 67458
818 78412 83516 21 63112
819 78440 83343 32 40141
820 78473 78928 39 15111
821 78645 82685 25 40338
822 78657 79300 82 20439
823 78692 79218 22 7418
824 78753 85443 63 94056
825 78759 78902 36 1909
826 78973 79444 48 5556
827 79061 84926 146 604669
828 79191 85527 134 218441
829 79319 88187 34 41747
830 79344 81252 92 141370
831 79568 86543 45 169657
832 79620 79658 37 2084
833 79674 79860 22 1633
834 79829 81526 29 9637
835 79894 84952 68 197539
836 79941 82378 22 25927
837 80017 82487 12 9209
838 80048 81941 13 43328
839 80068 92400 71 335293
840 80069 93013 14 51272
841 80433 87328 8 19339
842 80449 89415 68 101659
843 80602 83121 6 4310
844 80690 86273 37 103933
845 80706 93688 12 32911
846 80747 89295 51 228552
847 80828 83938 95 86145
848 80907 81441 69 17049
849 80931 83970 114 191632
850 80936 82959 10 12569
851 81035 98798 99 690688
852 81235 81627 102 15738
853 81256 83056 94 63334
854 81279 89948 33 206657
855 81361 85027 148 266033
856 81437 85407 33 47934
857 81527 82848 51 45410
858 81533 86052 19 59927
859 81539 84959 26 30227
860 81625 83905 58 85568
861 81705 88987 116 358525
862 81961 91600 17 223154
863 82004 84191 135 119971
864 82103 92006 120 240772
865 82335 91014 127 345620
866 82489 84377 117 103615
867 82572 86303 74 308985
868 82595 85598 134 264264
869 82720 83345 32 18325
870 82722 82917 52 13483
871 82771 83569 39 19972
872 82809 83862 39 12216
873 82866 88917 84 410973
874 82891 89924 48 57627
875 82924 87127 39 56474
876 82928 93080 26 158382
877 83062 86118 19 13163
878 83197 89546 9 29233
879 83220 88758 65 58166
880 83487 88686 91 166370
881 83600 89039 99 254481
882 83609 84772 9 3777
883 83661 87674 131 342250
884 83686 84243 80 22275
885 83736 85183 15 15872
886 83778 86721 121 180845
887 83874 85494 47 58463
888 84208 86267 78 82905
889 84269 99291 88 1268915
890 84342 85254 5 1533
891 84696 99769 44 121706
892 84729 87248 90 40830
893 84800 92378 89 266799
894 84848 88270 54 124235
895 84856 97905 138 742404
896 84956 85829 101 53807
897 85069 89888 122 269985
898 85107 85531 7 1037
899 85562 91204 6 24499
900 85882 87582 141 201127
901 85961 97486 40 119436
902 86053 95200 30 130804
903 86122 91958 12 25389
904 86260 90717 132 252226
905 86552 87726 124 53265
906 86670 90734 28 29638
907 86673 95091 21 49693
908 86999 90653 126 121892
909 87014 89708 49 145967
910 87045 87945 97 95173
911 87075 88431 61 48440
912 87179 89834 13 6762
913 87284 95648 6 14694
914 87314 89161 136 211494
915 87347 92583 139 565880
916 87356 93482 113 582381
917 87581 99119 91 1415627
918 87680 88188 116 26144
919 87746 95394 20 107522
920 87875 92085 4 18659
921 87961 93100 107 407942
922 88011 90960 16 33181
923 88054 88777 25 11024
924 88078 92949 9 18472
925 88104 96029 139 250152
926 88115 98856 7 63249
927 88233 96054 22 52105
928 88417 91917 17 32922
929 88500 98034 94 415432
930 88584 90737 13 52286
931 88744 96253 143 420176
932 88929 89175 62 6328
933 88941 89709 89 20598
934 89090 89719 48 16811
935 89108 93892 10 19450
936 89198 93208 55 146041
937 89251 91097 110 283169
938 89277 89774 95 28857
939 89294 96901 42 116264
940 89660 93999 46 35048
941 89727 89729 40 77
942 89734 97080 116 316494
943 89773 92223 134 338635
944 89804 94928 17 25096
945 90625 92108 121 27458
946 90626 91023 9 1600
947 90775 91127 25 5370
948 91052 91661 19 6553
949 91270 94069 19 18101
950 91288 92364 20 9401
951 91361 98576 46 395875
952 91386 94323 21 30845
953 91800 93580 96 53753
954 91900 92498 77 40940
955 91950 94344 26 14810
956 92323 94435 143 170066
957 92450 96393 15 78276
958 92651 93522 38 15066
959 92867 94345 109 200369
960 93039 93096 28 633
961 93130 94712 132 219294
962 93166 95289 9 2679
963 93178 95418 48 26656
964 93181 94340 131 53391
965 93191 99691 70 76973
966 93201 93329 6 418
967 93439 93908 10 4764
968 93614 93843 58 10806
969 93617 97831 57 98918
970 93635 96066 140 330121
971 93831 99488 78 262268
972 93907 96820 70 69054
973 94034 96594 25 9862
974 94247 96998 31 37253
975 94462 98355 61 386590
976 94692 95049 65 12142
977 94795 96959 14 10692
978 94892 96050 86 62602
979 94893 97663 146 126293
980 95124 97431 20 17513
981 95251 97306 9 7522
982 95294 99188 38 61360
983 95364 96535 11 8729
984 95489 96250 15 2900
985 95511 95787 51 10097
986 95539 96208 90 50208
987 95832 99443 74 114108
988 95976 99138 36 61374
989 96321 98505 68 34342
990 96395 99938 134 303853
991 96828 97414 6 4728
992 96894 97250 68 12685
993 97389 97396 141 821
994 97635 98409 98 50913
995 97879 98410 146 86595
996 98187 98873 34 5724
997 98225 98255 19 248
998 98534 99043 6 582
999 99461 99571 109 9210
