50 1000 0.033
.................................######.....##....
...................................######..###....
..................................######...###.###
...................................##.#.#########.
..................................###.########.###
...............#.....................########...##
..............###........#............#######.#...
.............######.....##..........###..#######..
...............#..##....#####......##.#######.....
...............#..###.##.##.......##...#..#####...
..............###..########......#####....###.....
................##.########.......#######...#.....
...............##...########.....########...#.....
...............##..#######......##.######.........
................#...#####..........#####..........
...........###........#.##......#.####............
..........#####........##.......#####.............
........########..................#...............
........#########.................................
.......##..#.#....................................
.......###.##.....................................
.......########...................................
.........#.#####..................................
........######.###.........................#......
..##....###....#...........................#......
...##..####.......#........................###....
...#.#...#.....####......................#.##.....
...######......####....................#######....
..######..##.#######...............#...########...
#######.####.######..........#...#.#....#.#######.
###########.#####............##.##.###..#.###.##..
##..##############....#......##########...###.....
########.###.######..####...##.######.....###.....
.##.##.##.#.######....######...####.#.....####....
#####..###....####...########.######........#.....
.#............#.###...#####.#..###................
.............###.......##.###..###................
................................###...............
...............................#####..............
.....##........................#####..............
......##.#....................###.................
......#######.....................................
###...###.##......................................
###....##.........................................
###....######.....................................
####.....#.##.##.....................#............
.####......######................#...####.........
###......#######.................######.##........
###.....########................#########.........
.........######..................#######..........
0 78 1045 110 97655
1 134 3177 113 327137
2 201 12317 103 201134
3 345 3751 13 22328
4 525 2749 7 13043
5 537 13312 75 571626
6 551 5397 13 16797
7 556 8214 42 65819
8 685 2481 7 15517
9 774 4391 24 84431
10 804 10490 65 110861
11 843 1999 34 11378
12 945 2832 125 94394
13 1163 13867 12 88101
14 1249 7549 95 151808
15 1403 5373 96 448786
16 1558 8816 102 345248
17 1623 4421 136 228723
18 1649 4340 42 69198
19 1772 5910 68 126125
20 1853 9634 124 408666
21 1906 8657 116 619994
22 2036 6352 87 123148
23 2043 7269 27 40958
24 2075 4618 88 80697
25 2089 3455 36 39876
26 2166 14259 5 31385
27 2265 3256 33 20520
28 2296 3285 123 84059
29 2452 4355 28 37397
30 2510 8424 80 266498
31 2696 3071 140 15632
32 2719 22064 54 192532
33 2845 3508 75 15589
34 2987 14911 48 428898
35 3027 8856 16 67021
36 3162 6691 128 320296
37 3165 5534 31 29658
38 3193 4147 15 3024
39 3221 5732 23 47136
40 3377 7906 119 301231
41 3446 16694 9 63058
42 3564 4505 96 55305
43 3602 18906 69 457565
44 3679 5821 114 300774
45 3712 5850 80 55061
46 3760 15018 117 565883
47 3780 12799 73 433138
48 3997 12738 7 42788
49 4022 13210 53 98292
50 4038 26145 48 507880
51 4086 9487 71 111234
52 4308 28058 86 1831150
53 4338 9537 61 60659
54 4452 6283 58 54683
55 4454 5481 134 50692
56 4520 11848 16 58613
57 4712 10675 114 367160
58 4718 16242 10 38944
59 5137 7319 44 48809
60 5227 9475 92 122158
61 5245 13135 40 159861
62 5613 7699 130 143564
63 5787 11947 128 685216
64 5827 26357 13 81058
65 5931 9245 12 39203
66 6006 11949 82 637558
67 6031 9872 34 45716
68 6052 7175 128 49024
69 6134 7852 40 17902
70 6152 8267 6 8749
71 6315 30234 144 1173772
72 6339 13588 45 104487
73 6354 24266 92 352585
74 6409 7534 110 60719
75 6649 7290 34 11552
76 6724 7161 73 31267
77 6848 9630 102 43768
78 7043 19238 119 885350
79 7257 23111 90 156151
80 7397 32756 42 278202
81 7428 16511 22 54067
82 7481 33984 4 39043
83 7602 22189 95 383811
84 7606 11524 87 91593
85 7628 22075 136 1019592
86 7633 14293 71 228212
87 7702 10280 131 83427
88 7781 16866 10 64838
89 7887 10000 10 2167
90 7962 9702 31 18060
91 8066 8155 93 7316
92 8217 8581 34 6609
93 8224 8977 40 15458
94 8294 10681 41 26190
95 8368 14944 85 261835
96 8417 19639 114 719685
97 8434 15508 117 301879
98 8447 9134 137 75428
99 8551 8648 44 975
100 8555 12699 29 81495
101 8558 17006 36 114394
102 8621 12784 76 122238
103 8725 11201 50 88756
104 8742 20335 7 31149
105 8766 33256 107 993534
106 8922 13164 29 53042
107 9047 17804 76 311765
108 9237 28336 5 112093
109 9331 12485 92 58345
110 9338 15232 18 29955
111 9358 12238 89 58782
112 9428 22435 97 681294
113 9540 12416 82 77714
114 9622 13756 112 107230
115 9719 12074 4 6664
116 9834 16091 114 71027
117 9842 16343 24 115800
118 9981 15254 53 39002
119 10094 13272 145 150554
120 10134 14321 140 142318
121 10135 18702 95 241311
122 10174 11743 125 137978
123 10175 10755 21 2312
124 10257 16255 29 53893
125 10289 28673 9 104820
126 10308 15222 37 62059
127 10314 20265 84 290890
128 10329 13346 7 16159
129 10575 15752 6 20932
130 10881 13456 53 64735
131 10928 13424 6 14189
132 10975 12294 95 62156
133 11031 19900 37 130956
134 11041 44604 111 912554
135 11088 12344 29 24836
136 11137 12011 57 29298
137 11269 19654 54 188179
138 11358 12842 7 6321
139 11492 11523 74 1703
140 11509 22407 37 70772
141 11549 14365 59 168397
142 11729 13671 27 29885
143 11730 26447 72 469299
144 11752 25506 15 102527
145 11931 18135 100 187745
146 12043 21548 64 275659
147 12063 16525 32 58918
148 12129 14542 76 61757
149 12194 18550 87 219958
150 12242 13096 127 110891
151 12263 13167 29 14805
152 12553 36405 104 380769
153 12599 13640 5 2929
154 12833 19982 106 232151
155 12898 13570 33 7859
156 12919 27571 28 227360
157 12940 14772 131 205946
158 13252 28739 121 295560
159 13356 16402 74 120768
160 13542 17072 85 112496
161 13580 16747 10 14912
162 13584 15627 19 16329
163 13589 20796 129 270747
164 13608 20129 5 9776
165 13779 16974 87 69181
166 13786 19353 12 43331
167 13796 19744 6 14778
168 13820 68186 119 1507835
169 13941 17678 33 44831
170 13972 15107 14 5096
171 13980 17565 47 96865
172 14108 14528 18 4618
173 14146 21483 15 81464
174 14283 20599 31 121064
175 14690 15058 81 23422
176 14873 15645 75 86159
177 14877 20558 26 123693
178 14933 16983 49 51562
179 15095 15451 6 318
180 15128 22395 40 83630
181 15312 33024 135 381199
182 15331 30755 28 130968
183 15468 26602 5 31188
184 15475 20629 15 26270
185 15550 19018 117 172231
186 15570 35153 40 211853
187 15576 21128 27 298247
188 15805 39040 13 399292
189 15921 18447 129 221214
190 16228 18888 77 55826
191 16448 20502 65 57706
192 16627 31235 5 26951
193 17212 40840 115 603869
194 17236 32907 39 234593
195 17262 17725 40 5729
196 17297 23485 15 70619
197 17308 20928 110 156809
198 17462 25348 124 138500
199 17475 27618 114 160836
200 17479 19946 110 136354
201 17742 22150 55 119269
202 17817 23528 137 297836
203 17827 21549 89 183792
204 18221 22306 62 82631
205 18257 27709 27 102690
206 18328 19338 35 18761
207 18415 46503 51 780516
208 18526 28135 79 278502
209 18605 25870 26 75395
210 18690 35133 86 512313
211 18818 30512 10 23214
212 18842 23909 70 292838
213 18901 26418 95 302629
214 18907 23595 20 34149
215 18975 26422 145 200826
216 19036 19607 12 4139
217 19282 30478 67 666603
218 19546 29920 61 183904
219 19597 22767 96 118115
220 19608 20370 21 7573
221 19619 24908 85 244157
222 19621 20731 106 96782
223 20059 22347 48 50002
224 20227 26920 78 193845
225 20253 20789 146 22061
226 20270 25722 24 59960
227 20279 23562 107 302536
228 20297 42644 33 207135
229 20325 25653 123 400933
230 20388 25288 5 4514
231 20657 28918 83 493158
232 20730 21464 36 10811
233 20857 27758 131 246960
234 20931 27341 41 121689
235 21031 32054 145 584766
236 21117 21559 6 1223
237 21132 23760 44 10423
238 21178 32310 4 22997
239 21424 32630 143 1346218
240 21438 28756 98 314638
241 21569 24112 139 140157
242 21603 26260 61 133770
243 21699 34850 7 19726
244 21710 24988 29 42377
245 21763 27078 130 342529
246 21844 31771 26 286468
247 21891 42756 8 247658
248 21894 37279 30 166431
249 21988 23565 76 26691
250 22041 25129 12 19729
251 22063 36327 138 1006568
252 22127 24621 66 104986
253 22259 53722 50 430465
254 22269 39492 123 657093
255 22277 22409 5 412
256 22341 29166 5 15100
257 22379 26996 130 204729
258 22414 25162 9 5997
259 22459 64975 87 1454641
260 22528 26871 142 350374
261 22549 32714 122 504013
262 22552 25008 76 134275
263 22572 33049 72 295089
264 22633 27585 11 52579
265 22720 25408 33 22856
266 22737 24449 42 61729
267 22779 33174 127 707879
268 22805 28469 44 210527
269 22836 45310 73 735225
270 22915 28940 47 76583
271 22992 28931 5 13500
272 23053 40376 141 674103
273 23110 26206 46 161562
274 23172 37234 88 234621
275 23204 29431 68 104697
276 23422 47671 49 337314
277 23437 27855 58 91406
278 23580 33652 26 50640
279 23589 26542 67 51229
280 23705 26907 50 149011
281 23887 48820 43 790089
282 23901 34894 83 917786
283 23994 30830 73 251060
284 24024 24570 10 4123
285 24040 25205 7 6197
286 24077 26870 18 15954
287 24202 25927 125 37713
288 24236 25326 66 26478
289 24461 29525 26 34895
290 24532 40640 107 472997
291 24910 43545 91 412062
292 24952 36528 37 327147
293 25054 25590 19 6786
294 25106 34402 121 665116
295 25164 40476 23 169689
296 25337 30307 13 42549
297 25608 26833 113 64818
298 25688 66033 27 519097
299 25747 37045 27 143434
300 25796 42783 12 69598
301 25800 29587 117 93458
302 25983 28538 25 23425
303 26098 33767 61 99794
304 26195 28599 48 27912
305 26207 28162 95 178158
306 26240 34359 22 47116
307 26429 32183 49 208905
308 26479 28754 20 50574
309 26498 28889 144 145422
310 26505 68369 13 965463
311 26616 26629 82 1621
312 26697 33559 40 81490
313 26790 35064 62 94925
314 26820 31868 138 314680
315 26886 35494 36 189751
316 26913 33826 113 339193
317 27024 35617 144 191957
318 27206 35266 5 16342
319 27229 38347 64 125519
320 27288 32547 4 6141
321 27313 27881 26 16184
322 27343 31103 24 49730
323 27389 33446 46 171978
324 27391 27557 80 6618
325 27440 38140 45 98125
326 27671 29590 73 46237
327 27676 33896 67 110681
328 27761 28972 14 7126
329 27937 33566 36 44968
330 28016 45342 132 848338
331 28025 31890 16 41568
332 28087 29805 127 120882
333 28100 41055 86 588227
334 28126 31906 18 57746
335 28132 30539 96 136546
336 28138 31546 88 114831
337 28159 31315 141 356231
338 28201 39210 38 176125
339 28226 31970 59 135903
340 28370 30860 84 196836
341 28395 31647 111 117487
342 28487 34976 97 462772
343 28687 32085 15 23371
344 28716 35217 46 53879
345 28880 36498 13 39946
346 28903 30964 131 237950
347 28974 30445 58 29012
348 29191 35128 15 27129
349 29194 37078 102 313482
350 29200 66996 84 6477895
351 29295 38908 42 163071
352 29314 31419 58 99298
353 29369 44510 84 1449371
354 29402 32691 16 30939
355 29421 50036 25 149169
356 29484 31178 41 33840
357 29505 42202 59 431410
358 29559 41211 122 184912
359 29651 37519 95 361020
360 29939 34927 19 60880
361 30014 38228 44 86105
362 30239 40929 29 121529
363 30266 36582 113 181891
364 30274 39128 39 169750
365 30291 31236 23 49280
366 30365 40670 101 362480
367 30503 31135 131 27658
368 30680 45639 73 687511
369 30689 34149 13 19907
370 30787 54527 74 1834643
371 30839 31521 74 48972
372 31162 40316 34 136568
373 31214 35069 148 267979
374 31279 35260 46 106827
375 31539 44665 120 435411
376 31607 44718 92 250276
377 31704 36946 6 6364
378 31729 37706 28 55311
379 31888 36923 134 737235
380 31895 39018 71 362004
381 31952 35093 7 11268
382 32289 35722 71 205691
383 32367 35237 63 73162
384 32644 38620 40 177926
385 32678 42431 44 74090
386 32700 43525 8 75763
387 32788 38079 34 37595
388 32820 45643 55 543577
389 32821 37097 10 17429
390 32904 36797 55 157976
391 32946 47911 103 993800
392 33196 36574 127 245921
393 33296 35002 8 4479
394 33399 38249 134 227832
395 33481 42507 19 91073
396 33501 40299 51 147997
397 33527 47415 9 20574
398 33586 37027 144 469907
399 33683 42063 115 471393
400 33705 38416 10 11913
401 33996 38458 141 288492
402 33997 39441 7 22895
403 34008 39636 47 232642
404 34009 46364 96 339788
405 34038 34182 29 1605
406 34082 36057 106 50989
407 34118 63265 20 146186
408 34132 38719 69 100074
409 34158 43414 102 507270
410 34181 39314 119 281296
411 34193 46563 92 658145
412 34195 42716 55 335546
413 34299 37764 25 56511
414 34444 38264 67 116900
415 34645 49198 27 108866
416 34781 38949 21 30295
417 34981 39941 30 202106
418 35139 39698 63 190972
419 35195 65138 7 66330
420 35394 41638 9 26966
421 35580 35670 126 3091
422 35615 51803 9 108525
423 35717 41852 26 32710
424 35814 50444 132 2562338
425 35957 50034 34 155096
426 36023 37628 57 37138
427 36129 36743 13 3116
428 36265 42187 119 293828
429 36303 47087 20 145273
430 36488 40665 9 23943
431 36908 41253 109 315349
432 36928 46726 117 496275
433 36986 66181 59 185200
434 37006 44324 20 49629
435 37061 37543 131 57213
436 37066 47020 27 73139
437 37072 39466 27 51517
438 37130 40956 52 136240
439 37216 39886 62 74602
440 37220 41724 65 145666
441 37296 40278 36 45222
442 37484 41576 19 19695
443 37979 48213 76 667858
444 37998 38158 55 29151
445 38001 39356 58 34253
446 38005 44633 147 986490
447 38100 54894 28 157800
448 38127 39952 67 21368
449 38233 72844 57 559240
450 38287 40802 101 140523
451 38436 39179 125 69508
452 38478 60561 94 944548
453 38577 46420 124 331444
454 38628 70291 59 407540
455 38675 50445 6 45880
456 38738 42161 80 170311
457 38765 49285 125 649550
458 38868 40282 5 5163
459 38886 41237 53 80282
460 38975 49351 67 286887
461 39001 55287 144 1454065
462 39036 42205 35 41535
463 39274 50277 13 55697
464 39638 52029 8 29826
465 39688 53423 115 219433
466 39734 48126 34 60013
467 39793 51380 87 256890
468 39827 44228 6 24622
469 40195 40398 49 6678
470 40338 41831 8 3687
471 40569 43695 11 11871
472 40709 41566 104 20245
473 40797 62642 73 314295
474 40862 64284 55 560005
475 40921 42706 101 98538
476 41005 41765 76 19310
477 41019 46638 5 5994
478 41189 53028 86 237401
479 41471 48119 144 338117
480 41488 53800 139 502817
481 41533 45745 34 32850
482 41706 49837 116 367584
483 41819 53025 72 326273
484 41860 63827 35 285724
485 42212 48825 36 185086
486 42626 63298 33 133564
487 42648 63104 12 88912
488 42685 46674 110 461623
489 42736 54285 123 378767
490 43031 72060 144 2331162
491 43041 48375 146 303096
492 43044 45903 108 222039
493 43075 57405 70 322816
494 43084 72005 51 651995
495 43118 76854 95 1064941
496 43314 44328 66 36868
497 43402 47262 23 83251
498 43425 62485 84 737943
499 43427 43764 86 18553
500 43486 47372 44 104275
501 43508 44432 96 69806
502 43762 53684 110 854487
503 43766 48684 86 294877
504 43903 55498 40 145690
505 44023 66640 53 757069
506 44351 49024 112 79006
507 44352 47309 90 197317
508 44493 57514 84 328394
509 44494 50810 126 481151
510 44699 50618 66 356773
511 44881 50248 119 156123
512 45076 61192 36 214148
513 45167 46028 113 118222
514 45405 61332 58 456753
515 45503 62968 31 124510
516 45743 49760 73 33945
517 45815 52564 46 61076
518 45929 49867 147 447557
519 46017 52812 30 125426
520 46268 49241 80 206477
521 46313 51463 111 259812
522 46426 53954 127 307611
523 46444 47929 13 6199
524 46447 62411 43 559365
525 46462 49182 56 55911
526 46689 63569 70 478909
527 46747 47277 52 12840
528 46942 47824 87 44111
529 47090 51850 143 143806
530 47094 51169 75 90045
531 47137 50276 56 119343
532 47172 71784 18 328562
533 47174 60276 68 695303
534 47206 58613 11 39596
535 47209 48924 7 12827
536 47424 48299 10 7898
537 47617 58512 147 2551973
538 48036 54883 58 77532
539 48170 48233 141 3949
540 48196 57801 148 262685
541 48218 53416 6 21069
542 48243 57222 11 19930
543 48248 55006 22 27890
544 48266 48921 22 22319
545 48448 50246 16 21981
546 48623 57366 126 255265
547 48637 52410 6 8704
548 48806 53221 35 59994
549 48878 54771 7 38306
550 48898 52448 22 41888
551 48962 53750 118 146467
552 48967 53099 143 799873
553 49177 54403 27 42426
554 49222 51885 78 174530
555 49310 77797 32 142003
556 49409 68508 18 119828
557 49495 72135 72 360062
558 49581 61284 38 165578
559 49603 56966 63 119910
560 49623 78575 55 839725
561 49626 52765 122 109866
562 49723 53744 14 29783
563 49776 59882 7 37594
564 49848 55760 5 25804
565 49891 53543 5 6401
566 49892 53125 111 120340
567 49974 51192 74 106971
568 50054 52169 48 40743
569 50066 52123 20 18794
570 50077 52647 133 113940
571 50140 57940 69 99850
572 50220 80966 118 2215778
573 50231 56116 37 114004
574 50320 53759 16 8009
575 50557 68027 9 22878
576 50587 52010 6 2831
577 50654 51853 5 5487
578 50705 58667 118 789606
579 50719 57521 126 341086
580 50890 55431 68 220149
581 50996 54310 35 47928
582 51054 52084 9 4436
583 51111 54685 107 195272
584 51282 51865 28 9200
585 51396 55188 28 78462
586 51448 56369 67 292882
587 51543 54582 137 207528
588 51691 52297 100 32120
589 51730 54854 22 37888
590 51752 52396 70 12896
591 51785 70263 43 322652
592 52095 56450 50 24891
593 52188 58398 145 586938
594 52319 56105 128 185940
595 52775 54543 95 265532
596 52871 53516 85 13750
597 52945 54821 49 25852
598 53106 58418 16 60500
599 53158 54469 31 74325
600 53294 62466 90 325714
601 53307 57595 43 152674
602 53345 86845 52 297750
603 53359 56066 48 42540
604 53395 72332 10 42247
605 53398 54675 8 4805
606 53619 54117 150 36940
607 53679 58761 31 35305
608 53771 69060 5 45371
609 53792 59732 19 99995
610 54003 55138 51 26847
611 54085 55625 137 153832
612 54106 58333 57 19174
613 54157 55463 4 3403
614 54434 59958 33 46866
615 54523 63110 129 403735
616 54569 68960 24 206127
617 54586 56796 111 44340
618 54622 56643 19 23881
619 54657 72731 65 1161999
620 54722 54732 25 133
621 54757 77159 19 184837
622 54779 59475 84 280870
623 54806 77793 26 250360
624 54820 67378 93 1222748
625 55014 56430 76 96703
626 55086 61138 93 323977
627 55306 58231 63 71026
628 55442 57324 108 38459
629 55742 57534 36 62339
630 55745 56110 87 22621
631 55814 57859 124 123731
632 55946 58591 89 133517
633 56059 61653 121 274867
634 56085 62808 20 42285
635 56250 59400 12 15500
636 56360 63305 5 16358
637 56386 66614 5 6952
638 56420 56696 111 18625
639 56525 58653 5 3524
640 56800 58477 70 26987
641 56850 62551 92 90600
642 56854 66173 5 19294
643 56866 69173 43 206347
644 56944 69898 83 537028
645 56954 57238 41 5670
646 57014 63156 44 135102
647 57153 57926 17 9646
648 57155 62613 93 477043
649 57174 66629 29 144697
650 57217 59528 8 14397
651 57260 58216 148 135605
652 57290 64015 103 261295
653 57327 57556 34 8599
654 57476 59798 35 27009
655 57664 63126 14 46698
656 57706 59915 25 34990
657 57878 68077 101 2802704
658 57910 64792 25 74250
659 58087 70672 48 280159
660 58158 69868 27 406284
661 58201 70188 117 761807
662 58225 59212 17 13166
663 58236 59408 36 18019
664 58266 63646 16 26713
665 58335 59783 6 4636
666 58394 66323 41 145362
667 58573 58796 28 1288
668 58831 60700 46 17846
669 59112 59932 90 35071
670 59132 63575 103 342907
671 59139 59596 139 16392
672 59168 60003 91 43844
673 59199 71018 114 608763
674 59257 60334 5 10187
675 59323 65523 18 21857
676 59325 64602 135 175535
677 59524 61785 11 7915
678 59587 71162 12 60992
679 59761 68567 72 285099
680 59801 60079 41 10967
681 59819 67607 37 97216
682 59845 61325 13 9751
683 59920 60829 26 46915
684 59945 60390 63 16164
685 60108 62701 13 13754
686 60565 77767 121 292919
687 60585 60817 53 7506
688 60716 67248 113 271040
689 60717 69987 74 154405
690 60754 70069 27 255427
691 60765 61547 7 2559
692 61583 65871 130 221180
693 61715 65944 57 151695
694 61764 71255 6 17900
695 61767 65856 35 17903
696 61797 67659 148 360814
697 61805 62435 22 8293
698 61874 71794 127 120283
699 62357 70770 108 297074
700 62382 71916 83 339287
701 62386 62873 98 19899
702 62432 71017 89 355778
703 62523 66619 41 32803
704 62596 62917 129 72443
705 62654 69589 56 46814
706 62734 67259 123 446462
707 62904 66298 14 26775
708 62953 68270 5 17111
709 62955 69637 131 193080
710 62974 66910 4 15548
711 63174 68362 24 40094
712 63311 71028 37 61416
713 63331 66660 120 76000
714 63372 63401 15 518
715 63428 67887 48 74050
716 63748 67523 82 151205
717 63912 67218 10 17002
718 64006 64993 47 21683
719 64018 64694 137 78418
720 64054 82623 68 463854
721 64178 69162 37 112562
722 64299 73053 120 936383
723 64361 66260 69 28951
724 64674 70064 85 52279
725 64831 71330 65 184450
726 64991 81222 24 379712
727 65139 85085 150 581509
728 65173 80170 142 978164
729 65264 73655 46 209667
730 65445 74103 72 273030
731 65647 67147 117 101564
732 65759 65898 34 1421
733 65960 66207 78 9098
734 66195 72398 20 48404
735 66214 83725 6 68150
736 66219 68355 81 78411
737 66249 67671 47 42832
738 66311 70136 14 8947
739 66543 78253 43 307548
740 66661 73200 6 28878
741 67083 74330 82 382717
742 67104 68561 90 44872
743 67160 69429 4 3278
744 67198 69481 19 14002
745 67385 76313 69 376455
746 67458 71741 13 42410
747 67653 69667 75 34994
748 67724 72457 10 17286
749 67799 92136 135 733077
750 67814 71498 93 122735
751 67862 92585 8 137984
752 68182 74174 108 368654
753 68449 71518 102 257708
754 68464 83195 94 533453
755 68630 76391 142 360283
756 68726 81057 65 272015
757 68930 80802 27 71625
758 68958 70786 42 79317
759 68967 72832 33 46051
760 69132 82761 78 702016
761 69145 89168 113 1021164
762 69308 71802 14 10432
763 69319 70348 109 101743
764 69384 74070 75 218808
765 69529 72738 79 209819
766 69576 77305 118 195735
767 69756 73687 52 94071
768 69971 73145 147 255021
769 70124 73162 79 87302
770 70256 75620 94 115305
771 70425 85429 79 856044
772 70437 74071 12 16832
773 70662 71887 42 12723
774 70736 89118 97 524463
775 70843 77917 22 16269
776 70854 78206 65 263028
777 70980 84825 90 1290568
778 71118 78147 85 415569
779 71147 73943 14 14428
780 71286 77215 116 418156
781 71539 80131 69 388948
782 71551 74318 36 67064
783 71819 72159 71 21900
784 72130 90651 6 30246
785 72158 77524 119 156271
786 72460 77611 64 148763
787 72519 75328 119 104287
788 72764 77112 25 123953
789 72805 80899 107 232510
790 72896 73456 15 2877
791 72897 92178 79 787178
792 73176 78870 111 178306
793 73209 80037 105 191944
794 73266 75236 138 122160
795 73386 85662 110 215329
796 73492 73697 82 17657
797 73545 91689 13 175607
798 73668 77486 55 71722
799 73695 79071 96 503130
800 73754 75540 14 18177
801 73767 76700 71 69837
802 73944 88997 12 50278
803 73964 83862 30 102601
804 73990 77879 44 55087
805 74033 79386 11 27542
806 74125 75932 12 17765
807 74170 82772 142 324401
808 74877 76886 12 12460
809 75000 80139 136 205395
810 75044 97154 12 110666
811 75057 78665 67 114845
812 75265 80606 42 72902
813 75316 76784 35 46903
814 75424 79867 11 23101
815 75463 77465 35 32763
816 75484 87150 59 380006
817 75579 80038 118 385819
818 75581 80430 31 40281
819 75742 91375 38 131357
820 76033 77936 8 8312
821 76100 82446 16 101419
822 76171 91065 145 650103
823 76353 82534 30 78894
824 76396 78644 139 274470
825 76424 77596 24 9962
826 76440 77140 94 60502
827 76459 96446 117 1313563
828 76464 78281 41 57104
829 76517 94427 28 169458
830 76558 78194 134 139588
831 76582 80815 10 18319
832 76651 77638 31 4255
833 76686 78061 148 128469
834 76760 78769 73 103081
835 76808 93879 24 81588
836 76816 81132 9 13357
837 76840 92389 92 416245
838 76893 79949 13 15512
839 77254 82939 131 311654
840 77419 88612 5 15191
841 77438 92912 5 100471
842 77482 85488 62 148563
843 77574 83500 5 7406
844 77579 84265 142 413348
845 77748 84292 69 221813
846 77854 80217 9 2433
847 77861 82694 103 494720
848 77881 88558 137 491407
849 77963 80629 100 119046
850 78132 84669 144 143114
851 78192 96437 84 306478
852 78221 80846 34 57993
853 78282 78885 11 4948
854 78408 84579 25 69724
855 78441 82182 70 38373
856 78622 78964 122 15682
857 78672 80835 33 44717
858 78934 89439 6 39004
859 79029 84703 69 248155
860 79303 97021 61 712714
861 79425 88481 118 115765
862 79477 80018 27 10071
863 79547 82913 87 146842
864 79609 85844 112 148815
865 79683 83342 46 62243
866 79764 89498 17 128069
867 79994 91518 23 55570
868 80033 98021 84 679175
869 80034 85789 31 79749
870 80694 82282 107 233353
871 80723 95856 11 27295
872 80886 85653 32 82658
873 80970 95686 13 61001
874 80979 83737 8 7410
875 81108 89108 106 391297
876 81119 84612 47 56795
877 81167 86913 32 43523
878 81371 86115 39 76542
879 81381 84729 137 53471
880 81412 83440 85 67753
881 81539 84120 7 5213
882 81780 85035 125 144510
883 81796 90742 111 449233
884 82110 82447 29 5499
885 82116 84092 75 73437
886 82184 88576 66 154550
887 82248 82298 92 1890
888 82363 86958 92 121083
889 82808 84726 95 90746
890 82858 88593 39 48006
891 83069 88493 27 106930
892 83071 93984 27 82472
893 83149 98693 32 195613
894 83330 85884 115 98060
895 83480 84770 59 46406
896 83502 90656 117 132008
897 83534 97708 31 299129
898 83540 85907 14 16645
899 83877 96904 33 261211
900 83950 89373 61 98964
901 84015 96180 140 1507570
902 84098 84254 15 2993
903 84219 84693 25 3830
904 84241 94926 53 93316
905 84461 85645 96 97146
906 84508 88761 9 4915
907 84562 85638 6 3345
908 84564 85076 139 47173
909 84724 84915 10 1469
910 84841 97903 13 82300
911 84850 87074 31 34192
912 84853 99955 76 287052
913 84965 92790 45 436733
914 85225 87507 42 14499
915 85249 85289 146 3157
916 85256 94828 43 335627
917 85401 85631 72 4268
918 85602 95329 149 261559
919 85675 86111 34 12659
920 85785 88712 76 177510
921 85836 86134 11 4155
922 85968 90349 86 162992
923 85974 95054 103 202007
924 86079 98517 32 192826
925 86107 86180 34 3434
926 86280 91630 22 52223
927 86374 87452 111 91100
928 86384 94266 95 421196
929 86688 91081 26 56165
930 86748 93035 131 193505
931 86791 97638 68 227861
932 86814 88516 4 4335
933 86864 99481 70 279116
934 86876 88958 31 43390
935 86959 89182 6 7615
936 87034 90836 50 101766
937 87205 88886 15 9086
938 87345 93442 82 128901
939 87674 98294 138 304508
940 87745 90701 14 37778
941 87851 90482 20 9674
942 87873 99567 142 1683553
943 87965 95392 120 234586
944 87972 92267 104 104740
945 87980 97159 40 151449
946 88007 94396 98 343581
947 88012 88934 14 4855
948 88035 88778 23 6122
949 88243 91283 27 11550
950 88485 92788 18 34425
951 88692 94906 119 246387
952 88873 96425 130 309416
953 89176 92991 103 390113
954 89258 92847 126 327486
955 89291 98384 72 158619
956 89479 90825 63 40612
957 89646 98484 61 189903
958 89762 94112 50 174198
959 90302 92501 4 2789
960 90585 92255 12 11935
961 90746 99509 59 118670
962 90811 92127 37 44636
963 91302 91427 51 4993
964 91391 93705 28 67319
965 91395 92077 74 26584
966 91430 99635 41 179757
967 91475 93559 32 77339
968 91533 94434 38 44318
969 91576 92092 51 18141
970 91593 93967 37 46442
971 91790 92320 52 12325
972 92163 95930 19 37094
973 92261 93454 82 51016
974 92394 92459 72 3474
975 92513 95407 29 18309
976 92616 96976 27 54765
977 92693 96024 81 91342
978 92786 96029 20 21257
979 92941 97944 116 421609
980 93015 94418 43 71735
981 93250 96661 44 66106
982 93333 96245 150 195336
983 93571 96028 96 91544
984 94209 96016 35 18142
985 94327 98431 18 7811
986 94374 94570 15 3437
987 94404 99117 42 38136
988 94845 98981 41 34475
989 95122 97681 76 163946
990 96314 97522 69 27614
991 96521 98201 28 18467
992 96548 96893 41 14356
993 96715 98324 13 15703
994 97121 97916 48 12693
995 97570 98580 21 10632
996 97943 98971 116 45368
997 98116 98295 9 1148
998 98461 99621 128 47428
999 99412 99505 7 493
