50 1000 0.094
........................######...........#........
..........................####...........#........
.........................##.###.........###.......
.........................##.##...........######...
................#.#......#####.........#########..
................####...#.#######........###.#.##..
.......#........#.##...##########......####..##.##
.....###.#.......##.....#.####..........#....#####
......######.....###.....###.#........####...##.#.
........####...........#.....##.......##.....#####
......................##..............###....####.
....................###...............###..#####..
.........#.......##.####.............###.###.#....
.........#.......#...#...............#.###........
...#######......##..##.............#.####.........
..##.####.......##................#####.##........
......###.......#...................######........
......##............................#...#.........
..................................................
..................................................
..................................................
.##...............................................
###...............................................
##....................................###....#....
##.................................#..##.....#....
.................................######......#....
..................................######...####...
..................#####..........####........##...
...#..............#####...........##.......###....
...##...............####..........##........###...
..###................##....##...........######....
....................##....##............###.......
....................##.....#.............#........
.........................................#.##.....
..........................................####.#..
...................##.......##............#.#####.
....................##...#.###........###..##.####
.................#.##....#...###...#.######..#.##.
...........#.....##.##..###.###...######.#####....
...........#.#..####.#...#######.###.##..###......
..........####...######.###.##.......#....#####...
...........#####.####.#..#...#.......#######......
..........####.....##....#.####...................
..................###......###.......##.#.##......
.................####....###..........#######.....
.................#.###....##............###.#.....
...........................#.............###.#....
.....................................#...#.#.###..
....................................###..#.#######
.....................................##.....#.##..
0 38 464 91 18594
1 114 2123 54 116378
2 128 14977 10 18519
3 219 1651 68 33232
4 411 2879 68 153644
5 416 14975 137 410220
6 640 1191 52 22113
7 738 2137 7 9297
8 791 2451 32 25716
9 874 5761 23 83466
10 946 4889 21 63995
11 1082 6586 33 80042
12 1148 1229 34 1425
13 1263 2714 105 200294
14 1365 2232 16 4873
15 1714 2370 85 24453
16 1881 3996 71 73478
17 1994 17476 5 42362
18 2011 16083 108 398217
19 2066 4775 50 110534
20 2105 5505 98 90899
21 2113 14085 20 110856
22 2284 2423 90 2645
23 2323 4905 31 42781
24 2445 4389 96 173636
25 2479 6804 7 3922
26 2575 5626 146 390989
27 2621 5049 18 16811
28 2727 7431 104 238130
29 2847 3890 109 36908
30 2864 6041 6 9412
31 2896 7350 118 246477
32 2899 4047 83 35982
33 2954 16272 128 922678
34 2995 5064 16 10809
35 3016 3779 4 447
36 3127 4332 30 17631
37 3296 8528 130 195143
38 3429 4172 130 71324
39 3457 3807 22 2949
40 3501 4082 46 11200
41 3617 5155 85 105286
42 3658 3689 57 1416
43 3676 9348 57 66983
44 3757 11588 58 345563
45 3875 4234 90 37670
46 4004 9533 5 7073
47 4062 4301 6 1763
48 4076 13868 49 297054
49 4458 6522 107 102414
50 4486 8050 46 63959
51 4622 6953 18 26255
52 4817 7837 63 85133
53 4838 11546 22 34923
54 4866 4908 106 1701
55 4875 8380 132 145278
56 4881 6233 48 27687
57 4971 5694 145 30774
58 5026 9297 63 137246
59 5074 6862 71 43839
60 5183 7552 30 20861
61 5529 15146 41 106550
62 5666 9531 4 8831
63 5690 11659 19 37582
64 5739 10912 41 91915
65 5755 14305 7 13063
66 5843 12909 109 174528
67 5898 13428 9 41028
68 5950 8289 48 100309
69 6129 9234 81 141802
70 6137 10397 85 113742
71 6164 6922 12 8814
72 6395 8737 44 80537
73 6450 6813 113 15502
74 6498 9473 78 298587
75 6512 10829 127 909728
76 6521 6561 6 105
77 6616 10752 20 14294
78 6664 8560 124 75045
79 6694 13408 55 180600
80 6695 8466 42 11350
81 6761 6794 37 670
82 6859 9855 37 22088
83 6893 7618 45 12769
84 6960 8033 93 72091
85 7202 7842 6 4730
86 7220 7458 142 9802
87 7237 17071 67 494579
88 7275 18404 81 414808
89 7302 8371 82 41287
90 7427 7492 44 1026
91 7690 10578 117 149464
92 7807 15223 31 114057
93 7812 19833 124 238709
94 7851 9438 31 25524
95 8159 16087 99 533629
96 8317 11881 109 58616
97 8325 10603 48 107308
98 8520 9860 41 38306
99 8976 9413 101 24975
100 8979 12349 128 496934
101 9003 16707 123 222987
102 9004 9844 45 14516
103 9097 16583 25 113442
104 9129 10519 43 39948
105 9177 11280 16 15612
106 9338 11542 42 114177
107 9418 9939 82 39375
108 9508 14921 112 178855
109 9600 10294 136 75146
110 9647 10132 23 8286
111 9867 10418 18 10285
112 9904 11128 71 67891
113 10040 13020 9 11757
114 10139 19011 36 48815
115 10279 11526 6 1852
116 10404 16363 17 42138
117 10427 21041 60 167993
118 10520 12802 118 170574
119 10531 13665 102 278182
120 10558 14351 93 193044
121 10575 12136 45 45557
122 10690 12386 17 10758
123 10717 12425 5 6967
124 10836 13389 98 144818
125 10863 14924 70 203895
126 10880 14138 13 12807
127 11033 15962 20 21885
128 11052 15107 13 30354
129 11059 11066 96 431
130 11079 20203 11 96617
131 11094 18052 5 6078
132 11113 13022 42 20330
133 11181 11677 58 9099
134 11361 17600 89 90230
135 11437 11760 44 9447
136 11467 14757 36 48470
137 11671 21361 31 166351
138 11719 20653 21 85712
139 11740 11863 150 5583
140 11815 12859 59 49755
141 11852 15896 108 331601
142 11909 14037 5 4342
143 11943 13808 4 3830
144 12048 13147 12 3974
145 12132 13554 52 25600
146 12223 13249 12 4347
147 12346 15697 87 245340
148 12387 14081 141 39632
149 12651 21246 7 12893
150 12681 19653 31 74074
151 12687 12761 144 3060
152 12698 13793 142 49852
153 12765 33197 96 677823
154 12780 13046 133 11276
155 12787 15658 28 37235
156 12874 14389 6 2509
157 13042 13368 37 11041
158 13081 18825 130 96146
159 13127 21337 90 706124
160 13266 13996 27 9337
161 13284 13489 127 8203
162 13401 15617 22 23791
163 13403 13676 106 47717
164 13599 16407 134 682196
165 13610 26992 136 874532
166 13819 17109 23 116509
167 14007 21068 5 7062
168 14025 15707 28 8196
169 14063 20016 38 48635
170 14089 29512 60 225686
171 14132 26373 7 84986
172 14300 15700 93 15974
173 14393 21073 48 80196
174 14417 18102 34 31974
175 14440 17229 49 90289
176 14453 16910 23 12495
177 14483 20059 132 190074
178 14528 19046 10 17164
179 14744 17231 92 48245
180 14812 15295 100 47773
181 14910 15932 111 19390
182 15053 16996 120 38586
183 15084 21417 122 237912
184 15168 15393 106 21394
185 15194 15853 139 46748
186 15372 18259 30 18517
187 15378 16625 70 59268
188 15388 18347 83 86434
189 15487 21190 41 151508
190 15514 17533 64 37194
191 15777 20278 12 20888
192 15859 18158 4 6028
193 16089 20381 53 128039
194 16219 23768 113 155336
195 16236 21310 34 166513
196 16372 21745 7 29823
197 16377 17861 50 23421
198 16452 17337 145 52621
199 16489 20866 113 133862
200 16513 18348 6 11839
201 16575 17912 65 39947
202 16775 17194 116 21355
203 16855 18067 28 14632
204 16916 18679 42 23339
205 16951 16974 31 360
206 17074 25722 70 111891
207 17075 20108 98 298066
208 17169 18713 66 53234
209 17258 17963 82 36668
210 17287 20784 74 61678
211 17564 19373 30 30290
212 17643 34873 43 79498
213 17657 25502 20 117499
214 17754 21345 52 29253
215 17801 18174 44 17506
216 17850 20828 4 5371
217 17870 22156 43 38995
218 17893 24346 74 260894
219 17932 18062 20 1208
220 18070 27502 9 33440
221 18100 20702 64 72932
222 18133 18763 77 24112
223 18172 18789 70 34657
224 18362 19402 5 1813
225 18396 20575 59 87547
226 18443 20810 118 184668
227 18528 20837 12 33659
228 18542 19881 63 35836
229 18663 19425 4 1286
230 18819 21033 11 7889
231 18913 20441 25 23515
232 18965 23900 83 257121
233 19073 21408 14 13920
234 19209 27448 31 69082
235 19435 27306 41 105825
236 19635 19897 135 51731
237 19683 23449 55 209325
238 19714 19721 40 190
239 19918 22637 49 95315
240 20069 20094 105 2429
241 20119 22983 61 59376
242 20166 23240 21 49002
243 20419 24970 10 30532
244 20423 20821 32 4982
245 20561 22749 24 57149
246 20728 20873 60 6184
247 20798 24736 20 32744
248 20947 23364 4 6506
249 20951 24007 56 74035
250 20981 21297 22 2810
251 21053 21213 7 1801
252 21113 21783 74 17276
253 21162 23413 142 133862
254 21407 26696 10 22403
255 21427 22468 39 27471
256 21500 24570 25 46995
257 21615 29168 20 43364
258 21618 23442 17 10775
259 21651 38361 28 173877
260 22024 23328 31 15842
261 22077 24695 16 16805
262 22273 26738 68 144514
263 22285 25241 136 195259
264 22385 24722 87 68625
265 22477 23233 51 17100
266 22698 26585 100 81347
267 22790 37600 48 184581
268 22886 27284 96 343518
269 23056 24126 148 28789
270 23091 26492 71 152805
271 23178 23737 73 18812
272 23293 23776 24 5252
273 23336 27179 143 531291
274 23524 24256 143 79742
275 23609 40388 70 340188
276 23729 27008 26 32729
277 23770 26001 10 8284
278 23999 28352 19 31012
279 24032 27582 126 87889
280 24039 24829 14 2484
281 24101 25584 88 61194
282 24280 32614 8 20525
283 24493 24602 81 7305
284 24682 25964 97 68503
285 24832 27847 8 13085
286 24867 25063 13 1080
287 24897 29755 57 98382
288 25035 25254 109 8727
289 25065 26622 118 94646
290 25208 29059 143 204632
291 25214 27670 74 146914
292 25246 26481 8 6112
293 25266 25932 106 85213
294 25300 38895 70 306781
295 25447 28475 73 77005
296 25621 27871 15 4371
297 25747 29274 33 30016
298 25761 31385 91 173120
299 25799 26822 62 57312
300 25975 31483 136 315028
301 25993 30021 49 97605
302 26028 27944 43 50154
303 26175 31829 138 473294
304 26182 38970 9 20346
305 26260 26324 85 6246
306 26478 31548 11 24044
307 26948 29675 56 59411
308 27031 27452 21 1832
309 27062 31626 130 1029821
310 27103 34978 25 92332
311 27313 27382 28 1132
312 27552 28628 23 9629
313 27769 32596 9 17017
314 27824 29999 123 106754
315 27887 29851 106 74257
316 27956 31009 96 256841
317 28061 28751 103 38477
318 28144 39518 5 41770
319 28200 29598 74 20162
320 28226 30151 41 46431
321 28567 30342 24 15000
322 28637 35868 21 59262
323 29032 33042 29 76293
324 29039 29354 33 10282
325 29336 31457 86 74332
326 29471 32706 26 22349
327 29605 49713 103 364966
328 29663 31841 51 36631
329 29905 33077 134 136620
330 29935 30190 82 12947
331 30041 30391 148 32797
332 30127 32775 37 27761
333 30144 30777 70 20436
334 30206 30791 37 34851
335 30250 32142 28 19124
336 30266 32947 28 19004
337 30296 38416 118 735420
338 30381 31723 29 16882
339 30479 34856 9 9817
340 30582 35171 40 81641
341 30649 38797 89 196311
342 30662 34566 116 87194
343 30712 39891 71 141915
344 30914 40575 14 59457
345 30935 34522 92 103319
346 31026 36684 41 315121
347 31195 40842 20 73292
348 31217 35746 72 86969
349 31306 32980 16 9251
350 31427 33621 30 20129
351 31463 35439 80 157953
352 31557 32198 32 8636
353 31692 37074 73 645852
354 31838 32755 41 10455
355 31963 33575 87 52621
356 31980 34066 95 58252
357 32089 33776 49 31870
358 32284 37796 66 98823
359 32391 34803 65 95119
360 32453 34167 55 31638
361 32554 35146 51 79773
362 32693 41290 24 67178
363 32843 35998 38 30743
364 32866 34422 19 24138
365 32948 39053 24 82254
366 33001 34716 12 5099
367 33167 38990 46 116883
368 33187 33566 99 21380
369 33425 35811 59 37982
370 33533 33657 115 9483
371 33707 36215 34 32587
372 33797 39024 69 189804
373 33858 35114 26 18702
374 33925 38168 19 74723
375 34186 41091 29 70343
376 34273 35132 36 11040
377 34485 41472 18 53812
378 34519 40226 99 143698
379 34610 35475 86 33122
380 34857 42625 4 16222
381 34971 38854 54 74185
382 35379 41814 23 79342
383 35380 38808 35 39037
384 35588 35901 71 8202
385 35689 36445 129 46454
386 35742 47478 149 487899
387 35862 37598 17 19058
388 35943 40176 110 660690
389 36161 36866 6 3180
390 36361 38477 17 7201
391 36376 42964 50 79643
392 36488 38545 10 5679
393 36534 47586 4 11073
394 36657 37627 92 18044
395 36735 42462 8 25535
396 36762 42773 54 49585
397 36797 37445 78 38927
398 36872 41222 40 59912
399 37100 37368 82 29843
400 37311 38659 32 36737
401 37561 37668 147 10911
402 37693 44351 45 205384
403 37927 40301 78 44131
404 38002 42563 21 29053
405 38009 42654 122 511363
406 38040 43169 23 46334
407 38271 43328 64 83397
408 38356 39308 76 18175
409 38476 51110 146 531528
410 38524 43189 56 97358
411 38621 39038 43 32261
412 38683 41931 99 92629
413 38791 39174 27 6972
414 38801 39865 12 5279
415 38892 46004 7 36148
416 39161 39599 17 2937
417 39391 40082 96 67656
418 39449 42837 5 5255
419 39564 45676 5 10126
420 39784 44154 48 27240
421 39816 40942 130 31777
422 39985 42928 68 391506
423 40021 40646 46 4002
424 40086 42354 6 8749
425 40194 42253 64 63137
426 40238 42449 93 207739
427 40387 41909 14 11472
428 40396 41001 81 10616
429 40501 40677 49 6246
430 40681 44685 75 136128
431 40705 49306 144 221549
432 40841 41201 118 13278
433 40856 43864 131 409731
434 40892 41785 141 47508
435 40969 43170 44 40385
436 41206 49809 6 42365
437 41377 41869 117 31758
438 41688 43975 15 20706
439 41845 43576 119 71341
440 42019 43397 24 23064
441 42085 44054 18 21309
442 42213 46257 49 53855
443 42232 55752 23 283695
444 42519 54390 45 77182
445 42540 48635 7 13894
446 42577 44036 9 11136
447 42721 50221 14 36436
448 42735 43774 92 29902
449 42835 48346 130 159375
450 42914 45453 105 93508
451 42927 49339 20 49822
452 43117 46383 55 48307
453 43148 43292 78 12746
454 43471 49743 34 55658
455 43540 45190 130 139954
456 43919 47186 100 242726
457 44070 44556 70 21208
458 44097 49598 17 68460
459 44116 49417 74 115249
460 44121 44182 35 761
461 44308 46969 117 135309
462 44359 45476 14 6424
463 44480 45130 59 30942
464 44486 46293 13 10848
465 44504 45627 16 3032
466 44512 46124 11 6270
467 44570 45033 14 13470
468 44646 48664 96 239533
469 44696 45692 94 15191
470 44699 44852 7 440
471 44777 44899 5 371
472 44785 51625 18 61291
473 44810 48717 34 50480
474 45088 63012 5 18967
475 45144 47423 31 92387
476 45208 47037 61 71484
477 45400 48668 132 210177
478 45497 45977 130 38526
479 45514 46202 25 7208
480 45605 53594 49 87960
481 45846 49055 27 52784
482 46138 47699 86 49306
483 46213 46820 37 6397
484 46309 48638 29 25469
485 46420 47872 7 2394
486 46473 48478 41 31344
487 46628 48390 57 13972
488 46743 48840 97 154137
489 46754 48265 62 26654
490 46836 52952 9 45029
491 46870 49253 32 81302
492 47107 47419 29 4599
493 47191 48788 23 10869
494 47209 53055 76 446543
495 47390 52422 139 207471
496 47392 47403 66 1307
497 47537 52649 8 13961
498 47607 52394 82 77001
499 47658 47815 128 28520
500 47733 47759 23 316
501 47823 50122 93 93296
502 47891 53806 18 23501
503 47927 48313 11 2554
504 47950 48698 78 25901
505 48041 50134 40 15461
506 48293 50991 64 120911
507 48473 49000 9 1151
508 48615 54049 30 155471
509 48631 55368 20 53044
510 48705 52888 140 299717
511 48745 51334 9 11502
512 48855 56857 129 161131
513 49229 60290 28 196059
514 49249 53293 36 33225
515 49338 51528 22 21577
516 49515 51415 20 19812
517 49640 51563 5 4360
518 49679 50416 13 4125
519 49689 52725 44 31363
520 49751 57480 70 542965
521 49811 50911 12 8826
522 49866 51388 14 9719
523 49944 59676 89 108643
524 49950 51480 114 124938
525 49952 52962 73 101653
526 50082 51716 40 16655
527 50155 55080 41 100661
528 50170 52968 133 188125
529 50629 53928 36 47085
530 50707 52536 21 14617
531 50732 56228 135 411479
532 50825 54146 104 90708
533 51273 51772 125 28967
534 51314 55001 90 111255
535 51504 52155 82 20410
536 51530 55156 11 8119
537 51658 52019 101 35628
538 51665 55256 11 12688
539 51691 52402 69 54081
540 51939 52359 101 29975
541 51946 55902 108 90069
542 51961 56467 4 9023
543 51993 53598 4 5469
544 52052 53367 146 65314
545 52166 52504 6 828
546 52188 52622 123 39718
547 52199 52531 38 8934
548 52362 54856 17 22060
549 52390 56908 40 28445
550 52635 60495 136 702016
551 52730 53484 24 12799
552 52910 61187 48 83956
553 52953 57909 56 144156
554 52992 55519 15 42416
555 53013 55158 138 198605
556 53197 61647 37 87087
557 53255 55373 10 6686
558 53321 63006 5 11141
559 53403 56047 7 6494
560 53426 58689 20 40779
561 53440 54122 16 3069
562 53442 54919 19 11707
563 53501 60051 10 48653
564 53508 55788 43 59297
565 53585 60373 15 50046
566 53769 59628 109 573415
567 53938 61891 93 770633
568 53967 54451 38 5574
569 53978 56371 119 131030
570 54035 55499 39 16214
571 54067 58303 24 66353
572 54114 56621 20 30250
573 54129 58302 71 86085
574 54159 54406 75 8817
575 54172 54493 4 1012
576 54641 67827 146 1269612
577 54872 57946 51 98765
578 55002 62679 14 61222
579 55246 62855 110 325935
580 55303 57352 99 49202
581 55374 63404 112 540229
582 55588 71260 5 18710
583 55906 60690 37 59674
584 55938 62509 40 47837
585 56005 58989 60 34409
586 56229 60716 44 90035
587 56285 61355 67 125709
588 56320 58237 21 13881
589 56469 58873 138 206713
590 56532 58773 124 114127
591 56562 62784 63 176886
592 56653 57182 65 28986
593 56657 57907 50 36276
594 56682 59825 15 12440
595 56697 57132 105 31453
596 56894 59429 133 149905
597 56977 62146 18 74615
598 57025 58361 89 37190
599 57108 57260 52 5556
600 57154 57431 141 36488
601 57231 60253 120 564307
602 57484 61787 46 99888
603 57515 58565 101 25349
604 57820 61312 59 183332
605 57845 59688 62 57658
606 57928 57955 81 1751
607 57962 60506 77 142506
608 57982 64959 24 75190
609 58012 62941 77 77426
610 58022 58263 149 11860
611 58037 64991 69 246718
612 58194 66088 140 435873
613 58388 62192 24 43309
614 58441 59442 123 30972
615 58486 65681 7 18327
616 58514 58685 75 3981
617 58544 59971 37 36346
618 58591 70813 119 347205
619 58808 62389 24 20517
620 58813 58959 39 2239
621 58900 61850 9 8809
622 58914 59244 42 4901
623 58949 59343 86 16455
624 58969 69709 18 231313
625 58974 63964 36 78784
626 59009 61088 47 49930
627 59020 59566 10 2951
628 59151 61844 58 135768
629 59198 64514 66 176103
630 59258 59737 79 17259
631 59310 62238 5 4572
632 59359 59820 18 6329
633 59412 61895 83 54190
634 59432 62237 67 31106
635 59505 65030 124 104020
636 59565 69533 35 161556
637 59642 61010 44 29241
638 59649 60616 57 32058
639 59846 60072 13 1722
640 60020 62381 43 25777
641 60084 60295 32 2980
642 60281 63511 102 55656
643 60505 70599 83 971120
644 60585 63772 41 35968
645 60610 60891 5 285
646 60627 64444 16 14120
647 60643 64752 7 37156
648 60883 67274 124 458207
649 61095 69489 5 21500
650 61132 62299 94 61338
651 61177 61182 62 197
652 61368 65121 74 62951
653 61477 74695 68 649920
654 61503 63178 16 34472
655 61513 65848 29 41169
656 61515 74578 104 812451
657 61744 63495 64 33261
658 61748 67298 44 87472
659 61764 64305 24 29996
660 61816 61830 20 605
661 61854 68166 33 23277
662 62016 62212 81 13080
663 62166 68177 78 77422
664 62199 65006 44 64840
665 62392 63517 57 30581
666 62454 62752 5 636
667 62611 63135 137 52606
668 62724 66926 101 205151
669 62791 64049 79 83135
670 62839 69206 118 341417
671 62847 66111 14 59596
672 63187 64558 18 7249
673 63357 65793 52 188564
674 63522 68003 82 112792
675 63558 69370 5 35417
676 63790 64665 17 3844
677 63845 65595 21 10160
678 63854 64624 66 37678
679 63914 72070 20 71628
680 63962 66053 45 29524
681 63967 65384 36 20492
682 63969 71331 97 142382
683 64003 67410 42 29778
684 64154 66588 36 91891
685 64170 69290 6 20928
686 64251 70303 7 14799
687 64486 67023 56 22675
688 64487 65499 35 14228
689 64702 73006 4 8485
690 64713 66437 118 133319
691 64793 75373 12 42973
692 64910 66219 20 11763
693 64993 68147 39 50294
694 65022 67416 38 13923
695 65052 67801 16 76887
696 65083 83526 55 550040
697 65272 71615 24 46791
698 65340 68050 102 237976
699 65406 77580 22 78179
700 65461 71118 72 148024
701 65659 69581 5 3720
702 65706 65986 91 20113
703 65731 70987 128 150989
704 65961 68184 34 40696
705 65962 67112 137 112689
706 66068 66299 67 7918
707 66074 66124 28 544
708 66130 67104 87 19516
709 66220 67573 76 83597
710 66379 70905 48 39169
711 66412 66764 142 33140
712 66579 73665 11 73519
713 66639 71821 27 39848
714 66818 71559 16 85080
715 66874 75306 102 302560
716 66883 70774 93 235983
717 66979 69660 5 5733
718 67121 73409 86 163178
719 67183 79548 46 425955
720 67592 76616 63 44186
721 67697 72242 40 206242
722 67942 68477 19 7859
723 68019 69020 120 72817
724 68042 70278 104 283942
725 68046 71865 72 89575
726 68101 72012 22 28929
727 68232 69614 147 79217
728 68235 73246 53 69456
729 68242 83973 69 647092
730 68296 70676 61 132519
731 68316 73498 76 163643
732 68317 69650 57 31729
733 68330 74677 56 184331
734 68370 69580 46 9456
735 68427 69866 76 56135
736 68528 68695 8 224
737 68889 75809 142 293960
738 68991 75532 106 234011
739 69022 70874 64 28352
740 69146 71551 52 62344
741 69187 69392 26 10430
742 69191 74615 75 190836
743 69222 74296 96 183207
744 69231 70173 49 17223
745 69269 87149 6 28750
746 69361 69986 64 21654
747 69562 71316 27 58473
748 70300 72082 5 1482
749 70389 73351 140 126187
750 70390 74173 11 17487
751 70421 88202 12 56689
752 70428 70792 103 62564
753 70572 89051 149 1073390
754 70626 71703 44 17849
755 70702 72818 27 24804
756 70843 82171 29 52125
757 71011 73344 10 8432
758 71052 85769 113 336316
759 71128 76773 76 101936
760 71176 71767 88 73183
761 71351 72440 140 319537
762 71633 73123 32 18479
763 71656 72411 7 3957
764 71706 72169 6 1444
765 71773 75624 71 92017
766 71995 73187 109 96535
767 72103 77431 14 47289
768 72159 74073 142 103634
769 72160 75953 90 147834
770 72318 76518 83 57561
771 72332 74022 75 78782
772 72334 83464 46 156535
773 72422 80557 75 210537
774 72568 74530 64 63871
775 72580 76219 42 97157
776 72624 77556 26 76973
777 72629 74596 86 31502
778 72720 73298 76 26699
779 72729 76008 146 283043
780 72737 76450 124 233731
781 72766 73565 53 54441
782 72906 81446 96 569903
783 73082 74731 40 61443
784 73507 74439 52 28999
785 73521 90099 27 398200
786 73822 75300 4 1178
787 73857 76107 4 3645
788 73885 77343 9 11105
789 73901 75764 51 42596
790 74016 76224 19 19059
791 74107 74882 33 13838
792 74292 83076 24 50205
793 74379 79673 56 194384
794 74623 80299 124 379996
795 74687 79400 11 11532
796 74867 76951 109 173615
797 74879 76024 149 48246
798 74990 77808 131 153368
799 75327 78776 5 5684
800 75389 75813 144 39124
801 75537 75922 38 5451
802 76268 77080 54 23194
803 76451 80139 75 259053
804 76470 81564 116 233897
805 76582 79478 43 57347
806 76597 80150 12 29170
807 76789 90290 148 906468
808 76977 79022 53 65127
809 77003 80951 94 217528
810 77048 77900 83 39922
811 77052 81025 64 116865
812 77072 84524 90 146966
813 77129 86757 49 172561
814 77135 83298 6 10086
815 77136 78348 106 100593
816 77297 79937 110 154379
817 77300 79076 7 5788
818 77589 80831 5 8596
819 77628 91636 60 104812
820 77775 82635 11 11304
821 77818 79752 97 91371
822 77891 79740 5 3248
823 78339 90635 144 782835
824 78400 78673 73 7856
825 78408 82150 135 100548
826 78438 88367 62 400469
827 78518 84278 6 20216
828 78557 78919 20 3005
829 78622 82336 47 172732
830 78881 84567 49 163523
831 78963 89533 71 345757
832 78971 80650 131 146254
833 78998 83473 24 51828
834 79091 79248 19 3994
835 79182 86690 147 170263
836 79264 82300 69 191339
837 79293 83659 9 28280
838 79699 80765 132 140199
839 79776 85564 70 99557
840 79906 81022 118 47763
841 79935 90956 100 342286
842 80002 82354 57 105572
843 80053 81623 23 22833
844 80074 85878 90 168194
845 80076 84177 54 90419
846 80312 91593 6 37883
847 80317 82816 12 13290
848 80631 85972 11 32712
849 80855 84556 43 80411
850 80886 84085 85 92969
851 80904 92331 92 233536
852 81085 82624 97 147682
853 81263 90149 15 59088
854 81302 82205 145 162019
855 81439 83102 91 64485
856 81841 84123 86 66768
857 81927 82493 95 8730
858 81941 82523 66 9267
859 82099 83570 24 31770
860 82158 83703 69 199331
861 82510 89602 6 14503
862 82778 85309 14 15880
863 82846 87356 82 114294
864 82951 84520 14 4293
865 83209 84012 57 26417
866 83261 91587 22 51213
867 83441 89870 13 21185
868 83500 89220 141 436105
869 83535 87678 31 48954
870 83591 83655 18 1557
871 83592 84238 46 19366
872 83596 83994 7 1201
873 83668 85452 17 8301
874 83711 86261 20 39282
875 83865 85036 37 16215
876 83924 92665 10 33024
877 84151 85863 18 11590
878 84296 90023 118 718964
879 84433 87076 45 78739
880 84685 85821 5 1282
881 84701 95603 31 177392
882 84840 87574 121 202079
883 84948 91421 8 24674
884 84998 87763 103 157890
885 85020 92308 45 157307
886 85440 87932 130 412241
887 85460 86565 5 2031
888 85506 91983 53 83682
889 85519 87989 82 121772
890 85530 86073 114 62113
891 85602 87649 55 38899
892 85607 88920 127 99630
893 85632 91062 66 139630
894 85655 90809 108 561461
895 85919 93281 122 650071
896 85970 86109 69 2040
897 85976 86660 63 20649
898 86155 96518 15 35087
899 86396 93087 132 271635
900 86590 91350 97 331160
901 86709 89504 53 26458
902 86871 90578 76 105341
903 86961 96053 45 285577
904 87139 87575 49 16108
905 87236 87372 45 3728
906 87384 90094 12 21740
907 87484 88615 34 21924
908 87592 88596 109 43907
909 87643 88438 139 106039
910 87773 93069 82 195877
911 87805 93894 125 244912
912 87884 88905 60 34643
913 87897 90101 150 143019
914 88091 91346 87 79285
915 88393 88844 54 41168
916 88400 93799 69 137189
917 88463 90773 19 9689
918 88534 94841 127 207892
919 88598 88715 20 3534
920 88712 90433 4 4346
921 88794 91802 9 33542
922 88869 89949 116 57772
923 88948 90158 48 93199
924 88977 97860 21 101599
925 89055 91048 123 198071
926 89201 93900 58 125367
927 89203 94652 53 117406
928 89235 93550 58 79082
929 89238 94286 117 382208
930 89301 92354 19 18819
931 89507 90517 91 26103
932 89656 95614 10 28667
933 89755 92837 125 624457
934 89807 90739 26 9167
935 89814 91085 56 42625
936 89931 99815 14 26474
937 89993 93061 34 34090
938 89999 91254 95 94044
939 90028 92833 15 35669
940 90039 92594 6 4750
941 90051 92467 13 12846
942 90090 91052 9 1098
943 90159 90421 44 3716
944 90428 94886 126 290272
945 90542 90899 75 30286
946 90548 95466 112 189112
947 90558 95098 107 363578
948 90581 95959 91 462352
949 90858 95879 127 115490
950 90935 92018 21 11256
951 91122 94516 127 131715
952 91307 96119 10 13109
953 91413 91615 29 2411
954 91441 94306 7 18842
955 91474 91569 80 10573
956 91846 93077 49 17893
957 91998 95992 14 18321
958 92014 98689 10 64368
959 92030 97332 13 61863
960 92118 94103 95 48921
961 92233 92636 28 11973
962 92625 95468 46 80837
963 92656 99664 145 1340249
964 92869 94438 14 12628
965 92975 96630 83 55558
966 93095 97275 55 177002
967 93276 94743 131 226733
968 93653 94342 12 1490
969 93839 94257 6 2018
970 93883 94120 97 16391
971 93933 95085 57 40011
972 94147 95814 72 85641
973 94402 94879 18 1088
974 94486 95194 14 4554
975 94599 99609 148 144241
976 94822 97334 65 75035
977 95209 97692 127 190051
978 95228 97409 87 140818
979 95296 97096 18 13472
980 95361 99517 31 35168
981 95557 96551 117 50704
982 95608 97150 98 53005
983 95683 95757 97 7738
984 95994 97669 31 12525
985 96343 97226 7 1656
986 96409 98047 39 12007
987 96592 98260 134 78574
988 96814 98408 129 99583
989 97280 98861 36 20415
990 97300 97829 33 16152
991 97412 99831 142 107901
992 97428 98872 12 9748
993 97953 98530 5 1324
994 98274 99108 70 20184
995 98432 98827 36 5466
996 98476 99123 10 4644
997 98479 98887 99 19409
998 98734 98958 62 12948
999 99626 99795 5 401
