50 1000 0.036
......................................####...####.
...............................#.....####......##.
...............................####..##.#.........
...............................#..#...............
.................................###..........#...
.................#...............#.#..........#...
..................................#...........###.
...............................####............#..
..................................##..............
...................................#..............
...........#......................................
..........##.....##...............................
..........#.......###.............................
..........###...###...............................
.................#................................
........................................##........
...##..................................###........
....#.........##........................#.........
..............#...................................
..............##......###.........................
.............##.......##....#.....................
..............##......#.....##.#..........#....#.#
......#...............#....##..#...............###
......#...............##.###.#.##...............##
......#...#.................####........##........
...#####..###..........###...###........#.........
....#.#.###............#.......#........##.....#..
....#....##........##.####...............#.....#..
###.................####......................##..
#.#..................#.............##........#####
..................................###........#.#..
....................#.............###..........#..
...................##...............##............
...................##....#........................
...................#.....##.......................
...................#.....##...#.................#.
...................#.....##..###................#.
.........................#######........##......#.
..............................#.........##........
##...........................###.........##.......
.#...................#.....#.##.........###.......
.#...............#...##....###...............###..
.#...............###..###..#...............###....
#...............####.#.#..#..........###..####....
#...............##..............#.....#..##.......
#..#.............#..........##..#........#.......#
######.......................####................#
#.#..............##............###................
..#..............###...........#..................
..................#...............................
0 102 3567 53 259938
1 223 3208 18 42595
2 515 1040 100 15723
3 718 3650 15 59293
4 792 1380 24 8432
5 1108 10825 7 20772
6 1123 2126 99 66370
7 1212 1287 19 1248
8 1382 4271 127 172734
9 1471 3150 19 8920
10 1706 3670 111 52152
11 1774 2290 135 42167
12 1937 3747 131 127856
13 2004 13145 38 742321
14 2153 8657 139 702923
15 2169 5534 69 104211
16 2202 13133 91 446508
17 2742 9101 5 17310
18 2909 13615 141 761216
19 2978 12934 18 16393
20 3015 8864 73 150630
21 3047 5089 99 150813
22 3256 8763 130 212123
23 3525 11292 104 262952
24 3685 22163 65 702523
25 3810 4838 10 4649
26 4217 6656 102 136973
27 4296 19966 31 147897
28 4508 11286 8 10839
29 4557 7084 26 11279
30 4664 12077 28 95056
31 4724 7408 63 102168
32 4730 18179 135 256709
33 4787 13703 141 524974
34 4831 6574 60 46283
35 4835 7467 24 30715
36 4953 25338 27 323266
37 4966 9657 131 189761
38 4975 7650 97 159681
39 5068 11089 11 13211
40 5156 5162 54 386
41 5324 10336 9 13506
42 5328 15259 117 401004
43 5499 9689 62 136830
44 5521 17526 24 75701
45 5646 28053 137 1386858
46 5675 6321 24 6076
47 5681 9429 105 246352
48 5704 6785 136 36772
49 5766 15534 137 355420
50 5872 25921 11 88269
51 5916 11527 68 65505
52 5917 8662 100 61879
53 5988 22576 12 107698
54 6063 12293 148 683421
55 6276 6594 12 1474
56 6307 15225 92 346073
57 6341 6989 7 3074
58 6534 9976 5 23015
59 6809 30747 10 39751
60 6868 13134 38 103492
61 6889 7253 134 45400
62 6927 11859 65 90536
63 6978 8502 12 8914
64 6981 13536 7 26276
65 7105 9911 119 82509
66 7372 25806 61 453846
67 7642 10815 94 95268
68 7656 13748 127 356969
69 7685 8311 10 5683
70 7940 14111 138 1570510
71 7965 10294 34 49999
72 8159 8473 103 15620
73 8216 15151 24 50260
74 8221 8985 31 9229
75 8247 9481 9 9693
76 8330 14004 78 383080
77 8574 8749 40 7454
78 8622 9576 117 27863
79 8623 18105 18 143615
80 8711 13208 5 12568
81 8742 8806 11 982
82 8793 10887 96 109838
83 8845 10884 74 44604
84 9003 13719 15 14042
85 9008 11307 98 69755
86 9071 11718 19 32207
87 9106 9765 51 25158
88 9172 17800 129 584268
89 9262 14118 37 125019
90 9518 10154 100 35380
91 9533 12290 5 9758
92 9538 15301 83 295496
93 9637 17668 48 95266
94 9680 35180 134 1780810
95 9832 20246 18 69602
96 9878 12653 12 13272
97 9926 18228 9 20058
98 10006 17164 39 190983
99 10141 10531 40 18994
100 10149 18149 42 149679
101 10202 33809 10 16953
102 10350 14516 37 161588
103 10357 31011 79 341401
104 10368 15357 18 34461
105 10408 25107 102 818112
106 10411 12299 11 8143
107 10478 17618 82 435476
108 10497 11250 49 26328
109 10575 33016 16 89437
110 10701 28273 17 46776
111 10758 14456 130 295116
112 10996 15892 12 40399
113 11021 12448 5 4620
114 11060 20235 21 143799
115 11181 24061 16 110129
116 11242 12606 146 148236
117 11313 18944 99 184077
118 11332 11869 98 18023
119 11370 17547 40 33117
120 11391 24304 91 569250
121 11415 29580 23 285873
122 11542 14778 20 21941
123 11553 21480 33 109817
124 11557 12760 77 24536
125 11609 18332 6 16921
126 11720 12137 9 920
127 12252 13922 117 81254
128 12322 28967 8 42506
129 12373 15904 11 17677
130 12447 17266 46 95624
131 12457 14725 24 18979
132 12681 13386 85 19010
133 12956 19633 129 863237
134 13147 20419 6 12895
135 13177 16161 38 60137
136 13335 28879 115 1725124
137 13777 21916 56 521557
138 13862 14660 13 6422
139 13881 27898 77 297002
140 13891 18832 46 109695
141 14067 14794 131 73545
142 14082 15362 96 118079
143 14182 20337 48 140914
144 14205 14547 97 48768
145 14229 19011 36 13265
146 14264 20187 64 50987
147 14466 23562 20 41764
148 14501 18064 7 26933
149 14522 20043 86 270789
150 14527 41449 12 72414
151 14532 18932 53 73785
152 14602 26388 4 39347
153 14651 17456 73 267999
154 14871 14955 123 5862
155 14879 16665 9 6783
156 15015 20796 24 148716
157 15046 16481 99 119450
158 15085 24193 11 29591
159 15103 22312 91 752851
160 15117 21007 63 160064
161 15195 23788 5 6195
162 15638 21073 13 11361
163 15686 32220 16 47084
164 15705 25391 8 29334
165 15840 32975 45 212824
166 15851 15930 56 1878
167 15860 16418 17 5323
168 15901 27793 51 238276
169 15948 25511 14 20623
170 16045 18917 140 277634
171 16055 20116 79 219345
172 16066 18859 76 87006
173 16156 23360 42 92799
174 16197 19597 74 76212
175 16277 25230 25 85991
176 16497 17941 47 44192
177 16504 27299 46 112847
178 16531 20922 100 274338
179 16555 27226 45 367444
180 16557 16876 82 42846
181 16592 18359 31 28764
182 16892 26317 54 310268
183 17049 19715 19 8487
184 17111 29601 40 115500
185 17426 32552 59 414899
186 17453 19909 116 81142
187 17553 19561 74 144127
188 17608 21880 55 173164
189 17638 19024 5 1759
190 17640 21419 142 479513
191 17685 19730 113 168763
192 17730 23344 49 324109
193 17775 20369 15 7769
194 17819 24801 123 352988
195 17893 26036 30 108899
196 18280 19831 86 39601
197 18315 23885 71 205104
198 18378 20826 140 97736
199 18687 19933 5 1307
200 18725 25268 13 23979
201 18838 32394 37 179655
202 18936 25172 14 39319
203 19065 22462 33 30866
204 19086 19220 56 4671
205 19440 21538 53 98946
206 19600 33585 85 214076
207 19721 19952 142 5306
208 19902 36282 31 259776
209 20025 23349 128 176240
210 20099 21396 93 33231
211 20104 33494 60 435582
212 20123 20300 65 11895
213 20210 25782 145 801041
214 20247 33986 106 750711
215 20297 25154 7 8591
216 20437 23753 139 181902
217 20466 30552 119 334136
218 20516 21034 15 8764
219 20559 27670 13 23496
220 20608 31460 135 1114800
221 20668 24513 28 48782
222 20882 27940 6 10743
223 20963 47303 61 479731
224 21434 22978 76 37457
225 21455 29751 103 377614
226 21461 33959 60 192045
227 21500 47381 21 305364
228 21523 38360 33 108614
229 21605 23261 22 17063
230 21626 26890 114 287788
231 21647 23322 35 10508
232 21787 27089 120 301765
233 21845 24376 17 14557
234 21951 38493 15 235515
235 22342 25179 13 7755
236 22344 26133 5 13609
237 22435 37994 55 289233
238 22578 28496 93 296662
239 22600 39048 4 17464
240 22831 28082 29 28712
241 22924 23674 82 25337
242 23017 35621 141 547692
243 23173 28171 37 160424
244 23430 23692 100 8072
245 23539 25721 25 57026
246 23695 24312 40 5944
247 23739 34607 50 93388
248 23774 26901 96 43374
249 23934 29252 49 114733
250 23998 32765 66 171224
251 24011 27130 131 147381
252 24160 27185 89 132547
253 24201 30903 135 437629
254 24238 31820 100 352747
255 24353 29162 71 94706
256 24430 25939 123 57716
257 24523 28453 15 45410
258 24567 34483 27 128631
259 24751 36895 125 529006
260 24929 25730 11 3911
261 24934 32858 74 251105
262 24939 36258 11 54760
263 24956 32294 128 450242
264 25084 39497 70 140992
265 25297 30440 53 137719
266 25323 27649 39 58141
267 25516 49013 84 805591
268 25653 28420 57 33128
269 25700 31289 48 92102
270 25835 30451 123 413947
271 25876 37757 14 55763
272 26024 32209 19 101745
273 26038 31090 145 853421
274 26094 26699 103 40166
275 26202 29291 136 173023
276 26208 32805 18 67827
277 26357 33438 6 24937
278 26386 29927 61 81233
279 26420 31983 56 172893
280 26478 31012 136 143372
281 26669 27049 51 6694
282 26755 38100 111 485614
283 26794 35438 10 17702
284 26980 33671 149 268876
285 27032 33551 35 141822
286 27034 30377 52 55539
287 27338 31153 22 40857
288 27365 30608 67 31185
289 27443 29018 56 64479
290 27514 34287 5 18172
291 27648 27732 132 8300
292 27681 27753 144 5941
293 27726 34473 103 502926
294 27749 28960 11 2864
295 27783 35507 91 458344
296 27918 30024 147 119553
297 27958 29735 62 23857
298 28059 31376 35 37866
299 28077 28260 44 5179
300 28224 36938 24 34304
301 28227 45151 94 323729
302 28281 28561 8 1680
303 28343 51269 43 329006
304 28345 31475 11 25495
305 28419 32735 140 225456
306 28608 33134 34 69773
307 28667 29249 135 108366
308 28875 29383 95 51606
309 28923 31603 126 337445
310 29193 33913 126 550852
311 29200 31841 56 65377
312 29419 38949 46 153922
313 29517 33274 113 128292
314 29574 38341 114 367163
315 29582 48082 17 52673
316 29628 40614 8 57561
317 29645 31253 31 17624
318 30101 31374 43 10824
319 30321 48301 55 522461
320 30336 44164 90 815940
321 30360 32932 18 7103
322 30408 32748 60 44556
323 30663 35669 58 147612
324 30768 50402 81 209334
325 30865 39667 15 126799
326 31137 33642 46 117151
327 31182 32548 94 39157
328 31285 35191 75 42916
329 31324 37554 41 100915
330 31343 39406 114 817242
331 31363 36502 37 127404
332 31393 51832 112 800987
333 31407 34245 24 38987
334 31437 56579 119 1483278
335 31526 36126 7 9960
336 31633 40327 12 40933
337 31652 36484 12 39681
338 31662 48065 76 309788
339 31689 33180 116 71944
340 31776 32659 42 48458
341 31993 33871 17 38721
342 32086 32510 70 17680
343 32117 34292 73 70373
344 32275 36590 50 107941
345 32293 34617 15 10402
346 32436 43571 30 151263
347 32509 35734 27 81073
348 32834 38329 98 77761
349 32864 39860 46 54697
350 32940 33740 6 1276
351 32967 33572 15 6374
352 33036 40986 11 26925
353 33447 49388 32 91622
354 33535 36177 39 43909
355 33932 36442 4 15518
356 34020 54244 116 1076974
357 34034 36402 42 64891
358 34166 34652 5 919
359 34171 37497 27 51932
360 34269 37811 33 76503
361 34297 38873 110 311334
362 34429 41772 70 320032
363 34453 38889 33 84464
364 34619 37162 36 27732
365 35116 37302 14 38840
366 35373 36766 38 32640
367 35433 60165 127 2126273
368 35521 37770 12 28499
369 35553 45052 27 106886
370 35700 35911 125 7691
371 35726 43269 39 227063
372 35740 46849 17 156413
373 35813 40193 46 48259
374 36054 36226 15 1088
375 36235 42717 9 42953
376 36326 39287 6 6691
377 36412 39201 58 79046
378 36586 38472 63 39901
379 36685 50372 53 125986
380 36878 40838 20 11469
381 36910 47299 97 226425
382 37043 42516 8 30874
383 37049 39517 13 11463
384 37144 40021 82 83148
385 37475 62583 140 1443960
386 37545 44862 148 525492
387 37622 40004 60 27213
388 37785 56298 126 614153
389 37872 41735 133 206706
390 37928 40487 66 62031
391 37956 43222 67 106461
392 38033 40631 60 39302
393 38194 44747 5 7273
394 38278 40834 108 76782
395 38384 50891 4 23113
396 38443 46221 55 283518
397 38461 45240 33 130235
398 38526 39155 43 17647
399 38588 41198 13 12838
400 38730 42125 69 74505
401 38760 43786 55 113258
402 38880 39876 29 21231
403 38888 39277 57 48609
404 38938 40992 11 11285
405 39052 51165 19 87884
406 39210 45500 135 436545
407 39351 48456 120 361990
408 39793 40006 81 14297
409 39821 44347 93 144164
410 39861 42553 47 39133
411 40119 40885 67 21678
412 40136 53893 6 30223
413 40175 41567 71 51120
414 40243 49091 38 150354
415 40328 42436 20 12348
416 40340 43519 142 117890
417 40464 40676 117 15549
418 40562 41158 7 1186
419 40650 49601 92 304269
420 40682 41373 99 24846
421 40769 46538 64 357291
422 40894 45733 20 17077
423 40984 46182 24 36094
424 41078 43667 32 32157
425 41241 43876 31 45561
426 41277 43881 36 56662
427 41674 43415 36 32486
428 41776 42894 125 102626
429 41801 49222 120 428346
430 41819 42146 6 348
431 41846 60519 13 113861
432 41880 43964 39 40602
433 42192 42966 4 1385
434 42533 53608 82 570390
435 42577 44983 15 8446
436 42600 44398 135 127204
437 42624 54715 27 131381
438 42656 43453 5 1244
439 42693 45406 51 103694
440 42798 43253 44 9640
441 42814 45180 127 61821
442 43115 43618 5 1438
443 43226 48418 90 160102
444 43232 43804 149 94787
445 43249 52682 14 43231
446 43300 47891 52 227614
447 43429 44757 63 56723
448 43465 45527 148 132901
449 43573 56987 5 10616
450 43772 48451 33 110093
451 43799 44485 111 26303
452 43827 58823 14 186105
453 43844 44658 8 5877
454 43951 48144 109 204681
455 44050 48689 47 116907
456 44064 44423 82 21935
457 44086 48863 110 445709
458 44170 48104 45 88239
459 44276 51088 88 222412
460 44411 48393 63 113757
461 44424 45860 4 2896
462 44495 48780 57 59435
463 44525 60249 91 322696
464 44598 64726 84 374765
465 44599 52414 105 114488
466 44744 48345 30 49821
467 44825 59283 15 196609
468 44830 52344 49 94506
469 44910 49462 98 160870
470 45115 47103 9 15055
471 45235 48126 47 132710
472 45358 45769 80 6809
473 45363 55655 77 266835
474 45428 49729 127 377917
475 45483 52857 60 227586
476 45485 52880 55 204028
477 45633 52427 6 11349
478 45744 49285 48 53687
479 45829 47969 72 213697
480 45834 46750 22 6133
481 45864 48108 7 5274
482 45878 46144 62 2823
483 45901 49616 83 103747
484 46074 49750 44 27424
485 46090 50171 62 322794
486 46115 56775 17 30869
487 46123 51923 50 137973
488 46371 48897 32 10509
489 46404 46924 8 855
490 46547 50026 23 46301
491 46611 50525 85 169951
492 46647 50102 57 31918
493 46665 54661 73 184581
494 46712 52892 94 102779
495 46767 46960 39 1157
496 46806 48899 70 92832
497 47051 52325 94 334069
498 47195 47810 84 39635
499 47324 47795 97 15396
500 47444 50273 21 42712
501 47448 49734 40 39634
502 47480 51200 122 190601
503 47523 53308 30 30674
504 47558 47721 142 8429
505 47686 48892 147 129860
506 47697 49309 45 20327
507 48226 61858 75 380976
508 48555 50286 121 133066
509 48562 49740 107 30607
510 48568 56930 123 322446
511 48723 56469 14 23379
512 48769 68568 135 1126513
513 48837 51844 138 399301
514 48839 60116 73 228933
515 48840 57156 5 6600
516 48844 94173 5 87657
517 48864 55603 44 56934
518 48916 53971 8 34862
519 48917 48968 48 1566
520 48947 51214 145 223890
521 48954 52045 40 38452
522 48967 80222 22 244110
523 49050 52510 75 123990
524 49154 50101 100 119581
525 49194 54447 4 8453
526 49240 52013 7 17544
527 49248 49860 62 18561
528 49329 52184 102 86324
529 49368 57263 15 66372
530 49422 53473 60 141746
531 49455 52183 89 83697
532 49605 59574 120 664808
533 49664 51445 66 58975
534 49702 56564 33 193270
535 49752 49852 23 896
536 49999 76797 66 1385781
537 50000 58774 16 52680
538 50517 50849 9 761
539 50590 64569 62 825230
540 50626 52447 114 82404
541 50637 60136 146 1471629
542 50751 55515 27 66162
543 50808 61506 52 366216
544 50811 75555 134 865422
545 50929 76824 58 876393
546 50962 50977 21 279
547 51276 68890 14 80782
548 51431 52148 124 92940
549 51550 53183 45 66373
550 51572 56511 50 79124
551 51890 57372 64 144616
552 52224 56317 56 85128
553 52394 59654 69 127642
554 52515 62387 90 302203
555 52665 61045 13 71279
556 52719 52839 52 3752
557 52736 56993 99 633804
558 52777 54927 76 85061
559 52955 58030 4 4207
560 53006 62489 5 21373
561 53184 57413 124 243629
562 53225 54769 27 35439
563 53332 58373 125 173547
564 53413 55659 22 14092
565 53529 58815 69 199322
566 53642 67750 52 439501
567 53694 56953 95 97899
568 53807 62697 137 775252
569 54008 59639 14 75345
570 54156 57177 60 256571
571 54241 59132 92 77876
572 54400 57541 78 57119
573 54445 58326 20 18928
574 54587 58768 90 182436
575 54732 63496 38 130316
576 54884 60758 59 184598
577 54928 58078 100 196919
578 55002 55481 54 9288
579 55122 72230 77 214996
580 55235 63709 49 44839
581 55261 59114 139 476929
582 55295 58342 43 35967
583 55363 57607 131 84914
584 55668 63950 101 754121
585 55737 59752 149 138243
586 55749 62862 54 88754
587 55779 57917 107 68517
588 56021 60870 96 156959
589 56022 57930 11 8450
590 56179 65640 112 481804
591 56212 65418 82 109458
592 56381 57651 17 18925
593 56416 63231 93 188945
594 56489 57129 106 19606
595 56545 62949 130 589103
596 56641 65259 6 14841
597 56655 57747 32 14449
598 56663 60672 40 57573
599 56765 57627 65 20626
600 56909 58360 30 57086
601 56947 57641 135 21001
602 57054 67744 70 620114
603 57068 58516 20 14996
604 57369 61344 77 134782
605 57382 57741 13 3827
606 57551 64402 22 98474
607 57862 57955 8 102
608 57883 63748 12 46132
609 57894 63077 43 152575
610 58025 60404 19 25117
611 58054 62115 123 187533
612 58083 69419 90 241074
613 58274 70148 12 42362
614 58306 62966 12 24540
615 58403 64327 121 97154
616 58417 74266 9 37982
617 58435 80368 130 490199
618 58459 62928 124 263676
619 58487 58649 34 3791
620 58605 65899 115 133424
621 58618 67023 102 287062
622 58631 74391 5 12424
623 58654 59490 77 35514
624 58721 64072 28 82576
625 58897 64704 132 155775
626 58920 72982 118 494102
627 58935 59502 32 9731
628 59007 64534 38 60193
629 59071 73231 111 2715831
630 59255 62345 7 7334
631 59327 69310 41 189869
632 59528 66099 149 477225
633 59829 71900 144 554953
634 59835 70201 46 363822
635 60016 65813 31 51605
636 60024 65213 31 119451
637 60091 72829 61 646553
638 60248 61877 26 22177
639 60293 65459 130 338309
640 60314 65094 71 75356
641 60562 70068 140 1663237
642 60710 61297 83 20464
643 60745 65373 5 33525
644 60894 86155 72 1519151
645 60964 66193 18 89373
646 61054 68576 106 276989
647 61118 61295 20 2455
648 61123 84427 10 74693
649 61181 73182 14 59361
650 61247 65941 9 10412
651 61256 61739 143 91319
652 61351 68942 6 22459
653 61405 63132 30 38009
654 61415 68751 7 12029
655 61493 62773 12 4628
656 61611 62379 62 22912
657 61713 62213 11 1894
658 61816 72853 15 52451
659 61897 75764 97 498934
660 61983 62362 67 38251
661 62007 64220 19 13143
662 62011 65322 5 9202
663 62061 69749 5 13567
664 62080 68029 7 15150
665 62164 64805 78 225419
666 62236 72634 43 864825
667 62245 62352 143 22105
668 62629 64762 27 16078
669 62748 63642 57 12907
670 62792 65397 8 7093
671 62801 63831 139 86533
672 62829 67965 36 60667
673 62937 70609 12 29374
674 62950 65671 5 6005
675 63158 77784 31 230867
676 63347 66072 18 11439
677 63427 71424 142 471823
678 63519 88491 62 402827
679 63529 68493 71 162204
680 63789 76373 70 275322
681 64093 84594 59 363853
682 64181 64976 6 2404
683 64250 66252 4 3403
684 64353 64736 25 2910
685 64456 66756 38 64189
686 64661 70471 61 161790
687 64702 76699 11 64846
688 64717 70096 103 243465
689 64834 68197 136 100419
690 64910 66512 31 26181
691 65083 73899 22 142079
692 65209 72673 24 92121
693 65287 66396 15 4520
694 65321 80142 8 22058
695 65575 69217 5 6724
696 65633 67221 10 12107
697 65721 74901 65 218844
698 65731 83573 84 322626
699 65838 71183 53 81365
700 65845 67118 51 26198
701 65900 67828 84 145333
702 65922 67291 58 53914
703 66014 81997 15 77854
704 66149 68439 98 78935
705 66152 67058 8 3180
706 66262 67209 10 7180
707 66325 77822 23 47888
708 66339 67555 65 31444
709 66368 69936 103 194793
710 66503 73167 128 237257
711 66521 78262 44 174921
712 66615 69105 42 84471
713 66712 72070 7 9183
714 66791 69195 33 46003
715 66839 67806 32 39465
716 67040 67762 20 9406
717 67193 67931 4 4157
718 67266 77317 22 133943
719 67559 70968 95 279207
720 67670 82794 42 195566
721 67859 76306 51 136832
722 67924 69212 99 83655
723 67955 68831 35 7428
724 68053 71016 28 21710
725 68121 71816 42 46331
726 68137 74489 8 26257
727 68222 78545 6 30496
728 68286 68678 102 35708
729 68547 73826 12 42905
730 68655 81449 6 48726
731 68767 69695 54 25360
732 68796 77508 58 157348
733 68880 72255 71 81562
734 68946 89088 47 542773
735 69073 77388 75 313206
736 69078 72494 91 362398
737 69390 69850 63 16267
738 69407 70408 60 23529
739 69414 69453 36 366
740 69493 91525 14 111625
741 69503 74045 7 20654
742 69529 72202 47 57542
743 69669 79257 99 275828
744 69739 73563 34 48614
745 69988 71457 42 24177
746 70154 71364 46 36283
747 70297 70688 44 10177
748 70399 83182 128 1450411
749 70443 71332 45 37652
750 70504 72091 141 38170
751 70510 92295 45 344760
752 70638 77720 28 61645
753 71043 86672 34 188848
754 71047 72067 139 43193
755 71058 73385 32 59035
756 71246 77133 53 125299
757 71281 71494 38 6971
758 71312 77678 31 71081
759 71339 86250 8 30218
760 71469 73138 26 19802
761 71507 75330 139 259790
762 71638 72819 24 13356
763 71753 72515 10 4327
764 71802 72645 25 9988
765 71921 74980 25 58587
766 71950 74968 47 78393
767 72046 82800 67 199450
768 72049 99088 6 86500
769 72093 74186 9 10544
770 72221 86921 35 115096
771 72445 77358 54 185353
772 72508 78264 11 13032
773 72644 76677 26 38078
774 72709 99395 41 444565
775 72717 81878 149 381820
776 72781 79444 125 369317
777 72797 77872 77 137569
778 72830 82664 91 595054
779 73004 73241 131 23700
780 73214 75787 72 45413
781 73242 78906 52 237869
782 73404 79839 141 1147068
783 73448 76629 26 42378
784 73481 95265 53 487176
785 73482 77494 79 370156
786 73497 78840 118 233814
787 73533 74845 75 38628
788 73546 81357 66 216671
789 73603 73854 89 26039
790 73713 82633 77 449428
791 73742 77708 7 9662
792 73784 74994 11 15477
793 73794 77684 12 64484
794 73811 75349 41 42482
795 73945 76859 121 142591
796 74018 77102 49 87207
797 74432 78181 6 13093
798 74452 86289 66 229257
799 74656 75033 104 25427
800 74762 75331 5 2286
801 74928 75557 132 36323
802 74932 87478 15 64701
803 74999 82506 39 195129
804 75439 87509 39 489255
805 75651 77030 9 4309
806 75670 84263 13 75617
807 75728 83529 18 74945
808 75844 84945 18 79689
809 75912 77653 7 2922
810 76099 96623 143 687409
811 76168 86699 11 15778
812 76214 82256 28 54526
813 76291 83292 17 30115
814 76338 84115 88 549152
815 76427 83918 9 15568
816 76448 81627 17 15506
817 76533 78824 50 26554
818 76555 80721 27 33818
819 76666 88676 130 1134422
820 76670 80659 22 55623
821 76752 80125 29 49650
822 76916 84832 59 147148
823 77116 80200 21 41849
824 77158 81494 37 50357
825 77248 79790 5 4278
826 77329 82925 11 41688
827 77380 96963 21 190272
828 77399 81590 149 409667
829 77442 95549 58 213117
830 77481 77742 129 17717
831 77531 83581 76 98666
832 77688 79492 8 3605
833 77787 78368 4 1122
834 78104 81176 94 180106
835 78173 87679 43 193468
836 78189 81607 67 118531
837 78317 85279 116 208065
838 78379 80956 115 96668
839 78412 80691 133 168449
840 78441 79135 89 31401
841 78538 82002 125 236318
842 78774 79788 5 884
843 78969 86883 117 187527
844 79003 87571 76 191083
845 79130 92726 60 382440
846 79407 85735 20 38411
847 79487 89369 80 311670
848 79496 92503 69 294292
849 79533 84310 9 30498
850 79550 81476 5 2571
851 79794 84874 32 91294
852 79819 79868 21 1372
853 79836 80365 37 8621
854 80176 81099 56 32543
855 80180 89028 24 79643
856 80196 84933 46 74535
857 80312 80578 54 5510
858 80454 93304 15 55096
859 80479 85173 132 280683
860 80688 86388 49 80218
861 80711 85510 5 7968
862 80886 80934 7 195
863 81015 84039 7 4611
864 81016 81588 16 3787
865 81046 81285 65 16859
866 81121 87589 17 59137
867 81128 85509 118 221926
868 81192 95832 16 188216
869 81541 86011 134 299637
870 81556 83608 57 20321
871 81798 91255 49 130128
872 81803 82213 17 6730
873 81857 87617 25 52758
874 82146 88541 14 10709
875 82170 94186 149 905665
876 82284 82575 96 31440
877 82440 85578 6 9187
878 82613 86028 98 386819
879 82652 85481 30 47363
880 82739 87215 18 49261
881 82882 99204 29 130668
882 82951 95281 104 498928
883 83091 92864 41 121465
884 83104 84438 98 30392
885 83213 84787 139 407964
886 83313 84869 44 11418
887 83320 97722 79 159439
888 83328 93808 136 672278
889 83479 83493 19 164
890 83536 84533 42 17699
891 83690 84062 127 41249
892 83956 90211 41 68877
893 83976 85866 14 17575
894 84218 93956 19 102397
895 84317 92272 25 66604
896 84421 85373 31 11866
897 84652 90881 28 60282
898 84788 89422 54 156250
899 85002 91133 103 270855
900 85064 87763 94 331503
901 85108 86990 76 41912
902 85186 95834 20 91359
903 85196 90716 40 148163
904 85300 93028 65 292040
905 85461 88246 104 144231
906 85550 87606 122 60355
907 85565 97090 4 33500
908 85695 91619 13 16628
909 85877 86234 150 31787
910 85917 95798 35 123696
911 85918 99357 88 194269
912 85960 87057 4 2460
913 85969 93729 99 449632
914 86148 90355 110 162629
915 86239 90732 47 70159
916 86259 87279 34 11329
917 86315 87849 24 12313
918 86358 87957 99 74047
919 86463 91117 57 129486
920 86569 88727 147 166113
921 86572 93090 82 208263
922 86659 87142 79 38421
923 86660 87140 30 8464
924 86753 89527 45 51602
925 87062 89775 32 40438
926 87092 89118 99 349212
927 87339 89840 11 9723
928 87520 89370 41 44220
929 87633 90102 98 129579
930 87634 90550 8 1642
931 87878 97897 6 39138
932 88066 90430 130 203943
933 88511 88527 114 1554
934 88600 89018 13 2783
935 88626 92809 108 437396
936 88758 96427 128 275617
937 88928 93775 104 157318
938 88994 89546 86 17707
939 89345 89723 27 5811
940 89350 91280 37 9593
941 89586 97052 90 337690
942 89783 91192 18 17534
943 89819 92936 50 16027
944 89837 92970 10 31705
945 89890 90887 71 16245
946 89944 90666 10 6302
947 89954 89959 35 137
948 89984 90801 15 12380
949 90021 93959 90 200358
950 90093 90786 80 41832
951 90167 99442 61 281211
952 90250 96635 106 256538
953 90365 90882 15 3721
954 90671 93006 22 40591
955 90711 91035 13 3387
956 90947 91817 21 27147
957 91400 91667 15 4218
958 91491 94589 148 148702
959 91555 93965 6 6121
960 91632 95485 139 240387
961 91677 95069 53 75984
962 91825 99294 129 233332
963 91830 92524 55 10269
964 91876 97164 86 404877
965 91956 93227 55 21843
966 92030 92684 143 34008
967 92099 93856 44 33282
968 92416 93100 10 5690
969 92476 99959 5 8269
970 92534 93562 112 44560
971 92620 93858 77 85926
972 92729 93092 14 1737
973 92872 93024 51 2672
974 93124 94563 65 87436
975 93501 98051 6 6740
976 93686 99564 116 436280
977 93828 96317 59 67333
978 94121 97943 22 38302
979 94305 96548 127 83319
980 94421 99281 67 233039
981 94457 97535 20 37003
982 94479 95058 61 17903
983 94940 98767 19 35061
984 94958 97916 30 50011
985 95028 96817 36 60779
986 95682 99962 137 141558
987 95704 97063 127 63057
988 95709 99459 7 28506
989 95882 96763 115 55684
990 96018 96228 143 15575
991 96626 98133 103 36048
992 97125 98420 7 4991
993 97268 98708 116 49862
994 97308 98199 14 3830
995 97339 98915 8 10502
996 97348 99175 57 30949
997 97356 99138 51 72895
998 99191 99235 54 2871
999 99218 99895 146 42555
