50 1000 0.097
..........##.......##.....................#.......
..........#.#......###...................####.....
..........###....#.......................####.....
.........##......###....................###.......
.......#................................##....#...
.......#####....#.........####...........#....###.
........#.##..####........####..........##....#.#.
........###....#.##....#..####....................
..##.....##.....####..###...#.#..........#........
..#......#.##....#.#..##....#.##.........#........
..#......##.####......#.......#..........###......
..#.........###...........####....................
...........##.#...#........####..............#....
...........#####.........######.............####..
............#.##..........#..#......#.............
..............#.....................#..#..........
.............###...................#####......##..
................#..............#.##............##.
.#####......#####..............#.#..##..#.....###.
..####........##....###.......##.#####.####...#..#
...#...#......##...#.#........#.....########....##
##.....#...........###........#......#.####.....#.
###.........#......#..........#.........####......
.#..........##......##.............#....#..#......
..........#####......#.............##.............
............#.....................####............
....................................#.............
.....................##...........................
......................##..........................
........................#.........................
........................##........................
...................#...###......#.................
...............#.###..#####.......................
............##.#...###.##...................#....#
........##.#####........#...................##.#.#
....#...#######........#.#.........##....#.##..#.#
...##....####..........#.#..........##...####..###
...###...##....##.....#####........##....########.
....####.......##......###.........#.#.#####..##..
....##.........##.......#..........####.#.....##..
....##..........##.....##........#.#.##......#.#..
.....##........###...####........####.............
....##..........#.######..........#...............
###..#..........#..##.....####....................
###.###.....................##............#.......
###...#.....................##............#.......
####.####......................##.#.......###.###.
##.#.##.#####..................####.......#....##.
#...##.####.#.................####.......#########
....#.##.##......................#.......####...##
0 43 1460 72 13411
1 52 19011 26 284652
2 106 10978 124 512936
3 209 6293 90 159907
4 232 7074 125 332226
5 357 3210 17 21415
6 524 6733 75 126653
7 583 892 65 15172
8 683 2326 133 286533
9 831 4822 109 177777
10 1348 4247 40 32469
11 1483 1698 81 10337
12 1547 8404 28 39929
13 1620 29559 130 1389269
14 1810 7106 149 609714
15 1931 3327 24 30703
16 2085 3805 26 19950
17 2106 6039 126 309153
18 2166 10294 11 48053
19 2173 6161 145 286168
20 2287 10936 63 251908
21 2310 4967 73 106336
22 2335 2570 48 8190
23 2396 5061 109 187838
24 2419 12996 22 246951
25 2435 2545 5 208
26 2627 11360 61 178421
27 2632 7726 126 139315
28 2654 4706 112 102341
29 2780 5503 13 7879
30 2882 4356 10 8107
31 2915 5859 70 42247
32 2929 23428 134 359563
33 3195 6477 60 60769
34 3303 13083 112 336905
35 3340 4233 50 19182
36 3399 3483 130 4009
37 3462 6200 89 152125
38 3564 4227 84 17954
39 3670 24355 51 197180
40 3746 5269 39 25505
41 3800 3942 114 21677
42 3863 17282 79 477855
43 4084 18946 61 475889
44 4218 7107 7 13854
45 4298 8408 99 312019
46 4407 4814 96 52435
47 4471 7494 59 29095
48 4783 10622 32 151295
49 5136 16871 125 542104
50 5146 17312 90 620531
51 5251 6495 135 102793
52 5274 10390 121 144168
53 5298 7134 35 37403
54 5497 7643 26 41109
55 5506 6898 27 19318
56 5655 13530 75 229116
57 5670 7554 13 8784
58 6114 20976 104 784313
59 6147 7201 81 67506
60 6197 15029 46 168037
61 6222 9539 36 241533
62 6315 9600 6 13693
63 6397 7197 94 48112
64 6469 8203 51 59631
65 6615 7701 47 29661
66 6639 7627 27 9080
67 6903 12382 8 17326
68 7066 28336 106 334029
69 7077 31202 65 516143
70 7229 12648 77 71994
71 7388 14878 29 65642
72 7540 8175 135 21769
73 7691 8594 45 16698
74 7769 21176 136 547790
75 7854 13201 136 217810
76 8191 8537 10 913
77 8264 10205 22 31947
78 8339 8464 115 6652
79 8362 16775 108 417893
80 8526 22243 58 431305
81 8602 11003 24 15490
82 8643 10514 21 12416
83 8759 10441 79 73034
84 8809 12044 95 92030
85 8852 9074 101 13153
86 8895 12064 55 101998
87 8919 10807 35 54821
88 8923 15318 73 177244
89 8931 9216 5 816
90 9102 12821 124 110506
91 9112 12191 96 68362
92 9127 26382 147 632010
93 9145 16467 72 245500
94 9165 12755 111 100622
95 9172 11671 19 15110
96 9214 10284 29 7709
97 9250 14019 30 166534
98 9293 11562 9 9831
99 9454 13814 11 12776
100 9486 11278 48 44431
101 9491 19942 14 63633
102 9598 13501 24 82821
103 9610 10885 30 37170
104 9669 12188 104 75018
105 9746 19546 37 167204
106 9750 10547 45 31594
107 9769 14778 12 23009
108 9978 17172 63 283801
109 10135 14242 62 347457
110 10204 17458 97 426748
111 10297 11234 51 19061
112 10683 10939 132 13738
113 10745 15068 130 834700
114 10774 18513 9 20185
115 10974 14002 13 17633
116 11146 17631 96 260305
117 11319 20980 106 461997
118 11392 40403 59 717644
119 11476 23659 18 247590
120 11523 12319 16 5680
121 11624 12352 132 59632
122 11724 26817 26 145228
123 11841 17440 27 119203
124 11871 16611 76 170912
125 11971 14290 22 13807
126 12047 12058 81 500
127 12091 13137 19 7076
128 12137 18507 136 340016
129 12246 17918 22 49086
130 12357 19822 32 266744
131 12392 22831 7 32056
132 12401 20417 85 154984
133 12702 22048 119 674276
134 12812 17189 103 171339
135 12818 33258 26 414378
136 13017 13843 28 19216
137 13241 20919 42 205359
138 13311 15590 89 152405
139 13465 14355 43 18578
140 13592 19611 39 290272
141 13604 14587 39 15725
142 13642 16436 146 193170
143 13807 22244 132 481636
144 13895 18820 7 9869
145 13957 21673 130 333868
146 14054 29542 7 48138
147 14058 18303 5 13244
148 14211 20663 40 128637
149 14261 28573 144 995938
150 14478 16154 102 115040
151 14837 16958 97 131382
152 14877 21207 7 18408
153 15009 17360 148 367904
154 15060 17166 123 204527
155 15121 17785 145 456715
156 15135 17805 89 115023
157 15147 16940 27 21972
158 15359 17611 111 106199
159 15413 17150 47 24411
160 15499 21411 19 25323
161 15513 21163 16 22692
162 15674 16468 37 53422
163 15744 16451 16 2546
164 15884 41267 42 449050
165 15898 30546 15 174215
166 16053 23130 6 52902
167 16208 29443 8 42889
168 16366 21175 5 3765
169 16497 16706 86 11980
170 16728 31877 23 78262
171 16976 48424 38 439797
172 16978 18277 141 123347
173 17032 17849 74 34707
174 17082 26732 41 175616
175 17254 23526 15 11012
176 17266 21010 10 10697
177 17335 18512 141 33280
178 17452 25636 84 335237
179 17554 21426 62 93539
180 18072 21385 63 66844
181 18279 25133 34 107547
182 18300 38496 20 111669
183 18337 27600 66 221467
184 18464 32797 91 497737
185 18549 21589 131 443700
186 18629 25759 121 130601
187 18665 23660 47 118745
188 18767 18903 148 4660
189 18783 24065 9 12599
190 19157 20377 92 37185
191 19285 27428 79 296636
192 19429 23308 33 40520
193 19508 24528 121 211416
194 19571 38265 111 579779
195 19777 25680 125 194556
196 19788 34293 17 75676
197 19907 23837 13 31458
198 19955 43132 69 824823
199 20075 34115 130 1105172
200 20077 20723 9 5293
201 20122 26249 18 45155
202 20141 38618 120 830014
203 20296 37616 28 214323
204 20796 27828 129 642453
205 20858 36127 29 144356
206 20940 25033 81 161164
207 20998 28805 8 19440
208 21018 23916 117 225178
209 21146 30281 21 30586
210 21158 25541 36 91267
211 21197 21435 9 996
212 21655 23593 62 35862
213 22036 23606 9 5015
214 22070 30805 12 26763
215 22502 24903 82 136177
216 22621 24961 6 11835
217 22655 25519 58 94419
218 22819 50372 137 1565904
219 22821 23407 16 12378
220 22879 25859 109 123550
221 22957 29744 130 452562
222 23006 27978 16 23164
223 23015 29748 61 175024
224 23026 30058 112 290281
225 23044 32571 30 130624
226 23225 34370 6 9245
227 23346 26343 65 68425
228 23585 33694 6 37462
229 23615 28548 5 15815
230 23822 25983 115 26159
231 23852 32301 16 46223
232 23974 25481 41 31602
233 24360 27190 132 269342
234 24362 25540 6 4225
235 24389 27274 12 17854
236 24405 25886 108 127263
237 24490 25456 64 14083
238 24544 29446 15 30944
239 24604 29823 75 156215
240 24666 25364 21 3717
241 24670 37876 76 532914
242 24732 29065 72 99702
243 24779 30887 5 14878
244 24798 26965 150 140881
245 24843 36392 95 512012
246 24861 35741 78 257925
247 25064 29114 129 293243
248 25160 30741 73 82673
249 25174 26645 37 32075
250 25200 27098 13 6081
251 25220 26077 119 59224
252 25242 28469 110 273671
253 25432 32764 49 300249
254 25434 30141 119 164876
255 25458 26501 5 1957
256 25470 38377 50 298371
257 25474 27974 5 4490
258 25579 26740 64 38697
259 25648 25940 111 17574
260 25659 32975 42 136557
261 25681 29798 141 398457
262 25721 50853 90 786170
263 25822 26037 14 1149
264 25895 33937 12 19034
265 25960 35470 35 231834
266 26048 30020 54 108403
267 26224 29936 29 23645
268 26273 27506 5 2206
269 26440 37436 30 194140
270 26448 31635 22 31423
271 26454 26742 42 6382
272 26465 27378 79 19770
273 26660 28076 122 145222
274 26838 27867 108 86072
275 26926 31395 72 286908
276 26947 30729 47 46999
277 26986 35242 6 63065
278 27016 35279 61 388825
279 27050 31600 149 505229
280 27096 48348 51 213827
281 27265 27508 19 1781
282 27355 27719 91 20239
283 27392 32068 138 321456
284 27456 35599 42 197862
285 27696 43935 18 83128
286 27870 32481 52 62406
287 27900 31968 12 17739
288 27911 52256 10 72538
289 28012 30306 39 41757
290 28060 34054 35 160801
291 28125 30750 61 34763
292 28155 28647 142 24428
293 28160 39235 130 398368
294 28319 29996 6 3551
295 28333 30918 132 430752
296 28349 38510 133 1178908
297 28373 30808 88 98037
298 28403 42865 140 967947
299 28512 30652 33 18423
300 28547 29738 31 24498
301 28574 49146 129 728250
302 28662 28809 81 3748
303 28773 35421 24 89045
304 28889 35587 82 445484
305 29005 30835 87 73136
306 29048 31240 47 38205
307 29377 30096 75 41774
308 29395 34408 64 79713
309 29521 31714 30 39089
310 29622 31193 37 18662
311 29643 32027 137 301567
312 29645 31628 12 11000
313 29679 29705 62 1291
314 29892 35528 110 322095
315 30003 30244 32 3207
316 30115 30737 119 31374
317 30311 31454 95 26448
318 30437 32434 26 60772
319 30442 33505 45 59805
320 30449 32133 96 137330
321 30497 33834 146 340295
322 30578 35206 78 119059
323 30832 38494 85 555402
324 30882 35804 41 122622
325 30987 35465 140 180781
326 31117 32592 41 35278
327 31206 37023 62 267474
328 31377 39315 29 114616
329 31451 33678 51 24364
330 31481 37326 14 9676
331 31513 34829 70 115541
332 31637 37240 26 136844
333 31713 33672 97 81864
334 31721 42933 8 33892
335 31808 34204 13 7705
336 31874 39443 6 27646
337 31933 36936 64 91804
338 32190 39039 26 41947
339 32219 34881 84 71007
340 32466 35608 19 100915
341 32502 33187 37 27710
342 32567 33255 17 3449
343 32569 36666 110 186123
344 32632 38658 77 442293
345 32758 44236 90 807673
346 32780 35815 48 88059
347 32907 36845 139 124886
348 33016 34682 133 44514
349 33158 49307 90 338444
350 33171 37425 4 12006
351 33220 33653 68 18241
352 33221 37244 89 177832
353 33225 34360 121 57353
354 33245 36308 132 99432
355 33263 35702 41 77426
356 33798 34268 49 13505
357 33866 47119 52 168370
358 33977 44548 22 44541
359 34045 52271 15 176827
360 34264 40377 95 232223
361 34462 35555 59 7354
362 34491 55440 63 136263
363 34656 49184 46 156626
364 34745 35565 24 20360
365 34879 40007 7 10247
366 34983 38527 64 57714
367 35109 38816 145 457525
368 35124 46586 120 401446
369 35153 46075 56 86174
370 35405 35723 10 4618
371 35440 38914 5 20102
372 35449 36216 99 24037
373 35491 43595 12 76432
374 35546 35949 61 10579
375 35590 42387 106 1014398
376 35653 40590 77 111888
377 35987 40478 8 14127
378 36109 36139 22 488
379 36222 36790 13 9851
380 36309 38793 148 294668
381 36413 39924 38 12942
382 36450 38588 18 21112
383 36548 37533 79 42752
384 36643 36982 28 3170
385 36663 45163 129 663866
386 36697 50358 133 959694
387 36748 41836 108 136691
388 36778 44592 123 293676
389 36954 39189 37 33964
390 37035 38595 33 21488
391 37189 43576 63 405651
392 37260 43559 69 100325
393 37268 39977 107 115091
394 37276 37388 36 1486
395 37279 42196 59 103575
396 37306 38558 5 1536
397 37373 38708 16 12525
398 37421 37497 128 7594
399 37429 47891 7 41405
400 37518 39224 115 62061
401 37539 41798 6 5804
402 37553 47771 59 114466
403 37613 43352 15 17617
404 37685 46477 39 151735
405 37704 46246 41 69184
406 37723 40854 44 76351
407 37764 40992 47 81642
408 37786 40349 90 191753
409 37920 40602 78 34125
410 38031 43034 55 54383
411 38042 38190 33 4652
412 38146 39842 12 6056
413 38195 38453 143 25174
414 38250 38992 20 8549
415 38590 38776 36 3956
416 38709 48463 45 269767
417 38758 44013 62 646473
418 38871 50153 36 161660
419 38933 50624 66 231687
420 38948 39488 95 112623
421 39037 46101 29 81819
422 39178 41995 107 132801
423 39181 47331 124 666067
424 39262 41951 67 57048
425 39344 44767 81 250738
426 39562 41499 20 13733
427 39838 42342 93 32032
428 39852 44019 141 248010
429 39873 45944 9 23015
430 39980 41327 74 46302
431 39999 40787 21 6643
432 40044 43088 19 27627
433 40071 47330 133 954270
434 40090 41532 11 6441
435 40160 43213 127 76126
436 40298 43583 30 22863
437 40450 45726 42 60733
438 40645 41216 7 1677
439 40653 44613 45 263149
440 40770 42528 15 11873
441 40902 42313 93 69581
442 41015 44210 15 10283
443 41395 46775 38 184338
444 41416 43142 47 56426
445 41422 44452 35 39599
446 41438 41709 14 1624
447 41568 45744 11 23886
448 41687 46862 122 258962
449 41690 43493 5 2797
450 41870 57543 12 41889
451 41984 47803 117 243990
452 42107 50226 85 317504
453 42170 47637 116 73898
454 42353 44614 100 92420
455 42377 45129 78 198675
456 42521 55612 31 121870
457 42611 46534 123 165620
458 42632 52110 8 30986
459 42871 48262 89 406044
460 42883 48034 31 39603
461 42952 46549 18 17135
462 43161 45611 133 58638
463 43328 49333 107 312065
464 43357 43829 133 17882
465 43411 64954 33 554901
466 43495 46032 47 76986
467 43697 45168 26 26970
468 43831 51467 6 24081
469 43834 58201 137 1411040
470 43881 58597 130 335872
471 43897 51356 109 249915
472 44121 52089 24 116567
473 44380 46715 64 45645
474 44397 45014 10 4862
475 44523 50289 26 83943
476 44657 51360 34 58700
477 44674 49840 84 231304
478 44866 45221 50 18816
479 45053 57684 50 362792
480 45133 49097 10 15311
481 45216 48924 71 220484
482 45241 45981 17 3706
483 45310 50144 14 13602
484 45337 46192 5 4372
485 45544 50418 64 143867
486 45610 49750 31 67142
487 45656 57108 56 82235
488 45752 56789 71 411982
489 45755 49564 47 52561
490 45827 51419 12 22324
491 46124 47914 76 72779
492 46265 62862 123 1691401
493 46395 46786 111 29103
494 46443 49748 72 110150
495 46444 48500 14 11252
496 46458 56412 129 310311
497 46460 54332 22 56787
498 46463 63324 8 42873
499 46507 48767 80 55609
500 46706 48645 12 9837
501 46745 47264 68 19538
502 46753 51314 28 177083
503 47008 52311 40 83862
504 47368 73090 31 262325
505 47477 50354 144 518536
506 47532 54541 41 69110
507 47730 48868 8 2390
508 47922 48384 132 17844
509 47935 62200 47 143461
510 48086 49510 74 58692
511 48161 54282 20 91849
512 48172 52086 8 10588
513 48210 52940 26 32926
514 48339 49781 101 28490
515 48429 49293 11 8350
516 48496 63796 57 303837
517 48538 55098 93 164923
518 48563 52439 118 187526
519 48579 49012 123 33040
520 48643 51023 54 92155
521 48651 54587 47 92075
522 48665 60191 9 76954
523 48738 50693 130 139944
524 48784 51512 48 175617
525 48898 50010 45 18351
526 48949 57317 4 17784
527 49013 49500 147 18098
528 49043 52305 122 190811
529 49272 57389 55 86817
530 49279 50352 34 12850
531 49354 76357 42 296408
532 49355 50118 16 2864
533 49406 49774 108 16445
534 49411 59427 77 183137
535 49458 51556 66 83592
536 49460 55566 35 63107
537 49540 56404 37 119685
538 49612 52694 11 12484
539 49725 69771 12 57096
540 49768 54692 54 243613
541 49845 58647 130 527224
542 49874 62927 84 361440
543 49885 57987 144 245361
544 49904 53024 27 60714
545 49949 50367 107 61438
546 50138 69897 53 248262
547 50147 59674 34 236904
548 50156 55705 24 95953
549 50169 56104 23 63297
550 50207 53419 124 220492
551 50296 54877 141 875445
552 50339 61717 78 386275
553 50346 52924 46 109424
554 50661 52346 144 117385
555 50750 56727 11 16972
556 50865 69248 17 72853
557 51058 60644 59 156037
558 51580 55781 48 66825
559 51737 55086 149 153862
560 51746 53099 93 38721
561 51877 55341 100 314910
562 52044 58401 36 116533
563 52263 52930 85 29240
564 52477 60297 9 45936
565 52526 53357 10 3025
566 52542 57350 33 74352
567 52562 55326 24 36699
568 52755 58296 7 5811
569 52931 53700 27 21294
570 53005 56354 135 161178
571 53155 53267 15 904
572 53183 59228 83 222518
573 53233 56554 7 7602
574 53312 53658 115 24225
575 53322 56320 88 250960
576 53562 60467 147 457428
577 53589 57127 33 33233
578 53688 57227 149 237572
579 53876 57486 21 36990
580 54037 65868 133 529809
581 54046 62159 101 282564
582 54252 55530 77 154355
583 54334 56176 100 45356
584 54344 60004 13 24083
585 54363 55110 7 5200
586 54425 56237 92 83034
587 54525 57455 148 227880
588 54531 56496 40 124506
589 54547 82368 31 905488
590 54565 62116 119 180551
591 54592 55649 21 9486
592 54640 78933 51 291406
593 54753 58766 43 61778
594 54798 60272 129 495975
595 54891 56473 46 57149
596 54973 55007 130 2154
597 54976 61179 145 439358
598 55043 61733 24 118125
599 55133 60670 115 157783
600 55307 56258 53 9556
601 55349 77069 114 538505
602 55451 55629 75 9980
603 55516 62064 105 448485
604 55524 59234 84 81072
605 55624 57267 8 5048
606 55646 55743 46 1732
607 55668 57634 16 24436
608 55741 67090 142 855958
609 55788 63433 75 73717
610 55852 62539 38 88890
611 55862 63086 11 69147
612 55912 57423 64 40762
613 55957 72312 18 77765
614 56006 61163 93 191459
615 56077 58257 12 12872
616 56188 62894 120 256564
617 56961 65712 150 850325
618 57402 60349 13 9925
619 57446 59531 87 135809
620 57596 58557 5 2494
621 57603 58792 17 7432
622 57791 61724 96 233306
623 57796 60143 69 89460
624 57799 61235 121 204836
625 57866 60222 63 81383
626 57935 59950 11 24570
627 58018 62077 20 19534
628 58080 59550 99 47632
629 58174 64764 63 215046
630 58309 67208 7 44662
631 58427 64331 55 123557
632 58503 80131 78 1341020
633 58530 61087 48 40264
634 58585 68481 102 303337
635 58711 60253 103 92856
636 58905 71482 83 445399
637 58913 73074 40 157198
638 59052 60715 132 65252
639 59193 60873 97 111358
640 59239 62336 8 9343
641 59344 61329 16 7698
642 59366 60448 107 19969
643 59392 74436 9 117958
644 59624 62158 25 19782
645 59634 70317 22 93529
646 59779 63147 27 70036
647 59827 62757 141 372498
648 59854 62929 65 185762
649 60097 60599 43 9566
650 60165 61244 87 38333
651 60387 60853 69 53723
652 60459 61301 62 16229
653 60590 61831 40 16216
654 60725 62445 124 108134
655 60751 74398 78 495402
656 60940 63654 20 21313
657 61295 62514 27 28978
658 61340 63837 12 13283
659 61384 69229 7 22834
660 61489 64420 124 203255
661 61638 69004 35 215804
662 61720 72629 112 389058
663 61811 63019 6 3160
664 61830 73011 26 458319
665 62031 63969 80 48639
666 62136 62335 7 576
667 62139 64400 11 9984
668 62192 64860 47 97690
669 62277 66237 36 80579
670 62279 63038 79 61832
671 62352 66225 11 10646
672 62430 62596 29 4269
673 62493 63580 37 16187
674 62552 65439 11 28921
675 62743 71626 28 148588
676 62864 74141 27 163743
677 62966 64950 140 195284
678 63199 68050 31 56821
679 63366 64489 9 7762
680 63402 67625 97 181473
681 63474 66271 31 36635
682 63515 71999 20 55371
683 63999 64824 19 8142
684 64028 66716 114 108188
685 64166 64858 56 9584
686 64249 69752 13 28652
687 64263 77015 67 556592
688 64272 66560 52 88110
689 64350 70087 145 894352
690 64394 70539 117 342088
691 64473 69015 34 29572
692 64525 71429 148 333303
693 64719 71247 103 362979
694 64869 69584 12 8183
695 64901 66617 68 59803
696 65189 70749 10 13715
697 65195 70030 52 120052
698 65303 72597 37 130661
699 65304 67516 21 31698
700 65510 66125 134 41220
701 65596 65682 51 4481
702 65612 68181 32 106184
703 65616 67567 25 18626
704 65666 70012 139 89077
705 65864 70046 14 45356
706 65907 69105 18 21325
707 65928 67820 6 3983
708 66018 70956 134 288160
709 66079 71669 62 97140
710 66084 71316 52 111653
711 66291 85975 51 624853
712 66313 87933 74 701328
713 66687 91996 146 2593122
714 66893 67420 6 1352
715 67076 68611 27 9037
716 67086 71183 20 56056
717 67252 74050 86 326609
718 67257 67635 18 2396
719 67274 75626 11 59603
720 67294 75070 56 161894
721 67344 76110 100 1283707
722 67402 89882 36 160676
723 67614 71537 67 116070
724 67649 68812 78 33605
725 67665 76168 16 85967
726 67707 68102 27 7562
727 67752 72795 10 15419
728 67795 68729 80 13966
729 67822 70652 105 208016
730 67841 68470 86 41674
731 67930 71681 51 131459
732 67996 68924 114 24002
733 68526 72493 28 30046
734 68662 72319 71 91607
735 68774 70663 99 55591
736 68997 74605 53 99563
737 69083 82193 77 1179395
738 69116 82882 54 610715
739 69234 76914 21 125660
740 69370 85921 59 196641
741 69432 75196 57 140088
742 69439 93955 43 553285
743 69672 80334 82 453744
744 69709 70219 85 13937
745 69736 71436 62 43774
746 69749 90746 101 1334617
747 69858 73028 15 7399
748 69882 71295 15 14056
749 69904 70009 93 5654
750 69961 83440 11 47637
751 70153 75918 5 7629
752 70157 87210 15 88659
753 70223 70406 14 1585
754 70364 73676 82 146967
755 70408 74418 10 28626
756 70465 73686 103 184902
757 70475 78352 58 150914
758 70476 81233 113 2963573
759 70543 77178 5 35541
760 70791 75825 46 159125
761 70842 72264 134 38972
762 70854 73702 36 33803
763 70921 71356 45 12633
764 71025 87392 57 581693
765 71077 75275 5 6958
766 71113 83257 75 679198
767 71138 73014 21 11797
768 71323 72000 88 20073
769 71382 77535 85 225906
770 71601 78545 20 115141
771 71790 72303 8 4312
772 71837 72051 25 2792
773 71854 76256 21 33854
774 71872 72612 142 21428
775 71886 82666 39 119581
776 71889 77267 144 305311
777 72054 76659 8 29172
778 72106 74469 130 90656
779 72228 73276 9 2794
780 72457 75790 38 65825
781 72473 80655 76 290484
782 72557 77538 135 233249
783 72665 74957 30 30591
784 72849 74391 6 6527
785 72956 75056 126 129415
786 72963 77250 131 212420
787 73019 75676 24 38914
788 73057 78079 125 71897
789 73092 81973 22 49903
790 73150 76107 55 128042
791 73218 74156 18 7578
792 73307 78440 46 137599
793 73310 77593 63 70830
794 73367 77793 63 156421
795 73450 89798 131 807136
796 73612 75340 61 40513
797 73714 76335 53 59363
798 73729 74385 39 13941
799 73773 98871 61 271298
800 73804 75080 101 62967
801 73843 79586 45 119870
802 73896 74623 29 14764
803 73938 80579 98 427668
804 74047 81055 100 341166
805 74170 78124 5 7516
806 74375 77825 73 133354
807 74550 76189 62 61245
808 74559 84217 96 435973
809 74624 85932 67 336539
810 74634 76975 126 125861
811 74638 77817 5 6470
812 74712 77421 49 34855
813 74782 84308 23 91865
814 74868 76001 36 48965
815 74913 76004 31 15622
816 75085 85463 72 157554
817 75505 82012 17 53991
818 75545 77522 43 39253
819 75669 75711 28 516
820 75695 77751 92 101768
821 75840 76372 65 37412
822 75929 86114 6 70311
823 75995 82228 99 323262
824 76064 80399 60 64837
825 76094 85006 25 144122
826 76244 76593 26 5549
827 76331 77495 5 6378
828 76388 84469 87 146396
829 76431 77862 106 102385
830 76466 84097 4 8491
831 76471 84056 6 11354
832 76530 77571 5 5529
833 76696 78855 45 23134
834 76718 79012 122 245394
835 76766 77141 23 19367
836 76824 79331 121 233932
837 77176 95019 51 224456
838 77247 80617 129 158714
839 77277 87919 35 146924
840 77374 79799 116 190294
841 77386 81441 113 240672
842 77523 78421 48 12524
843 77555 84607 40 255900
844 77693 79074 70 36551
845 77703 83389 10 26283
846 77736 86994 25 104882
847 77838 89064 94 139366
848 77839 79974 38 21266
849 77986 78584 37 4435
850 78103 79850 24 31568
851 78170 81000 21 71691
852 78193 88107 21 113671
853 78204 87781 6 59841
854 78286 79048 38 25605
855 78327 80357 13 11903
856 78362 78386 7 83
857 78625 92183 6 49611
858 78667 78669 61 196
859 78844 80081 51 46139
860 79248 79434 30 3055
861 79346 85348 73 506025
862 79460 85695 21 57720
863 79677 87909 53 65899
864 79736 81511 131 51309
865 79897 87468 128 346907
866 80029 90501 42 169071
867 80154 83984 72 102895
868 80157 86447 120 512683
869 80267 85931 34 66584
870 80269 82423 71 99984
871 80303 83934 20 19002
872 80320 82732 40 44382
873 80464 80944 133 23164
874 80472 83370 61 287426
875 80475 88835 53 131929
876 80959 89599 77 233461
877 80978 83684 54 83980
878 81076 85128 11 31281
879 81240 82280 141 124819
880 81245 81451 90 2665
881 81310 85246 22 59763
882 81352 81546 65 4279
883 81442 81798 135 73652
884 81465 81695 106 11288
885 81678 86964 57 172878
886 81876 82907 47 18848
887 81914 81951 40 780
888 81929 88074 71 231407
889 81999 82446 78 14277
890 82025 87783 84 85656
891 82122 87460 7 10240
892 82229 86367 69 48158
893 82325 86775 57 414975
894 82378 97314 9 41875
895 82426 83312 110 37826
896 82533 88498 24 71351
897 82709 84485 58 64439
898 82726 87015 149 520746
899 82898 90187 80 249444
900 82916 96574 28 146380
901 83153 86196 17 14643
902 83201 84571 70 89573
903 83206 92555 7 42128
904 83300 92367 120 366745
905 83321 94005 55 104619
906 83323 87431 30 69643
907 83397 90225 25 51298
908 83491 89621 79 224847
909 83529 88587 5 18066
910 83562 86384 42 69546
911 83596 84839 24 13949
912 83812 85062 72 40584
913 83834 86197 27 24592
914 83938 94443 15 31866
915 84124 90271 121 189508
916 84327 86171 65 32125
917 84450 88733 62 315279
918 84603 90614 45 336503
919 84666 90262 126 274125
920 84745 89356 55 78715
921 84774 95668 103 419854
922 84789 90002 14 24886
923 84935 86718 43 16563
924 84987 92573 23 37518
925 85095 93701 53 296401
926 85230 88467 138 177877
927 85311 85880 51 17863
928 85335 91368 15 46409
929 85356 91227 85 333249
930 85598 93583 139 416485
931 85635 86933 13 6247
932 86116 86709 45 18630
933 86140 91139 30 58958
934 86248 99089 68 285493
935 86260 91323 29 110080
936 86433 92603 9 32020
937 86905 92207 124 444804
938 87158 91803 59 88683
939 87253 92084 102 192533
940 87536 88698 45 15852
941 87910 88330 19 11117
942 87916 90717 28 44370
943 88092 91814 94 124218
944 88169 88711 32 13752
945 88198 95051 15 50813
946 88247 91045 4 4692
947 88476 88546 10 502
948 88716 89073 91 42529
949 88764 91181 40 44151
950 88773 92080 106 78397
951 88928 91375 97 69141
952 88934 94359 41 112804
953 89295 90237 117 79092
954 89840 97055 12 30096
955 89892 95762 28 59742
956 90230 94662 91 291168
957 90344 91209 44 34516
958 90409 95903 5 19492
959 90412 92323 81 111469
960 90454 93938 124 159199
961 90989 95739 41 66574
962 91268 93184 30 19827
963 91462 94111 9 17486
964 91468 99554 31 185933
965 91482 95120 58 85888
966 91538 92501 104 31264
967 91565 92612 93 27541
968 91768 94090 30 30943
969 91819 97588 96 394988
970 91823 95439 148 232548
971 91882 93549 12 7797
972 92017 98421 83 224746
973 92127 93057 75 68739
974 92487 94069 40 31865
975 92857 93401 127 45394
976 92886 95877 70 20418
977 92894 97987 58 43503
978 93283 93376 52 1616
979 93512 94458 10 6178
980 93864 95167 9 6612
981 94262 97781 14 14239
982 94377 98150 11 13683
983 94852 99081 11 19788
984 95428 95559 83 8004
985 95488 98925 26 31298
986 95508 97320 138 218949
987 96248 96714 79 22811
988 96451 99627 129 136893
989 96826 98093 137 79631
990 96988 99203 105 156178
991 97003 97122 138 14697
992 97395 99263 97 219530
993 97767 97844 132 5223
994 97784 98722 8 5673
995 98128 98741 82 60297
996 98536 98732 44 5680
997 98632 99877 83 47024
998 98870 99160 8 1362
999 98902 99567 77 24549
