50 1000 0.011
.#.#............##...........................#....
####............#............................#....
#.#.............#.................................
.##......##.......................................
##................................................
..................................................
..................................................
............................#...............##....
............................##..............##....
...................#..............................
...................##..........#..................
................#..............##.........##......
.....#..........#.....#........#........#..##.....
....##.........##....##................###...##...
#......#.....#........##.............####.....#...
.............#.........#...............###........
........................................#.#.......
............#.......................#.....##...#..
...................................####...........
...............#............................#.....
............................................##...#
.................###........................##...#
...................#.............#................
.................................#................
..................................................
..................................................
...............................#..#...............
..................................#...............
.................................##...............
...#..............................................
..................................................
.............#....................................
............##...........................#........
............#......##.............................
............#.........###...###...................
#.......................#.##..........#...........
#.......................#..#......................
......................#.#.........................
.....................##...........................
.................#................................
.................#................................
......#...........................................
..........................................#.......
........................###...............#.......
.........................##...................###.
...##...................#.#............#.....####.
...##.....#............................#.....#.##.
..........#.......................................
...................#..............................
...............#..................................
0 22 284 14 2266
1 43 2775 73 79321
2 87 7934 112 295177
3 504 15751 63 333784
4 516 2925 33 11402
5 678 692 95 949
6 683 35283 53 798152
7 769 7843 6 10755
8 850 3318 59 43473
9 1097 5712 92 146023
10 1157 3296 15 9183
11 1158 5362 84 178899
12 1454 2066 54 20218
13 1539 3449 64 25555
14 1751 24290 12 62662
15 1785 4892 23 41002
16 1828 3011 60 25267
17 1953 5215 54 122189
18 2016 2041 130 1233
19 2045 4950 122 101897
20 2154 8911 121 299138
21 2247 6479 34 62636
22 2253 4049 31 27766
23 2412 13335 4 11981
24 2685 8238 8 29131
25 2963 5077 7 4097
26 3131 8909 141 236129
27 3344 14958 88 452426
28 3409 9114 15 85286
29 3429 11885 94 348266
30 3561 7427 60 141462
31 3569 4588 85 32238
32 3626 6054 6 7167
33 3980 17954 32 287742
34 4047 7837 48 30272
35 4050 5718 145 194859
36 4232 4776 114 19286
37 4298 13578 74 160572
38 4303 8237 102 208825
39 4491 7877 6 7466
40 4742 11551 55 374192
41 4966 28111 131 1142368
42 5072 10116 52 46412
43 5185 15942 14 25781
44 5239 10256 6 16761
45 5297 7939 106 55388
46 5303 10740 29 153693
47 5374 19570 92 346555
48 5495 11913 125 156093
49 5506 11254 68 337990
50 5604 6269 37 6454
51 5695 19025 8 37384
52 5828 13382 49 48015
53 6089 8274 129 191771
54 6174 9879 27 95516
55 6340 9446 73 52243
56 6571 6761 107 11321
57 6766 13949 28 86979
58 6795 30393 26 190437
59 6823 6931 33 2378
60 7017 9451 59 59140
61 7080 27315 51 536007
62 7191 19598 111 717017
63 7214 23307 31 307389
64 7347 10547 5 6245
65 7381 11515 53 159171
66 7393 13631 101 232264
67 7417 13585 34 61803
68 7420 14141 28 67022
69 7431 9799 110 111512
70 7540 19337 68 323814
71 7741 8853 8 8173
72 7967 10512 85 58251
73 7987 8171 65 4200
74 8169 17899 32 204712
75 8255 12097 64 80125
76 8313 14463 19 36168
77 8314 10605 119 354771
78 8376 13617 134 246761
79 8488 9487 29 30783
80 8558 13461 5 11205
81 8639 13109 17 38094
82 8884 12981 10 10341
83 9301 22004 123 1146289
84 9465 11490 103 43428
85 9474 12877 144 193138
86 9497 18468 128 405825
87 9542 12924 61 80274
88 9593 11847 48 65706
89 9647 14375 40 172584
90 9649 17793 78 283988
91 9856 13200 8 11462
92 10028 19688 55 362201
93 10092 25926 50 451486
94 10182 18689 54 81366
95 10542 19398 53 264511
96 10668 20370 97 219376
97 10672 12020 41 34845
98 10675 27230 64 531492
99 10709 11347 60 14391
100 10886 13496 17 10456
101 10976 28469 11 53679
102 11095 15071 43 47407
103 11166 12615 145 48472
104 11208 12071 8 4922
105 11218 17512 37 152386
106 11538 23790 8 79915
107 11626 23492 111 365323
108 11671 19863 94 265869
109 11702 17913 35 68736
110 11724 20139 53 425249
111 11822 16760 100 298895
112 11840 12189 147 29067
113 11911 14316 133 245222
114 11914 22535 62 446116
115 12105 12379 113 13368
116 12156 38605 15 147273
117 12518 18285 19 36022
118 12527 17802 32 45283
119 12894 18321 49 193881
120 12957 16075 40 46280
121 13037 18494 108 276121
122 13174 13796 38 20490
123 13366 30880 141 484664
124 13460 19455 20 83145
125 13761 19501 81 271714
126 13839 39177 148 1970407
127 13845 25139 125 351568
128 13877 18981 91 69946
129 13973 14630 42 7319
130 14118 16422 86 154356
131 14136 18088 27 27679
132 14237 19005 38 108548
133 14307 24145 28 64098
134 14348 38480 57 1204462
135 14409 19510 14 115344
136 14437 22560 97 359028
137 14440 15974 103 97801
138 14531 18356 29 38546
139 14705 19684 88 204200
140 14734 28295 16 107826
141 14854 15405 38 3951
142 14885 17435 96 82304
143 14994 20262 33 77171
144 15048 21420 76 397928
145 15134 19844 12 39619
146 15137 21786 5 5395
147 15190 17270 12 10417
148 15266 17559 114 69953
149 15319 15501 60 13099
150 15523 24531 26 116937
151 15538 27429 98 405842
152 15613 31777 72 326876
153 15919 21244 91 419654
154 15983 33885 27 161338
155 16172 17735 108 102136
156 16313 18781 57 64493
157 16325 20476 112 152675
158 16537 22944 21 95888
159 16962 24930 11 31191
160 17052 31765 31 97394
161 17106 23052 11 30075
162 17247 19648 18 27422
163 17390 25516 5 15582
164 17454 27725 13 42399
165 17477 25610 19 72232
166 17581 24822 18 77601
167 17664 20240 88 105573
168 17756 18401 44 15092
169 17820 21803 5 16302
170 17834 41022 14 89095
171 17878 26762 117 258033
172 18131 21983 59 97634
173 18141 18921 15 11197
174 18492 30548 19 69282
175 18501 19845 11 6909
176 18528 24744 103 350164
177 18570 20549 89 51253
178 18644 20884 117 71441
179 18651 30217 21 102334
180 18670 19995 17 13221
181 18743 20862 88 64780
182 18766 20617 10 15286
183 18773 22933 140 295420
184 18833 22710 7 12891
185 18836 21764 42 30014
186 18918 45618 123 356726
187 18985 36019 6 32813
188 19376 20501 69 34266
189 19534 25270 61 63676
190 19562 21381 34 27287
191 19582 27633 9 85410
192 19770 25369 40 74132
193 19873 24967 120 381122
194 20117 40028 19 129778
195 20126 20958 53 43452
196 20177 22003 43 23338
197 20229 28748 16 41636
198 20230 29336 27 36580
199 20359 24659 8 16272
200 20416 26566 126 325291
201 20422 24020 34 93370
202 20451 26946 21 93348
203 20542 26943 41 250768
204 20639 24809 4 5120
205 20740 31099 30 39361
206 20833 26105 9 19247
207 20842 24937 35 89796
208 20944 29875 29 58988
209 20946 28501 52 48667
210 21214 32631 7 33085
211 21782 36728 126 2499234
212 21890 47238 55 390122
213 22261 41658 30 737677
214 22301 23504 33 20880
215 22361 24793 15 14286
216 22443 24161 8 4657
217 22468 57883 134 908552
218 22489 25150 4 3619
219 22490 22984 38 5676
220 22609 32597 46 254439
221 22842 27335 44 67602
222 22852 46640 8 68975
223 23213 25046 29 26231
224 23414 26377 39 74252
225 23558 40477 39 87227
226 24075 24628 6 2780
227 24261 29599 27 90056
228 24429 43877 29 108257
229 24477 31594 129 158377
230 24519 25846 17 9265
231 24664 28272 86 205586
232 24694 27868 67 106663
233 24749 41583 67 686657
234 24767 32214 17 45657
235 25073 34837 77 396684
236 25098 30607 67 249949
237 25199 32172 16 102928
238 25560 26712 88 39253
239 25594 35532 16 71142
240 25617 41864 120 1431073
241 25688 28097 82 103724
242 25712 32824 76 282748
243 25725 26335 36 10371
244 25929 30790 7 30444
245 26136 31333 18 68280
246 26505 30105 30 57957
247 26578 39025 9 146272
248 26608 28571 146 147291
249 26687 27031 49 10229
250 26796 27332 22 4756
251 26828 37716 135 773013
252 26839 28449 32 13317
253 26951 44103 33 61331
254 27066 29966 62 69882
255 27240 27907 71 21733
256 27242 30948 91 118984
257 27369 31052 35 104191
258 27425 33735 29 54372
259 27484 44767 137 2429048
260 27564 36229 146 971860
261 27598 49814 138 831194
262 27625 40093 16 22498
263 27716 29144 80 58940
264 27793 30228 26 17808
265 28175 40744 18 60854
266 28192 40304 98 510397
267 28401 37786 84 203124
268 28412 32047 64 227735
269 28496 38570 60 353050
270 28503 40003 120 622756
271 28509 46326 29 161036
272 28524 29721 113 75978
273 28533 39065 38 200755
274 28551 29403 34 11584
275 28587 42984 62 84682
276 28595 34145 22 27882
277 28616 49579 45 457805
278 28774 28803 42 404
279 28820 39951 126 363291
280 28859 30973 8 11063
281 28958 31477 20 66571
282 29063 29818 101 30604
283 29073 33929 9 57457
284 29203 29245 129 1846
285 29223 33517 27 39048
286 29347 33311 34 116712
287 29348 32558 15 37576
288 29420 30623 72 48313
289 29426 33330 73 68386
290 29512 35838 67 298059
291 29604 36147 91 246071
292 29788 33911 70 171005
293 29948 40273 22 283202
294 29967 38302 58 206265
295 30078 32976 41 91551
296 30123 33849 128 344446
297 30146 40026 79 197250
298 30628 48410 79 238940
299 30698 33619 96 177998
300 30792 39023 9 38255
301 30863 43856 58 436321
302 30916 36508 98 174471
303 31179 42273 69 323203
304 31216 35400 65 92217
305 31263 33313 32 36095
306 31283 33452 33 36175
307 31284 35490 8 17275
308 31296 35428 15 41856
309 31360 34018 31 31130
310 31384 37482 15 34277
311 31642 42385 107 292904
312 31968 37031 96 134119
313 32035 37840 5 15590
314 32281 40296 7 14445
315 32516 36067 8 35545
316 32640 36069 88 166611
317 32988 38228 27 105088
318 33054 33811 5 2266
319 33173 40517 16 42947
320 33301 42555 15 72536
321 33391 38433 31 56738
322 33404 35254 46 18170
323 33430 37529 114 428104
324 33905 36044 88 222301
325 33906 35536 146 46762
326 34012 35976 38 21469
327 34013 38613 90 134238
328 34019 35696 117 175430
329 34237 36325 78 203850
330 34244 35251 4 4049
331 34375 56925 107 1410124
332 34420 34840 38 9597
333 34460 39028 20 32254
334 34463 50380 29 152553
335 34476 47392 8 31674
336 34487 34520 17 374
337 34545 45710 17 99090
338 34562 35884 109 52814
339 34654 48795 15 137931
340 34730 38360 9 9945
341 35036 36993 9 15987
342 35675 59458 97 441296
343 35708 36269 60 30190
344 35739 37063 5 5662
345 35794 37105 140 486949
346 35857 45307 47 304526
347 35915 40782 51 163593
348 36180 40913 70 75530
349 36206 49182 29 104631
350 36403 37119 63 12716
351 36406 41739 107 251484
352 36549 40330 50 72738
353 36700 44963 19 211550
354 37023 39468 121 61020
355 37112 38860 10 6619
356 37116 37366 94 9289
357 37218 39223 123 90484
358 37318 49973 5 14477
359 37331 39519 141 279786
360 37336 43756 111 455410
361 37338 47639 93 123572
362 37493 55978 34 185571
363 37590 46206 132 678314
364 37625 46454 72 272868
365 37803 40599 85 72063
366 37831 40414 19 25293
367 38023 38601 6 3594
368 38308 44722 74 104406
369 38617 57289 64 934472
370 38742 40552 14 6985
371 38774 39247 72 23300
372 38936 41885 70 84983
373 38951 41133 4 9354
374 39041 45785 113 554307
375 39059 39641 112 85299
376 39268 39370 10 448
377 39321 50464 23 79765
378 39387 40320 16 14995
379 39438 52868 10 157711
380 39521 40564 27 16904
381 39610 40295 10 6035
382 39843 42537 16 20627
383 39957 42677 4 10810
384 39993 48068 9 32192
385 40094 50097 66 149782
386 40104 41197 13 7618
387 40259 60562 5 29306
388 40352 40497 63 10880
389 40354 43245 63 61444
390 40357 41235 80 65555
391 40459 59947 147 626606
392 40546 41434 9 1908
393 40655 50142 57 1036257
394 40706 47633 82 170272
395 40736 45772 31 76514
396 40779 42111 82 22168
397 40813 50586 10 78738
398 40857 45057 112 176176
399 40957 44630 113 345411
400 41021 63880 5 15582
401 41114 43544 99 55482
402 41120 43116 28 13293
403 41126 50048 11 76015
404 41174 41691 59 14048
405 41210 48982 113 892687
406 41348 55046 120 1298599
407 41411 68310 5 35640
408 41425 47120 68 122311
409 41462 46426 138 404650
410 41521 47167 31 74238
411 41606 53927 50 161396
412 41665 46294 39 62295
413 41716 41774 39 1874
414 41751 45562 121 83328
415 41886 43281 88 45194
416 41924 54674 64 264368
417 42005 48630 11 48667
418 42066 42462 23 13205
419 42136 52135 131 359998
420 42289 43078 88 58444
421 42291 44557 11 10320
422 42433 44372 38 28632
423 42459 52666 11 73860
424 42505 53624 41 252152
425 42640 44831 147 153417
426 42676 43418 123 54364
427 42679 63528 13 181522
428 42687 55811 28 50047
429 42722 49727 84 221217
430 42818 52774 146 746429
431 42883 44517 40 21530
432 43644 47759 49 74727
433 43657 44502 11 3499
434 43673 51362 103 203907
435 43715 52104 147 560545
436 43773 54722 52 212150
437 43779 44628 140 229522
438 43787 64270 106 1099833
439 43871 45930 6 4371
440 43973 44702 91 25662
441 44131 48595 42 92332
442 44160 47972 53 70596
443 44190 44914 18 2823
444 44204 56038 8 59443
445 44214 48155 35 59352
446 44239 46325 40 62990
447 44437 53183 89 121456
448 44509 54189 31 130709
449 44631 53304 21 53130
450 44692 47366 36 98734
451 44824 56358 19 95734
452 44860 57433 12 50669
453 44954 55376 66 326922
454 45024 46120 103 62774
455 45036 56170 67 171759
456 45110 46058 127 29375
457 45162 50839 26 28091
458 45178 48517 49 75136
459 45274 62861 12 81533
460 45391 65953 15 92482
461 45568 51689 77 137812
462 45587 47769 114 240727
463 45702 63870 34 48621
464 45731 47967 89 24889
465 45783 50704 114 169762
466 45974 46221 89 26847
467 46009 48151 74 40790
468 46366 56266 93 200171
469 46586 47989 27 2108
470 46734 52220 46 119892
471 46790 49917 134 208387
472 46841 47477 95 49227
473 46908 74506 31 238987
474 46937 48594 65 36165
475 46942 57878 50 184230
476 46953 53365 33 135896
477 46988 48847 75 79450
478 47187 54167 49 74595
479 47219 48549 6 2129
480 47250 55679 77 201881
481 47318 55569 59 200848
482 47325 55074 72 62669
483 47449 52671 62 393850
484 47498 54195 41 114898
485 47605 50561 43 41607
486 47689 51098 21 9541
487 47804 50814 43 45140
488 48098 48236 127 29302
489 48201 48851 20 13002
490 48310 48928 25 6118
491 48355 54485 7 16797
492 48631 74099 113 882897
493 48663 49764 85 19980
494 48699 61775 130 471303
495 48770 52718 48 47467
496 48935 51103 74 40990
497 49080 54208 15 37771
498 49088 51175 98 120442
499 49105 51050 5 3028
500 49389 50600 121 53237
501 49455 49777 8 1425
502 49467 51377 115 86474
503 49498 56578 107 219394
504 49513 51953 87 135897
505 49530 55060 71 76906
506 49548 64011 59 256804
507 49572 57012 9 20299
508 49628 63451 6 27332
509 49650 53025 125 145495
510 49878 53174 62 76806
511 50036 50177 58 15231
512 50039 50772 76 54135
513 50063 52443 9 2169
514 50121 50246 45 1581
515 50172 56668 115 249178
516 50187 56563 17 42158
517 50240 57472 9 40039
518 50243 59306 20 86935
519 50314 65925 9 50777
520 50352 65125 96 538867
521 50397 62021 113 981018
522 50611 53827 127 255241
523 50616 51084 94 31170
524 50678 52741 15 8122
525 50775 55313 65 106682
526 50807 58163 6 18348
527 50832 57755 78 289168
528 50894 53385 18 18683
529 50966 57131 6 20012
530 50967 79909 103 987973
531 50977 52896 39 29702
532 51022 53479 129 64970
533 51101 53769 24 49624
534 51105 64001 11 59643
535 51285 56709 77 389774
536 51506 60569 41 218088
537 51514 73401 85 703936
538 51620 60184 34 137225
539 51666 54483 8 3878
540 51678 54160 18 22991
541 51821 64424 70 412827
542 51954 60517 148 660926
543 51967 55315 108 141395
544 51990 55502 10 37521
545 52205 55461 78 179466
546 52463 57006 55 109860
547 52684 56930 63 119692
548 52753 57908 13 51897
549 52979 53400 35 11748
550 52983 59112 89 198771
551 53030 54125 8 11256
552 53095 55697 20 34562
553 53165 55880 117 161666
554 53296 61188 76 277251
555 53332 56545 16 8013
556 53441 57221 20 26321
557 53474 55343 5 3163
558 53511 54878 7 7192
559 53549 55226 4 2955
560 53569 56275 91 63209
561 53583 57178 132 343634
562 53627 54042 73 41107
563 53652 56254 38 37149
564 53694 53823 104 9305
565 53704 60073 126 309290
566 53837 76125 130 732472
567 53886 59382 41 110209
568 54093 79794 82 411628
569 54149 60938 40 41222
570 54362 55650 62 44593
571 54420 56185 54 41778
572 54435 57951 8 22706
573 54492 60306 53 185828
574 54702 63123 148 688154
575 54737 60125 49 156382
576 55051 63724 31 130412
577 55080 66078 13 80314
578 55273 68881 6 53211
579 55335 56609 65 86070
580 55371 59377 62 65894
581 55634 60920 32 57673
582 55746 70418 26 141577
583 55812 71438 31 241395
584 55843 62608 94 128154
585 55929 57838 5 5339
586 56082 59422 142 65158
587 56096 62817 73 234696
588 56280 59973 76 175966
589 56310 57066 49 9441
590 56363 57981 6 2647
591 56364 68858 68 579104
592 56396 72965 6 38689
593 56524 59538 140 139364
594 56608 73494 31 89307
595 56692 63878 22 71777
596 56718 59260 110 108106
597 56779 76305 63 362337
598 56823 66444 131 207572
599 56857 58386 39 61800
600 56926 59737 70 80740
601 57048 65276 24 72202
602 57267 61117 126 473277
603 57371 69246 105 285569
604 57372 64128 43 132904
605 57400 59444 37 20121
606 57475 71547 133 571570
607 57619 59917 21 37081
608 57704 63461 41 32377
609 57823 62007 10 62752
610 58005 67351 13 72057
611 58382 61586 45 45153
612 58648 62213 109 161656
613 58723 59174 18 5869
614 58786 72045 16 125741
615 59020 61762 26 95844
616 59028 60933 94 65865
617 59115 65199 80 420657
618 59137 98001 37 1196141
619 59148 68071 98 340828
620 59225 98377 93 1428246
621 59234 62504 121 68107
622 59276 63214 92 185285
623 59287 66693 55 118555
624 59661 60389 16 7889
625 59725 65776 128 655448
626 59731 63409 44 53836
627 59760 79413 94 331443
628 59784 65164 51 44794
629 59889 69611 126 1230666
630 59901 67416 10 29115
631 60071 67209 6 35954
632 60090 60329 59 7053
633 60244 64050 120 115865
634 60296 62074 32 28067
635 60352 63557 44 40621
636 60413 68238 7 15190
637 60482 65432 56 90679
638 60504 68361 9 29411
639 60511 64553 31 53948
640 60817 66211 38 84620
641 61065 82798 50 298017
642 61110 64280 61 56944
643 61154 62929 61 69150
644 61235 72411 41 441578
645 61407 74806 80 335594
646 61435 74641 31 167708
647 61475 65024 52 128641
648 61651 65486 33 21666
649 61707 70022 58 243939
650 61770 64762 47 80918
651 61871 64198 8 7111
652 61970 74005 39 217694
653 61975 72998 61 71064
654 62139 62990 47 18589
655 62474 67531 85 176525
656 62652 63573 17 11240
657 62677 64441 88 92626
658 62684 63160 59 10685
659 62704 67752 25 65709
660 62854 66231 47 89228
661 62939 63387 10 2482
662 63129 73382 126 158412
663 63135 63364 23 967
664 63206 67108 63 92657
665 63500 68471 59 75451
666 63811 67442 83 173541
667 63848 69884 13 22454
668 63898 67959 140 223878
669 64015 65522 13 10524
670 64084 90096 23 138656
671 64222 89927 38 450604
672 64535 66120 59 140421
673 64571 79500 148 521528
674 64658 76987 59 355931
675 64823 67185 12 8623
676 64998 80570 10 17164
677 65005 70321 84 177674
678 65038 69885 70 53710
679 65062 66632 27 22858
680 65305 74448 85 804128
681 65328 67028 5 3527
682 65354 65369 32 248
683 65559 74965 38 352002
684 65911 70538 50 136328
685 66215 76230 38 156427
686 66237 86807 21 73019
687 66405 67831 13 5997
688 66413 66687 9 2972
689 66426 72648 40 34390
690 66464 72709 106 536482
691 66601 68626 56 48252
692 66627 68694 7 15245
693 66730 79638 131 468830
694 66841 77990 62 195619
695 66847 68321 137 92474
696 67005 68600 4 7668
697 67088 68048 58 46147
698 67133 74671 119 670389
699 67212 79242 65 470696
700 67295 68082 121 82346
701 67735 67886 145 19495
702 67769 73372 80 285495
703 67846 76084 87 278786
704 67849 73447 10 15855
705 67995 79790 137 289018
706 68002 70474 33 56194
707 68037 70177 7 3869
708 68371 72622 28 79769
709 68500 72712 125 192349
710 68663 69221 68 22018
711 68700 68947 73 15555
712 68814 79353 28 211486
713 68900 75302 92 140407
714 68998 76759 76 134332
715 69028 73259 28 76114
716 69088 69963 12 3107
717 69104 76064 68 251453
718 69131 73943 5 13930
719 69259 87157 7 75077
720 69290 75945 102 958218
721 69402 69862 26 8077
722 69415 72235 10 31270
723 69428 69935 110 17046
724 69465 73380 8 15559
725 69575 76537 21 74664
726 69593 70724 4 5822
727 69596 71344 105 58832
728 69648 73998 10 46981
729 69732 70256 77 44040
730 69847 76870 36 173674
731 69853 83352 102 427343
732 69909 79770 72 484638
733 70373 70461 79 13379
734 70518 71423 21 5397
735 70643 71132 38 16435
736 70749 75843 35 34859
737 70894 71868 42 17164
738 70923 92185 126 1653057
739 70929 77724 19 81032
740 70943 75948 81 206486
741 70973 77879 33 77523
742 70983 98369 52 782208
743 71403 75932 8 5542
744 71534 79107 68 248923
745 71648 74750 81 385178
746 71746 76938 130 121429
747 71905 76261 145 269073
748 71971 78605 6 12407
749 72097 94796 6 29609
750 72127 79101 15 54512
751 72134 89661 57 544380
752 72146 77609 33 74805
753 72281 75389 70 102212
754 72308 73451 31 23416
755 72485 72599 62 3138
756 72718 76595 61 87143
757 72747 72794 9 213
758 72916 74636 27 15923
759 72956 76655 40 25759
760 72994 81522 86 302168
761 73198 82726 13 78453
762 73270 98554 7 33709
763 73305 84361 13 40802
764 73438 76600 55 129454
765 73503 77668 26 15274
766 73540 76691 35 40391
767 73733 77660 86 145988
768 73767 92741 146 716832
769 73804 78883 11 13626
770 73938 85254 94 656491
771 73981 87670 25 105753
772 73991 74075 81 9634
773 74098 76363 98 74379
774 74121 78346 29 19785
775 74141 82868 149 402963
776 74397 89843 33 265403
777 74517 74772 114 22423
778 74545 85170 25 71918
779 74762 90590 15 69200
780 74989 77409 71 253170
781 75032 76644 12 12556
782 75204 76784 14 9373
783 75242 95498 64 719277
784 75278 77638 41 127316
785 75417 80366 71 325238
786 75656 94368 64 227565
787 75704 79478 25 39917
788 75916 79834 23 34151
789 76071 95882 61 811333
790 76077 76797 89 34169
791 76271 76704 12 2180
792 76293 84416 142 596251
793 76479 79825 61 77477
794 76486 76736 114 10291
795 76565 86571 19 152569
796 76575 77282 90 58053
797 76677 77242 23 15117
798 76886 90015 18 131599
799 76965 78059 23 9127
800 77336 84431 138 228955
801 77349 77805 28 2745
802 77572 78426 5 1305
803 77582 85125 16 130740
804 77597 81758 24 45910
805 77719 88538 13 50441
806 77728 86536 92 327335
807 77748 77882 31 4767
808 77855 78138 27 6828
809 77873 78275 141 23690
810 77924 81585 65 50649
811 77925 81117 19 36287
812 77932 80973 47 14578
813 78011 97885 47 504294
814 78189 81192 78 37264
815 78295 81485 119 362434
816 78325 85840 16 20289
817 78341 90921 31 143885
818 78458 81344 61 45190
819 78630 88101 63 421720
820 78832 84831 134 644564
821 78840 80331 132 192234
822 78864 79034 115 51308
823 78887 86748 71 463431
824 78965 79515 10 2937
825 78985 84771 14 47289
826 79045 83196 99 59834
827 79129 81519 10 11115
828 79272 84639 16 27512
829 79384 81324 5 1638
830 79393 98682 41 499490
831 79564 82288 100 200742
832 79601 83236 62 58763
833 79660 82777 38 95114
834 80058 89183 62 349355
835 80159 84165 109 157643
836 80205 84766 12 46275
837 80211 85161 116 283953
838 80275 87244 83 287213
839 80453 88487 120 414951
840 80517 82490 80 49725
841 80544 82804 40 26400
842 80604 90941 5 23216
843 80654 80758 39 4491
844 80737 88256 82 279164
845 80779 81444 25 5646
846 80837 91916 15 82798
847 80959 90990 98 522379
848 81172 86475 38 40845
849 81271 83850 70 225112
850 81380 82547 61 34856
851 81495 83612 22 19885
852 81699 85374 20 11967
853 81792 88150 63 56836
854 81843 83597 101 74670
855 81860 82413 24 7395
856 82033 89677 77 170561
857 82126 86948 140 544989
858 82153 95989 69 594131
859 82154 86435 16 26146
860 82271 91499 74 278108
861 82301 83615 16 8045
862 82387 85337 31 86392
863 82404 85544 68 114873
864 82407 85530 68 119690
865 82448 91818 55 300260
866 82509 98489 88 285404
867 82683 99007 106 835958
868 82842 83859 91 32139
869 83011 87790 37 21688
870 83220 97579 7 39840
871 83393 83823 144 61166
872 83423 85610 16 10141
873 83434 84229 117 45854
874 83449 87917 9 18785
875 83465 84082 16 22391
876 83499 84938 18 14776
877 83686 89113 28 20426
878 83710 86154 22 50942
879 83745 96759 70 417169
880 83769 92050 39 139096
881 83868 85914 125 61327
882 84015 85284 35 19714
883 84036 96917 98 1150702
884 84057 90330 127 155044
885 84091 86385 82 82025
886 84134 87186 5 6491
887 84159 86799 97 223184
888 84187 93705 52 181442
889 84257 88791 57 75790
890 84265 85486 121 46756
891 84281 89175 4 5152
892 84301 90456 19 31871
893 84464 91876 38 79273
894 84475 89647 75 68172
895 84480 89566 111 246289
896 84898 86893 77 18207
897 84910 95460 30 138852
898 84946 85856 130 34176
899 84967 86438 60 39552
900 85000 85110 95 3943
901 85055 87780 61 78046
902 85430 91817 132 554872
903 85592 95920 62 109724
904 85758 97303 90 489162
905 85812 92188 25 77168
906 85843 88720 24 28136
907 85859 95703 7 31611
908 85911 92879 22 51960
909 85986 89804 76 125383
910 86072 89632 104 129003
911 86413 87099 95 40889
912 86880 88788 26 36697
913 86937 91419 10 15066
914 87161 91101 95 297357
915 87233 95613 15 37640
916 87445 93908 133 758647
917 87530 88127 53 8343
918 87548 90543 140 283578
919 87666 93351 72 452803
920 87736 96862 6 9407
921 87766 87792 114 4504
922 88066 93163 81 278591
923 88147 93547 81 120740
924 88205 88318 128 9859
925 88298 94757 9 20600
926 88421 92243 27 25378
927 88568 92135 14 8430
928 88768 88883 7 235
929 88808 89993 50 50736
930 88817 98155 58 432964
931 88820 97996 22 113190
932 89230 90891 5 1063
933 89296 89390 73 3171
934 89389 90092 10 5554
935 89489 90396 29 22890
936 89562 98615 116 248076
937 89669 98086 13 49832
938 90031 90253 91 11599
939 90128 99106 7 45565
940 90254 92897 12 23176
941 90323 92534 58 149591
942 90461 90653 104 5235
943 90474 97276 131 226514
944 90536 98394 64 251300
945 90874 91081 101 19546
946 90933 96857 19 18163
947 91275 93566 15 16964
948 91331 98013 53 297188
949 91367 91564 23 2190
950 91370 91674 54 4685
951 91565 91619 141 9209
952 91597 99814 59 100382
953 91859 98230 37 113302
954 91869 92607 57 69960
955 91991 92111 14 389
956 92035 93386 81 95017
957 92049 96844 30 40150
958 92159 93021 74 31178
959 92258 97049 68 210941
960 92461 96726 111 182646
961 92562 94330 132 119493
962 92588 95237 129 207820
963 92650 97721 86 363483
964 92761 94810 109 154213
965 92790 93610 122 22160
966 92889 97895 90 98715
967 93287 93927 16 3493
968 93295 99089 31 105408
969 93464 94528 60 25491
970 93488 94182 33 9743
971 93523 93660 123 7118
972 93669 94578 129 46109
973 93672 93697 50 722
974 93923 94447 16 4088
975 94010 94534 18 5930
976 94089 98042 8 16862
977 94115 95330 50 11561
978 94438 94983 144 28123
979 94559 95373 97 49286
980 94574 98458 34 58263
981 94623 99160 12 119341
982 94625 97034 8 1664
983 94959 96356 143 144678
984 95136 98559 4 4842
985 95140 99103 38 67703
986 95354 96457 7 2522
987 95390 95679 95 13245
988 95937 98671 113 47870
989 95949 98872 64 134809
990 96437 96579 17 1377
991 96595 98175 54 78003
992 96814 97291 10 2546
993 96860 99686 86 51714
994 97010 99289 7 6667
995 97114 97543 37 7345
996 97281 98805 11 5606
997 98189 98465 104 34732
998 98953 99530 147 18793
999 99633 99914 39 8102
