50 1000 0.079
..................................................
..................................................
..................................................
..................................................
..................................................
......................##..........................
......................##..........................
..................#######.........................
................########..........................
.................##.#####.........................
.................##..####.........................
..................##.#.###........................
........................#.........................
.......................##.........................
........................#.........................
..................................................
..................................................
..................................................
..................................................
..................................................
..................................................
..................................................
..................................................
..................................................
..................................................
..................................................
..................................................
..................................................
..................................................
.....####.........................................
......###.........................................
#....##...........................................
##...###.......#..................................
.#..#####......#..................................
###.######..######................................
#########....###..................................
#######....######.................................
...####....#########..............................
#########..#########..............................
..######.#.######.#...............................
......####.#.#########............................
.......##....#####................................
............##.###................................
...............#..................................
...............#..................................
...............#..................................
..................................................
..................................................
..................................................
..................................................
0 164 6038 5 8752
1 199 7157 5 13659
2 217 5471 120 484566
3 269 1846 5 1246
4 320 4656 13 24874
5 329 19304 7 66681
6 437 11022 130 504333
7 732 12595 38 188096
8 742 4200 69 495969
9 762 6445 5 10877
10 803 3043 139 94741
11 943 6766 27 55672
12 956 1829 21 12159
13 979 2169 45 15535
14 1176 4762 98 121502
15 1186 4230 34 33803
16 1197 11231 6 27289
17 1205 11847 112 342919
18 1296 2731 12 27065
19 1357 2643 75 34274
20 1388 4803 4 4698
21 1466 4208 146 135614
22 1624 3888 11 32865
23 1631 2375 60 46868
24 1660 3495 20 2754
25 1722 8764 8 25710
26 1900 8014 73 149117
27 1939 2364 47 15101
28 1974 4586 10 20529
29 2013 8901 5 26382
30 2137 10277 30 92309
31 2153 2326 19 4088
32 2204 3201 132 51804
33 2210 3226 28 8191
34 2283 6328 6 12689
35 2458 4144 99 111947
36 2461 8521 21 49526
37 2499 8076 50 114778
38 2678 5412 13 19893
39 2695 14207 101 284523
40 2715 5823 7 14546
41 2729 6873 41 15585
42 2828 17962 150 921875
43 2842 8109 86 145978
44 2848 9905 131 248551
45 2940 6175 35 51922
46 2956 7431 12 7298
47 2964 4249 25 9646
48 2996 15794 10 40151
49 3039 3295 14 2355
50 3167 9437 144 582677
51 3182 11492 144 892673
52 3211 4738 134 108914
53 3307 6928 41 85819
54 3449 4008 48 27974
55 3492 3535 15 191
56 3520 13357 18 60583
57 3665 8675 19 164753
58 3734 18853 147 675804
59 3896 5123 9 9136
60 3929 4560 4 1384
61 3938 8083 14 17647
62 3952 5091 15 14118
63 3962 11623 56 257961
64 4047 4248 7 584
65 4194 6585 100 149243
66 4271 8309 56 39070
67 4331 32446 92 2244308
68 4481 5713 67 60766
69 4506 4627 5 348
70 4527 5553 19 10804
71 4561 14458 46 37882
72 4612 13468 48 351873
73 4615 10175 86 134482
74 4671 7759 51 80554
75 4859 5300 32 11847
76 4939 9670 61 338462
77 5043 7432 104 113865
78 5044 6456 6 3932
79 5129 11420 10 16739
80 5132 9033 82 97281
81 5171 6427 13 3415
82 5196 7670 72 335897
83 5248 5881 17 1685
84 5327 9724 114 97179
85 5348 6413 17 3885
86 5541 16087 23 96075
87 5589 32606 144 1868379
88 5596 11772 116 387936
89 5605 6519 21 10587
90 5623 12146 110 252764
91 5690 10369 6 15134
92 5728 7932 43 169142
93 5878 7260 150 99035
94 5996 12827 74 297317
95 6000 12233 31 139553
96 6083 7322 32 23576
97 6234 9197 5 8488
98 6251 7233 7 3210
99 6290 9717 13 7528
100 6578 12162 8 35906
101 6602 10522 99 73446
102 6621 10869 33 54204
103 7229 10399 94 47427
104 7484 11251 122 297151
105 7501 9729 26 18518
106 7597 12752 19 32384
107 7626 7903 24 2728
108 7642 15359 92 186336
109 7751 10822 149 105207
110 8125 13770 23 48555
111 8213 29383 59 436431
112 8258 8792 139 18386
113 8793 12927 12 23787
114 8838 13545 14 16828
115 8933 9777 130 36230
116 8942 24866 112 1196220
117 9054 30692 11 87253
118 9056 25044 83 283297
119 9215 10935 137 80143
120 9510 15018 48 52100
121 9652 10954 37 11100
122 9935 15192 92 332787
123 9955 28856 22 175347
124 10307 22304 15 38544
125 10425 19210 84 248399
126 10731 14390 113 290709
127 10840 13943 61 85349
128 10915 14674 108 358570
129 10942 21588 65 455185
130 10948 11370 4 1337
131 11004 19770 94 325271
132 11067 18655 49 136135
133 11093 15376 41 68628
134 11367 15423 12 28858
135 11531 13338 4 4059
136 11578 22916 68 374479
137 11698 20960 10 34917
138 11786 12883 96 27308
139 12000 16540 139 254767
140 12009 13593 10 15233
141 12127 14531 12 4273
142 12211 12550 21 2209
143 12214 20255 69 188372
144 12217 12941 47 46023
145 12443 14603 40 16938
146 12455 13907 75 32867
147 12464 21152 128 321355
148 12469 13111 99 28117
149 12611 19976 53 57400
150 12831 14517 32 26980
151 12999 22083 57 318854
152 13005 15434 110 180123
153 13042 18506 71 140762
154 13074 21196 72 142390
155 13139 25590 136 463340
156 13263 13838 20 2937
157 13542 26543 56 165625
158 13732 15220 55 82007
159 13780 16974 28 34434
160 13818 16412 100 125289
161 13962 16633 17 17034
162 13972 21306 72 329956
163 14279 15874 12 18478
164 14409 20766 93 410488
165 14454 23921 16 48165
166 14679 23999 9 46108
167 14766 15211 110 48536
168 14819 21901 46 329042
169 14829 28207 76 317307
170 14921 17574 17 38612
171 15020 20227 32 44165
172 15144 17410 28 21491
173 15207 18008 21 22006
174 15253 28984 33 132780
175 15274 25194 31 59057
176 15284 16504 33 14493
177 15366 23753 97 308928
178 15541 26281 17 32016
179 15639 15708 4 157
180 15765 17882 121 81732
181 15806 18206 13 17501
182 15869 25598 55 231092
183 15900 25685 5 24070
184 16000 17289 66 31206
185 16046 23909 17 56661
186 16123 28083 4 16524
187 16178 16778 84 22837
188 16287 27145 137 867968
189 16367 17470 49 38387
190 16430 19064 32 37592
191 16496 18100 23 11989
192 16656 28650 6 15701
193 16803 17697 97 29731
194 16815 24869 133 333862
195 17033 19186 13 14466
196 17182 17292 15 2581
197 17215 18991 64 183360
198 17328 18080 40 15849
199 17331 36739 14 134599
200 17375 22382 143 155082
201 17614 24684 12 38378
202 17624 19231 144 41081
203 17772 19575 12 11337
204 18176 19818 72 63614
205 18223 18523 68 4130
206 18285 21160 25 44258
207 18293 30379 35 386309
208 18381 28034 35 146783
209 18441 35005 10 70554
210 18560 20298 45 31002
211 18589 25428 45 118822
212 18742 20469 96 45608
213 18995 21098 23 19539
214 19047 19793 115 23160
215 19095 20683 139 46467
216 19468 23568 7 8768
217 19558 23355 4 2722
218 19584 21357 15 10309
219 19618 25997 43 84816
220 19626 23815 5 5472
221 19755 46230 4 11423
222 19829 22219 26 6059
223 20009 22552 46 112438
224 20092 24708 121 161518
225 20152 21102 38 6203
226 20261 24280 38 64419
227 20324 29891 143 917321
228 20393 26951 106 190437
229 20531 20973 9 2904
230 20743 41841 68 740853
231 20787 31837 13 89096
232 20821 23502 27 83339
233 20914 22969 72 48607
234 20933 31010 79 322669
235 20945 23413 129 174592
236 20979 32572 23 195534
237 20999 23945 7 13797
238 21144 21520 105 20601
239 21192 21572 35 8103
240 21260 23584 9 11071
241 21374 29804 49 124971
242 21378 22621 78 43188
243 21389 25079 72 148173
244 21450 24435 4 2558
245 21617 30387 24 51962
246 21936 25630 72 79683
247 21992 25340 133 219043
248 22005 31879 12 38618
249 22039 28144 108 171046
250 22110 23531 70 30697
251 22228 27768 13 32566
252 22507 23072 15 2544
253 22633 23207 42 7956
254 22664 32678 43 289523
255 22945 25321 16 18622
256 23041 24741 109 125572
257 23068 27617 53 113382
258 23191 26536 35 77554
259 23219 26934 62 226432
260 23293 24487 96 93123
261 23296 26741 51 40014
262 23581 23865 139 12190
263 23651 26510 5 5419
264 23665 23925 119 7097
265 23700 26712 53 34768
266 23776 24758 140 78544
267 23924 26095 22 20655
268 23996 33764 17 69271
269 24121 25734 126 61173
270 24211 33977 148 638159
271 24307 39638 45 154090
272 24318 29090 137 279557
273 24359 28235 6 18982
274 24373 31016 45 246537
275 24378 26928 72 118888
276 24474 24780 40 7337
277 24592 24800 52 5008
278 24693 27251 62 77987
279 24878 25795 115 62689
280 24895 26708 36 33125
281 24917 27554 6 11248
282 24919 27857 20 21732
283 25024 30798 18 32314
284 25066 35485 26 61587
285 25125 33028 32 88298
286 25254 26135 96 29092
287 25377 25950 144 31070
288 25386 30065 112 238546
289 25420 34784 14 61790
290 25447 32668 68 143394
291 25557 26716 7 2184
292 25565 38988 103 269457
293 25586 28837 120 268279
294 26084 28558 43 22073
295 26143 27629 28 10554
296 26171 29087 64 69394
297 26217 27394 25 16744
298 26237 29718 92 242705
299 26499 33789 67 236480
300 26609 28163 115 63002
301 26693 28470 6 2900
302 26749 26754 11 49
303 26815 38695 116 208811
304 26915 29342 18 15067
305 27076 30161 127 197961
306 27265 29270 26 26195
307 27440 33498 46 187627
308 27456 38406 149 510722
309 27610 40944 140 536057
310 27631 35023 107 311694
311 27704 28457 94 27280
312 27719 29719 74 56725
313 27816 35833 90 446419
314 27941 27958 28 310
315 27987 31698 132 75897
316 28108 41328 78 416050
317 28256 28716 9 1222
318 28296 47425 15 308363
319 28341 29422 71 19922
320 28404 32693 23 18352
321 28405 34992 56 106549
322 28452 34665 86 289288
323 28546 30846 90 35011
324 28568 34086 116 235206
325 28619 30281 15 10889
326 28623 50786 31 391213
327 28761 37516 150 423945
328 28823 33619 12 10541
329 28848 28924 137 6054
330 28875 37740 85 346895
331 28902 33175 5 15359
332 29014 33868 5 10724
333 29212 33963 16 38997
334 29354 30494 48 28858
335 29392 34171 28 32221
336 29586 30002 24 2493
337 29605 35592 113 197337
338 29614 32133 41 29816
339 29687 32142 9 3793
340 29788 32915 23 29530
341 29851 36095 68 720675
342 29905 31233 5 4656
343 29962 30413 34 12645
344 30030 31141 21 27091
345 30069 36505 33 195583
346 30294 34177 72 104637
347 30618 31576 93 22098
348 30635 30810 13 782
349 30646 35917 138 276158
350 30707 38921 9 32282
351 30777 31370 40 10321
352 31132 31207 23 351
353 31356 34195 104 110692
354 31437 32666 19 11041
355 31706 37631 89 131981
356 31732 32102 132 24137
357 31873 35688 112 162394
358 32157 33054 19 6545
359 32195 33001 143 51937
360 32317 33081 15 7156
361 32318 34674 32 24175
362 32360 35502 20 42696
363 32437 33881 5 2900
364 32577 32848 30 4157
365 32909 34406 13 8847
366 32978 34096 13 12153
367 33026 47314 57 254616
368 33042 56485 124 786812
369 33139 38347 56 100065
370 33165 45394 10 53454
371 33189 34934 130 122513
372 33192 58050 51 318619
373 33426 40679 34 46655
374 33548 42112 53 197946
375 33568 46934 60 1082917
376 33577 34803 135 218076
377 33938 36547 29 26267
378 34080 34082 35 40
379 34140 36893 6 10588
380 34328 39646 33 307322
381 34354 38586 8 12049
382 34457 38871 122 211695
383 34563 42262 148 416474
384 34603 44256 9 34374
385 34633 39490 4 2675
386 34638 36027 87 83635
387 34997 37143 6 4527
388 35221 39644 64 150840
389 35252 41920 119 340726
390 35294 36087 71 8687
391 35298 38097 63 41404
392 35371 35995 83 35811
393 35390 45426 21 91652
394 35478 36387 12 8215
395 35497 38402 13 37215
396 35589 37696 48 34538
397 35613 39791 6 16246
398 35628 38626 140 263100
399 35648 35691 37 1406
400 35695 41700 30 37064
401 35776 38002 80 52603
402 36206 39161 94 148618
403 36208 40500 9 14122
404 36308 37093 6 1680
405 36335 41302 66 158394
406 36385 40412 75 134622
407 36518 52136 4 44232
408 36550 40955 13 20961
409 36702 41596 108 282241
410 36752 39656 57 80624
411 36852 37378 8 2724
412 36868 37585 66 59112
413 37047 49477 22 167798
414 37103 38416 51 23128
415 37405 54396 61 303554
416 37496 43128 55 196400
417 37526 38030 23 6665
418 37573 38279 56 13872
419 37738 37985 68 10434
420 37962 47354 11 56145
421 38021 46778 21 93175
422 38113 39542 27 18712
423 38150 39648 10 6474
424 38242 45197 75 510593
425 38312 52821 33 106935
426 38372 45321 39 171535
427 38494 43161 62 128067
428 38532 38738 16 4165
429 38686 38851 32 3168
430 38869 69241 138 1257663
431 38879 41516 27 98367
432 38893 66470 33 129975
433 38905 43673 103 369470
434 38966 54499 12 53514
435 39193 42953 125 229605
436 39436 44132 89 366504
437 39545 41619 79 49771
438 39684 45882 34 92659
439 39818 50920 63 178198
440 39865 42563 72 63300
441 39940 49140 8 34313
442 40072 42084 36 17979
443 40252 47571 92 263597
444 40419 44792 9 15129
445 40560 40924 63 15489
446 40579 47625 85 199806
447 40678 45607 48 146059
448 40688 43828 147 163022
449 40866 41207 109 27457
450 40983 44900 70 223428
451 41006 41858 61 30549
452 41132 46354 28 27288
453 41179 41275 80 2746
454 41399 47765 54 161276
455 41513 43457 36 113028
456 41538 49917 148 832539
457 41564 49696 112 462899
458 41574 42241 79 24767
459 41662 48012 80 66603
460 41720 42502 15 13019
461 41778 42722 97 10589
462 41816 42432 56 15759
463 41896 50765 30 147711
464 42063 45728 119 100707
465 42091 47581 34 82716
466 42234 45760 43 48218
467 42325 46047 13 44782
468 42464 43626 11 7049
469 42663 47365 146 211933
470 42709 43083 57 14452
471 42719 44857 47 61963
472 42726 55778 79 295636
473 42768 47399 55 60820
474 42773 44302 129 73107
475 42777 43463 148 29700
476 42820 48876 125 190918
477 42860 64471 46 361508
478 42866 46886 5 7326
479 43226 58130 108 967052
480 43323 51125 45 131396
481 43458 51038 138 817035
482 43594 45698 10 6299
483 43665 68886 52 928657
484 43672 45458 17 12904
485 43693 45842 137 155426
486 43736 56722 39 381228
487 43897 49528 15 35916
488 44177 46658 144 142053
489 44219 56895 110 780634
490 44258 50713 15 61892
491 44400 45266 62 29625
492 44462 58758 9 42399
493 44686 49902 49 105218
494 45127 46861 14 5938
495 45263 51720 110 205329
496 45325 72140 27 509497
497 45509 62948 100 1239797
498 45624 50119 54 111453
499 45797 46943 28 38817
500 45896 58011 34 280357
501 45903 57753 87 141320
502 46122 47884 65 55831
503 46325 52984 40 108719
504 46617 48936 17 15566
505 46744 47305 48 4384
506 46754 50685 38 37995
507 47031 50357 16 22385
508 47100 47927 39 11932
509 47188 50924 131 228136
510 47385 66239 106 629322
511 47466 48059 51 10644
512 47493 77347 85 743396
513 47517 49439 39 7148
514 47537 47894 73 12685
515 47561 49382 67 34113
516 47574 57917 84 404970
517 47698 48953 86 14564
518 47929 52040 28 74150
519 48033 61079 16 73478
520 48064 49589 78 48272
521 48066 58010 26 42666
522 48072 57771 16 80390
523 48153 52328 81 71230
524 48429 51771 6 7743
525 48511 51957 54 78564
526 48679 56034 9 18229
527 48789 49151 90 7776
528 48809 52382 4 2830
529 48872 51329 102 86976
530 48883 50587 4 5868
531 49222 56778 78 226391
532 49556 59641 17 88697
533 49699 65603 37 179050
534 49818 50348 65 41638
535 49877 51970 40 38587
536 50044 58929 75 258089
537 50068 56088 15 43182
538 50083 50653 17 9668
539 50110 58033 74 187231
540 50198 59751 22 54532
541 50616 51298 5 981
542 50702 57261 57 122527
543 50957 54419 120 303285
544 50985 54785 9 49012
545 51151 53270 47 175289
546 51543 57320 74 553418
547 51647 52357 119 56744
548 51783 62794 87 391119
549 52054 56774 6 6961
550 52071 58048 110 217971
551 52079 53479 90 130884
552 52089 53989 75 67469
553 52221 55356 12 6707
554 52355 61817 37 102166
555 52673 60712 22 137510
556 52804 57045 34 25877
557 52830 53974 24 9487
558 52878 56917 134 108431
559 52928 54615 12 13454
560 53147 57037 44 76588
561 53233 57936 15 38391
562 53382 56326 48 79104
563 53456 61066 136 206490
564 53512 55405 40 7101
565 53580 61810 65 268283
566 53757 60127 120 391927
567 53779 59383 7 27652
568 53796 60319 101 356212
569 53873 56167 101 94658
570 53903 54150 80 6728
571 54068 63504 5 42231
572 54246 61976 102 409587
573 54391 60192 6 23173
574 54478 60115 97 357900
575 54609 63575 16 31208
576 54616 57875 40 52620
577 54692 64154 57 148154
578 54780 74080 76 1096426
579 54812 60136 144 217342
580 54878 60889 38 92938
581 54944 59969 6 26097
582 54971 55022 138 3917
583 55031 58710 38 85472
584 55183 56765 16 6219
585 55189 68813 16 89857
586 55257 55706 46 7072
587 55363 58762 110 104360
588 55435 65880 62 90140
589 55442 56457 133 68914
590 55556 59854 124 184312
591 55580 60713 23 75206
592 55798 65829 32 122104
593 55820 56759 118 122384
594 55881 61977 50 89227
595 55917 60525 129 1144290
596 55925 73519 7 127605
597 55979 58658 11 4161
598 56089 67715 51 122689
599 56093 57077 7 4106
600 56314 56353 46 756
601 56395 64350 116 455911
602 56399 68636 50 308074
603 56479 69863 117 366699
604 56506 71318 37 415199
605 56564 61251 4 3945
606 56681 57330 65 30723
607 56959 57027 47 971
608 56987 57941 132 99608
609 57121 65327 27 32723
610 57148 59375 25 31985
611 57176 66337 20 84278
612 57264 58379 81 22856
613 57286 76977 97 561164
614 57295 65320 53 66345
615 57309 60799 112 259580
616 57345 62908 124 254260
617 57458 61138 11 20153
618 57775 58483 145 18212
619 57847 58600 46 24031
620 57873 58074 24 3115
621 58090 59245 56 19369
622 58229 74937 38 236912
623 58283 69537 10 24579
624 58537 63261 117 237799
625 58559 59023 143 43830
626 58624 60233 122 117613
627 58768 65504 16 31141
628 58798 62859 60 151488
629 58982 75177 75 440145
630 59189 68582 16 74017
631 59244 71607 49 154318
632 59367 65750 76 67937
633 59519 65399 24 133082
634 59683 59907 36 6025
635 59685 61898 5 6246
636 59776 69832 119 1187685
637 59789 60162 142 39800
638 59932 62978 130 177243
639 60047 64121 6 33945
640 60138 60290 63 4738
641 60140 74444 105 657976
642 60302 60693 9 2673
643 60340 64773 41 78117
644 60455 73760 75 364358
645 60494 61408 124 43070
646 61004 62729 148 100017
647 61318 65797 49 67274
648 61350 65347 53 157576
649 61358 75089 132 386963
650 61439 66359 114 135943
651 61546 61575 112 2150
652 61557 65186 60 136272
653 61559 68450 4 23003
654 61565 71474 130 453849
655 61822 73952 57 130466
656 62339 62456 32 1964
657 62652 66659 31 126234
658 62726 66286 125 227464
659 62760 70191 43 163068
660 62921 66433 5 12985
661 63001 69856 32 66505
662 63055 71178 14 39849
663 63080 64233 6 2263
664 63100 64153 45 29495
665 63154 65253 150 174112
666 63155 78070 15 69491
667 63211 64524 146 111166
668 63389 64085 43 12666
669 63440 68174 14 21854
670 63546 64808 81 45810
671 63649 68653 104 218486
672 63740 71040 19 45230
673 63825 84376 85 956624
674 64140 65599 6 8311
675 64165 69325 129 299983
676 64223 72590 6 21579
677 64325 68179 16 28839
678 64410 65917 53 35362
679 64462 64667 60 6077
680 64486 65123 12 3955
681 64645 64826 73 10465
682 64749 87517 33 432258
683 64817 68442 105 144233
684 65266 73584 109 2089505
685 65314 66122 39 16643
686 65579 66541 37 11393
687 65630 67068 11 10564
688 65883 65904 30 994
689 65906 77444 129 359564
690 65921 68094 5 3867
691 66056 72112 7 23369
692 66084 66464 31 5079
693 66182 74636 133 1905529
694 66408 70766 20 29402
695 66415 77578 120 470137
696 66420 68409 82 44645
697 66436 68963 17 20695
698 66451 70103 18 15831
699 66657 73209 137 144017
700 66696 67398 65 33916
701 66736 71699 85 158925
702 66838 72889 107 110505
703 66975 69008 32 21128
704 66985 69914 137 293699
705 66997 74104 136 293070
706 67016 80861 39 320463
707 67020 67879 35 17556
708 67047 89576 12 65707
709 67128 70340 7 11472
710 67218 67267 38 1773
711 67299 70093 11 32333
712 67388 67977 25 3372
713 67483 82200 6 53295
714 67619 79863 24 96399
715 67674 77522 81 388426
716 67716 80645 144 688930
717 67717 69773 14 22645
718 67881 76268 13 39795
719 67938 73654 55 84226
720 68001 83563 25 72056
721 68025 68973 79 137490
722 68058 70210 59 121488
723 68131 73877 12 27690
724 68206 76250 6 31145
725 68214 81543 67 311792
726 68401 70095 52 33118
727 68529 71328 46 19949
728 68563 77140 25 90140
729 68593 72715 40 37064
730 68630 70444 135 238667
731 68659 73601 105 136643
732 68715 72207 140 68235
733 69192 85564 60 417525
734 69214 77715 34 43039
735 69328 72221 9 11743
736 69545 78634 78 197107
737 69884 71938 9 5122
738 70227 72150 140 83710
739 70551 83578 77 775028
740 70922 71785 36 25893
741 70971 71033 149 10759
742 71024 72564 88 115637
743 71208 78114 33 50420
744 71315 75393 47 270353
745 71332 72789 9 6680
746 71386 78079 7 11896
747 71610 73328 98 13101
748 71790 78083 23 52924
749 71899 89868 31 108739
750 71914 79501 11 68822
751 71959 74700 10 11345
752 72042 73116 110 42541
753 72064 81315 16 93047
754 72107 79298 149 1119469
755 72164 73501 20 7583
756 72232 79518 10 8899
757 72293 82532 63 83281
758 72370 89710 7 48493
759 72568 80663 5 10601
760 72613 74155 81 36878
761 72856 73751 7 4214
762 72988 81363 57 275398
763 73051 74001 15 9646
764 73239 88604 115 599240
765 73579 77247 7 9237
766 73694 86271 46 188523
767 73715 74216 94 14791
768 73891 77654 7 14428
769 73949 88840 51 360064
770 73983 74769 46 13463
771 74047 78125 6 13197
772 74125 86360 140 573993
773 74199 78864 7 11280
774 74478 76220 93 48729
775 74698 77771 66 73919
776 75139 95689 142 637757
777 75263 76680 6 4311
778 75336 77302 32 83229
779 75352 78366 125 269299
780 75569 83047 17 80292
781 75696 79571 97 42323
782 75825 86149 12 101354
783 75859 84494 46 447046
784 75874 77589 144 51583
785 75940 86438 40 488794
786 76078 78445 4 9133
787 76128 82151 125 278012
788 76141 80794 131 246982
789 76149 82541 22 110520
790 76228 80187 8 12517
791 76554 78601 42 24095
792 76617 76882 11 1189
793 76682 83850 87 277764
794 76805 81820 106 274953
795 76883 79052 32 20259
796 76935 77644 31 8911
797 77014 79411 64 73695
798 77122 83086 137 372027
799 77146 80697 48 28335
800 77269 80354 42 30390
801 77319 86990 72 537063
802 77334 86049 59 249603
803 77438 80730 28 110957
804 77549 88918 21 103765
805 77622 82148 63 300883
806 77796 83206 81 884261
807 77812 78304 115 27232
808 77908 87304 10 26670
809 78053 79650 17 7441
810 78145 81911 36 48548
811 78152 81610 4 10477
812 78184 81041 66 64516
813 78190 88739 34 213895
814 78268 81888 31 86774
815 78345 93112 145 751116
816 78370 78991 114 48306
817 78613 79774 51 17849
818 78723 80215 111 61484
819 78756 82675 34 143591
820 78983 80018 32 5797
821 79000 81916 78 56870
822 79001 79723 28 8433
823 79155 92311 99 284720
824 79156 82591 97 120213
825 79160 79698 4 623
826 79201 86059 9 17522
827 79270 79491 64 11413
828 79276 85019 135 189171
829 79277 87900 10 41471
830 79366 82272 15 49304
831 79462 81406 75 74835
832 79578 80633 9 11693
833 79589 83587 6 25454
834 79704 83097 139 269210
835 79752 93461 103 429415
836 79864 89688 83 150505
837 79909 80253 77 15536
838 79925 80136 120 23065
839 80110 85642 84 227635
840 80195 82862 36 34519
841 80432 82385 24 66442
842 80496 86864 96 247783
843 80564 83189 115 127277
844 80741 85931 126 670796
845 80882 89153 56 235787
846 80938 86255 40 52409
847 81039 82878 5 2634
848 81053 85704 104 140574
849 81121 90776 126 823637
850 81217 83811 79 38861
851 81224 86541 18 34506
852 81349 84100 78 62156
853 81391 83878 105 149733
854 81424 81463 60 1920
855 81667 82001 12 4544
856 81699 86424 5 8372
857 81720 85784 6 18365
858 81782 82525 36 41073
859 82027 90835 122 589603
860 82146 86020 15 36648
861 82147 88141 145 447923
862 82171 90169 81 156083
863 82444 94615 17 72224
864 82547 89235 8 28995
865 82579 92235 74 273344
866 82677 84927 14 18208
867 82854 83146 93 32301
868 82866 86841 87 179973
869 83076 96055 4 54781
870 83081 83704 92 29025
871 83217 89346 114 224186
872 83276 92181 89 683542
873 83314 87030 79 50171
874 83473 86391 22 13272
875 83476 85401 109 195207
876 83682 87948 25 92671
877 83705 89393 118 325069
878 83720 86696 9 18120
879 83908 85445 122 94466
880 83979 86015 123 181547
881 84292 91330 10 51093
882 84346 86846 21 27590
883 84703 88145 77 72243
884 84707 86302 49 21347
885 84749 90037 16 72085
886 84783 85207 60 19289
887 84855 87449 63 114311
888 85001 91544 145 511307
889 85161 89899 16 19327
890 85310 87933 21 22339
891 85328 89173 8 8090
892 85333 89118 83 188037
893 85359 93238 121 492576
894 85483 90495 134 173816
895 85519 89430 56 105827
896 85626 86632 108 178929
897 85676 86660 120 22008
898 85697 89191 131 128098
899 85744 86111 117 46446
900 85748 87291 47 33876
901 85753 86217 24 5509
902 85778 93045 109 215937
903 85853 91252 7 10299
904 86011 95005 7 12283
905 86068 92063 7 12505
906 86115 88088 17 26393
907 86162 89326 13 14604
908 86165 93176 114 394529
909 86289 86293 121 181
910 86310 90312 130 567733
911 86418 89198 19 4689
912 86571 86828 8 874
913 86669 87599 61 63230
914 86681 90480 14 33159
915 86740 92267 92 168116
916 86774 90339 20 14109
917 86872 89954 149 80703
918 86904 89596 84 148348
919 86948 88371 69 39195
920 86957 95875 95 388958
921 87041 98477 56 288853
922 87174 89733 41 50632
923 87308 91499 6 8097
924 87416 89059 40 65618
925 87428 87445 43 716
926 87508 87999 10 2833
927 87539 90847 11 26220
928 87545 90505 147 524639
929 87882 88476 19 2253
930 87890 88410 67 16247
931 88136 89064 12 4858
932 88403 98680 29 49264
933 88511 88809 67 4754
934 88558 90591 35 15999
935 88712 91337 95 290128
936 88788 91595 98 101305
937 89151 94025 95 121053
938 89287 91287 20 18603
939 89345 91432 141 139856
940 89422 91517 113 88994
941 89508 92767 29 53194
942 89529 89702 9 824
943 89670 90554 141 16509
944 89699 90969 84 77674
945 89867 91256 20 11115
946 90000 97596 52 224840
947 90095 91652 67 92239
948 90154 91254 24 14451
949 90252 90839 58 26857
950 90299 91679 28 20996
951 90476 91384 104 51362
952 90527 92096 38 22409
953 90544 94071 94 138342
954 90574 96251 59 177422
955 90652 91314 24 11964
956 90691 98817 148 240683
957 90703 92189 39 23978
958 90778 99054 56 352073
959 91006 91441 82 62758
960 91150 94039 66 51572
961 91345 99506 104 325923
962 91720 91811 122 3255
963 91785 95008 23 21481
964 91807 92861 150 67087
965 91866 93397 62 33067
966 91969 95628 22 19494
967 91993 94408 73 312831
968 92196 96151 144 140048
969 92362 98935 85 253646
970 92712 99693 37 101676
971 92869 98552 35 27505
972 93133 96005 124 153037
973 93150 98696 7 28985
974 93219 97133 90 106641
975 93956 96004 18 21004
976 94101 94437 146 10636
977 94156 95972 32 26352
978 94174 99822 17 47165
979 94187 94547 29 7107
980 94207 97156 36 162347
981 94244 96410 38 35557
982 94361 95568 43 74906
983 94398 98447 103 133318
984 94445 95933 66 19751
985 94446 94825 11 3926
986 94568 99190 23 50020
987 94884 95373 54 45770
988 94935 97082 15 10299
989 95003 95438 60 8000
990 95086 98094 29 16108
991 95756 96627 73 21779
992 96124 96200 143 9614
993 96314 96942 44 11482
994 96850 97283 91 14354
995 97191 99588 128 77403
996 97517 99903 65 67073
997 97911 99358 129 178573
998 98193 98839 23 2225
999 98860 99618 84 15864
