50 1000 0.024
..........##......................................
..........###.............#.......................
...#......#......#.....#.##.........#.###...#.....
...##.....####..##.....###...##.....####....##.#..
...#........##.###.....##.########.##..##.#.##.#..
.............#.###.....####..####...#..##.########
.............###.....#..#######.##.###....#####..#
.............####...#####.#.#.#.###.##.....##.....
.....##..#....##....#####...#....#.###.....###....
........##..#.......#####...#.....####.....#......
.......####.#.......##..#.................#.......
.......###.##...........##................#.......
.....###.#.###............##.............###......
.....#.##.#####......#....##....#.......####......
....#######..........#....#.....##.....##.........
...#.##.#.....#......#....#....###.####.#####.....
..##.##.####..#.....#####.#......###.####.........
..###.##...#.##.....#.###.###....#.#...#..........
...##......###...###..##.#####....##..............
.####........##.#####.##.###.#....###.............
...##........##..#.###.#..#####..#..#.............
....#.............####.......###.##.........#.....
....#..............##.......######........#.##....
..####......................####.#.....######....#
.....#..##...#..............#.#.........#...##...#
........#..####............####..#..........#.####
........##..##..............###..#............#.##
.......###...................#####..............##
.......###...................#####.#.#...........#
........#...................###....###....#.......
........##................####....#.....#.#.......
.....#.....................##.....####.####.......
....##.#.................######..####.............
....####.##...............#####...#..##...........
.....#####................###.#...#..###..........
.....####............##.....###...#....#........#.
.......##............#......................#.#.#.
.......#.#.................................#######
..#......#.................................###.##.
.##.....##.###....................................
###.....#######...................................
###.......##.###....#.............................
####......#..#....###.............................
#.##.............###....................#.........
###...............###................#..#.........
........#.....................###...##.##.........
........#.....................######.####.........
......#####.....................#.#...............
.....####.......................#.................
....###.#.........................................
0 33 911 97 9698
1 123 573 54 6551
2 213 2049 74 33677
3 322 2569 23 22320
4 361 591 35 5682
5 414 789 15 945
6 423 2888 6 12431
7 738 2433 104 121045
8 771 1324 14 4375
9 839 4073 5 2670
10 845 2481 14 4068
11 1039 4418 7 10231
12 1204 3053 45 27944
13 1219 1417 6 865
14 1286 2010 5 2336
15 1288 3200 109 101220
16 1301 2370 66 47280
17 1411 3315 101 157735
18 1540 6906 110 319910
19 1622 1992 18 5356
20 1767 5324 149 160345
21 1804 3172 42 9680
22 1895 2715 7 894
23 1972 4050 73 55629
24 2007 12976 38 124357
25 2097 4436 63 117518
26 2221 9068 44 116309
27 2257 3910 14 14499
28 2280 5206 22 44592
29 2299 8537 86 103996
30 2346 7271 47 83572
31 2476 15325 84 254895
32 2489 3645 54 30888
33 2898 3074 46 3513
34 3022 5064 110 122812
35 3139 3147 54 506
36 3142 5844 15 17184
37 3371 5211 86 39970
38 3378 5295 47 29422
39 3504 9039 137 293882
40 3652 8079 24 60570
41 3706 4188 90 33012
42 3787 6425 37 18478
43 3830 10134 78 292902
44 3851 6795 11 13272
45 3870 7532 30 42599
46 4129 5982 126 147115
47 4253 5878 15 8426
48 4309 6367 13 5783
49 4518 12928 24 66957
50 4598 13891 113 1031160
51 4699 6714 9 4816
52 4769 11146 21 226739
53 4875 15716 34 206637
54 4939 6999 9 16095
55 4975 10618 54 139332
56 5104 5488 8 5652
57 5219 7828 47 143278
58 5244 16106 118 572578
59 5476 7418 124 217242
60 5558 8607 16 55934
61 5562 13098 23 34178
62 5647 7414 21 12725
63 5692 7779 28 11386
64 5706 9721 86 78380
65 6107 7531 37 73122
66 6275 7347 107 63055
67 6355 7468 14 13682
68 6396 7371 76 49338
69 6397 14026 40 88967
70 6696 8641 53 92749
71 7121 11688 55 97612
72 7158 11077 137 99803
73 7458 7663 9 796
74 7549 11251 40 190317
75 7578 8745 122 53263
76 7672 7767 27 1018
77 7859 11878 17 23323
78 7872 9759 26 39169
79 7923 12069 36 100098
80 8062 12929 67 169163
81 8206 15150 19 81829
82 8417 10655 22 17484
83 8636 10569 118 325954
84 8696 10004 10 12870
85 8831 10397 89 59926
86 8850 10475 13 7831
87 8858 11623 32 55126
88 8874 12167 138 297206
89 8886 10491 51 90144
90 8945 16798 46 195531
91 9018 9368 19 5053
92 9157 12386 33 29194
93 9365 15133 15 54208
94 9843 10232 111 12005
95 9917 14931 23 74386
96 10105 12141 23 28258
97 10141 16023 53 96655
98 10153 10696 78 21734
99 10160 12343 35 17260
100 10199 14613 127 332504
101 10623 11317 59 11232
102 10769 14812 31 108824
103 10785 16085 101 107459
104 10929 13028 83 147258
105 10930 13175 37 90610
106 11059 11400 33 7228
107 11181 11889 24 7002
108 11211 14340 41 90483
109 11223 16075 21 33936
110 11618 13147 22 15519
111 11672 12393 55 13209
112 11771 12498 85 15018
113 12133 14991 67 92553
114 12207 12714 146 68157
115 12334 14404 108 74694
116 12358 13094 55 21910
117 12376 16842 109 277729
118 12484 17560 38 295463
119 12532 16118 124 159971
120 12552 15693 11 9045
121 12741 14851 120 178081
122 12823 15220 109 144133
123 13059 16249 85 205771
124 13088 21020 138 1137665
125 13105 15744 149 230397
126 13134 18310 137 284772
127 13139 15682 62 51487
128 13186 15430 130 132906
129 13197 15316 140 103919
130 13242 14527 140 140215
131 13291 15404 44 40625
132 13498 13724 113 18915
133 13503 14765 86 44170
134 13648 16630 17 22033
135 13701 22075 40 92079
136 13705 14265 17 14614
137 13886 25289 88 859909
138 14007 17933 121 307507
139 14354 16417 51 29596
140 14525 15691 20 12263
141 14529 15727 95 74289
142 14628 14748 125 9813
143 14826 15177 39 6969
144 14841 19485 26 18204
145 15033 15263 74 19143
146 15119 15965 36 14523
147 15136 15761 72 7238
148 15259 16558 4 2235
149 15294 19117 6 27153
150 15510 15565 10 397
151 15578 16843 122 84319
152 15853 20336 94 130888
153 15901 16849 58 69743
154 15919 26942 115 521125
155 16013 17700 4 1892
156 16061 17796 148 83257
157 16073 16338 124 20566
158 16192 18215 45 99427
159 16288 16830 101 46369
160 16377 22900 142 213910
161 16403 31469 54 183321
162 16548 19296 40 35331
163 16660 20151 117 203267
164 16697 19754 106 123445
165 16746 21573 32 60769
166 16760 17750 11 15078
167 16793 19587 13 7905
168 16819 18477 120 56733
169 16871 19098 26 12389
170 16879 19052 15 9375
171 16905 19817 11 6731
172 17003 19500 53 91974
173 17250 20150 29 22837
174 17276 17322 82 4491
175 17686 18916 77 82435
176 17941 18839 86 34358
177 17962 25021 11 30357
178 18060 18444 25 7790
179 18177 19571 133 88074
180 18213 19526 4 3220
181 18568 19695 38 22631
182 18712 19755 44 22233
183 18959 21452 81 112987
184 19095 20168 20 11473
185 19226 24976 4 13959
186 19255 21395 41 75348
187 19286 21944 12 29666
188 19376 34790 11 110304
189 19474 25769 65 660490
190 19645 22084 72 82250
191 19682 21042 49 25397
192 19873 20816 130 73096
193 19901 24195 138 79719
194 20149 21074 54 9103
195 20256 25048 24 87681
196 20267 24797 56 63601
197 20510 21301 73 20895
198 20530 21715 80 50852
199 20536 21783 4 2237
200 20559 22585 17 8046
201 20882 21804 56 17792
202 20924 21635 87 57187
203 21010 24258 142 330297
204 21047 21581 29 5288
205 21083 23545 91 98104
206 21256 21507 29 4302
207 21279 24957 14 9966
208 21407 29108 104 248608
209 21436 23742 106 218907
210 21608 28040 129 872538
211 21660 29366 74 193181
212 21724 22239 9 1934
213 21791 23382 119 133101
214 21878 22314 121 31659
215 21895 27751 15 27334
216 21950 28979 62 95816
217 22042 25456 82 191565
218 22167 22826 20 4537
219 22230 27222 18 37749
220 22279 29527 31 154236
221 22475 22923 19 6637
222 22496 22665 46 3564
223 22560 23152 99 25659
224 22696 23724 34 20299
225 22700 22837 21 1213
226 22737 25127 12 9893
227 22753 23694 48 29812
228 22887 23164 44 4622
229 23015 23238 136 17088
230 23198 32604 60 118306
231 23213 27169 69 245998
232 23289 31070 44 110345
233 23417 24549 6 2672
234 23432 24204 49 17830
235 23468 25444 23 17601
236 23515 26813 44 45745
237 23642 24256 60 29883
238 23677 26742 44 33674
239 23699 28203 14 31138
240 23759 26839 17 16558
241 23779 36578 15 99432
242 23876 24799 32 22787
243 24054 25894 148 100935
244 24162 24744 83 67846
245 24237 25944 95 72328
246 24319 28000 118 218903
247 24382 25636 7 3507
248 24403 24961 16 6124
249 24424 25987 50 23149
250 24561 33561 32 150397
251 24609 25246 8 6299
252 24666 25060 76 13358
253 24794 28573 4 4731
254 25031 25426 46 10518
255 25034 32147 7 45384
256 25259 26014 6 5223
257 25376 25494 68 5120
258 25529 27178 22 9733
259 25706 31839 4 3025
260 25943 27761 122 77637
261 26028 30231 53 118518
262 26124 29336 86 138668
263 26203 32721 32 108460
264 26230 27382 37 13770
265 26497 28162 75 49366
266 26503 34674 38 71912
267 26520 28131 34 32383
268 26563 28520 34 39749
269 26581 26715 104 2623
270 26614 29840 48 44522
271 26701 30383 51 162312
272 26798 28011 144 111132
273 26842 28753 13 9957
274 26863 27336 4 1753
275 26993 31758 51 105293
276 27024 30536 5 6992
277 27246 28809 68 35958
278 27630 29797 130 61325
279 28159 28254 13 646
280 28179 28964 12 6483
281 28300 29676 7 4238
282 28401 34370 29 127091
283 28485 30061 14 14195
284 28549 32879 54 70103
285 28620 32956 23 14488
286 28656 29787 99 39583
287 28696 30342 57 52329
288 28712 30726 122 73602
289 28855 34942 30 182135
290 28866 31166 117 115203
291 28934 29506 15 7241
292 28977 35684 100 554640
293 28986 35359 21 85132
294 29160 29849 87 21709
295 29182 35182 37 68513
296 29502 30047 35 15374
297 29564 31618 64 72733
298 29703 30847 26 19877
299 29893 30411 85 26750
300 30017 30660 10 6369
301 30278 31234 67 48029
302 30589 34109 8 4951
303 30633 34516 132 98147
304 30649 32217 120 41573
305 30740 32702 12 6170
306 30746 32329 81 28288
307 30812 33264 113 126934
308 30849 31963 113 78799
309 30908 33358 7 24967
310 30953 37253 130 229490
311 31024 33005 47 31700
312 31112 31162 23 839
313 31205 32621 139 133056
314 31260 34892 25 81089
315 31580 32117 57 13717
316 31599 37394 99 277263
317 31684 32149 8 1136
318 31779 33202 122 62069
319 31866 34678 112 173581
320 32022 32464 46 6103
321 32042 33675 64 55464
322 32051 43676 70 133115
323 32075 34274 7 9896
324 32127 33259 40 7585
325 32202 34008 51 132130
326 32294 35477 81 111277
327 32331 35787 59 39152
328 32475 36492 114 226108
329 32606 44150 75 416549
330 32608 34313 47 45586
331 32922 33931 17 18708
332 32942 35437 110 147113
333 33167 39993 25 203272
334 33182 35306 105 191145
335 33197 35316 6 3467
336 33345 35941 105 62676
337 33447 34348 8 6564
338 33676 36502 8 12096
339 33697 35466 21 11488
340 33742 39223 51 141784
341 34464 40503 76 111923
342 34472 45033 8 31051
343 34599 40175 98 301061
344 34762 37787 134 144802
345 35116 36883 18 15893
346 35171 35724 118 59714
347 35383 36783 66 76959
348 35587 36460 143 50376
349 35616 36259 40 6799
350 35742 37385 29 5984
351 35747 46089 45 325422
352 35840 37878 98 69524
353 35932 38580 23 146287
354 35955 36540 21 6400
355 36150 44209 4 9490
356 36222 40257 71 55504
357 36358 44052 7 7088
358 36512 40446 93 124283
359 36742 37995 85 85862
360 36838 37771 41 14551
361 36979 38034 4 1409
362 37122 37359 21 3966
363 37186 41925 113 328194
364 37351 38439 76 60403
365 37651 43498 39 52666
366 37704 40255 18 26487
367 37734 38759 54 34948
368 37772 43098 23 29591
369 37794 47847 43 208135
370 37913 38081 17 1013
371 37964 39591 84 136092
372 37979 42128 27 30359
373 38263 38904 21 6750
374 38359 50374 129 205803
375 38484 39295 149 35626
376 38560 49941 26 153650
377 38590 41232 36 25096
378 38599 40093 15 10019
379 38614 41051 73 86107
380 38739 42279 54 68879
381 38922 39092 41 5676
382 39278 46363 77 163904
383 39281 47168 4 20694
384 39492 44949 29 31244
385 39564 41816 84 45316
386 39732 41819 125 53167
387 40087 40335 123 21470
388 40453 46418 103 278143
389 40510 40831 71 32234
390 40621 56151 109 344893
391 40745 43826 20 9450
392 40925 45863 45 191985
393 41003 41726 125 35097
394 41260 46129 45 52955
395 41430 49161 56 103375
396 41435 45943 33 44744
397 41485 43890 128 237426
398 41586 41752 59 2655
399 41592 44009 17 20371
400 41687 47073 133 176526
401 41832 47190 81 93329
402 41833 42784 55 45802
403 41892 43260 88 81738
404 41978 50471 120 567250
405 42162 43598 73 56460
406 42275 45229 52 102990
407 42309 45215 74 172067
408 42645 42711 77 1517
409 42761 43041 9 2821
410 42781 44062 146 48757
411 42807 42862 86 2227
412 42891 44342 64 39998
413 42908 48713 33 93908
414 43180 43594 48 5739
415 43234 43523 42 8833
416 43300 52921 25 137905
417 43379 43938 60 11347
418 43392 60590 145 1590912
419 43415 45344 104 40887
420 43542 54365 6 53951
421 43571 50401 104 236936
422 43614 46156 139 160439
423 43623 44023 46 14444
424 43737 49332 130 310619
425 43843 47094 51 105008
426 43860 44757 19 16351
427 44246 47030 52 43612
428 44251 45067 107 11851
429 44252 46053 77 77577
430 44304 48573 21 37115
431 44640 44731 65 4274
432 44799 48708 11 14554
433 44801 46889 38 59349
434 44846 45753 90 30989
435 44912 49991 33 60477
436 45026 48234 44 145365
437 45145 49517 96 108248
438 45255 45676 22 4559
439 45256 46979 71 46173
440 45294 46747 16 15516
441 45516 47150 33 19254
442 45633 48810 125 126708
443 45805 47593 59 33814
444 45829 46295 7 1374
445 45906 50080 30 83022
446 45972 46339 145 38272
447 46165 48200 33 11976
448 46241 47402 57 29592
449 46327 49180 79 80719
450 46343 46790 15 3371
451 46391 59180 51 395133
452 46490 46987 7 4445
453 46558 57285 8 37335
454 46581 52485 43 81093
455 46605 58872 39 239106
456 46879 47727 48 31271
457 46933 47239 47 6172
458 46981 50508 51 163621
459 47120 51634 19 40033
460 47163 48576 23 33819
461 47209 47725 11 2359
462 47236 49233 55 47145
463 47253 49088 10 14701
464 47432 49597 113 78329
465 47456 52734 118 249417
466 47526 47780 18 4455
467 47550 49140 100 162826
468 47588 48872 45 14916
469 47853 51726 13 21203
470 48018 58052 6 52048
471 48125 49749 72 51908
472 48145 55123 70 169810
473 48223 52622 38 57092
474 48347 50698 143 154161
475 48515 52767 6 9451
476 48572 50463 91 91965
477 48589 56573 124 426837
478 48727 52115 58 85780
479 48728 49238 144 41276
480 48760 49520 49 11718
481 48819 50469 113 67098
482 48883 50102 126 73294
483 49094 49196 8 1708
484 49154 51298 66 83542
485 49420 51578 8 5855
486 49465 55006 33 87470
487 49513 50477 143 148419
488 49800 50578 16 13487
489 50053 51030 13 7268
490 50089 63441 14 72335
491 50130 52667 138 413417
492 50254 59155 133 313324
493 50360 53490 56 59100
494 50387 50601 15 2099
495 50400 59531 47 97276
496 50498 52770 5 3061
497 50805 51444 89 35808
498 50898 52451 4 3088
499 50923 57778 94 141644
500 50959 55648 33 127374
501 50977 52783 125 127536
502 51003 55619 8 24124
503 51160 51356 94 7989
504 51234 51714 86 17702
505 51257 55410 133 454606
506 51315 51411 142 10336
507 51419 59494 56 109480
508 51526 52030 62 13700
509 51733 54320 123 121986
510 52335 54174 14 13388
511 52428 65365 15 51633
512 52566 55222 92 73259
513 52585 54700 46 28704
514 52670 52980 49 3017
515 52688 54152 17 23471
516 53079 55723 112 92331
517 53214 54267 7 3340
518 53261 60511 107 494431
519 53301 54878 35 31596
520 53426 55421 18 33877
521 53493 55719 80 69766
522 53508 53790 13 2607
523 53793 54423 27 9429
524 53813 57098 133 391479
525 53901 54805 34 4464
526 53940 55952 50 39912
527 54134 59844 125 288338
528 54240 54994 130 4245
529 54290 63299 70 173815
530 54457 56932 32 54107
531 54578 54677 39 3158
532 54598 55581 8 2519
533 54618 56192 97 41480
534 54680 56398 53 37880
535 54687 57290 147 150935
536 54745 61458 7 24521
537 54880 55654 5 1223
538 54911 58860 13 19192
539 54918 55141 7 757
540 55266 56562 83 40438
541 55364 56916 5 1626
542 55415 61781 15 65613
543 55499 59697 79 140462
544 55564 58569 94 96859
545 55616 56278 9 2714
546 55637 58621 4 2381
547 55678 59078 136 260915
548 55683 58591 13 9616
549 55844 56067 20 4131
550 55927 61789 122 443465
551 56080 63696 91 325637
552 56127 59585 31 48988
553 56472 59533 66 57527
554 56642 68421 18 97429
555 56876 57620 142 30955
556 56898 58365 9 3844
557 56929 61001 28 76861
558 56963 56993 12 373
559 57106 65528 126 432879
560 57130 57319 103 12910
561 57180 58025 8 4086
562 57183 59132 14 6514
563 57192 60682 47 109822
564 57260 67349 26 74492
565 57462 61746 6 7020
566 57517 68681 91 649706
567 57547 62114 132 301044
568 57600 65311 73 96116
569 57624 58515 92 136131
570 57722 59152 61 30258
571 57837 59401 31 54480
572 58067 58996 20 13488
573 58163 59040 82 28569
574 58213 58865 17 4734
575 58665 63321 21 40177
576 58716 61403 107 57954
577 58829 60087 34 8480
578 58930 63185 76 160210
579 58940 60739 20 9632
580 59463 60313 23 10612
581 59843 59882 36 1112
582 59857 61202 58 28867
583 59878 60700 5 2373
584 59993 62739 86 61951
585 60004 62373 121 167072
586 60058 71787 44 166609
587 60101 60466 79 27418
588 60231 60275 100 2055
589 60281 63592 13 15942
590 60404 61766 112 393765
591 60431 66769 125 810467
592 60528 60853 13 2170
593 60587 64346 95 358424
594 60645 66454 38 187151
595 60671 74990 108 444123
596 60672 62640 11 10652
597 60693 63520 78 90217
598 60706 62426 56 20791
599 60757 61562 33 15572
600 60790 65606 19 34804
601 60951 62281 79 101911
602 60974 61516 27 6375
603 61006 61532 4 1965
604 61073 62438 30 12298
605 61112 61185 14 368
606 61123 62293 64 53645
607 61328 61342 29 412
608 61401 71424 48 284875
609 61411 63281 9 14481
610 61456 71523 34 138390
611 61490 63170 12 4977
612 61535 64990 85 133133
613 61546 62012 129 27132
614 61646 66071 90 75413
615 61653 64182 102 83144
616 61719 65180 133 124985
617 61845 66221 12 76620
618 61969 62005 8 205
619 61984 66432 49 132336
620 62094 63105 7 2758
621 62120 63585 113 50179
622 62414 63153 53 16672
623 62469 62967 49 18603
624 62523 69436 37 111240
625 62567 65522 85 147338
626 62606 65051 97 166017
627 62671 63776 97 35737
628 62682 68903 30 168146
629 62700 66947 6 16041
630 62705 63349 56 9651
631 62710 67736 64 79015
632 63072 63812 63 12714
633 63122 70892 15 78438
634 63152 65487 92 114847
635 63197 71444 5 19299
636 63303 69289 25 124430
637 63491 66735 102 213235
638 63682 68248 63 85699
639 63755 65859 7 16610
640 63777 64154 18 3872
641 63926 65759 35 30325
642 63934 68284 45 104992
643 64475 65089 69 39829
644 64522 65342 31 9991
645 64531 67948 44 52444
646 64543 64922 47 13345
647 64565 66231 4 1818
648 64594 65210 95 41586
649 64904 64912 72 371
650 64965 66326 40 17561
651 65011 65143 21 3463
652 65191 67514 113 422057
653 65412 67419 64 114533
654 65429 80305 44 256768
655 65483 67966 100 109809
656 65491 66823 142 167627
657 65526 68927 146 327122
658 65541 66698 73 27980
659 65569 68340 80 36599
660 65663 67369 79 75228
661 65871 71463 66 230635
662 65975 65997 130 4061
663 65988 69583 53 63832
664 66182 69324 125 132592
665 66267 66300 114 3689
666 66282 67170 119 45935
667 66442 74764 6 31024
668 66602 78572 78 165387
669 66683 70445 13 25332
670 66771 68389 11 5892
671 66795 75013 115 428285
672 66943 71075 102 111979
673 67160 68133 100 98279
674 67378 67727 148 38372
675 67549 68848 11 5360
676 67739 68544 58 49356
677 67922 70379 86 265771
678 67973 72149 76 80597
679 68151 68575 95 18627
680 68197 70259 54 78482
681 68262 68868 15 5180
682 68292 74995 109 542447
683 68494 70351 33 27364
684 68614 69589 120 15422
685 68692 69367 60 51742
686 69059 69105 110 3728
687 69063 69978 5 1101
688 69252 70337 89 31554
689 69261 73000 36 55297
690 69486 73691 97 124179
691 69528 70719 83 75448
692 69674 71565 24 63792
693 69713 72858 17 39161
694 69754 72319 92 24222
695 69847 73298 7 7396
696 69852 76063 7 10935
697 69891 84388 36 272589
698 69966 74257 7 10567
699 70479 74449 21 36967
700 70610 71602 39 10413
701 70625 73042 18 20211
702 70673 75617 101 229084
703 70766 73236 59 27248
704 70803 72730 7 2917
705 70808 72427 10 10258
706 70971 78470 139 342300
707 70979 73117 37 49593
708 71031 72205 10 7211
709 71702 88856 94 571736
710 71721 81436 17 91937
711 71776 79069 144 216574
712 71993 77574 35 138680
713 72024 76201 13 21462
714 72045 85006 84 283205
715 72090 75232 20 15833
716 72095 73197 65 97965
717 72199 72883 47 35492
718 72219 75762 131 436457
719 72391 72476 83 1013
720 72412 72696 129 11008
721 72456 73930 13 24680
722 72475 74677 90 56074
723 72572 74706 144 238056
724 72587 74269 16 16251
725 72756 74320 38 32998
726 73058 76671 70 49298
727 73115 73712 54 12122
728 73128 74650 9 3634
729 73171 81165 44 68488
730 73175 78763 122 136182
731 73349 73461 35 460
732 73360 74601 89 40941
733 73576 79325 87 361078
734 73694 77323 117 96751
735 73949 74928 107 63190
736 74209 74759 45 12397
737 74300 78652 109 210217
738 74381 77697 32 25436
739 74386 85441 115 606718
740 74467 76973 12 11807
741 74520 74758 52 7473
742 74594 74836 37 3021
743 74866 86978 30 66676
744 75123 78194 40 36947
745 75138 79100 33 63312
746 75236 79050 22 54200
747 75375 83750 4 18587
748 75440 77624 12 34071
749 75627 77148 126 154395
750 75717 84925 6 61253
751 75743 81658 7 30029
752 75792 79416 98 92429
753 75796 83156 73 187104
754 75828 76402 12 2844
755 76114 80079 21 27046
756 76131 77822 10 3114
757 76159 77825 103 140614
758 76438 77950 55 27224
759 76537 76623 59 4725
760 76563 85779 128 449740
761 76571 77986 42 50573
762 76668 81440 14 36008
763 76717 79299 27 33024
764 76723 78029 41 23750
765 76761 77530 13 6321
766 77012 79190 70 40421
767 77101 82882 30 68620
768 77125 78507 40 30309
769 77347 80389 35 24838
770 77536 84376 83 178776
771 77639 78924 37 32480
772 77731 80914 96 74079
773 77793 78625 80 28648
774 77816 83165 110 465124
775 77896 81214 35 21340
776 78004 79890 127 418735
777 78039 79506 76 25428
778 78075 78418 110 41415
779 78176 78445 33 3956
780 78329 80638 75 86099
781 78343 80394 16 21003
782 78363 91312 150 775668
783 78371 80234 100 44783
784 78473 79382 59 29222
785 78482 79859 20 7110
786 78491 84978 10 21949
787 78643 81468 12 5924
788 78689 80294 4 3002
789 78793 80091 31 26126
790 78804 80892 7 5720
791 78873 79885 29 22632
792 78927 90439 78 416737
793 79048 79621 7 2444
794 79106 83216 20 53019
795 79162 80034 7 3466
796 79201 79290 55 2388
797 79258 80436 58 25630
798 79752 80184 148 41710
799 79827 89824 93 187078
800 80132 80541 68 20740
801 80166 85872 103 72280
802 80250 86267 107 227322
803 80383 83261 86 145914
804 80589 80764 14 1415
805 80657 81072 134 14455
806 80670 91999 77 155412
807 80677 82066 108 51563
808 80806 88955 40 144212
809 80984 87181 64 238329
810 81011 82745 139 128874
811 81168 81413 150 8402
812 81209 82629 47 33757
813 81282 81644 49 26601
814 81318 84866 79 91229
815 81395 89550 7 24485
816 81408 84406 6 24545
817 81494 90639 138 208507
818 81770 84804 23 32421
819 81935 82559 5 1203
820 81938 83124 6 5317
821 81991 83698 116 37666
822 82165 83493 29 18201
823 82180 83639 133 89416
824 82311 82443 9 1637
825 82370 88318 17 15897
826 82467 84828 9 7611
827 82484 83345 38 10490
828 82744 93876 57 216642
829 82846 83311 6 1126
830 82868 87147 96 226119
831 82949 83463 75 19650
832 82995 84514 128 128956
833 83147 88020 100 145949
834 83285 88901 115 394618
835 83369 85373 40 71499
836 83388 83850 53 14916
837 83414 85545 25 32677
838 83568 84226 79 34348
839 83911 85113 50 23776
840 83943 85048 46 16036
841 83983 84141 88 14700
842 84061 88372 21 43421
843 84165 85356 63 31752
844 84184 87467 25 60859
845 84218 84250 48 4186
846 84263 85284 107 123468
847 84266 88064 136 258014
848 84334 85118 45 11857
849 84465 85302 98 31675
850 84469 85880 140 81981
851 84589 86116 105 66301
852 84622 86714 51 88851
853 84635 85634 49 8884
854 84701 84714 19 127
855 84708 94242 41 396506
856 84737 86431 10 13288
857 84798 87755 57 67738
858 84943 86376 20 13705
859 85035 89899 70 290969
860 85218 87264 99 75702
861 85227 86436 40 23101
862 85350 87518 15 13330
863 85351 85454 66 8416
864 85528 88776 132 54809
865 85537 86004 80 21657
866 85705 86812 37 16263
867 85711 87239 131 136645
868 85714 90555 32 54533
869 85766 87689 124 119252
870 85787 87871 9 6490
871 85873 87403 26 15775
872 85906 85929 42 605
873 85969 90477 70 261617
874 86231 86586 7 1439
875 86278 90277 9 15651
876 86330 86622 72 29336
877 86430 87520 129 98748
878 86437 90593 17 44476
879 86440 87920 80 50289
880 86516 86656 105 2517
881 86647 88390 22 11365
882 86704 88100 107 37119
883 86739 95745 38 218087
884 86764 87379 12 3951
885 86786 88903 8 7582
886 86955 92332 125 288206
887 87044 87549 54 11353
888 87121 99086 98 546562
889 87148 95640 43 172459
890 87160 88082 132 45222
891 87168 90162 48 46822
892 87185 97588 93 771434
893 87194 87718 84 28986
894 87227 93833 126 451544
895 87367 89383 66 59930
896 87474 87674 94 4629
897 88088 89842 105 69229
898 88096 89432 58 54027
899 88188 92927 37 84593
900 88216 91156 58 32154
901 88383 93577 26 73874
902 88606 88611 84 283
903 88723 95131 54 84385
904 88793 89546 67 27403
905 88806 89238 62 17342
906 88816 89256 16 4564
907 88971 90190 8 3932
908 88988 95260 86 522721
909 89048 91023 136 168484
910 89185 89199 40 522
911 89237 92892 6 11862
912 89503 90441 65 16009
913 89505 93673 59 121663
914 89663 90662 60 16807
915 89737 90079 24 3528
916 89748 99379 5 36678
917 89783 94349 107 127389
918 89800 91029 139 149652
919 89804 89965 86 10541
920 90075 91552 43 31294
921 90242 91587 47 29691
922 90246 96449 17 98665
923 90258 94565 109 117576
924 90379 91401 48 33426
925 90640 95669 148 282580
926 90659 91114 149 35511
927 90686 91054 84 6659
928 90762 92540 32 10775
929 90768 92974 17 7301
930 90798 96507 13 23496
931 91087 92765 5 5492
932 91102 94074 39 31043
933 91162 91578 10 2955
934 91408 94683 47 197220
935 91507 92956 83 24342
936 91543 92585 51 9463
937 91561 93888 128 79376
938 91789 96589 37 59539
939 91800 92937 121 67645
940 91956 92986 113 26838
941 92099 93204 29 16447
942 92298 93370 22 11194
943 92393 92617 52 9992
944 92505 93340 68 32917
945 92571 96869 109 941665
946 92900 92995 12 560
947 92905 98209 45 74706
948 92910 93631 147 43753
949 93112 93128 49 836
950 93145 95329 99 111010
951 93302 95037 77 98459
952 93359 94363 5 3737
953 93383 94068 116 32927
954 93551 94454 148 38828
955 93602 95134 14 1799
956 93878 96039 81 96105
957 94046 95427 62 62584
958 94110 95004 9 16875
959 94176 94520 108 55499
960 94227 94322 137 5438
961 94281 98154 15 13068
962 94410 94919 133 43731
963 94457 94888 67 19162
964 94498 94715 15 1677
965 94573 94589 96 577
966 94580 98845 9 22495
967 94754 95095 46 6451
968 94945 96843 47 36017
969 95052 95538 143 21265
970 95142 96211 87 27102
971 95223 95300 11 488
972 95435 97925 83 217345
973 95635 97278 48 59844
974 95676 96076 115 39351
975 95875 98177 42 5730
976 95886 98795 20 20316
977 95913 97658 13 3422
978 96013 99011 147 61914
979 96073 97986 9 20238
980 96083 98144 52 69999
981 96278 98962 36 64368
982 96326 97543 63 40236
983 96455 98371 11 4731
984 96479 98172 77 77045
985 96485 97088 88 48819
986 96679 96801 13 902
987 96908 97525 120 40737
988 96913 97823 13 19615
989 97012 97809 122 36187
990 97133 98864 59 73482
991 97157 98830 127 64267
992 97181 98409 62 69426
993 97423 98676 52 32720
994 97620 97825 95 4204
995 97636 99082 19 7163
996 98254 99904 107 64976
997 98450 99327 125 64529
998 98505 98990 48 13182
999 98547 98901 13 889
