50 1000 0.073
..................................................
..................................................
..................................................
..................................................
..................................................
..................................................
................................##................
.................................###..............
.................................#####............
.................................#####............
.................................#####............
...........................#.#########............
...........................#..#####.#.............
.........................##########...............
............................########..............
.............................#.########.......###.
............................##..###.##.......#####
..................##..........####..##........####
...................###.......######.###.......####
.................#.####.......##.####.#..........#
.................#######......##..................
.................#######..........................
...................#####..........................
..................#####.#.........................
...............#..#######.........................
...............#########..........................
.................#########........................
...............#####.###..........................
.................######...........................
....................#.#...........................
......................#...........................
......................#...........................
..................................................
..................................................
..................................................
..................................................
..................................................
..................................................
..................................................
..................#...............................
.................##..##.............##............
..................#.####.............#.#..........
..................##.###.......##...####..........
................########.......#########..........
................#########.....###.##.##...........
...........#..#..########......####.####..........
...........#..############...##########...........
...........#.##############....###.####...........
...........########.######..#######.####..........
..........################...####.#..##...........
0 70 8911 19 52407
1 195 1485 68 46563
2 197 3044 131 151976
3 586 1542 137 85495
4 686 3405 42 61421
5 714 3984 44 12011
6 742 1766 27 20000
7 902 4293 42 21436
8 913 3599 64 190256
9 920 2227 7 4200
10 953 9634 75 223913
11 1079 2223 58 26873
12 1124 5235 25 54088
13 1163 1400 10 789
14 1186 2158 117 51587
15 1188 2423 59 55325
16 1190 2567 23 13048
17 1294 1407 43 1546
18 1442 2876 20 28614
19 1531 8381 142 294534
20 1741 3322 38 20123
21 1874 2151 113 13695
22 1967 2444 33 22364
23 1972 3641 5 3382
24 2036 4008 4 7212
25 2398 9552 131 203838
26 2401 2416 33 306
27 2426 10590 31 36395
28 2479 5843 10 17377
29 2756 11723 12 68842
30 2779 8865 14 14575
31 2823 3073 106 16253
32 2938 4209 32 23594
33 3037 7109 29 46300
34 3301 5263 139 132941
35 3404 10090 12 38765
36 3554 3683 126 3632
37 3688 11610 138 675995
38 3749 6425 100 53948
39 4178 6024 23 16435
40 4217 9339 27 198811
41 4270 9590 74 167580
42 4327 11549 46 91865
43 4517 5256 59 66446
44 4678 5463 105 27217
45 5028 6110 140 242461
46 5079 5148 96 3040
47 5088 8756 7 12800
48 5214 7615 63 114353
49 5343 5912 8 1508
50 5385 6403 137 24826
51 5438 6560 82 66042
52 5452 10379 76 201282
53 5472 9197 37 90236
54 5518 6346 6 1595
55 5525 14942 32 187475
56 5551 7464 78 133624
57 5609 10926 9 20871
58 5672 13659 66 246378
59 5798 12528 18 64737
60 5997 7054 37 26939
61 6002 8906 56 164181
62 6012 12044 24 57974
63 6116 6168 6 194
64 6121 9337 5 10331
65 6237 6489 39 2811
66 6413 8739 114 271258
67 6498 14195 77 171262
68 6509 9210 142 451158
69 6569 11906 117 377523
70 6815 13182 137 493348
71 6850 8933 28 25346
72 6940 9794 5 7495
73 6977 14306 39 230527
74 7088 14941 10 13428
75 7233 12401 144 274712
76 7465 15078 105 144067
77 7486 8383 43 9542
78 7525 10021 129 87533
79 7682 12808 82 184156
80 7726 9423 28 25794
81 7777 18019 28 128342
82 7858 12376 15 7935
83 7954 8617 26 5636
84 8198 8488 6 1740
85 8309 29208 116 311341
86 8316 9144 27 11892
87 8435 12126 25 46964
88 8561 8905 44 20376
89 8581 26805 32 176444
90 9023 17250 90 192423
91 9272 10279 85 28890
92 9345 33202 44 368033
93 9406 11108 39 58187
94 9461 21555 52 194190
95 9616 10703 26 25088
96 9650 10850 5 4020
97 9761 12498 118 77055
98 9834 21158 5 55265
99 10125 14673 62 101020
100 10403 13571 55 26268
101 10457 19509 119 305874
102 10470 11606 111 137608
103 10476 14404 45 138035
104 10482 21830 7 30524
105 10544 21351 136 562418
106 10548 18141 116 461031
107 10725 21695 27 38702
108 10726 12484 106 44948
109 10778 11320 125 64184
110 10908 13677 148 114360
111 10923 14372 69 63383
112 11008 12960 43 78860
113 11137 16672 140 712585
114 11145 12553 24 8227
115 11226 13089 9 2880
116 11287 13791 29 30519
117 11324 17323 5 13015
118 11351 14903 71 157166
119 11361 12793 46 48190
120 11370 15439 118 98387
121 11373 14044 72 21867
122 11378 11456 15 402
123 11466 14937 150 369367
124 11525 13405 96 120001
125 11540 11820 54 13896
126 11700 17182 72 163074
127 11967 29793 16 93002
128 11976 15830 25 66545
129 12604 12948 19 1270
130 12711 15611 82 302089
131 12950 17013 50 107232
132 13001 14174 10 4335
133 13081 20102 148 253283
134 13194 16822 22 95069
135 13372 17082 30 71183
136 13560 19229 19 71195
137 13588 14805 88 48012
138 13609 19658 46 256559
139 13642 22551 34 208397
140 13675 15726 65 68434
141 13888 21313 140 511287
142 13930 21897 56 353375
143 14029 15226 91 194892
144 14228 14303 101 4626
145 14280 26488 7 54883
146 14391 14739 32 4479
147 14450 26407 92 192587
148 14499 16738 101 301076
149 14665 21503 36 60423
150 14737 14792 135 9395
151 14763 19510 111 184386
152 15222 16739 81 41976
153 15324 15879 13 986
154 15342 17264 73 124447
155 15387 17821 9 7042
156 15514 18825 44 21135
157 15535 17624 29 62174
158 15631 16821 10 5722
159 15785 16571 26 7370
160 16002 19325 94 159021
161 16060 16509 9 929
162 16087 21128 40 44160
163 16169 17921 5 3316
164 16233 24564 92 335458
165 16272 18429 44 51734
166 16398 19557 61 283272
167 16498 20354 90 196336
168 16546 18519 97 61880
169 16620 18920 113 181494
170 16826 25071 129 525890
171 17007 18900 7 11639
172 17071 22195 140 269083
173 17083 18828 131 236045
174 17146 25229 88 204760
175 17147 27831 69 308648
176 17220 20723 126 111975
177 17350 39818 45 477534
178 17383 21378 14 25832
179 17447 22747 107 109167
180 17484 21944 39 44866
181 17575 18901 15 11481
182 17756 31548 88 470480
183 17903 18218 127 24967
184 18071 18569 6 1521
185 18134 22614 129 314537
186 18183 18308 98 6316
187 18273 22915 9 45068
188 18407 28440 13 49760
189 18410 21946 76 122779
190 18603 19778 58 13271
191 18631 20068 30 32288
192 18799 23114 31 180733
193 18849 19905 91 17858
194 19080 24543 6 10629
195 19188 22947 102 190348
196 19214 19785 52 18983
197 19223 25571 49 231344
198 19424 21769 121 56818
199 19555 19943 13 2204
200 19615 23576 148 87194
201 19734 30867 118 647482
202 19890 21628 106 54442
203 20006 28763 15 55484
204 20250 22759 117 117080
205 20292 21281 25 6595
206 20330 29707 22 43459
207 20389 23797 130 149572
208 20454 22329 28 9919
209 20609 28171 14 88268
210 20717 28488 147 1090141
211 20733 22987 106 121656
212 20850 21617 6 5702
213 20856 21933 144 93623
214 20879 23759 6 5487
215 20932 24537 14 9188
216 21094 30276 24 83637
217 21137 22795 48 41747
218 21291 24628 83 114382
219 21328 24415 73 127926
220 21374 21500 23 1542
221 21384 28566 118 434780
222 21530 53756 119 1297698
223 21558 25499 30 27288
224 21713 24208 67 160589
225 21846 28050 83 157285
226 21877 24110 83 19874
227 21918 23678 28 19498
228 22082 27523 100 118248
229 22234 24858 10 17710
230 22248 24981 33 39954
231 22567 26108 19 52443
232 22672 26551 13 18549
233 22816 22846 8 182
234 22903 23458 87 17879
235 22954 26594 113 92133
236 23343 23427 82 5634
237 23360 27646 33 41238
238 23384 28392 72 317685
239 23440 24861 17 2729
240 23614 28112 55 179789
241 23729 34258 61 542570
242 23799 24750 5 1897
243 23813 25460 140 252393
244 23831 38765 101 701668
245 24264 26514 105 67996
246 24538 26991 6 9199
247 24643 26283 41 10188
248 24651 27739 66 92815
249 24781 24786 37 576
250 24931 25528 54 53110
251 25184 25300 37 2151
252 25197 25554 11 1184
253 25260 32642 51 125613
254 25383 26008 72 47781
255 25546 26983 4 1094
256 25931 27609 61 51902
257 25982 31708 34 120112
258 26001 32659 77 245853
259 26281 26739 34 5274
260 26380 26963 11 9854
261 26391 28179 27 17069
262 26595 29603 136 139789
263 26761 37398 59 185899
264 26765 28931 7 5206
265 26768 33479 43 147913
266 26909 32424 127 255334
267 26976 28530 5 5671
268 27054 40268 39 116573
269 27392 29610 109 412081
270 27393 30379 98 50007
271 27561 55828 6 90246
272 27842 30523 118 46288
273 27902 28132 115 10166
274 28030 30469 10 6446
275 28068 31265 114 103407
276 28180 31631 31 26600
277 28402 32486 129 233140
278 28602 31053 118 68664
279 28604 28879 129 26006
280 28645 31896 142 322618
281 28794 33946 24 95448
282 29002 35204 7 28138
283 29100 30116 21 5564
284 29190 30031 37 18787
285 29240 35237 106 110253
286 29316 41533 31 63114
287 29374 31865 121 160689
288 29409 32553 5 3635
289 29544 31532 7 5083
290 29614 30196 50 5653
291 29637 32954 114 182042
292 29997 42993 34 134176
293 30234 32294 40 68906
294 30374 32846 18 23210
295 30461 31133 146 99285
296 30491 40739 139 449908
297 30535 32652 5 10780
298 30626 30829 18 1333
299 30707 34534 39 141930
300 30710 32566 131 117676
301 30952 32329 30 12952
302 31163 35343 9 18400
303 31176 40112 53 405002
304 31554 31779 136 16387
305 31612 34060 124 62379
306 31669 35066 14 27790
307 31928 34172 112 119710
308 31955 46221 35 120003
309 31970 32338 32 12560
310 32024 35000 36 149162
311 32115 34849 52 99741
312 32245 35996 12 24893
313 32601 37686 99 202261
314 32602 32660 15 600
315 32790 34282 67 91332
316 33203 33278 14 700
317 33208 36759 111 264762
318 33282 34962 127 57437
319 33324 35199 15 6051
320 33438 38304 90 337868
321 33894 34124 73 20345
322 33939 34720 9 2596
323 34083 40290 18 82666
324 34156 38021 76 142331
325 34200 35404 87 41996
326 34219 35774 88 168729
327 34428 38359 58 292600
328 34729 35492 41 22647
329 34752 40406 5 12168
330 34817 34860 28 476
331 34925 37085 40 16894
332 34970 35986 100 110850
333 34972 37564 124 46936
334 34997 36138 12 9142
335 35138 38731 14 25360
336 35139 36437 112 41567
337 35209 35482 6 759
338 35221 36675 97 145806
339 35257 38719 17 28527
340 35294 43225 74 96258
341 35309 48219 71 245042
342 35337 37525 57 72071
343 35599 36075 9 5450
344 35699 38256 103 169070
345 35704 36395 144 41632
346 35824 43140 116 408563
347 36038 38283 62 56864
348 36123 38786 25 83689
349 36126 37252 44 9851
350 36304 38942 62 103461
351 36577 39328 6 8339
352 36605 39356 13 17761
353 36775 38496 92 161895
354 36785 47119 136 733472
355 36848 45281 39 168497
356 37056 41560 143 106275
357 37094 37236 6 193
358 37228 37499 139 23542
359 37244 37787 81 24252
360 37318 45827 130 134349
361 37376 39500 138 142585
362 37401 45622 135 624746
363 37561 49068 46 131445
364 37612 44942 18 49937
365 37767 39997 113 145372
366 37774 51876 109 875184
367 37815 44527 47 239246
368 38007 40269 68 33851
369 38056 41698 11 19369
370 38162 38375 41 5850
371 38257 38336 4 653
372 38363 45698 51 313654
373 38648 39245 76 38150
374 38662 38869 26 3328
375 38925 40958 118 79892
376 39276 41038 56 36672
377 39358 42604 81 61422
378 39484 44298 76 57083
379 39572 41329 48 45112
380 39631 42623 132 150720
381 39639 41956 4 1846
382 39658 45544 24 34199
383 39879 46910 66 173175
384 40131 41007 60 28360
385 40429 46283 30 76605
386 40565 42567 136 332157
387 40572 41344 131 40271
388 40711 52108 109 389802
389 40836 50408 22 89513
390 40902 41255 104 9283
391 40923 40939 49 417
392 41024 45065 27 45235
393 41093 43107 56 24885
394 41095 41581 9 4879
395 41142 41403 29 3044
396 41243 51262 5 45533
397 41250 44739 31 62853
398 41309 45974 10 17783
399 41442 42336 5 5804
400 41592 66105 5 53954
401 41686 41766 15 1944
402 41891 48315 122 580008
403 41938 45453 27 35502
404 41951 44169 11 6211
405 41986 55508 16 63407
406 42048 44380 130 166235
407 42132 54929 36 81872
408 42164 43915 43 26746
409 42233 43947 106 148634
410 42379 42708 45 1697
411 42485 44869 108 135408
412 42765 46933 81 141243
413 42835 43792 25 14527
414 42976 45707 91 271981
415 43165 45920 14 20608
416 43232 43766 90 20893
417 43609 45653 135 110930
418 43878 46615 38 51403
419 43982 44060 55 3345
420 44032 45107 24 4186
421 44218 45857 141 65969
422 44253 49582 68 99894
423 44316 46404 27 26910
424 44354 53228 10 17646
425 44379 45889 121 70328
426 44458 45320 5 1942
427 44695 47298 41 99940
428 44729 48188 64 112092
429 44816 47762 88 135247
430 44860 54528 125 241869
431 45019 47630 7 14457
432 45049 46839 29 18965
433 45399 47708 8 7563
434 45594 47589 12 5049
435 45651 48221 10 16420
436 45727 45792 8 627
437 45779 50495 41 230480
438 45871 45885 4 25
439 46189 51554 109 213158
440 46307 46761 15 5710
441 46382 59082 10 159098
442 46520 52506 6 20089
443 46547 50173 56 167763
444 46612 49138 8 6687
445 46642 55180 143 841489
446 46676 53048 144 396533
447 46718 47158 116 109176
448 46825 49845 19 75723
449 46842 48372 83 157721
450 46851 47795 138 56960
451 46932 51571 20 34894
452 47010 48309 34 60145
453 47045 49346 91 49297
454 47166 51212 26 120363
455 47385 48311 7 3034
456 47452 48598 87 26716
457 47542 56917 67 184382
458 47599 52673 53 98807
459 47602 50465 28 69986
460 47620 47964 9 1881
461 47696 50795 79 157461
462 47820 51046 124 159613
463 47827 65274 7 58615
464 47905 48086 92 14275
465 48006 48500 33 6928
466 48199 50206 26 17056
467 48223 50867 8 12018
468 48471 52180 9 7216
469 48909 51839 17 35822
470 48965 51236 97 35537
471 49083 51441 34 27133
472 49176 54285 15 53913
473 49227 53518 53 36784
474 49320 56509 81 174733
475 49427 58149 67 301133
476 49430 50740 60 49847
477 49524 52503 34 35739
478 49810 50517 5 2526
479 49968 52127 115 151741
480 49983 50282 50 4551
481 50134 51854 100 40903
482 50184 53888 7 10279
483 50328 51491 5 2957
484 50481 54445 4 8943
485 50618 51775 47 21322
486 50680 57182 123 310121
487 50691 52420 18 25386
488 50705 51683 123 83481
489 50747 52325 23 9694
490 50805 50872 75 2402
491 50959 52392 53 35389
492 51041 51071 11 111
493 51215 57787 12 33282
494 51348 55440 94 112093
495 51463 59734 7 15348
496 51513 53900 52 46558
497 51521 54169 66 83879
498 51545 57973 116 290448
499 51746 58584 41 224155
500 51916 52868 9 3167
501 52007 57334 22 51372
502 52249 58850 17 32922
503 52284 62276 19 39710
504 52350 53899 44 26978
505 52460 54393 43 40210
506 52556 56576 76 156905
507 52794 53459 68 18973
508 52832 54999 53 51624
509 52906 55064 43 33205
510 52984 55178 57 109558
511 53062 57945 130 288394
512 53089 61185 24 179546
513 53140 75310 39 151063
514 53320 60544 14 45753
515 53594 58231 21 52991
516 53706 55292 7 7050
517 53764 54585 118 51585
518 53767 59312 53 233697
519 53792 55959 54 61484
520 53829 55164 28 29371
521 53880 55580 84 57677
522 53925 59197 129 660080
523 53932 55141 80 55133
524 54114 57544 133 271843
525 54220 54387 34 4806
526 54373 58579 68 82708
527 54392 56320 97 121817
528 54409 55019 114 18287
529 54458 59420 89 157272
530 54509 56827 136 193900
531 54522 57859 33 23356
532 54548 57655 11 9334
533 54553 55336 118 14100
534 54580 54882 40 8500
535 54747 60138 5 8535
536 54791 59979 122 697030
537 54911 62987 48 215506
538 55085 55692 81 17884
539 55291 57899 91 137772
540 55318 57220 28 18374
541 55383 57968 21 14219
542 55398 58003 11 36034
543 55537 69645 25 275172
544 55540 58492 68 110848
545 55618 55816 18 2742
546 55736 58121 39 75717
547 55745 56565 23 12506
548 55763 55951 111 20440
549 55921 58674 33 50452
550 55946 56064 55 3117
551 56245 58024 47 22121
552 56265 64001 12 22758
553 56365 56401 108 1797
554 56404 68076 40 301222
555 56491 57415 12 9277
556 56548 64341 69 543058
557 56833 58348 74 68931
558 56885 58057 27 25500
559 56975 57887 57 49812
560 57047 66294 19 111455
561 57339 61736 46 36908
562 57375 61965 141 606635
563 57482 57876 56 20789
564 57684 59193 65 56027
565 57692 66069 57 86760
566 57726 59300 71 20794
567 57833 60324 92 54423
568 57835 63468 12 50998
569 57858 65433 149 216462
570 58087 58243 4 905
571 58101 59635 22 11662
572 58115 63304 13 44142
573 58136 60621 120 234570
574 58144 62133 69 94676
575 58229 59349 16 1745
576 58250 58621 10 2436
577 58627 61595 16 40992
578 58694 59607 5 7470
579 58805 59095 99 25703
580 58999 63589 90 444558
581 59040 63266 146 179353
582 59156 59821 112 44950
583 59263 60834 9 5313
584 59321 65920 112 245475
585 59382 60413 17 4753
586 59549 61223 23 18109
587 59851 62188 66 126723
588 59864 61564 41 37725
589 59958 60961 67 26478
590 60169 66704 14 65054
591 60181 66659 29 63136
592 60417 61205 73 33277
593 60426 60715 63 29186
594 60445 63123 16 22607
595 60469 61928 94 123718
596 60516 61202 8 2411
597 60529 61966 86 156034
598 60541 68332 21 49320
599 60866 68612 114 603580
600 60919 61089 18 2563
601 60938 61325 81 15536
602 61104 65048 103 362761
603 61198 63083 54 14839
604 61252 62121 57 25461
605 61357 61400 56 3830
606 61419 62227 14 7873
607 61672 62430 10 1011
608 61717 62683 148 67819
609 61766 63351 14 12827
610 61832 64027 42 86518
611 61834 62760 61 18048
612 61843 65196 79 145136
613 61851 69179 43 188379
614 61853 62326 120 20673
615 61893 68391 17 33762
616 61970 64669 6 7631
617 62492 63713 24 10359
618 62529 65469 7 45981
619 62713 67068 33 46478
620 62754 65162 127 331041
621 62803 72524 10 63201
622 62865 63148 43 2226
623 62908 64140 14 9569
624 62932 63355 87 12656
625 63022 63862 129 35102
626 63134 70307 115 225521
627 63154 66694 113 174115
628 63373 70618 53 143897
629 63380 64136 30 6671
630 63517 66821 40 50477
631 63616 64676 77 24710
632 63852 68433 98 140697
633 64313 64670 146 20738
634 64345 66151 24 22258
635 64346 64531 77 26627
636 64384 68639 98 261608
637 64511 65961 10 5152
638 64728 73609 96 136752
639 65011 65418 34 14370
640 65153 73076 97 204649
641 65211 69263 40 139147
642 65405 66561 7 22176
643 65428 68049 146 262934
644 65621 68164 48 63243
645 65628 72563 41 95695
646 65732 81160 32 299564
647 65759 67564 37 46051
648 65818 66699 27 11091
649 65837 66519 56 31195
650 65863 66719 138 40991
651 65932 68465 37 101652
652 65995 66911 29 18856
653 66002 73373 16 12733
654 66044 71827 78 181000
655 66109 70568 28 48545
656 66338 67499 98 143613
657 66421 69037 21 23839
658 66453 77196 43 222401
659 66517 67496 104 23952
660 66578 68219 121 99393
661 66678 71020 30 28763
662 66715 69516 55 121432
663 66751 73704 49 72215
664 66796 73583 72 149104
665 66968 70036 90 187748
666 66969 67500 6 721
667 67056 67587 127 35917
668 67078 71484 11 35889
669 67081 70124 22 24044
670 67088 69587 72 145998
671 67114 73617 15 75454
672 67175 67217 58 3355
673 67192 85797 72 429559
674 67313 68312 104 69790
675 67431 70911 100 123223
676 67607 68899 12 9568
677 67754 69097 25 3918
678 67843 70485 58 62341
679 67909 71843 30 26824
680 67916 70681 106 244778
681 68141 71673 14 10391
682 68241 74592 51 189396
683 68275 68896 4 805
684 68322 68915 17 1594
685 68442 75021 95 133590
686 68669 71275 120 88832
687 68694 76200 10 7461
688 68702 69367 124 104395
689 68718 70764 52 121767
690 68834 72682 61 133865
691 68913 81152 108 184951
692 68946 76723 90 267899
693 69165 83657 14 112940
694 69224 71008 20 23895
695 69366 73692 16 36621
696 69547 79006 149 247469
697 69669 70054 69 8740
698 69704 73879 47 170360
699 69793 73724 74 187713
700 69860 73088 14 11698
701 69882 72250 14 34401
702 70005 72484 34 40432
703 70137 75000 4 7473
704 70244 71490 148 105189
705 70248 73578 27 33684
706 70354 73475 25 19260
707 70423 72848 132 124264
708 70546 74477 64 115871
709 70726 72051 132 159135
710 70788 71631 29 11846
711 70880 72330 120 68301
712 70935 71352 16 4275
713 70942 76322 92 336608
714 70945 71617 138 42064
715 70984 71376 141 45632
716 71052 74010 48 24910
717 71070 72232 35 7298
718 71237 76265 15 18784
719 71299 77343 31 237803
720 71318 72509 101 85817
721 71333 74901 21 29609
722 71361 73252 81 105727
723 71410 74056 116 208746
724 71508 71926 12 3006
725 71725 73166 12 8017
726 71732 79157 68 214989
727 72035 73450 12 5994
728 72089 91647 6 59321
729 72249 74004 14 11463
730 72366 73160 102 44809
731 72370 77476 54 105482
732 72378 75535 113 65265
733 72485 74009 71 82112
734 72502 74233 28 34685
735 72528 79012 22 153348
736 72798 77154 112 114192
737 72849 79516 45 76558
738 72913 82074 27 123745
739 73036 75044 5 3715
740 73086 73620 18 3153
741 73127 74171 5 4716
742 73146 75490 105 69956
743 73224 76278 145 393321
744 73323 74070 44 12698
745 73462 75908 45 56321
746 73503 74546 21 21877
747 73534 73628 85 5833
748 73738 82011 95 307038
749 73755 82732 6 11357
750 73763 74642 88 74458
751 73768 77676 142 358148
752 73820 74630 15 4952
753 73856 77582 99 102716
754 73935 75915 114 204910
755 74094 86764 94 898809
756 74271 74427 39 4813
757 74339 79057 26 57268
758 74396 79302 110 186574
759 74408 80004 23 137655
760 74579 74648 7 198
761 74815 76424 12 21027
762 74917 75533 115 15153
763 74995 76217 106 197270
764 75094 78096 103 115806
765 75175 77633 10 7282
766 75283 75881 84 46017
767 75424 78110 79 160814
768 75483 79070 98 149366
769 75632 87378 88 532565
770 75658 81462 29 52915
771 75756 77425 120 82625
772 75764 76534 39 12412
773 75788 77415 86 101648
774 75841 79162 24 33153
775 75975 81663 81 150631
776 76194 76479 72 21103
777 76343 77368 143 39797
778 76386 83760 40 193054
779 76560 78447 55 91495
780 76574 77564 108 126311
781 76640 84675 135 343715
782 76683 77647 87 111485
783 76728 77641 97 77185
784 76855 85470 140 229570
785 76867 79436 111 80081
786 76931 83448 25 49208
787 77003 78307 83 93793
788 77184 80960 48 34110
789 77360 83935 72 250496
790 77539 81629 4 8841
791 77557 85092 104 327090
792 77558 78838 60 50004
793 77731 78844 136 43319
794 77862 93889 45 411825
795 77941 79304 88 77974
796 78059 79772 35 21307
797 78205 79433 83 50847
798 78277 83631 5 11179
799 78288 80951 89 48351
800 78926 80163 32 7593
801 79043 89349 66 293149
802 79046 81273 5 2793
803 79061 88427 81 227767
804 79145 80914 12 8055
805 79246 79348 116 3487
806 79269 85423 53 156245
807 79270 82903 81 104871
808 79355 81406 5 5203
809 79377 84981 92 178648
810 79415 81218 54 42098
811 79418 80472 23 8153
812 79677 81131 10 11849
813 79893 83729 9 8523
814 79914 83948 52 40640
815 79960 89024 70 135412
816 80068 81613 148 153598
817 80222 81824 135 98038
818 80259 86081 10 6638
819 80457 84836 13 18193
820 80670 86604 91 186535
821 80682 82567 132 188513
822 80750 82756 14 11182
823 80803 85006 11 49793
824 80957 82364 46 35333
825 80983 83654 37 30298
826 81036 84914 103 95709
827 81037 85270 119 326737
828 81045 83128 119 51556
829 81124 83169 54 99744
830 81146 81711 98 56058
831 81278 81381 91 7147
832 81430 85295 106 75398
833 81478 87685 7 39474
834 81744 82920 97 134822
835 81801 87025 134 153529
836 81885 84435 43 9975
837 81934 83209 74 52308
838 82016 88569 41 52611
839 82055 84487 56 41210
840 82073 82441 47 4780
841 82172 82344 71 11190
842 82304 86711 17 32699
843 82311 86263 148 910208
844 82390 96078 93 304172
845 82415 83150 28 16095
846 82457 83829 6 2640
847 82646 84706 61 44169
848 82648 83203 45 15959
849 82665 83938 9 10510
850 82686 83391 122 33796
851 82712 88670 27 40986
852 82817 86122 61 139017
853 83000 83496 99 12584
854 83191 83480 93 14482
855 83202 86028 21 18550
856 83236 91160 4 5095
857 83244 86231 7 5935
858 83314 83316 30 39
859 83380 83547 57 2906
860 83452 89431 118 125691
861 83537 84327 125 37163
862 83550 86802 31 37542
863 83564 88922 36 14739
864 83632 89960 111 615893
865 83637 86603 38 83708
866 83771 95624 55 155164
867 83821 83891 108 4328
868 83995 84067 9 853
869 84064 86495 25 16889
870 84276 86880 94 90787
871 84397 84463 13 471
872 84535 85484 7 7127
873 84656 89135 25 64637
874 85032 85535 123 24333
875 85048 86217 119 44744
876 85099 86369 46 25287
877 85382 88591 114 320889
878 85455 87430 126 92433
879 85619 89923 10 31131
880 85648 88176 23 18204
881 85748 86154 12 1635
882 85761 95959 8 33827
883 85909 86415 139 33096
884 85957 85990 119 2651
885 86063 86388 9 958
886 86118 89267 23 19458
887 86174 88231 30 22668
888 86361 98328 13 155225
889 86589 88699 131 228875
890 87013 90104 11 28143
891 87128 89986 64 31739
892 87226 90097 57 46094
893 87565 87645 103 5788
894 87726 88831 69 17142
895 87750 90441 51 60596
896 87774 90785 74 45736
897 87798 91106 61 82080
898 87839 88721 77 42475
899 87913 88238 84 56189
900 87931 88668 23 5916
901 88116 99227 92 318666
902 88145 89314 10 4872
903 88351 91837 22 19727
904 88395 89959 5 6955
905 88463 89729 59 12424
906 88506 89605 20 8680
907 88522 88784 42 2664
908 88563 94860 144 355244
909 88589 89225 8 1750
910 88727 90838 86 110454
911 88812 90850 133 263949
912 88817 97993 97 519411
913 88844 92555 8 22628
914 88889 95064 101 231858
915 89007 94959 28 61466
916 89114 94391 46 224787
917 89152 93246 33 33380
918 89208 90564 106 127451
919 89212 96673 21 53199
920 89285 93904 6 8427
921 89367 96902 100 266852
922 89397 89556 136 24005
923 89610 92958 48 62559
924 89952 93440 42 31027
925 89982 94280 33 30964
926 89997 93436 54 95108
927 90126 90835 68 19871
928 90218 90510 55 14575
929 90259 95901 29 44120
930 90286 94835 7 6064
931 90317 94945 84 199448
932 90335 91265 68 40804
933 90405 94285 144 253985
934 90480 93504 93 96517
935 90803 92942 124 83765
936 90909 96855 20 27750
937 91026 91315 6 1461
938 91081 91976 18 10238
939 91173 91882 117 38979
940 91428 95488 8 15275
941 91441 91690 12 934
942 91715 92180 35 4343
943 91737 92090 5 1021
944 91804 92940 24 11838
945 92093 93622 56 35487
946 92209 96861 125 243160
947 92224 96277 14 49580
948 92349 94026 100 79119
949 92521 95221 107 85554
950 92570 95778 69 83741
951 92830 93398 143 60280
952 92984 95962 23 16490
953 93106 93572 77 11309
954 93290 93704 15 3428
955 93353 94464 17 5599
956 93570 94768 91 52238
957 93665 95143 77 30465
958 93760 98537 42 51231
959 93836 97625 7 15125
960 94014 98171 8 6598
961 94058 97539 97 306738
962 94083 97630 7 20792
963 94141 99527 131 379028
964 94187 99113 126 175267
965 94282 94579 12 3466
966 94360 94782 36 10303
967 94402 96354 11 27343
968 94410 95599 5 2457
969 94413 97815 46 100065
970 94539 94934 100 17090
971 94861 96052 22 14339
972 95116 96464 20 19759
973 95129 97567 28 21297
974 95145 97193 18 10959
975 95302 95382 7 149
976 95435 96604 16 5855
977 95554 97250 73 99491
978 95555 96336 13 3362
979 95567 96345 6 5686
980 95626 96312 19 8680
981 95842 96324 6 2631
982 95888 97636 15 13850
983 95975 97130 112 48933
984 96014 96126 76 8180
985 96207 96736 15 10844
986 96392 99919 16 39127
987 97007 99661 59 149704
988 97408 97783 69 26446
989 97518 98266 135 17857
990 97768 97883 5 680
991 97850 99722 82 44422
992 98322 99158 118 30448
993 98351 99666 6 2645
994 98376 99244 86 36171
995 98639 98699 147 4697
996 98961 99850 56 105164
997 99033 99529 103 33548
998 99197 99276 9 573
999 99525 99957 58 10722
