50 1000 0.059
....###...........................##.........###..
..####.#.........................###........##.###
....####.........#..............##.#..#....#####..
......#..........#.##............#.######..#..#...
......##......#..####.................###.#....#..
..............#...#.##................#.###....#.#
.....##.##....#......#................#..##.#.####
...#..##.#........................##.....##.###...
...#..##.#....................########..##.####...
...#.#####....................#.##..########......
...#.#.................##.......#....#.###.......#
..####...............####.....###...####.........#
..####................##.....##.....##.##........#
...####.............#.####...#.......#.#........##
...####........###..######.......................#
..######......#####...##....................##..##
....###..###...######.#......................#####
#.####..###############.....................######
##.#.#...####..#.###..###...................##.##.
.....#.....#####.#.######.......#............#.#..
##..##.....#########..##...#.##.##................
.##.##......######.##..###.######.................
#.#####.......######.##....#####.#................
#######.....#.#####..#......##..###...............
##.#.##.##..####...#.##..##....##.................
###......#...###...###.##.....#.##................
..#..........##.......###....####.......##........
#..........####....##..#....###.#......###..##....
##.....##......####.##....#.#####.......###.....#.
###..#####.#.....#..##....#...##.....####.#...####
#..###.##..#.....#####...##....#....########..####
...##....###....#####....#.....##...######.###..##
...###...##...###........#.....#...###.##...###.#.
..##.###..##.#..###.......#.......###...#######...
.#....########.##.##..#..#####.....##..##...#.....
##....######...##..#..#..######.....#.##.......#..
##.###.#.##...##.######...#.####......#........#..
#...####.##...######.##......##.......#......####.
...#####..#...####...#.#....#.#....#####.......###
.....#.#..#....#....####...###......####..##.##..#
.....#..............##.......###.....###..####...#
...#####...........###.......#........#....####.##
.....###...........###.#........##.........#.#####
......##.#.......#..#..#........###.###.....####.#
.....#####.......#...####.#.........###......#....
......#####......##.#..#.##.....#####.##.....#....
......##.#...###.##.##.###.##....####.##..........
......#......####.####.##..#......###.#.###.......
.............#.##.##...#.##...........#.###.......
...............##.##.....####...........#.........
0 2 2088 26 21135
1 8 2954 16 37399
2 124 287 130 12019
3 180 5004 36 57806
4 376 3622 127 88017
5 594 5650 27 78546
6 632 18389 31 43061
7 651 1964 99 47685
8 709 9235 18 122083
9 912 18732 88 974002
10 1094 2574 88 100322
11 1208 3312 30 27899
12 1256 6154 5 8442
13 1294 1478 66 8796
14 1594 3717 20 7945
15 1754 7436 4 4677
16 2050 13961 72 349266
17 2075 9959 14 41464
18 2137 3361 45 74076
19 2154 4242 49 62418
20 2170 5066 140 122799
21 2197 6080 57 123367
22 2213 2884 59 31338
23 2221 3519 104 54938
24 2251 3477 150 65400
25 2729 3629 44 31519
26 2750 5751 111 87017
27 2779 3527 9 4105
28 2844 9054 143 646657
29 2891 6189 126 142034
30 2955 4690 47 38985
31 2997 4526 71 83057
32 3001 4277 116 59569
33 3162 4038 74 14376
34 3249 3877 23 4484
35 3673 3747 62 2578
36 3931 13356 66 586005
37 3974 6826 45 158650
38 4016 4092 27 1510
39 4049 6358 77 74383
40 4247 8128 16 25921
41 4260 10179 59 90850
42 4281 7380 139 113430
43 4282 15006 17 46085
44 4285 8655 103 90070
45 4349 4913 72 18945
46 4510 8701 39 56766
47 5047 11726 22 88732
48 5051 17589 114 612175
49 5106 20376 75 413777
50 5247 9779 7 5770
51 5253 8777 145 320800
52 5348 9513 118 108048
53 5390 5913 85 46544
54 5434 10891 51 129265
55 5480 10979 107 132474
56 5527 6530 84 62083
57 5847 6015 146 4852
58 5895 9151 100 143457
59 5910 13983 52 104385
60 6184 6626 98 19591
61 6191 9976 138 181434
62 6211 17281 82 351514
63 6286 6971 4 2795
64 6408 7571 96 58647
65 6441 11468 58 73972
66 6496 9006 131 77687
67 6688 16934 19 52883
68 6769 10614 77 78588
69 6810 7331 68 31477
70 6985 8515 112 87196
71 7172 17621 27 66129
72 7247 8482 80 52927
73 7366 10137 6 7538
74 7414 8148 4 1207
75 7501 9895 139 241842
76 7566 12495 94 118916
77 7569 10993 80 70800
78 7802 11710 95 787678
79 7827 16536 48 286527
80 7831 18602 74 334028
81 7840 13003 85 186259
82 8151 10320 59 81861
83 8230 12066 73 85888
84 8368 14890 48 105774
85 8518 10482 34 51647
86 8619 9075 84 5831
87 8818 9450 12 3134
88 9024 15474 16 53770
89 9223 12115 34 23344
90 9360 15223 80 196545
91 9434 32490 78 1350452
92 9595 10714 36 48082
93 9758 16572 100 271835
94 9900 15777 38 239140
95 9902 13253 101 250979
96 10054 13572 35 19388
97 10111 15670 59 28811
98 10214 15486 33 126508
99 10261 17753 136 397255
100 10468 12212 78 94870
101 10497 12688 83 199829
102 10521 19443 139 1048244
103 10611 10940 11 1838
104 10613 11801 31 30569
105 10699 20963 131 377582
106 10862 10926 24 1403
107 11042 14384 13 25635
108 11137 14588 7 8394
109 11309 13205 72 28144
110 11393 18235 11 14917
111 11429 14607 62 113310
112 11564 13781 14 20940
113 11658 13375 65 31427
114 11692 15733 94 138740
115 11792 12697 28 18264
116 11858 13408 7 3818
117 11887 14794 148 505850
118 11889 16836 92 121565
119 11949 21155 140 960939
120 11956 19911 28 29828
121 12040 18210 127 308065
122 12078 13787 96 70133
123 12206 15614 65 248897
124 12431 18894 14 17995
125 12511 20140 132 168674
126 12529 13806 85 60696
127 12738 15522 65 59392
128 12971 25015 117 439443
129 12995 16780 31 41168
130 13223 23076 142 787960
131 13401 13882 18 9108
132 13501 17731 7 18483
133 13616 19777 29 29422
134 13623 32884 8 73545
135 13775 26994 36 441403
136 13873 20526 37 59035
137 14083 22834 30 93501
138 14471 15383 44 15201
139 14508 15481 25 8408
140 14533 19179 91 265874
141 14635 22824 17 41361
142 14742 22440 83 154936
143 14744 15918 72 88871
144 14780 18990 54 78927
145 14835 18604 15 23707
146 15053 21698 86 148776
147 15314 17411 9 8050
148 15396 25472 9 95827
149 15428 17994 58 67418
150 15460 25239 63 224888
151 15546 16772 4 3735
152 15623 16015 5 1588
153 15638 17802 21 23437
154 15701 35223 28 451779
155 15892 17452 5 3226
156 15933 20020 33 59376
157 15965 27875 75 265501
158 15974 18397 89 199896
159 16011 19502 8 8006
160 16034 26641 143 358234
161 16163 16286 130 13236
162 16175 18449 62 130463
163 16190 25094 20 74156
164 16228 16380 52 3406
165 16280 17790 115 23335
166 16382 20938 109 201572
167 16444 22355 29 70930
168 16490 21856 69 196075
169 16538 19172 52 120655
170 16610 17569 12 18105
171 16702 17132 4 606
172 16733 25348 95 350671
173 16749 19209 56 78230
174 16979 21038 63 97743
175 17102 20678 57 111459
176 17128 18269 122 55171
177 17251 24074 61 258958
178 17283 17905 91 27946
179 17326 17404 31 3369
180 17392 25666 6 23672
181 17532 22325 6 23656
182 17734 24481 50 271982
183 17921 24253 8 14575
184 18335 18554 87 13658
185 18357 19311 15 3025
186 18420 19028 33 9601
187 18483 18788 144 30446
188 18619 19114 7 3058
189 18623 20187 82 64523
190 18776 22704 18 18491
191 18821 21104 13 3717
192 18843 19651 62 28723
193 18920 23733 71 218223
194 18941 23553 11 30421
195 19077 21541 97 322116
196 19088 25006 122 712995
197 19269 19468 25 1221
198 19286 19531 135 24186
199 19365 20888 93 130689
200 19441 21860 25 41979
201 19718 23417 10 24669
202 19731 20000 26 1671
203 19901 21064 53 18536
204 20064 38000 4 43783
205 20386 21265 16 6694
206 20417 21179 28 29191
207 20429 20913 23 2987
208 20437 22717 53 31305
209 20509 26566 33 58521
210 20548 28266 85 234573
211 20627 21389 43 22850
212 21063 31869 125 427763
213 21080 22434 29 9891
214 21209 24034 67 256481
215 21233 28466 105 240030
216 21260 27563 32 193024
217 21261 31476 13 31298
218 21351 35316 10 39895
219 21388 22133 82 18394
220 21451 21696 15 3019
221 21972 23089 25 8583
222 21979 24505 15 12699
223 22069 23167 58 64263
224 22172 26995 63 78156
225 22235 26953 109 190873
226 22473 23914 46 10959
227 22508 41225 130 801712
228 22631 23347 35 10991
229 22722 27453 74 107806
230 22790 23907 117 65513
231 22826 23692 43 26655
232 22835 27237 71 55854
233 22882 25781 18 24003
234 23058 28386 16 51793
235 23099 28797 89 285909
236 23166 25020 22 11096
237 23174 23541 115 18271
238 23348 35614 34 192003
239 23382 27147 119 151840
240 23407 24109 122 49834
241 23448 26319 57 68562
242 23487 30575 16 21576
243 23495 27547 109 56426
244 23587 24962 75 77629
245 23671 28441 25 70682
246 23764 26785 84 107999
247 23800 29556 66 410296
248 23941 24761 96 24427
249 24415 26183 19 11977
250 24460 27091 14 20581
251 24549 25467 139 43389
252 24636 28458 37 33353
253 24878 33297 96 280221
254 24936 27962 20 16293
255 25108 45669 23 152678
256 25113 30517 43 119969
257 25321 27791 11 16082
258 25349 26324 58 35744
259 25371 27746 70 82063
260 25611 27908 31 24511
261 25712 31168 72 385562
262 25740 27141 5 3209
263 25897 26343 146 76411
264 26001 30894 48 71075
265 26171 26805 46 18420
266 26461 27985 99 169255
267 26483 28773 83 101202
268 26655 38101 88 730114
269 26767 28675 25 11438
270 26887 29408 8 5853
271 26906 27250 126 31621
272 27095 27226 81 7653
273 27221 29799 25 53451
274 27239 28464 77 35966
275 27294 37624 100 355745
276 27395 34798 63 202790
277 27527 29528 97 69937
278 27905 29308 42 23035
279 27913 28323 65 8227
280 27914 32784 83 427909
281 27953 32370 132 133755
282 28079 32985 28 121239
283 28341 28472 28 1839
284 28379 38097 62 301901
285 28418 28483 100 4141
286 28477 34485 55 161214
287 28605 29981 51 17496
288 28666 40156 78 824123
289 28734 31994 41 39506
290 28749 33553 14 13692
291 28830 31335 77 159493
292 28880 29352 90 32578
293 29135 41656 26 223802
294 29329 29511 117 15473
295 29480 42599 35 117262
296 29510 33490 48 103891
297 29524 34127 142 322762
298 29531 29791 123 4383
299 29651 30658 16 23090
300 29857 32505 24 31403
301 30127 30661 20 9994
302 30315 32080 91 112935
303 30332 30631 122 12283
304 30418 35129 9 27101
305 30516 33899 32 35250
306 30571 33636 61 65928
307 30595 31408 61 41237
308 30627 40554 31 76255
309 30673 33680 11 14797
310 30971 31711 56 17070
311 30972 48936 16 147607
312 31016 33588 84 139159
313 31046 33615 5 3717
314 31055 35823 68 115232
315 31279 48303 38 111695
316 31298 32953 48 18910
317 31319 34769 107 290427
318 31337 32115 63 42628
319 31339 38838 144 878257
320 31346 38794 25 67715
321 31466 35085 12 18493
322 31548 40083 112 338236
323 31671 33599 13 29532
324 31687 31922 16 1405
325 31700 32110 27 3711
326 31928 34363 10 13689
327 31931 32595 95 32665
328 31970 38895 9 19501
329 32018 34706 56 59672
330 32044 34101 5 3276
331 32213 35485 51 79796
332 32223 38603 29 40892
333 32329 39018 117 187362
334 32407 33919 123 69738
335 32449 33773 15 16659
336 32457 39714 92 256337
337 32556 34169 30 24281
338 32558 34400 71 15382
339 32573 32918 104 21622
340 32601 40888 18 49922
341 32857 41038 111 563710
342 33077 40414 26 289538
343 33224 38551 4 14919
344 33320 62394 34 193790
345 33325 34087 148 64665
346 33403 34561 27 16424
347 33515 50711 101 375668
348 33547 35591 20 16322
349 33610 37886 15 17235
350 33752 35519 50 37976
351 33828 42568 8 31539
352 34005 35403 48 35659
353 34026 35692 108 119290
354 34252 46295 21 96307
355 34383 41703 56 244755
356 34435 45755 53 108315
357 34442 40562 5 58979
358 34565 37485 147 159721
359 34695 36484 11 14962
360 34829 35028 133 29804
361 34832 37463 35 40668
362 35070 38200 59 148293
363 35125 46861 86 336731
364 35194 40976 130 1045525
365 35195 45609 90 180811
366 35365 40333 22 60699
367 35411 36615 115 87631
368 35706 36819 82 9204
369 35794 36861 17 8547
370 35796 36482 28 6642
371 35922 36736 138 14972
372 35969 38839 60 74782
373 35999 36037 97 1269
374 36052 39266 65 128968
375 36116 42069 37 178792
376 36251 41975 39 165788
377 36456 36517 15 1633
378 36584 36799 114 25952
379 36610 42499 7 7387
380 36645 38043 6 6833
381 36717 37053 19 3484
382 36732 38580 104 147905
383 36801 38768 120 84819
384 36946 38003 53 42336
385 37156 38535 132 83693
386 37427 38598 93 52698
387 37430 37899 21 6695
388 37535 39247 69 56198
389 37671 37841 77 31988
390 37715 40181 112 364229
391 37774 39338 44 57034
392 37833 37879 20 318
393 37876 58332 6 34250
394 38096 39619 19 14996
395 38305 38650 37 5863
396 38361 40844 88 129996
397 38374 43457 104 188086
398 38569 39441 61 10053
399 38716 40272 94 87199
400 39209 39694 144 58539
401 39316 41248 47 32058
402 39439 46671 31 140831
403 39764 39942 91 13743
404 39966 43497 59 63476
405 40010 50149 84 280150
406 40045 42371 56 105615
407 40123 42119 9 6527
408 40169 44682 4 16079
409 40227 43126 101 129503
410 40321 43206 111 59144
411 40370 50022 111 379624
412 40438 44466 150 415096
413 40469 43365 28 31952
414 40967 44319 75 107222
415 40988 41849 77 38611
416 41199 41803 9 2818
417 41224 54066 5 21452
418 41301 42486 132 155885
419 41394 42073 17 6326
420 41402 45546 150 488492
421 41536 42616 27 31544
422 41602 46517 30 132273
423 41701 44377 64 98760
424 41728 45203 61 63562
425 41853 46251 47 199472
426 42156 43409 65 55856
427 42170 52500 14 94629
428 42264 44019 5 2133
429 42348 43243 75 15223
430 42402 51010 22 80842
431 42796 42986 16 1103
432 42804 43789 69 56405
433 42881 46163 59 154300
434 42889 49638 54 87182
435 42902 44051 61 42690
436 42959 57040 16 144391
437 42996 46184 112 79443
438 43115 52883 55 330236
439 43152 44570 35 13661
440 43174 49333 78 191481
441 43302 43659 38 6836
442 43331 48337 43 61536
443 43366 47404 11 16500
444 43543 52659 107 385803
445 43654 50604 78 222808
446 43804 47489 8 6864
447 43905 44745 43 29311
448 44005 44649 59 11902
449 44313 51565 6 27683
450 44365 47990 79 87861
451 44514 45360 38 14845
452 44523 46911 37 86334
453 44569 49629 147 230703
454 44610 46492 5 8203
455 45124 48482 63 169615
456 45137 61300 7 43073
457 45231 47316 66 54816
458 45233 49059 77 72097
459 45429 46681 143 27883
460 45471 56806 39 114695
461 45589 46674 103 106247
462 45655 48911 100 45456
463 45772 54855 14 43564
464 45863 46680 14 5618
465 45903 53484 84 137251
466 46055 49699 13 21234
467 46162 57085 8 19249
468 46360 50573 34 29224
469 46569 51958 16 119193
470 46611 49149 12 40724
471 46776 48258 29 19405
472 46943 53670 108 221126
473 46967 55537 122 160928
474 47081 52170 28 106490
475 47108 49911 110 86525
476 47199 47658 22 5943
477 47348 47772 18 2237
478 47645 48221 7 2318
479 47686 55718 5 51779
480 47816 49126 144 154387
481 48036 48744 58 20196
482 48090 62493 46 247753
483 48188 50731 60 68204
484 48272 54966 46 127766
485 48309 49635 142 53554
486 48355 50973 33 39877
487 48421 50527 51 114231
488 48486 52441 100 144424
489 48614 71772 123 1092017
490 48641 49409 37 16610
491 48681 50411 37 22140
492 48712 50029 54 36247
493 48857 50180 64 20159
494 48879 60633 5 20167
495 48977 72420 87 791388
496 49115 53620 150 257016
497 49277 52877 39 41394
498 49290 70499 8 61059
499 49296 51428 58 76032
500 49383 50213 31 6126
501 49394 52081 9 3685
502 49424 54061 95 113693
503 49436 51147 79 119221
504 49539 56997 34 1119254
505 49842 50626 7 1330
506 49855 50016 108 12024
507 49913 56454 121 653545
508 49977 59517 32 372429
509 49996 65549 13 67610
510 50066 51944 38 71773
511 50143 54034 9 13697
512 50183 56737 13 36608
513 50269 55516 68 122067
514 50313 52496 127 96865
515 50328 56347 35 64835
516 50385 64706 28 98817
517 50585 52891 17 12835
518 50607 51363 45 14628
519 50621 54841 114 344373
520 50685 55272 39 76660
521 50782 50859 10 230
522 50788 68784 57 353954
523 50839 52178 111 67309
524 50948 57762 43 303771
525 51119 54178 14 66014
526 51161 56969 14 31900
527 51191 51576 127 34628
528 51347 53591 11 4083
529 51364 53975 50 48749
530 51419 53741 9 9791
531 51530 60769 126 1739469
532 51562 53979 39 51533
533 51596 54240 99 204585
534 51662 52527 146 78291
535 51741 55252 87 128609
536 51900 54633 101 170383
537 51982 53200 68 32009
538 52048 52388 81 6696
539 52332 53518 140 25125
540 52453 63328 17 40661
541 52482 55554 140 484405
542 52668 55661 106 209922
543 52703 61662 60 427870
544 52785 53084 80 31701
545 52848 54946 140 91948
546 53104 63067 113 268606
547 53111 58822 46 72312
548 53121 55426 95 119868
549 53189 56191 64 70988
550 53316 53919 4 840
551 53367 53989 146 50267
552 53436 58940 40 68099
553 53500 54971 30 21729
554 53558 54064 8 1040
555 53640 61160 67 145538
556 53771 56009 122 200861
557 54026 55132 47 31865
558 54038 56319 84 71951
559 54133 54229 13 219
560 54307 64810 8 65464
561 54413 58221 118 303773
562 54468 58721 65 67782
563 54538 62708 82 450448
564 54792 56588 145 174008
565 54986 62333 80 549276
566 54990 59131 75 88446
567 55025 58134 6 7884
568 55126 55153 126 3925
569 55139 57352 20 21301
570 55163 59186 101 119770
571 55233 56464 41 49576
572 55512 58505 8 6097
573 55593 55712 71 5146
574 55713 55881 111 24087
575 55714 59378 86 135579
576 55733 61752 104 258338
577 55830 56841 88 129252
578 55914 60871 97 238664
579 55915 57488 7 4546
580 55987 62733 70 155492
581 56059 56178 6 740
582 56072 64009 22 117780
583 56100 60278 25 31131
584 56212 57096 107 34739
585 56648 57399 36 19512
586 56661 56828 39 5378
587 56706 58906 37 29387
588 56754 63296 27 246995
589 56793 62847 111 137480
590 56856 58326 42 19799
591 56862 62877 66 156249
592 56876 56976 76 3948
593 56928 63912 30 77583
594 57408 59692 25 38588
595 57412 57887 94 11485
596 57450 59797 75 56821
597 57523 59365 77 81115
598 57585 58648 122 34315
599 57644 63620 23 58826
600 57708 58945 8 3113
601 57749 59174 130 63939
602 57789 74150 49 450947
603 57844 59891 17 23365
604 57863 61294 13 26783
605 57889 61026 62 132355
606 58113 70809 14 52716
607 58267 68156 93 194893
608 58405 62734 96 186337
609 58425 59659 78 36025
610 58438 58475 54 340
611 58452 61112 23 24071
612 58541 62990 13 25331
613 58700 60522 20 19151
614 58808 61018 115 129233
615 58840 62739 30 33548
616 58982 72546 121 277234
617 58985 60828 28 35864
618 59020 60442 4 1222
619 59023 59923 6 3133
620 59080 64617 35 143962
621 59085 64823 113 509778
622 59212 59589 9 2525
623 59270 64956 76 214487
624 59547 60926 6 5739
625 59642 63187 117 456441
626 59826 61068 85 41754
627 59860 63889 63 50449
628 59914 61897 29 49224
629 60048 64439 91 204436
630 60134 62617 118 97716
631 60250 64791 123 328542
632 60279 64877 106 196876
633 60363 61636 134 51872
634 60431 64059 20 33400
635 60817 61073 134 12748
636 60861 66755 39 142465
637 60966 75568 21 147332
638 60999 63002 86 54772
639 61001 64006 9 7463
640 61305 68460 120 151106
641 61447 62268 70 12652
642 61570 66135 114 155449
643 61685 71674 9 41706
644 61874 67275 16 9306
645 62010 76273 25 207826
646 62100 69268 5 5816
647 62133 62762 41 8004
648 62163 66151 52 38923
649 62191 62821 83 51641
650 62266 65319 92 53903
651 62473 66805 97 122792
652 62803 63490 10 3075
653 62806 68216 116 261692
654 62923 63264 50 4485
655 62935 73350 140 222307
656 63177 63895 54 11191
657 63273 68947 9 38893
658 63404 63941 27 10865
659 63437 64171 141 72454
660 63533 77581 61 139470
661 63572 68835 88 197547
662 63578 70263 18 158290
663 63882 72242 127 718809
664 63995 64149 88 6238
665 64004 64470 7 1382
666 64145 65878 143 104180
667 64205 68805 13 57949
668 64215 66594 8 5649
669 64276 74243 57 148187
670 64323 68175 62 115637
671 64339 71288 65 202354
672 64383 64806 17 6077
673 64406 75092 36 287898
674 64787 66582 68 121161
675 64885 66954 5 3882
676 64938 66336 66 74519
677 65001 65553 12 6363
678 65049 70783 82 371732
679 65166 69071 30 28707
680 65224 66554 92 21237
681 65266 66106 14 4186
682 65353 73610 25 92661
683 65582 81184 36 89378
684 65843 68080 28 29640
685 65864 67217 26 40194
686 65946 69533 18 32623
687 66460 78631 6 15269
688 66461 68766 126 112316
689 66642 72788 114 355776
690 66836 74497 115 515830
691 66947 68120 112 46507
692 66957 67436 16 7284
693 67141 68284 38 40055
694 67153 70761 46 61826
695 67279 70228 46 60351
696 67286 73204 126 416242
697 67456 69984 13 8213
698 67497 70246 63 34676
699 67529 70555 14 9648
700 67811 67898 31 1972
701 68014 70222 134 215384
702 68052 78058 19 176575
703 68103 71010 73 87023
704 68152 78495 42 240393
705 68366 69651 114 76463
706 68392 78313 15 47141
707 68527 72558 111 159363
708 68556 71568 147 174723
709 68868 73858 115 435026
710 68964 72809 7 14423
711 68990 84043 27 67494
712 69136 70247 57 54502
713 69171 72524 103 338149
714 69363 70119 6 1273
715 69439 72838 56 119134
716 69457 77593 82 105954
717 69510 74160 9 14921
718 69639 71611 5 2747
719 69968 77690 87 385778
720 70021 79599 7 73707
721 70024 70437 19 1689
722 70039 75762 37 67703
723 70053 78611 137 350148
724 70121 75037 5 11043
725 70238 95589 62 353926
726 70464 73801 5 3537
727 70566 73205 126 79631
728 70601 78731 19 100608
729 70710 71736 117 41761
730 70738 70921 48 4883
731 70947 74023 42 35328
732 70983 73035 9 8818
733 71147 75419 148 378820
734 71315 75645 88 203479
735 71364 75482 39 70584
736 71446 71868 97 19792
737 71476 85183 139 801241
738 71515 76315 107 228031
739 71628 71803 24 3706
740 71658 74112 102 164153
741 71814 76295 109 197057
742 72000 74122 71 77387
743 72043 78887 22 169602
744 72178 72281 47 2693
745 72430 72872 7 2214
746 72439 72715 6 1039
747 72443 73672 141 136501
748 72480 74848 121 136859
749 72517 72960 7 1210
750 72554 76504 144 574807
751 72749 75341 20 37321
752 72921 77812 86 203911
753 72929 75031 65 88912
754 72942 80521 52 196486
755 72991 75504 15 10115
756 73075 78683 81 201180
757 73091 75937 44 48959
758 73146 74818 128 190274
759 73214 76937 14 17919
760 73227 75424 21 35769
761 73243 77686 7 17070
762 73267 74056 137 41790
763 73322 85001 25 281194
764 73585 80308 65 240130
765 73586 76132 5 5466
766 74094 75073 16 7676
767 74181 75593 65 38741
768 74222 77388 132 749644
769 74259 75057 21 13032
770 74262 75164 107 44502
771 74321 75488 6 11487
772 74371 78690 46 36578
773 74838 75238 6 550
774 74908 75478 22 7335
775 74925 84885 65 160771
776 74945 77120 38 12277
777 74963 79437 11 11800
778 75039 80999 68 142118
779 75105 75522 13 5788
780 75199 79095 145 326691
781 75259 75397 137 22590
782 75326 76385 93 53071
783 75361 81352 118 265554
784 75416 75486 105 5154
785 75426 76205 53 18173
786 75558 76051 26 2541
787 75594 82301 24 118913
788 75624 83750 103 422395
789 75778 78259 64 97212
790 75782 83449 82 219425
791 75798 76324 86 31210
792 75912 77576 24 12692
793 75918 86855 26 100014
794 76100 78474 149 117339
795 76164 76820 5 1914
796 76168 77033 32 5704
797 76275 86141 147 919329
798 76646 77776 124 168934
799 76668 78161 5 3305
800 76976 78411 6 5743
801 77286 86175 58 127080
802 77320 83459 54 246896
803 77479 91326 23 147505
804 77665 81601 88 157939
805 77879 79993 104 73107
806 77898 87424 56 418942
807 77909 79941 7 10917
808 78336 81060 45 44284
809 78343 86391 49 65121
810 78379 79080 72 66527
811 78446 81138 49 82869
812 78450 80667 89 116856
813 78531 83441 9 46845
814 78676 80147 75 24748
815 78949 80639 131 136956
816 79102 82048 120 227784
817 79235 79276 109 1678
818 79281 81392 94 65465
819 79376 82868 14 22066
820 79476 81409 23 37523
821 79494 81205 97 89876
822 79507 84446 122 479022
823 79764 83074 65 65501
824 79789 80896 16 6210
825 79830 80203 102 22768
826 79839 90075 4 16781
827 79856 82701 27 24010
828 79901 80054 30 4086
829 80072 80602 14 6221
830 80494 80759 140 24064
831 80505 85351 31 101179
832 80511 81953 103 30989
833 80658 82100 5 5917
834 80809 83297 15 12326
835 80930 85603 120 606396
836 81051 87365 63 340033
837 81139 81343 25 3292
838 81143 84581 4 13102
839 81161 85146 69 45818
840 81216 81622 125 38612
841 81228 82845 101 71802
842 81320 82316 21 5716
843 81374 84371 18 21594
844 81425 81996 128 32854
845 81567 83639 80 74101
846 81576 82600 7 3322
847 81799 85810 103 336494
848 81902 82875 13 1799
849 82057 84213 6 13519
850 82127 83738 89 26967
851 82163 87506 58 382667
852 82234 84061 6 8961
853 82242 82577 32 8502
854 82350 83217 6 5920
855 82393 83985 108 63940
856 82433 83761 148 112139
857 82519 87374 108 223063
858 82532 83714 26 16862
859 82735 83326 37 13895
860 82741 83909 41 45997
861 82889 83140 48 12991
862 83045 84300 86 99303
863 83226 84304 83 47750
864 83292 94390 9 34715
865 83330 87050 46 94109
866 83335 93213 87 384293
867 83599 85020 52 77906
868 83600 94605 12 46329
869 83615 87269 51 125704
870 83743 87496 62 95946
871 83768 86097 7 3613
872 83788 90123 12 44716
873 83864 83882 48 962
874 83944 86875 4 3685
875 83993 88741 58 154548
876 83996 87714 58 78768
877 84048 87233 22 35167
878 84079 86535 104 364381
879 84102 92377 129 642380
880 84103 85606 102 89315
881 84178 85918 113 53235
882 84190 84433 16 2852
883 84214 84733 11 4421
884 84305 84942 24 9314
885 84348 85872 40 16556
886 84407 96542 64 193503
887 84510 86516 39 44778
888 84588 86192 68 35106
889 84861 88060 30 14794
890 85014 85238 70 9449
891 85075 87443 41 58911
892 85136 94563 39 151329
893 85194 90445 146 123543
894 85227 90659 36 70655
895 85308 92293 22 42416
896 85369 94399 5 27620
897 85632 86016 18 3254
898 85660 88277 32 22036
899 85891 97241 34 235607
900 85903 89809 49 61974
901 85935 87411 10 3851
902 85976 92470 141 277981
903 86169 86802 48 8009
904 86271 86613 41 9798
905 86367 86603 107 15969
906 86399 90147 140 437021
907 86406 88407 7 8186
908 86407 96475 36 103071
909 86717 87275 104 33781
910 86819 94494 42 111797
911 86888 89223 6 12995
912 87047 99663 49 187433
913 87279 90954 119 93532
914 87475 89376 93 75059
915 87491 90841 133 448792
916 87585 87963 26 7950
917 87607 94828 103 270070
918 87677 88264 4 1833
919 87788 88998 20 8786
920 87997 90987 19 21858
921 88107 93359 58 231098
922 88332 93273 64 337826
923 88645 89246 46 20473
924 88703 92373 25 43968
925 88707 89627 110 46475
926 88786 90224 141 46805
927 88885 97421 13 62217
928 88907 97150 113 657787
929 88942 95764 40 114840
930 89003 99744 29 99518
931 89118 90024 19 2625
932 89211 89330 19 2050
933 89306 91152 128 60244
934 89507 89897 75 25386
935 89551 89769 103 9676
936 89555 91614 11 21387
937 89653 92396 72 109306
938 89675 92319 14 16304
939 89689 89959 131 28133
940 90005 90850 13 11533
941 90150 91178 23 23758
942 90195 91301 9 3227
943 90325 94551 28 82968
944 90330 91144 21 5224
945 90349 91729 55 50783
946 90517 92572 8 10437
947 90737 95832 72 140144
948 90806 91423 110 62324
949 90856 91866 64 36141
950 90981 93886 17 50448
951 91038 97237 73 245501
952 91066 93526 9 5962
953 91168 92057 32 8412
954 91325 94138 5 10131
955 91461 94155 49 95687
956 91625 91796 18 1680
957 91690 96036 100 138135
958 91703 95290 75 144344
959 91727 96980 49 109300
960 91941 92993 93 62303
961 92004 94319 32 34624
962 92323 94940 27 10976
963 92431 93160 148 75457
964 92465 93054 85 38131
965 92506 93064 12 2122
966 92635 93837 33 14594
967 92653 98751 37 56798
968 92860 93749 109 81144
969 93583 96596 29 44279
970 93701 95501 20 20663
971 93718 94813 135 58665
972 93865 94348 33 13841
973 94437 95056 17 4466
974 94588 98341 95 85425
975 94598 95117 36 6839
976 94600 94939 75 53741
977 95084 99900 144 195830
978 95099 95570 132 11769
979 95269 98410 49 61921
980 95449 98205 28 17569
981 95642 97814 60 158443
982 95698 96635 42 22469
983 95852 97948 124 298307
984 95948 96364 22 8468
985 95988 98807 23 39685
986 96064 96136 35 4812
987 96285 99644 109 64052
988 96741 97676 59 55783
989 96745 97249 121 11581
990 96986 99722 144 365039
991 97245 98219 20 17889
992 97390 97520 76 2332
993 97894 97918 8 236
994 98434 98452 107 4268
995 98627 98826 38 5854
996 98636 99537 88 49922
997 99618 99625 81 400
998 99697 99839 91 6944
999 99741 99774 16 342
