50 1000 0.068
........................##........###.........####
..##.....#..#..........###.........#............##
..###...##..#.#........#........................#.
###..#......###...........#.....................#.
.#####......#####........###......................
##.###..................####....................#.
###....................#####....................##
..###..................##.#...............#....###
..#.#..............#................##.#..###..###
..................##...............##.###..####.#.
..###..............###...........#####...#########
...#.................#.............#..#.###...#.##
...#..............................#.####.###.....#
..##......#..............##.....#######..##.....##
.####.....#.............###.....######...###....##
.##......####....##..##.###.....#.#####.###...###.
.#........##....###...###........#.#.#.##......#..
....#....####..###....####.......###...##.....###.
..####...#.##...#.......##........###.###.....#...
...##..........##.......#........#####.###........
...##........########...........######..#.........
...............#..##...........#.#.#..............
..####............##..........#####...............
............#..................#..##..............
............#......####.#.........##..............
...........#####...###.###................#.......
...........####.#..#######...............###......
...........######.#####.###...............###.....
............##.#....#.#.#####............##.###...
............#.###........##.........###..#........
.............##...........##.......########.......
.............#........##...#.......#####.#........
......................####.#....###..##...........
..##..............#.######......#.......##........
...###...#..##....##.#..#.......##......###.......
.###.....#######.###....#.......#......###........
##....#####.##....#.#...................#.........
##...##.##...#......###............#....#.........
.....##............................#........#####.
......#.......##..................##........##..#.
......#......###............................#...##
.....####.....##.............#.....##...##..##..#.
.....####.....###............#.....#######..#.####
......####...###............###......#.###.......#
.......##....................##.......#####.....##
.......#......................###.....##........##
.............................######.........#...#.
.....#..........................##..........#.#.##
.....##.................##.......#......#...#.###.
....##..................##.............##...#.....
0 79 4616 20 22067
1 116 1456 61 45316
2 294 1730 14 6240
3 299 6663 83 245849
4 376 8818 14 49318
5 386 6553 98 561724
6 515 3806 8 8146
7 529 7313 8 56601
8 789 2793 116 159934
9 908 1019 9 1283
10 1059 2848 57 69676
11 1068 8181 129 414681
12 1403 7202 121 149644
13 1514 8160 22 86099
14 1611 7269 94 168822
15 1774 4068 35 111403
16 1810 3042 66 52656
17 1904 5180 22 17631
18 2102 2656 40 28519
19 2205 4291 5 5756
20 2239 4764 79 136669
21 2547 5479 78 84308
22 2627 2795 15 2131
23 2838 4281 75 38941
24 2908 11314 41 165805
25 2985 9448 18 18567
26 3214 8822 106 163358
27 3239 3853 54 26651
28 3355 7544 15 28208
29 3410 5603 64 49724
30 3448 5158 11 7340
31 3479 5819 78 75778
32 3524 7720 34 55482
33 3628 8277 33 149499
34 3721 4834 21 8009
35 3808 4025 18 1561
36 3927 5656 101 171287
37 3962 8308 17 40009
38 4050 6845 9 12293
39 4081 8984 6 8991
40 4167 5724 89 118892
41 4284 9684 142 346120
42 4350 5585 111 103634
43 4536 15234 62 462036
44 4580 5882 110 102389
45 4650 8917 45 41163
46 4825 4867 39 1158
47 4886 7361 41 40402
48 4887 8094 119 123542
49 4932 9993 24 99606
50 4972 5298 5 1539
51 5522 6731 128 82854
52 5553 13963 107 707622
53 5565 11029 115 223995
54 5587 8594 114 122556
55 5628 7325 24 14757
56 5662 9688 67 81613
57 5713 14858 35 65686
58 5734 7274 49 108586
59 5758 8613 98 116034
60 5787 8441 33 63161
61 5908 17680 46 345877
62 6033 8053 94 17331
63 6048 6584 41 16498
64 6056 9267 32 28151
65 6204 11836 145 755362
66 6208 8088 11 12177
67 6721 8848 61 114226
68 6759 18582 53 74615
69 6769 10904 142 422727
70 6800 8353 118 137571
71 6933 28938 77 592459
72 6985 12541 67 263260
73 7022 9950 47 24864
74 7321 11962 98 168986
75 7380 8897 91 52173
76 7469 12788 4 8814
77 7568 8590 22 6270
78 7686 12370 92 56210
79 8090 8290 79 10818
80 8313 9966 60 68951
81 8346 12662 119 156147
82 8420 10329 56 85977
83 8485 8863 37 21492
84 8749 9063 110 12362
85 8878 15397 91 374279
86 9135 10127 72 25630
87 9628 19907 79 255698
88 9775 9987 99 15613
89 9926 10177 26 3061
90 10009 21901 48 73727
91 10194 11141 35 11033
92 10217 20877 13 93296
93 10331 13546 98 117848
94 10375 12905 121 498131
95 10496 12623 18 18967
96 10497 23730 7 13248
97 10498 11472 34 7407
98 10565 13013 66 39844
99 10569 11350 139 177812
100 10661 14661 111 431657
101 10746 10891 47 3179
102 10759 11621 26 2815
103 10797 11134 110 29235
104 10825 12565 96 98634
105 10884 12904 12 10574
106 10905 18047 33 102253
107 11030 20122 59 355795
108 11105 11333 13 2234
109 11114 21097 36 192509
110 11430 11606 122 33731
111 11487 15534 51 96507
112 11569 11584 28 384
113 11802 13307 61 17916
114 11940 18093 65 176807
115 12188 13089 34 19883
116 12195 23583 41 201795
117 12235 20854 32 54564
118 12243 15653 23 61971
119 12348 15446 26 78129
120 12353 13764 29 15429
121 12535 13350 84 63414
122 12550 17489 17 18634
123 12607 15054 74 62958
124 12740 14840 113 90479
125 12746 18706 95 322852
126 12828 14755 37 10855
127 12963 13549 11 4049
128 13065 18448 28 79531
129 13143 15062 14 26411
130 13236 16577 4 7564
131 13316 18180 39 31502
132 13336 24127 111 539947
133 13522 13571 125 2094
134 13545 15128 24 23540
135 13585 14344 150 40483
136 13692 16251 42 89360
137 13715 15205 17 24011
138 13730 14644 21 4765
139 13790 15323 56 45824
140 13845 14526 97 40292
141 13943 14781 22 12696
142 13991 18527 43 74140
143 14043 15166 13 4315
144 14148 14974 40 29584
145 14372 17817 7 5016
146 14583 16161 85 155774
147 14646 20200 123 419172
148 14727 18538 145 558250
149 14993 16669 48 22588
150 15032 24921 137 601460
151 15441 16162 8 1169
152 15485 17964 122 94752
153 15521 25947 52 207084
154 15542 17148 47 58675
155 15588 17465 79 49010
156 15656 20625 118 202044
157 15676 15883 51 8800
158 16093 18428 106 246606
159 16166 17582 135 164170
160 16185 16728 27 11310
161 16599 21927 19 20068
162 16788 23071 6 12830
163 16828 17296 113 22637
164 17034 18985 7 7360
165 17132 17484 6 397
166 17135 17418 84 5255
167 17187 20114 125 125629
168 17264 17409 146 6519
169 17280 17310 29 395
170 17377 18390 19 10293
171 17451 20979 64 235911
172 17507 18593 64 22944
173 17559 22646 23 27551
174 17784 20774 27 52929
175 17792 20496 53 79073
176 17886 23030 18 22093
177 18041 20474 27 8915
178 18164 23346 124 97615
179 18218 22870 32 55084
180 18228 21727 6 9243
181 18340 21388 21 21213
182 18470 20517 15 18500
183 18502 19369 33 15833
184 18753 20233 139 86800
185 18790 23633 66 148730
186 18796 20013 129 26247
187 18817 18887 19 2243
188 18823 19955 122 58570
189 19162 19459 13 2386
190 19171 19655 42 6587
191 19249 26114 113 230911
192 19272 20648 133 69237
193 19420 23354 6 8763
194 19508 23088 88 534273
195 19669 23269 72 39269
196 19791 20357 58 23513
197 20093 20299 8 343
198 20207 24579 68 152838
199 20258 32281 25 222111
200 20352 22731 63 38291
201 20372 20452 52 6038
202 20417 23217 14 13825
203 20445 21563 30 26685
204 20747 20985 42 8615
205 20756 23026 9 18617
206 20795 33978 5 67043
207 20928 26294 15 15896
208 21223 24245 75 92428
209 21349 22336 73 12143
210 21363 22845 19 13785
211 21411 22327 35 89096
212 21536 21853 24 5841
213 21709 22290 131 49221
214 21912 23833 6 7300
215 22067 24315 46 31352
216 22187 27639 115 442060
217 22265 24357 4 6301
218 22274 26625 125 94773
219 22294 22763 69 18623
220 22333 23676 106 72260
221 22367 23594 16 15359
222 22420 23142 104 70281
223 22457 23658 47 11555
224 22634 26883 7 9199
225 22648 27178 150 342906
226 22733 23276 28 7433
227 22787 29223 89 184569
228 23144 26742 60 44728
229 23177 26278 37 47725
230 23257 25328 15 14842
231 23448 27819 45 90776
232 23817 24120 9 505
233 23952 26610 16 13119
234 24278 25552 7 3495
235 24340 33355 23 60782
236 24541 26953 22 58269
237 24545 27987 51 136561
238 24786 25715 118 98645
239 24847 34997 40 273680
240 24952 35834 69 498365
241 24966 27538 53 93903
242 25004 25495 33 7520
243 25436 34180 48 190766
244 25538 27425 7 9524
245 25564 26053 13 4194
246 25743 26922 12 8013
247 25884 31115 39 27280
248 25887 27904 42 47890
249 25935 27651 4 3992
250 26202 38215 5 34505
251 26263 29358 123 150038
252 26445 27474 5 1813
253 26792 29054 55 88004
254 26900 28776 125 100393
255 26997 29793 97 105873
256 27060 32355 148 180775
257 27257 33760 10 97404
258 27848 39030 54 437321
259 28158 34636 118 362187
260 28220 29634 99 71878
261 28394 33551 119 131126
262 28404 30193 55 36213
263 28410 31587 73 109970
264 28549 34261 31 102320
265 28825 30364 116 88479
266 28864 35738 24 112096
267 28907 31377 100 100009
268 29060 29417 20 5581
269 29115 30325 38 14252
270 29313 30020 78 13654
271 29470 29865 66 27094
272 29490 32471 74 73120
273 29501 29847 15 14771
274 29543 31389 118 122818
275 29699 32470 24 18783
276 29700 34299 60 138052
277 29755 31374 94 156723
278 29848 32052 22 27851
279 29999 32367 62 50993
280 30064 31492 19 13484
281 30215 34470 97 488170
282 30342 31416 84 56217
283 30523 32127 121 48349
284 30591 38995 4 18158
285 30656 36152 4 11347
286 30840 35202 135 232141
287 30846 31130 18 3388
288 30886 33875 47 117872
289 31257 32664 52 131297
290 31296 32496 11 11902
291 31336 34738 59 105028
292 31494 34845 63 144742
293 31501 36313 62 123307
294 31527 36126 139 311330
295 31599 31857 52 12343
296 31617 33727 53 36442
297 31876 37431 56 253358
298 31946 37281 11 23917
299 32274 33613 41 26154
300 32614 34694 4 8791
301 32854 35694 8 4798
302 33072 36073 10 5631
303 33214 38722 10 32395
304 33339 33580 34 5962
305 33447 33621 97 4269
306 33462 36863 53 154901
307 33547 36802 120 588623
308 33565 35548 43 81250
309 33663 45793 8 40443
310 33739 46152 26 50956
311 34021 35331 8 4581
312 34070 42105 94 333887
313 34098 36895 82 88635
314 34194 34354 85 6709
315 34385 38419 92 132998
316 34388 35711 11 4690
317 34500 34698 57 1933
318 34520 35000 145 72181
319 34735 37010 22 13897
320 34802 46579 106 504997
321 34830 35412 49 18040
322 35025 36535 16 15633
323 35128 43571 48 223449
324 35284 35909 77 40310
325 35285 35606 6 1984
326 35319 39908 18 48881
327 35344 49226 68 249482
328 35523 37446 7 6971
329 35750 39712 129 239477
330 35801 41596 9 16195
331 35806 45280 13 83083
332 35996 38946 129 269543
333 36316 38384 16 19864
334 36397 39301 54 287493
335 36483 41865 11 41834
336 36532 38426 70 38655
337 36545 41886 117 271368
338 36656 41767 8 24327
339 36707 39462 48 173839
340 36711 37475 109 31911
341 36786 38640 135 58968
342 36789 37767 37 28435
343 36808 37342 40 21080
344 36892 51241 30 166042
345 36902 49626 6 45961
346 36940 37230 52 6446
347 36990 39260 47 117304
348 37093 37115 80 1219
349 37097 50389 145 616282
350 37186 39447 47 31646
351 37190 39003 120 167442
352 37290 46231 93 703629
353 37311 37947 6 1679
354 37432 37888 21 3670
355 37549 37581 33 710
356 37585 44273 4 9321
357 37603 38749 102 164228
358 37780 39350 13 34569
359 37858 45511 20 212777
360 37860 44721 10 13336
361 37868 39611 14 6792
362 37901 38015 10 743
363 37966 39763 70 139144
364 37997 44093 120 117051
365 38203 41691 82 87570
366 38224 46086 10 16996
367 38253 48109 17 142634
368 38458 41043 50 64479
369 38462 41666 98 184508
370 38495 49164 117 209217
371 38614 40436 59 92218
372 38788 41687 6 3006
373 38813 43118 17 13809
374 38836 39103 9 1935
375 38863 44375 82 312667
376 39075 41230 63 52037
377 39104 39701 97 24845
378 39253 40368 62 31259
379 39429 39774 47 19262
380 39435 43526 115 118676
381 39560 49494 11 82549
382 39587 40253 36 6172
383 39607 39951 19 4689
384 39640 47636 130 667983
385 39650 40587 62 17148
386 39731 40781 93 73385
387 39787 40001 78 7056
388 39882 41222 134 52377
389 39914 40924 18 7141
390 39982 52780 121 667505
391 40257 46522 6 16904
392 40339 52762 4 47104
393 40519 40742 56 11594
394 40530 48531 145 637437
395 40586 42926 119 93190
396 40758 41464 58 21877
397 40772 42301 24 20789
398 41114 45660 92 48574
399 41127 41480 46 28081
400 41200 52035 52 101703
401 41275 45074 43 131053
402 41324 46130 44 87059
403 41344 45073 4 5524
404 41384 43090 53 32971
405 41390 50696 6 46426
406 41512 42529 15 17748
407 41528 42370 117 39275
408 41680 49147 10 41807
409 41869 42098 54 5528
410 42010 44516 121 86588
411 42043 45126 60 53847
412 42205 42406 68 10521
413 42268 46383 28 44136
414 42289 55233 75 362972
415 42360 42611 120 33078
416 42373 43672 85 32663
417 42401 43379 136 63574
418 42414 49576 14 24445
419 42498 49436 12 33656
420 42686 43092 134 9871
421 42750 44468 12 7023
422 42765 52020 11 68584
423 42800 48226 56 185133
424 42845 44994 143 320819
425 43075 47042 119 537727
426 43086 43123 16 394
427 43172 47214 5 5392
428 43324 45481 150 428708
429 43629 43778 106 5141
430 43639 52183 115 319179
431 43720 49378 61 189985
432 43732 46062 74 51981
433 44137 50439 60 322464
434 44161 46246 108 204789
435 44275 44848 29 5924
436 44348 50877 7 18820
437 44530 46146 129 48298
438 44588 44619 19 467
439 44673 45740 63 51207
440 44928 45844 35 35075
441 44967 45174 95 22082
442 44978 47956 7 11962
443 45162 50782 45 146650
444 45260 45879 38 18057
445 45269 49438 95 71278
446 45283 48033 50 40102
447 45318 49190 4 6674
448 45507 50513 26 65217
449 45563 51346 9 13496
450 45580 45732 35 4446
451 45627 57856 16 77108
452 45671 48900 37 95004
453 45731 49750 17 28682
454 45954 50286 52 34414
455 45955 56954 65 515512
456 45990 47498 26 20794
457 46439 51341 148 168228
458 46594 51740 69 118467
459 46706 47188 31 2484
460 46763 51965 56 663945
461 46769 47358 30 7956
462 46812 47627 80 49616
463 46885 64379 24 91164
464 46907 49757 37 29258
465 46909 47197 13 1726
466 46940 47435 15 2182
467 47073 49702 76 104888
468 47095 50465 40 29361
469 47106 47461 61 21423
470 47141 47851 22 6973
471 47207 52921 18 33260
472 47293 49629 27 25940
473 47380 48794 107 128978
474 47415 47423 115 510
475 47457 51447 109 128866
476 47465 52018 83 102010
477 47488 49879 52 79350
478 47572 47645 139 3295
479 47652 47883 41 8417
480 47682 52598 100 120364
481 47875 50661 141 319883
482 47926 56047 20 60748
483 47957 48566 90 53205
484 47966 57651 119 587202
485 47988 51478 85 207107
486 48024 49331 112 57805
487 48073 50329 24 20675
488 48250 54906 20 22602
489 48371 49691 74 32054
490 49075 53706 52 74067
491 49103 52319 64 77472
492 49107 52103 74 58727
493 49289 51180 22 23488
494 49459 53825 11 23341
495 49473 66952 127 441074
496 49537 56144 11 29985
497 49565 50845 89 57077
498 49646 55205 125 615389
499 49864 55181 25 25500
500 49960 51498 28 25808
501 50175 51271 93 36572
502 50355 54984 26 48384
503 50386 56418 10 15621
504 50857 55356 33 18831
505 50871 58671 21 51576
506 50965 54373 80 72238
507 50975 51592 27 6085
508 51040 52696 65 48957
509 51059 58709 49 178065
510 51361 54094 31 46712
511 51384 68263 27 138497
512 51525 53994 66 41991
513 51537 52279 108 55795
514 51628 58093 118 235049
515 51661 52477 73 17894
516 51666 58122 31 122100
517 51717 53749 52 164401
518 51791 53285 95 42161
519 51844 60952 75 279854
520 51934 53914 34 36907
521 52032 58542 95 207202
522 52044 54916 125 70984
523 52068 53446 121 58205
524 52470 58525 62 94841
525 52619 55084 9 22684
526 52644 58106 53 150763
527 52651 55005 24 57012
528 52670 55888 5 13281
529 52680 63240 116 582478
530 52847 58157 4 6528
531 52869 53452 45 33326
532 52926 63330 128 439199
533 53008 53022 71 586
534 53037 54361 51 29451
535 53051 60425 144 529283
536 53234 65234 100 344991
537 53250 53692 78 7641
538 53313 54808 108 41304
539 53315 53466 108 10714
540 53594 56256 97 103050
541 53622 59164 24 48778
542 53776 54996 118 33355
543 53962 54388 10 3560
544 54181 54699 24 4410
545 54235 55216 6 3460
546 54321 57735 4 9072
547 54512 61779 52 121655
548 54803 56165 28 29196
549 54944 63113 25 34645
550 55152 57185 129 152031
551 55166 55710 26 5635
552 55468 63853 67 205182
553 55473 81037 40 222737
554 55602 60070 37 116567
555 55677 60704 48 189556
556 55704 61400 106 410614
557 55846 60454 118 523370
558 56009 57789 130 96266
559 56068 58183 60 42133
560 56086 56581 138 30023
561 56101 59258 7 7393
562 56119 65311 32 233325
563 56186 59854 13 40580
564 56269 66902 13 37005
565 56271 59964 10 17706
566 56293 57666 58 47459
567 56323 57090 32 10867
568 56472 67791 82 512533
569 56515 58571 131 214490
570 56525 64128 103 342262
571 56574 63793 137 505168
572 56606 59809 18 42722
573 56927 61054 29 18882
574 57117 60405 146 353046
575 57257 59769 19 42045
576 57381 59224 5 6074
577 57447 57649 17 2522
578 57542 59225 93 156297
579 57602 60303 7 3836
580 57731 66864 86 102988
581 57761 60236 138 99660
582 58280 61287 20 26147
583 58352 60196 45 17873
584 58566 65951 65 533232
585 58581 64184 70 141365
586 58751 64920 43 67162
587 58811 60551 63 125968
588 58902 62442 26 26007
589 58929 59488 58 15716
590 58936 59118 14 2001
591 58977 61340 113 50684
592 59054 60040 69 57732
593 59209 79866 127 935467
594 59241 59701 32 8638
595 59453 60854 98 42493
596 59504 62305 51 113635
597 59531 59801 14 690
598 59704 59951 35 8665
599 59754 66193 21 71924
600 59960 67373 45 247107
601 60091 60304 143 18319
602 60110 61868 38 32489
603 60198 61184 88 59245
604 60447 65719 20 35977
605 60523 64220 44 88451
606 60708 61435 29 4193
607 60919 68686 8 27860
608 60925 61584 38 6826
609 61237 67535 26 119745
610 61404 64582 5 10566
611 61433 62580 40 9767
612 61522 64371 5 21834
613 61718 61848 18 1973
614 61874 69511 32 51429
615 62016 67797 60 276715
616 62244 63915 10 4807
617 62329 68052 37 84620
618 62398 62989 21 6989
619 62436 63384 125 117353
620 62461 63164 17 6572
621 62570 63590 28 14528
622 62885 67547 129 549053
623 62886 77918 108 365588
624 62887 65776 26 77283
625 63131 65450 25 21741
626 63170 66390 59 166165
627 63193 64166 149 141564
628 63603 69639 121 248817
629 63642 66903 64 40164
630 63969 64694 5 1909
631 64080 65346 55 23336
632 64083 67279 124 575376
633 64140 68274 67 104458
634 64173 64639 102 12403
635 64188 69013 70 199629
636 64440 65553 37 39449
637 64517 67555 91 138334
638 64666 67478 123 188356
639 64801 69258 67 198048
640 64814 75173 142 494081
641 64848 65530 109 46650
642 64906 65710 7 1489
643 64946 65562 44 12735
644 64996 73180 42 110739
645 65013 67337 80 92774
646 65244 70501 41 83973
647 65272 71311 146 400401
648 65298 67990 29 18568
649 65313 67502 99 94338
650 65370 70432 16 14468
651 65532 69109 124 219957
652 65533 66068 22 17673
653 65556 68015 52 19041
654 65566 69832 51 132249
655 65620 72628 79 178074
656 65669 67372 7 8855
657 65722 66735 49 26607
658 65733 66097 17 2808
659 65775 65935 9 632
660 65789 69729 12 15205
661 65814 70962 33 53923
662 66002 68310 6 9221
663 66166 66504 4 620
664 66206 69175 50 46504
665 66350 71824 82 159689
666 66538 68891 34 46653
667 66671 69288 11 26722
668 66688 72920 141 239983
669 66689 68488 43 41336
670 66848 67012 135 8405
671 67034 68951 8 10942
672 67118 69363 34 21740
673 67214 68581 29 34992
674 67304 69128 5 1406
675 67405 68766 9 7489
676 67454 69921 12 18346
677 67464 70227 11 7125
678 67623 76651 81 306166
679 67626 67628 145 124
680 67759 70447 10 19474
681 67773 68336 41 3671
682 67848 69688 98 127722
683 67896 73073 89 412510
684 67897 68764 150 110071
685 67921 71627 103 937163
686 67958 69601 129 147016
687 67966 69778 77 118628
688 68023 69471 107 66407
689 68071 68428 25 6270
690 68199 68742 28 6044
691 68238 68554 80 10382
692 68369 76225 14 18460
693 68384 79344 31 67760
694 68443 70846 67 205376
695 68531 78212 6 23784
696 68887 73751 7 10830
697 68899 69410 115 26583
698 69030 73651 23 24299
699 69400 71468 14 8656
700 69499 72432 7 14508
701 70107 70217 138 8392
702 70325 83133 79 211435
703 70334 74575 74 359754
704 70402 73917 28 64083
705 70414 81802 36 130784
706 70529 72161 8 2544
707 70684 77482 143 816367
708 70738 72455 43 44264
709 70765 72093 58 97626
710 70830 72716 99 20780
711 70944 72414 144 60939
712 71090 80963 4 27561
713 71121 71238 139 7147
714 71149 74467 9 13035
715 71308 72668 8 6869
716 71383 71564 6 928
717 71412 72258 117 33863
718 71451 77731 116 654688
719 71619 73044 50 32874
720 71727 74261 27 13289
721 71823 76263 9 13665
722 72005 73768 24 25945
723 72053 75167 61 176968
724 72100 72961 28 9356
725 72532 73231 18 7053
726 72792 73565 129 46512
727 72964 76947 121 98905
728 72981 74023 110 77014
729 73063 77006 6 17401
730 73548 76607 33 27337
731 73604 78453 126 303263
732 73672 74555 140 80115
733 73701 75590 128 106344
734 73721 77178 96 98146
735 73753 75819 15 34750
736 73834 74905 133 103368
737 74027 79526 70 138921
738 74053 78394 73 237230
739 74193 74703 137 46380
740 74214 75343 50 14741
741 74266 75601 26 9938
742 74501 78174 18 29967
743 74547 74983 27 8397
744 74865 80954 96 392431
745 74941 75108 143 9622
746 75165 83020 23 84363
747 75189 75480 63 4050
748 75253 76701 101 41164
749 75486 75499 29 125
750 75501 79783 57 71141
751 75630 77481 46 37187
752 75657 79615 4 4532
753 75673 78749 37 66142
754 75746 79689 9 9528
755 75794 85107 55 213898
756 75881 78040 126 364887
757 75986 78033 11 19807
758 76019 78115 103 182499
759 76046 76124 119 3308
760 76072 77256 85 43617
761 76103 77075 30 17738
762 76230 76603 15 14265
763 76274 81333 13 39405
764 76310 81222 31 145994
765 76503 81374 5 17222
766 76633 78920 146 439451
767 76641 84836 25 119097
768 76649 76869 6 438
769 76711 79156 5 5884
770 76748 83633 37 85885
771 76820 81358 148 258220
772 76886 85043 108 643024
773 76891 81224 5 3670
774 76984 78422 72 90048
775 77201 78289 107 71042
776 77223 83192 86 230543
777 77225 83283 13 48378
778 77353 77857 21 4242
779 77837 79489 10 20816
780 77944 83600 28 128181
781 78031 78070 111 1550
782 78175 83527 138 444709
783 78234 79611 13 11110
784 78237 78475 9 696
785 78266 81698 13 31845
786 78403 89198 22 239625
787 78564 81812 123 187477
788 78606 89706 40 148395
789 78859 81075 109 76588
790 78994 83118 6 18934
791 79060 79144 23 2118
792 79133 80137 36 26790
793 79138 82806 106 167830
794 79155 81101 14 12732
795 79174 79520 70 15393
796 79190 79504 52 7809
797 79191 82521 26 29798
798 79268 80202 17 3401
799 79470 81436 7 8928
800 79515 79924 148 19255
801 79551 84403 66 129970
802 79620 85510 94 372718
803 79654 83794 19 21140
804 79804 89335 63 239216
805 79940 83778 64 121180
806 79976 80673 15 1253
807 80076 80511 80 15293
808 80348 81258 12 1839
809 80355 83816 36 84159
810 80360 80944 21 5460
811 80451 90712 15 81662
812 80467 85784 143 357781
813 80611 90354 34 182682
814 80625 93615 19 80388
815 80828 82588 67 99541
816 80972 82638 8 12074
817 80998 85382 48 92173
818 81057 92364 5 36583
819 81137 81899 134 43887
820 81202 86370 8 7365
821 81285 95627 35 406498
822 81294 81541 63 18845
823 81398 91324 30 60111
824 81422 86908 108 311679
825 81462 88609 117 157717
826 81491 82533 49 7621
827 81640 81907 138 15748
828 81716 83587 95 88390
829 81754 86512 101 247962
830 81867 82974 86 37457
831 81911 86126 57 213193
832 81964 82076 115 34075
833 81996 81999 29 74
834 82030 82309 131 14817
835 82061 83849 116 78499
836 82089 82623 103 46243
837 82101 84430 26 19037
838 82196 82456 56 20275
839 82634 85893 31 168578
840 82692 89165 84 108778
841 82723 85858 59 12384
842 82782 89434 145 708599
843 82919 99869 8 38161
844 82929 83246 16 2194
845 82931 84284 142 79119
846 83209 85006 15 16587
847 83291 84141 78 70533
848 83322 86477 62 152697
849 83328 84378 132 113031
850 83563 84041 40 23899
851 83588 86722 11 22643
852 83881 86742 93 81829
853 83975 85012 52 25349
854 84104 88627 23 34763
855 84131 86613 117 152176
856 84300 89244 114 233354
857 84434 85285 9 6664
858 84494 90189 57 248945
859 84558 85333 125 54207
860 84755 85247 21 8279
861 84758 87550 13 32936
862 84911 87833 80 104127
863 85033 88936 42 42788
864 85095 85757 82 33749
865 85192 91533 111 349901
866 85234 85308 20 461
867 85451 91166 105 194674
868 85551 88451 139 142411
869 85575 86298 130 111074
870 85822 89182 54 35631
871 86023 86975 15 19187
872 86029 87998 68 11847
873 86036 90502 41 75678
874 86057 88360 88 24269
875 86060 86068 83 437
876 86076 86219 23 2022
877 86203 92003 71 77938
878 86238 94540 40 88483
879 86315 86972 51 12489
880 86343 86509 37 5960
881 86358 89888 38 13635
882 86368 93518 45 160849
883 86455 88460 13 12344
884 86491 89249 93 81516
885 86580 89615 8 7133
886 86627 91698 6 5756
887 86639 90098 139 181971
888 86806 89867 12 11550
889 86982 90968 56 170400
890 87113 93524 19 40066
891 87176 88824 89 60530
892 87266 94384 13 47563
893 87297 90684 34 61935
894 87515 89707 126 120508
895 87653 88256 25 5006
896 87674 90077 137 121611
897 87723 93635 145 752563
898 87734 89307 14 19774
899 87956 92803 5 17924
900 87984 89427 10 7691
901 88217 93862 136 583956
902 88249 88680 12 2320
903 88470 88641 89 12076
904 88482 91612 32 34489
905 88911 89597 132 76089
906 89089 91321 92 160511
907 89184 89991 13 1349
908 89304 91961 23 23861
909 89484 95822 79 187165
910 89533 92070 64 60845
911 89679 91142 77 88773
912 89880 93021 22 46627
913 89896 90313 15 4212
914 89933 89968 52 2025
915 90039 94801 21 21794
916 90054 98833 33 46224
917 90239 96903 37 137297
918 90301 91517 25 11162
919 90368 95096 43 244952
920 90417 92624 72 70700
921 90568 94395 98 138443
922 90730 91897 80 40623
923 90773 92104 105 98525
924 90893 96297 73 219993
925 90937 92743 13 19453
926 90997 92935 23 13969
927 91038 92927 95 69755
928 91127 93715 75 238333
929 91299 97727 69 139163
930 91335 92978 85 64098
931 91340 95760 5 5201
932 91685 95250 106 156369
933 91810 93306 67 30063
934 91924 99323 80 659964
935 92053 94380 39 65639
936 92063 92293 94 11863
937 92071 95112 84 214735
938 92265 96146 59 133451
939 92277 93313 34 14293
940 92361 94151 141 137207
941 92436 92495 52 1432
942 92465 94949 69 130080
943 92491 98362 94 204867
944 92494 92507 77 632
945 92617 93433 6 2215
946 92681 92882 29 3599
947 92732 92738 150 716
948 92770 98386 113 190688
949 92780 93136 12 5278
950 92795 96269 111 229897
951 92874 97016 37 56306
952 92928 95988 38 177891
953 93059 97273 79 233931
954 93171 94646 51 14373
955 93240 96403 12 16506
956 93258 93423 53 9626
957 93305 95591 6 19251
958 93312 94904 14 7310
959 93449 93595 58 4388
960 93493 99673 44 76625
961 93621 95105 120 46587
962 93685 97572 97 320106
963 93699 93892 86 8559
964 93851 95074 103 155163
965 93917 98320 22 109953
966 93966 97581 35 52457
967 93996 99095 129 266245
968 94001 99947 93 189652
969 94032 95274 49 32198
970 94116 99158 125 352102
971 94127 98097 40 17118
972 94177 97603 10 13684
973 94387 96350 52 22265
974 94453 98929 12 44152
975 94460 99031 70 127489
976 94490 95220 116 40374
977 94599 96249 33 20076
978 94633 97714 120 73965
979 94721 97166 54 55420
980 94832 96565 13 7203
981 94835 98343 75 125106
982 94975 97995 38 94787
983 95766 99516 9 22268
984 95874 96808 55 44999
985 95875 97326 10 7341
986 96441 97554 13 4447
987 96776 98792 7 8283
988 96951 97236 57 6092
989 96981 97566 87 15950
990 97069 97967 7 2288
991 97451 98942 80 38467
992 97505 97994 11 1804
993 98459 98906 82 14191
994 98530 99648 9 3408
995 98537 99615 87 156992
996 98647 99807 108 69812
997 98666 99285 87 20872
998 99148 99843 40 58990
999 99502 99923 58 7215
