50 1000 0.080
#####.##.......................######...####......
...#####.........##...#........#####....#.##......
...###........#..####.#..........##.....######....
....#.........#.#######...........###..######.....
.............##.#.####............##.....#######..
............###...##.##...........#.......#.#...##
..........#####......###.................#####.##.
.........#####.......................#############
............#.......................###.########..
............#......................###.#.####.###.
....................................#########..###
.....................................######.#.####
.......................................###.###.##.
.......####.........................##############
....#..###.............................#..########
...##.####...............................####.####
.#######..................................#.######
.#####.###...................................##.#.
.#..#..#.......................................##.
....#.............................................
..................................................
..................................................
..................................................
..................................................
..................................................
..................................................
..................................................
..................................................
..............................................##..
.............................................##...
.............................................##...
.............................................###..
...........................................####.#.
............................................#####.
....#......................................#####.#
....#.#...................................########
..#.####...................................##.####
.######.#..................................#.#####
...##.#.#....................................#####
..#######...................................#####.
..####.......................................#####
....#........................................###.#
....##......................................####.#
............................................###...
............................................##....
............................................#.....
.....###.##.####............................#.....
.....############.................................
.....############.................................
.......#####.#.##.................................
0 18 1795 118 65949
1 162 2428 27 73080
2 169 7818 52 516377
3 345 1449 44 37271
4 431 572 35 1443
5 452 17518 106 1590523
6 554 33854 128 2739262
7 558 2686 30 13896
8 596 8919 28 64006
9 722 899 9 1591
10 1110 21143 47 554578
11 1158 2525 5 10448
12 1245 2700 56 85277
13 1409 8327 147 297320
14 1464 21887 141 900552
15 1571 12886 23 156122
16 1727 3916 16 10085
17 1797 7458 48 118001
18 2027 12112 17 44588
19 2257 4735 41 18196
20 2382 3525 21 8611
21 2572 4267 93 99380
22 2582 16677 45 199004
23 2825 8041 35 31898
24 2953 5863 100 105678
25 2986 3495 4 1499
26 3058 27063 86 770728
27 3075 10870 144 521066
28 3109 13054 140 472634
29 3140 3696 135 31001
30 3288 3615 106 10617
31 3391 4217 127 141443
32 3431 8341 91 408983
33 3735 8492 10 31299
34 3802 5696 143 97601
35 4133 14340 50 153280
36 4138 7153 103 117822
37 4227 5398 10 6938
38 4277 6317 16 9420
39 4320 4361 77 1794
40 4569 11709 22 33819
41 4620 5579 106 25777
42 4645 5465 74 14520
43 4647 14987 74 117642
44 4716 12193 90 137333
45 4720 6360 130 58373
46 4789 13115 9 19495
47 4823 20171 73 160141
48 4857 10684 62 107313
49 4904 8555 49 40570
50 5031 6236 121 83193
51 5041 10370 11 11396
52 5196 6131 39 13603
53 5257 17020 42 302046
54 5282 6899 56 27771
55 5359 15570 95 946901
56 5489 7175 28 35087
57 5507 10241 41 66979
58 5512 7158 21 14139
59 5751 6333 123 14655
60 5867 10567 84 73429
61 6270 6674 127 24980
62 6391 8735 122 201050
63 6569 7148 108 64854
64 6697 7772 7 4179
65 6820 7983 42 58913
66 6840 7243 6 403
67 6906 7865 124 77309
68 6925 7828 4 2045
69 7002 13152 64 244085
70 7039 10770 46 66444
71 7518 11542 130 373127
72 7523 25609 110 613481
73 7708 8576 56 22799
74 7732 12576 123 182532
75 7858 17092 78 365974
76 7975 9405 20 20086
77 8113 9376 8 3195
78 8120 9299 123 86395
79 8121 11216 23 21318
80 8181 9079 38 20088
81 8260 22684 51 571237
82 8299 9465 129 121808
83 8419 22401 57 1075314
84 8613 9747 143 138116
85 8614 10454 92 68543
86 8615 29421 89 1493530
87 9006 18811 25 24640
88 9028 17454 138 436305
89 9085 19346 26 68700
90 9103 19004 53 174201
91 9144 9408 20 2163
92 9352 14329 18 63363
93 9368 11072 58 59375
94 9529 10017 84 38077
95 9733 10345 53 11303
96 9977 12204 73 68245
97 10096 16593 7 7179
98 10263 12705 35 36533
99 10308 31954 50 393254
100 10309 16508 25 15646
101 10388 10463 47 2088
102 10418 17416 50 113178
103 10756 11605 10 8384
104 10765 12796 43 13559
105 10791 15717 64 132793
106 10796 12322 76 105595
107 11063 24606 8 111901
108 11143 11664 60 22026
109 11319 14421 121 92279
110 11403 19545 45 81025
111 11406 11999 120 22154
112 11466 12400 37 12147
113 11504 16347 73 195668
114 11600 12541 56 16008
115 11694 18355 132 841592
116 11809 18652 59 264827
117 11933 14521 65 40258
118 12053 22836 6 30530
119 12106 14609 149 91012
120 12256 17202 6 13341
121 12528 19677 91 553270
122 12729 13525 92 35448
123 12759 17582 88 122725
124 12766 25076 35 82963
125 13043 24718 133 628021
126 13223 15417 22 9806
127 13229 14175 5 1582
128 13278 21428 61 215643
129 13342 30012 10 113476
130 13504 13675 14 1757
131 13582 13970 104 62163
132 13585 15167 18 36552
133 13604 20403 55 168160
134 13606 18876 65 81778
135 13747 22506 28 158607
136 13790 27746 106 1791679
137 13801 16356 19 13324
138 13814 15294 122 135512
139 13827 19663 42 85232
140 13904 26612 140 913167
141 13942 16155 87 57036
142 14025 23353 13 52248
143 14097 15557 119 78595
144 14101 31250 56 351472
145 14169 14772 112 52838
146 14179 15279 116 122325
147 14183 27688 26 102184
148 14381 24966 49 208324
149 14511 19956 117 362829
150 14630 18222 61 129532
151 14666 17654 19 27142
152 14705 15387 24 6958
153 14714 19106 21 45673
154 14791 18761 76 76942
155 14845 18826 42 44512
156 14960 21384 23 49722
157 15049 31732 47 312415
158 15082 15553 5 3931
159 15389 29491 118 634200
160 15496 16093 5 2434
161 15500 15774 8 3136
162 15543 27538 30 405564
163 15626 17284 25 17715
164 15767 16487 22 16154
165 15798 42711 132 1573757
166 15849 22417 17 161570
167 15895 18089 57 35359
168 15929 19970 10 6847
169 15961 16858 50 33572
170 16017 31609 95 436482
171 16019 16822 84 26410
172 16077 18311 34 43018
173 16087 18942 117 569448
174 16122 24819 117 262731
175 16156 21214 4 28243
176 16171 20515 100 246139
177 16179 16996 88 26076
178 16209 18588 25 31445
179 16251 21818 81 277711
180 16254 20488 25 218051
181 16282 16340 50 1732
182 16300 20507 100 160598
183 16401 23256 26 113963
184 16419 23062 13 24040
185 16701 19544 20 23590
186 16715 17630 6 7403
187 16766 23774 8 29865
188 16788 19287 34 68003
189 16976 20023 57 58590
190 17031 57850 11 123665
191 17100 21490 109 186010
192 17139 19037 11 4005
193 17146 21150 13 13725
194 17236 19597 44 14799
195 17262 27493 112 598635
196 17300 28599 22 119850
197 17389 18494 73 65839
198 17456 28473 126 1141779
199 17494 18144 7 2946
200 17504 30227 16 97970
201 17672 27304 18 106889
202 17707 29952 44 92246
203 17907 26868 114 202876
204 17959 21242 78 101570
205 18257 21882 25 52105
206 18348 23345 74 173153
207 18473 25913 8 29539
208 18506 18985 121 14840
209 18544 18820 6 828
210 18574 34388 115 623819
211 18628 27934 23 154059
212 18735 19477 72 37712
213 18789 49256 4 41052
214 18959 22263 21 14947
215 19031 23312 19 48615
216 19067 27468 107 187564
217 19095 26140 34 80870
218 19154 25271 149 291151
219 19161 21302 33 63761
220 19164 23496 19 88983
221 19243 21000 146 75125
222 19286 19753 123 33792
223 19513 20124 66 20585
224 20011 27279 42 148934
225 20128 21921 74 33289
226 20212 20314 7 528
227 20502 23153 6 8983
228 20603 23291 54 105410
229 20631 21225 133 34626
230 20816 29695 6 23870
231 20865 25842 44 93299
232 20879 23405 17 9922
233 20906 31285 62 121335
234 20908 22411 23 33009
235 20968 25881 11 5313
236 20979 22704 33 10174
237 21010 21710 142 83464
238 21211 25073 58 47457
239 21502 26511 61 210848
240 21513 22863 54 35861
241 21707 25740 94 554390
242 21766 24200 58 58598
243 21969 26798 110 203768
244 22249 24170 142 185135
245 22339 24104 18 7414
246 22814 26869 54 202973
247 22954 27384 69 77363
248 23053 54899 50 389804
249 23073 31323 38 212000
250 23121 24748 115 101648
251 23505 33565 48 271074
252 24165 47371 23 123026
253 24227 26592 89 132263
254 24526 36261 43 203329
255 24786 28061 4 5980
256 24846 27410 73 65201
257 24851 27669 30 40850
258 24943 27248 147 136505
259 25063 38737 114 539547
260 25131 34744 7 101597
261 25161 28593 121 137484
262 25197 54784 80 749461
263 25428 38298 94 310051
264 25461 29122 50 56846
265 25465 40204 119 1268560
266 25477 29660 6 12664
267 25716 32070 62 122270
268 25888 26323 6 729
269 25955 32560 85 241108
270 26017 33801 70 1082462
271 26022 50717 30 331338
272 26038 30904 63 131928
273 26330 29178 118 98431
274 26389 31707 58 265753
275 26405 30518 126 238272
276 26444 27016 14 6059
277 26480 32717 12 31626
278 26484 26504 50 597
279 26539 29914 25 43913
280 26757 28413 74 77255
281 27021 28186 11 11454
282 27029 32334 25 30603
283 27039 36413 12 30315
284 27052 36133 7 6580
285 27071 32671 10 9408
286 27161 34894 43 44025
287 27562 36288 111 714817
288 27604 30129 33 129404
289 27698 29670 41 27753
290 27741 34252 14 18077
291 27807 35309 95 209419
292 27945 34553 11 61194
293 28058 30127 120 89342
294 28101 36513 137 2020459
295 28172 43242 106 659348
296 28175 35586 88 300751
297 28181 31137 27 29275
298 28208 29435 35 23664
299 28215 41981 7 28207
300 28415 34181 16 53711
301 28471 33336 129 256964
302 28630 34345 77 191156
303 28642 29966 27 10343
304 28894 33218 115 361754
305 28905 32099 133 156466
306 28945 29650 68 58789
307 29078 35703 5 14371
308 29095 33778 75 65166
309 29141 45752 123 1452181
310 29239 30758 21 9727
311 29258 39986 145 1589368
312 29325 47051 98 315442
313 29427 37481 66 157713
314 29685 36570 34 154875
315 29918 30719 44 25731
316 30104 38422 5 34343
317 30135 30352 50 4542
318 30201 33548 25 29216
319 30248 37149 11 22758
320 30284 32636 120 146425
321 30332 30351 115 874
322 30356 35094 131 77489
323 30370 50966 124 873013
324 30442 30462 5 240
325 30445 30592 96 11936
326 30608 32623 45 13911
327 30649 34619 90 180653
328 30692 33477 45 164090
329 30839 33031 56 75029
330 31075 43672 12 29374
331 31199 33216 20 17187
332 31214 35994 94 557936
333 31271 34683 110 72538
334 31357 31406 149 9125
335 31488 36248 39 58784
336 31519 36101 5 7434
337 31541 34721 25 54849
338 31627 33813 19 7981
339 31725 49053 57 275544
340 31975 32655 17 12617
341 31988 34995 97 181447
342 32034 50320 73 272854
343 32123 36502 133 193875
344 32293 41191 41 89487
345 32318 37146 54 125328
346 32438 40374 34 50397
347 32633 42775 58 304662
348 32738 33550 135 61718
349 32761 40509 13 30689
350 32857 40629 81 258132
351 32886 36425 38 58679
352 33047 34437 5 4433
353 33055 37981 5 11652
354 33472 36338 18 18411
355 33581 39242 75 230954
356 33591 37162 51 107438
357 33676 44870 5 18868
358 33691 36755 27 81709
359 33710 35035 36 68787
360 33773 36410 63 74873
361 33825 36332 22 18189
362 33844 34239 99 17821
363 33953 41183 8 27146
364 34220 34543 62 8945
365 34274 37148 114 133093
366 34360 37450 7 9708
367 34418 39132 27 240331
368 34478 44340 34 121222
369 34489 35065 80 28546
370 34667 38179 12 9598
371 34902 50154 75 768202
372 34937 50939 87 492211
373 34949 35868 72 16022
374 34980 64879 50 484386
375 35026 59597 56 613893
376 35181 55178 5 32044
377 35478 38845 9 9504
378 35568 47085 124 557781
379 35728 50018 108 382292
380 35749 42543 100 797093
381 35830 37258 18 28179
382 35849 36226 22 906
383 35865 35929 48 1880
384 35915 37132 12 4515
385 36051 45914 62 341697
386 36056 41785 20 19816
387 36172 42805 79 110045
388 36175 39090 114 206217
389 36424 39143 30 14500
390 36489 37418 6 415
391 36518 37631 141 60529
392 36621 40479 122 272961
393 36820 41352 41 54230
394 36879 42293 85 296009
395 36893 40006 119 652351
396 36962 54182 33 470365
397 37014 63283 13 89057
398 37137 47233 51 120211
399 37296 46877 46 42073
400 37410 44592 51 143875
401 37426 38247 7 3022
402 37444 38908 22 18367
403 37456 43542 62 216772
404 37473 37610 147 3314
405 37489 55062 8 38681
406 37516 38931 83 46938
407 37895 40728 13 9868
408 37914 56638 17 95301
409 38232 41491 29 24029
410 38401 63391 34 436565
411 38423 52047 6 37598
412 38465 50895 55 349027
413 38523 42411 115 282708
414 38575 41430 74 41259
415 38711 40046 36 8010
416 38827 40506 97 99129
417 39300 40791 58 69722
418 39313 48059 88 249786
419 39382 50790 51 137602
420 39412 53128 18 83725
421 39569 45695 11 26131
422 39664 43165 47 210023
423 39679 50300 40 481993
424 39733 44220 130 360814
425 39773 40413 4 1391
426 39787 46433 22 116367
427 39915 45669 42 65247
428 39966 52453 37 135333
429 40005 40995 115 38872
430 40062 54215 9 26266
431 40076 43249 19 53254
432 40100 46292 45 333687
433 40108 42061 10 8338
434 40155 54662 13 54378
435 40167 51883 78 233388
436 40190 40623 49 7365
437 40287 49370 12 65409
438 40386 52778 33 158494
439 40655 41733 12 11829
440 40890 42772 36 39599
441 40907 41403 15 4330
442 41033 44564 17 40951
443 41186 53766 146 767522
444 41288 43638 4 13361
445 41295 49976 9 33388
446 41326 58511 10 37049
447 41337 42006 36 21524
448 41439 52557 8 75832
449 41449 66278 59 854497
450 41509 52398 113 244129
451 41520 42997 144 171256
452 41588 43256 137 68113
453 41621 44342 87 73658
454 41746 43594 8 5340
455 41784 44450 24 29998
456 41861 46903 5 17824
457 41936 71008 99 747998
458 41945 43137 9 11530
459 41952 43657 37 34023
460 42085 45681 115 142547
461 42121 59988 112 579896
462 42158 42284 48 2630
463 42473 43429 127 32441
464 42483 43800 93 139994
465 42559 42565 37 107
466 42651 57119 140 1795696
467 42906 44912 8 6074
468 43059 48364 27 116623
469 43194 58554 52 241624
470 43235 49501 5 17566
471 43456 53454 80 170184
472 43512 46525 55 97845
473 43623 45482 61 123029
474 43694 47256 52 58818
475 43757 63233 86 795103
476 43775 50169 67 148065
477 43817 50602 147 241592
478 43874 45440 35 15227
479 44299 44413 129 2807
480 44338 45733 21 14426
481 44421 44826 19 2530
482 44560 45530 96 101675
483 44561 60401 120 735492
484 44580 52357 104 215499
485 44755 45131 63 18540
486 44756 53155 89 356773
487 44828 54771 7 40186
488 44919 57082 98 320838
489 44953 47232 122 91028
490 45003 47353 79 34937
491 45068 45948 150 58806
492 45125 45804 9 11943
493 45141 45418 28 2244
494 45400 46383 60 36911
495 45401 45424 88 1286
496 45411 47324 124 61106
497 45425 75941 5 58320
498 45683 46665 117 33981
499 45721 48927 31 28588
500 46318 54797 43 190521
501 46412 56973 32 144024
502 46418 47027 6 5502
503 46613 63392 115 2502261
504 46620 47566 22 25642
505 46640 55283 146 860951
506 46647 48844 64 111316
507 46673 49393 54 64589
508 46712 47875 136 52154
509 46875 59044 35 176758
510 47001 50462 72 558702
511 47057 54478 31 92398
512 47355 49817 34 26877
513 47788 52604 12 23153
514 47816 51871 11 10315
515 47904 51835 94 212765
516 47988 55935 7 29467
517 48032 53934 24 137757
518 48170 53662 7 30154
519 48176 53440 64 247372
520 48320 50813 12 8226
521 48431 51840 14 18866
522 48507 50434 36 12049
523 48521 74287 21 153697
524 48578 49906 91 52539
525 48609 58153 77 431654
526 48754 49493 87 39524
527 48868 49322 8 1436
528 48969 50583 15 10620
529 49351 56178 80 253569
530 49471 53185 127 100877
531 49622 61290 145 680591
532 49645 61389 8 27083
533 49651 65416 133 2253278
534 49698 56198 32 176216
535 49704 52987 113 181927
536 49828 53774 6 19772
537 49985 56669 14 29058
538 49999 53538 44 111512
539 50070 58797 136 505524
540 50378 51366 35 33380
541 50406 61141 14 55048
542 50509 56089 30 75880
543 50562 51023 57 9457
544 50578 57765 86 316932
545 50580 52141 37 20892
546 50713 51238 77 16952
547 50730 56701 6 6292
548 50820 58902 8 15189
549 50935 59733 137 506373
550 50990 56051 64 171413
551 51089 69136 65 594525
552 51193 55002 13 13973
553 51296 54354 6 27070
554 51404 52317 125 23647
555 51718 53720 120 73687
556 51804 59785 139 738841
557 51839 55558 64 120530
558 52183 57843 89 223334
559 52228 61449 7 41701
560 52238 57260 16 21445
561 52288 55497 128 435677
562 52351 56728 38 15216
563 52397 56422 16 31984
564 52422 68661 31 200311
565 52597 55254 55 136766
566 52752 58739 123 89227
567 52793 53936 32 20395
568 52808 59314 24 67252
569 52815 54074 13 7303
570 53187 55326 20 18999
571 53188 58686 40 115483
572 53329 54306 35 8782
573 53459 65242 40 289955
574 53501 55220 89 46267
575 53585 53621 7 202
576 53586 68897 94 403113
577 53607 58913 10 57670
578 53643 58191 140 417598
579 53708 54669 8 2799
580 53907 55341 14 10456
581 54023 57322 6 8726
582 54031 55654 120 63110
583 54486 54778 98 15210
584 54511 55693 84 23766
585 54523 57405 126 387054
586 54576 63887 47 290915
587 54615 55149 61 28148
588 54664 58063 35 58134
589 54759 56928 14 6778
590 54793 57614 148 218942
591 54813 55129 37 7109
592 54826 55297 38 6344
593 55194 71722 38 132963
594 55300 59658 126 343384
595 55546 69635 39 163749
596 55594 77434 80 119354
597 55707 68570 114 1827041
598 55728 57481 9 13007
599 55811 59416 12 37983
600 55848 60984 74 189582
601 55880 60008 84 337041
602 56073 56803 10 1834
603 56091 58807 29 60748
604 56298 59190 148 176230
605 56413 66460 6 54240
606 56479 63224 15 21186
607 56580 57551 140 61824
608 56770 67088 98 686680
609 56775 61201 36 35862
610 56933 58335 17 4962
611 56971 76897 114 941296
612 57027 57739 121 56610
613 57223 61063 30 53690
614 57342 60105 12 6448
615 57384 58152 41 12377
616 57386 58347 72 23532
617 57389 66940 5 29891
618 57392 58034 36 26922
619 57616 65759 19 26188
620 57749 59061 105 87877
621 57811 72345 28 117021
622 57894 59686 64 134447
623 57928 61906 12 15490
624 58018 67064 23 79421
625 58435 60138 8 5779
626 58585 68666 35 159683
627 58672 58868 11 653
628 58841 61842 11 6208
629 58854 71807 5 45717
630 58867 63823 59 93318
631 58960 63970 111 300289
632 58988 62506 52 27113
633 59020 72998 13 56072
634 59033 67355 4 4116
635 59062 70414 26 129535
636 59107 74920 113 1035545
637 59143 70360 7 13344
638 59189 70429 11 51060
639 59202 64516 8 14141
640 59229 64361 102 247301
641 59312 59380 135 2075
642 59399 59629 74 8277
643 59563 71984 126 210067
644 59571 76929 97 1320817
645 59642 65093 134 430023
646 59692 63593 61 73620
647 59725 65345 114 559056
648 59794 61845 137 51427
649 59849 63475 6 11257
650 59949 81753 17 159256
651 59985 65487 113 191081
652 60115 60612 98 30042
653 60241 60818 121 18289
654 60398 68900 100 394747
655 60419 62669 50 16975
656 60899 66234 5 14541
657 60911 61725 7 7509
658 61111 81826 47 355767
659 61218 61663 71 26671
660 61310 69133 16 48873
661 61565 65255 144 137979
662 61588 68917 32 87493
663 61611 65079 7 7985
664 61784 69978 37 124366
665 61831 65535 4 11590
666 61994 63996 131 208152
667 62157 64357 25 68377
668 62158 70853 136 208010
669 62185 62738 40 8484
670 62234 63493 149 268800
671 62299 64313 50 55854
672 62364 82266 6 29945
673 62576 66934 125 148144
674 62834 87341 73 585803
675 62860 66384 19 14151
676 62877 70173 49 266267
677 62951 74378 5 29617
678 63084 76586 65 192928
679 63094 64331 111 36181
680 63143 87889 9 12126
681 63238 66076 5 3896
682 63469 72635 22 43411
683 63543 71915 87 460598
684 63590 66543 91 177492
685 63630 87719 128 1292921
686 63698 76468 94 1285850
687 63902 64355 10 2724
688 63959 64767 149 81650
689 64070 64294 11 774
690 64292 65239 100 58968
691 64327 65155 29 37167
692 64474 65128 134 65349
693 64532 84196 74 638005
694 64553 71221 50 256188
695 64740 74405 18 22066
696 64741 70413 26 67860
697 64847 66841 11 6971
698 64920 68633 9 13818
699 64953 74256 123 230008
700 65171 73850 56 414487
701 65192 66400 42 20431
702 65381 66174 25 7189
703 65439 68389 121 234927
704 65811 69147 4 5305
705 65897 79472 69 796288
706 65993 69468 108 107122
707 66159 79760 14 112583
708 66235 70382 46 56783
709 66316 69748 82 74070
710 66438 67270 146 172644
711 66513 70292 138 130529
712 66995 73244 40 163734
713 67000 72509 16 28838
714 67091 99559 105 1275580
715 67145 67608 5 996
716 67212 70481 122 192719
717 67392 68760 8 8959
718 67395 68124 35 18532
719 67760 68029 102 20382
720 67780 82068 25 214296
721 67906 74891 149 355976
722 67965 77744 5 33870
723 68098 97227 4 16537
724 68451 71402 116 460310
725 68464 94303 5 50298
726 68673 73289 81 482480
727 68708 68968 7 523
728 68748 70110 83 210416
729 68812 69425 36 6763
730 68852 70126 15 6275
731 68949 73865 110 204384
732 69392 70342 7 4289
733 69657 72813 44 27328
734 69733 73154 73 58333
735 69747 76012 55 176961
736 70171 72707 35 33414
737 70240 76787 63 129392
738 70313 72262 23 12984
739 70355 78534 113 433358
740 70386 71139 100 38950
741 70455 73782 141 235242
742 70576 71320 6 5497
743 70588 71626 56 89660
744 70696 77531 144 457678
745 70707 77218 36 117587
746 70752 75205 23 23714
747 70807 71322 10 4756
748 70982 74566 75 130251
749 71023 93997 28 491064
750 71043 82648 34 211979
751 71172 79601 49 132996
752 71209 76403 48 94048
753 71228 72232 21 14965
754 71329 72087 5 924
755 71365 75128 7 6744
756 71393 74207 5 3640
757 71528 71832 42 17777
758 71590 76316 17 8838
759 71845 73588 35 26002
760 71853 74523 46 88415
761 71866 74870 19 98944
762 72098 83956 140 1401682
763 72191 79676 113 603472
764 72199 75731 148 105000
765 72208 78194 10 36868
766 72233 79438 75 209947
767 72430 84426 70 302685
768 72727 74381 132 89853
769 72893 80998 50 693772
770 72916 75473 64 49165
771 72989 81166 13 30705
772 73310 73421 142 29456
773 73418 78916 26 50548
774 73458 74540 114 108971
775 73473 85474 87 443648
776 73638 73823 40 4822
777 73894 82461 50 87463
778 74296 79043 5 22719
779 74336 76013 9 4891
780 74605 75483 17 19830
781 74687 77718 18 18220
782 74754 79940 28 93463
783 74895 84543 149 934818
784 74917 77329 31 49888
785 75168 78034 38 20388
786 75276 77377 7 7279
787 75328 78457 59 117629
788 75476 81548 18 21712
789 75727 96667 138 4633829
790 75840 83012 13 26780
791 75862 82504 8 11067
792 76001 76501 12 2363
793 76141 80585 40 82715
794 76257 82044 18 49976
795 76270 80787 133 665374
796 76331 84504 61 217217
797 76475 79840 129 108192
798 76587 88739 52 240351
799 76596 80677 4 7237
800 76852 77311 82 12253
801 76853 92006 105 457904
802 76996 80438 35 20593
803 77036 77591 74 22292
804 77091 89674 129 358331
805 77147 96164 30 395419
806 77193 78780 68 134153
807 77244 81619 31 26992
808 77274 77279 115 743
809 77275 81678 5 10960
810 77354 81247 94 288497
811 77409 82090 29 152254
812 77444 78468 95 72918
813 77520 84998 24 98781
814 77697 87905 84 227675
815 77865 80187 63 96546
816 77867 84938 5 13000
817 77876 82102 53 88275
818 78106 93556 52 174592
819 78197 89635 124 353899
820 78270 79099 5 4744
821 78334 81938 99 134438
822 78454 84925 8 28349
823 78557 80493 5 7658
824 78606 85154 91 222196
825 78701 79903 42 30859
826 78721 89165 8 49740
827 78754 81642 113 232990
828 78814 80465 102 74676
829 78946 82743 26 25590
830 78966 79892 28 8009
831 78970 82056 106 133667
832 79163 82535 121 153038
833 79293 82232 27 16282
834 79322 79592 31 4098
835 79632 79951 137 34004
836 79838 87451 118 597107
837 79861 86321 107 274346
838 79896 93568 4 19759
839 80108 82148 61 122255
840 80241 82039 98 75702
841 80376 88000 77 632019
842 80506 86305 4 12271
843 80660 82095 42 34978
844 80678 83248 40 95120
845 80714 82208 13 9448
846 80736 88755 77 166620
847 80783 83100 30 18735
848 80797 82895 140 103300
849 80945 84282 29 35530
850 80959 85920 58 50805
851 81142 81909 103 69395
852 81393 85795 5 2920
853 81434 86999 144 392091
854 81462 82153 6 1333
855 81534 95485 53 187149
856 81618 88672 16 52880
857 81750 85539 75 83326
858 81806 88257 82 233218
859 82209 89138 24 42979
860 82215 83209 145 91915
861 82267 82688 6 1571
862 82337 94364 13 89823
863 82355 84884 92 97586
864 82384 94307 94 990704
865 82492 84326 11 7790
866 82626 84463 54 31324
867 82629 84681 134 84061
868 82712 87864 14 20205
869 82748 85890 4 5923
870 82765 83896 21 7556
871 82881 85988 30 28304
872 83102 84031 87 54506
873 83208 91863 51 164598
874 83368 84846 125 67360
875 83408 92154 66 385114
876 83463 84160 15 4120
877 83719 83952 146 15582
878 83742 87002 12 9206
879 83797 91686 61 61376
880 83829 86011 69 111054
881 83877 83977 44 4272
882 83902 84496 139 63095
883 83931 87080 41 32661
884 84022 95788 106 397282
885 84137 90985 59 219815
886 84147 89162 9 12794
887 84162 85507 53 63076
888 84299 85506 90 88626
889 84306 84673 55 5679
890 84376 85792 44 17072
891 84571 87295 62 184306
892 84612 91361 36 41379
893 84703 87448 93 58521
894 85046 94191 40 286955
895 85074 91972 5 3282
896 85111 93812 84 144496
897 85149 94117 100 672556
898 85169 90140 47 48236
899 85172 85739 16 10885
900 85211 95543 120 658143
901 85282 86743 48 19847
902 85422 89312 53 67941
903 85425 89848 82 383680
904 85449 87841 91 183053
905 85534 86167 113 20070
906 85726 88329 17 22767
907 85731 89078 96 122825
908 85970 86328 13 1231
909 86021 92383 53 64063
910 86145 89890 78 205226
911 86366 86839 88 38681
912 86552 96930 57 280854
913 86570 87252 76 12863
914 86730 87617 6 3486
915 86855 89143 45 54514
916 86952 97222 111 107260
917 87093 88771 102 31317
918 87228 88019 8 2288
919 87453 93919 59 209638
920 87614 88379 111 46651
921 87660 89566 6 10329
922 87791 92165 76 322431
923 87951 89774 90 100057
924 87956 97500 13 37830
925 87987 92349 54 69816
926 88306 93610 29 59441
927 88341 97006 24 86886
928 88781 93750 6 11108
929 88801 89762 14 15097
930 89089 96795 51 79580
931 89101 91691 20 29451
932 89357 92457 61 88731
933 89466 96548 68 232375
934 89514 94537 13 52089
935 89568 97317 100 236829
936 89714 90614 33 6770
937 89751 95650 51 143339
938 89787 97861 14 40026
939 89853 97308 20 42362
940 89859 95796 94 360306
941 90021 92279 65 45036
942 90174 97644 50 272077
943 90270 90435 143 12887
944 90306 93222 15 17580
945 90345 94642 46 66250
946 90383 91905 13 11021
947 90761 92810 42 91908
948 90798 92186 113 91843
949 90799 98949 8 9879
950 90818 95225 148 417302
951 90892 91346 11 4075
952 91063 94897 37 74313
953 91201 98348 15 20267
954 91216 98855 75 373836
955 91351 96668 5 3019
956 91529 91655 10 615
957 91582 99370 70 171160
958 91634 94836 31 36879
959 91672 94414 75 108813
960 91810 94843 57 66365
961 91991 92593 10 1989
962 92174 93624 70 97036
963 92496 94181 46 114862
964 92517 95896 134 133852
965 92649 93122 110 26743
966 92749 99903 95 421161
967 92761 96076 25 101760
968 92762 97403 144 167004
969 92763 93039 27 12179
970 92765 93804 35 12017
971 93069 95249 145 398280
972 93162 98775 101 211028
973 93406 95092 5 4475
974 93449 99115 65 132409
975 93550 93923 30 9320
976 93635 96954 59 106431
977 94051 96061 42 43573
978 94394 95468 10 2714
979 94504 95740 13 9939
980 94664 98987 116 437737
981 95084 96787 39 42656
982 95483 97618 133 243182
983 95589 98421 134 125422
984 95673 98161 97 54940
985 95983 97008 15 11446
986 96246 97124 92 49586
987 96264 97078 40 30842
988 96457 99913 11 14271
989 96848 97574 72 24519
990 97362 97697 114 9369
991 97636 98902 99 61749
992 97640 99194 11 16286
993 97708 98933 136 92530
994 97828 98771 54 33031
995 98065 98564 23 4243
996 98206 99218 9 4196
997 98863 99637 75 17107
998 98999 99636 59 26985
999 99446 99589 11 394
