50 1000 0.043
.#......##.##.......#.##.##.......................
.#......#.###.#.....#######........#..............
..........#.#.....#...###..........#..............
............#.#.........#..........#..............
...#.#........##.............##...####.......#....
...####.............#....#..##....#.........####..
....###..................##..##..............#....
..........#..#....##......##.#......##............
#.........###.#.####......#.##.......####........#
#...........###.............#.#....#.#...........#
##...........................###.###.............#
..............................#...##..............
.......#......................#...#..#...##.......
......##....................#.#......#...#........
...##..............#..............................
....###...........###.............................
......#...#.....#............##............#......
.###..#........##..#..##..................##......
.##.....#..##......##.#..##.............###.......
####..........##..######....#..............##.....
#.#...........#...##...#.#..#.....#...............
..............#....#.....#..###.####.......###....
.........#....##............#.#..............#....
.........#...................####............#....
.........#...................................##...
.........##...........##.........#................
.........##.#...................###...............
..........###..................#..................
...........#...#....................#......#......
#..##..........#.###...#............##.....##..#..
.#.....##........#.#####...........##......#.....#
####....#.##.....##.###.#.........#........##....#
...##...#.##...#....#...###.......##.............#
.###......##..##.........#........................
...............##........#........##..............
................#.##..............###.............
..................##..........#...................
........................#........#.......#........
.......#..##...#......#.##.......#.#....####......
.........###....##....#...##.......###...#........
...............#.##...##.......#.####....#.##.#.##
...............#.#....#.....#..##.............###.
.......##......###..#.###..##..##............##...
..................####.............#..........##..
.....................####.........##...........#..
......................#.#.........##.#.........#..
......................#...........##..............
..............#.......#...##................####..
..............##.....##...##......#..##...........
......................#..........######...........
0 132 3522 137 342689
1 163 2173 107 216684
2 300 3416 49 64457
3 308 668 94 23899
4 326 8646 21 67916
5 377 5467 52 168366
6 395 1766 91 32006
7 547 8655 79 201097
8 901 4869 101 199368
9 940 7194 69 85007
10 999 3216 127 94483
11 1005 11636 122 493846
12 1042 4134 52 87176
13 1080 3257 22 8936
14 1140 8812 77 416842
15 1195 6336 11 22344
16 1216 1739 136 22852
17 1228 20241 46 392223
18 1309 1432 25 1267
19 1460 5735 8 27439
20 1526 1557 129 1673
21 1602 1943 6 1213
22 1668 1802 10 875
23 1924 4410 54 101717
24 2103 4615 69 109486
25 2122 5040 39 47075
26 2266 4636 15 22488
27 2335 23540 146 1068493
28 2458 7139 31 85626
29 2463 3118 37 11745
30 2498 7663 50 75618
31 2649 4278 78 130561
32 2671 25849 73 687872
33 2811 3003 34 3247
34 2977 6173 119 154285
35 3244 3908 20 7531
36 3521 6196 114 245646
37 3614 4960 126 72554
38 3769 7205 146 218689
39 3811 21673 17 178929
40 4078 5471 15 23738
41 4115 6961 63 68701
42 4273 8027 7 12893
43 4299 4540 9 2085
44 4425 9239 47 93879
45 4505 11363 92 304937
46 4514 4986 70 18030
47 4570 5484 148 69223
48 4656 6592 12 6341
49 4659 4968 53 9634
50 4662 5469 138 80091
51 4687 14973 18 105881
52 4916 19189 13 39149
53 4939 5210 41 5810
54 5097 7659 9 17758
55 5218 14763 38 319442
56 5434 5923 25 10723
57 5642 10170 5 9209
58 5655 10616 7 17919
59 5706 13651 97 124529
60 5776 8053 39 29637
61 5787 6439 4 4146
62 5936 7636 16 6032
63 5944 7378 82 44352
64 6036 6658 135 31875
65 6092 13999 85 656889
66 6258 7622 47 34296
67 6404 7470 140 81141
68 6454 8018 12 3395
69 6485 12948 24 117007
70 6486 13878 125 642366
71 6497 15416 10 50152
72 6712 13304 72 229360
73 6736 12466 13 25667
74 6757 15876 36 32848
75 6786 10672 30 43623
76 6815 10528 5 6589
77 7102 10056 83 177617
78 7105 13470 26 117849
79 7110 15945 121 434956
80 7309 16584 44 194954
81 7345 9627 71 86616
82 7372 11249 99 149579
83 7434 19570 87 314107
84 7436 10103 25 16690
85 7474 12557 54 97140
86 7540 9742 106 144437
87 7684 8820 67 108204
88 7737 10503 12 12612
89 7791 17147 44 88778
90 7793 9184 141 99652
91 7819 9590 70 126977
92 7917 8467 27 14139
93 7970 15130 20 35390
94 8002 11613 22 34160
95 8142 16433 49 84023
96 8279 26224 59 296599
97 8562 13017 41 58038
98 8631 12541 64 120753
99 8674 11701 97 139961
100 8682 21782 18 59891
101 8697 12052 88 84599
102 8772 8828 18 530
103 8792 16092 17 88621
104 8848 12115 72 51030
105 8853 10251 60 31505
106 8854 17326 14 19994
107 8871 17934 14 36681
108 9016 10833 66 91840
109 9042 10423 11 3798
110 9077 10530 66 36691
111 9259 11584 21 9847
112 9264 9329 37 3200
113 9374 19905 8 13468
114 9602 10286 136 44553
115 9647 14215 7 20279
116 9822 17968 67 471028
117 9854 16578 130 467915
118 9911 16879 4 6521
119 9970 10851 61 31710
120 9993 13004 13 16891
121 10081 19662 139 731836
122 10179 20617 8 23224
123 10208 12389 48 78774
124 10330 15724 46 132204
125 10351 11285 28 4139
126 10663 12438 7 6611
127 10737 10743 110 1075
128 10932 15267 97 340137
129 10946 11726 56 17212
130 11134 13030 134 87673
131 11144 16709 31 73757
132 11156 18538 147 178886
133 11180 11337 13 467
134 11201 17962 143 673180
135 11250 25388 29 184202
136 11288 15021 26 81466
137 11374 11660 55 12332
138 11397 17179 142 522522
139 11451 20835 128 903213
140 11496 14095 132 129658
141 11590 26872 137 727841
142 11673 14801 5 9148
143 11715 14966 39 20560
144 11828 22079 44 175809
145 11838 13781 54 38979
146 12045 22993 108 360380
147 12270 16493 28 51608
148 12304 13992 103 86028
149 12377 14737 120 222075
150 12402 18958 41 204537
151 12508 18932 28 88083
152 12594 21683 43 196474
153 12680 23509 108 232939
154 12741 14110 108 116670
155 12756 13351 64 7209
156 12809 12824 103 1040
157 12865 22350 53 573360
158 12937 13307 78 4438
159 13154 16673 139 320485
160 13390 13650 5 1158
161 13400 20795 24 64506
162 13555 16820 15 24359
163 13572 14942 52 69261
164 13638 15845 65 26129
165 13663 15061 116 136527
166 13827 24560 56 428621
167 13839 19204 17 29364
168 13843 14781 138 29278
169 13939 16115 33 129513
170 14198 14986 7 1899
171 14255 15764 124 84405
172 14363 16116 20 18630
173 14441 20365 86 308007
174 14451 16041 52 48893
175 14499 15007 56 20333
176 14609 16904 11 20492
177 14624 22605 68 287011
178 14648 18309 37 72166
179 14678 19416 44 112150
180 15124 15242 7 254
181 15149 23178 9 18904
182 15250 17721 62 70225
183 15320 20595 17 51733
184 15365 16330 80 42561
185 15541 19177 79 189758
186 15645 28158 31 217402
187 15739 24339 6 11281
188 15756 21628 102 378169
189 15934 16427 94 24751
190 16046 23328 20 80518
191 16093 21601 82 225824
192 16223 23213 15 37342
193 16283 19465 7 9078
194 16386 16694 43 2766
195 16505 18032 28 26770
196 16577 24089 105 580594
197 16600 19624 92 166398
198 16702 26103 147 1159612
199 16731 20192 43 87511
200 17107 23315 79 297393
201 17189 22450 45 76195
202 17343 21021 26 46432
203 17464 21737 11 9385
204 17674 18635 38 23770
205 17676 18166 35 9974
206 17747 18024 5 584
207 17888 25201 6 42034
208 17961 24534 12 26027
209 17977 23249 8 21837
210 18083 19991 14 4728
211 18161 18529 69 18366
212 18351 21416 130 117304
213 18497 21594 134 371015
214 18839 31317 50 225225
215 18983 24768 47 129091
216 19114 19119 6 21
217 19226 27652 18 63683
218 19333 31121 62 286474
219 19346 29965 6 31411
220 19349 21110 61 60612
221 19365 21823 118 131834
222 19421 20332 73 28309
223 19526 21888 28 53783
224 19529 36419 148 1505308
225 19566 19657 38 4410
226 19569 19834 26 4723
227 19645 47084 64 485218
228 19659 26148 58 483908
229 19838 22439 48 27031
230 19903 35771 71 140823
231 19981 26496 7 25706
232 20053 26198 14 25858
233 20077 25393 94 302869
234 20450 20603 19 2089
235 20543 26060 150 412337
236 20793 22960 52 32342
237 20846 24117 97 55602
238 20874 21189 12 1396
239 20918 27881 89 165584
240 20923 21934 100 77608
241 21115 26090 22 86589
242 21208 22313 5 1789
243 21231 26098 55 243388
244 21248 31897 18 23780
245 21438 22320 70 18961
246 21669 25866 125 287228
247 21679 24020 15 7803
248 21727 35977 35 187084
249 21747 21967 24 4215
250 21866 22632 115 33574
251 21930 24383 60 57530
252 22210 26104 125 522657
253 22360 24802 53 29557
254 22365 34514 5 31781
255 22391 41943 105 751963
256 22515 27260 29 18688
257 22653 38910 35 152620
258 22655 24765 51 71142
259 22718 30983 25 143359
260 22739 30887 5 18772
261 22935 25916 44 41413
262 23026 33282 26 27421
263 23028 26570 14 21025
264 23074 24425 59 33506
265 23137 29621 147 341225
266 23141 36152 72 162955
267 23153 30197 23 103784
268 23490 27667 115 199642
269 23506 27618 28 28631
270 23614 23949 125 17941
271 23704 27915 24 34769
272 23716 24140 73 19317
273 23748 44728 78 349467
274 23964 33577 57 197297
275 24032 38521 32 282616
276 24134 24709 140 43612
277 24522 24871 41 6297
278 24547 30079 78 192878
279 24612 30713 17 40436
280 24698 25021 128 25251
281 24713 25703 117 133446
282 24913 26269 141 113516
283 24927 32334 87 159342
284 24972 26940 114 289105
285 24994 25002 130 1232
286 25012 28654 90 144113
287 25197 26840 30 24810
288 25290 27345 99 31189
289 25423 35379 63 310376
290 25531 29713 85 336483
291 25667 28447 39 28843
292 25730 31208 7 13804
293 25931 26258 46 7068
294 25945 27242 83 73445
295 26221 31863 35 81202
296 26285 26765 96 22858
297 26320 35643 21 55988
298 26483 28444 48 53778
299 26487 35119 122 395338
300 26494 27247 77 21322
301 26601 32510 85 141969
302 27032 27423 113 38101
303 27111 32040 104 423720
304 27215 28154 51 22039
305 27245 31281 97 174166
306 27561 31478 19 36144
307 27592 40693 7 28750
308 27743 51297 42 220840
309 27822 32854 18 37982
310 27920 49020 21 114071
311 28078 28384 90 18247
312 28110 30542 133 210106
313 28240 29929 92 46151
314 28356 29801 130 104042
315 28415 30413 136 98987
316 28449 41895 63 232040
317 28483 33738 50 105012
318 28499 36062 81 68550
319 28536 39258 110 469300
320 28664 32953 37 82603
321 28689 33262 26 62801
322 28710 31118 14 25610
323 28796 36824 12 27992
324 28817 34012 22 18115
325 28847 35129 104 170847
326 28916 35208 35 166899
327 29172 35990 43 80816
328 29176 38187 5 16252
329 29345 31616 54 100114
330 29722 32256 58 20930
331 29782 44524 6 32382
332 29793 32433 145 120088
333 29815 39625 97 343896
334 29944 30082 90 3019
335 30122 36918 136 343474
336 30203 37510 54 70291
337 30317 41617 41 128949
338 30355 30455 29 2406
339 30362 32689 93 295664
340 30376 34931 108 68395
341 30412 30472 36 1880
342 30478 32840 143 461344
343 30526 31206 148 60684
344 30546 32258 82 100449
345 30744 34471 40 52887
346 30902 31075 101 3767
347 30908 39016 4 13265
348 31201 36645 46 73928
349 31346 37615 135 253825
350 31563 34448 75 90458
351 31584 35059 116 133771
352 31687 33630 33 81178
353 31695 31915 134 15342
354 31749 39416 25 181312
355 31835 35122 40 23835
356 32123 33616 40 29558
357 32270 33475 43 39109
358 32363 36002 87 189782
359 32488 39342 96 691373
360 32559 33193 50 16959
361 32582 34914 6 5937
362 32648 37895 5 9129
363 32668 43325 134 152189
364 33124 38776 105 213419
365 33158 34200 144 79497
366 33338 41580 120 594331
367 33438 34061 139 25754
368 33458 41220 112 401847
369 33594 73015 128 586989
370 33695 34295 42 15439
371 33768 47271 8 18631
372 34056 45842 14 41475
373 34062 35751 95 39146
374 34125 37921 118 212726
375 34151 37698 73 70603
376 34311 40702 65 287464
377 34398 44245 6 24297
378 34399 34883 43 6978
379 34522 42309 126 214936
380 34584 43320 10 85869
381 34713 39740 44 130307
382 34763 37197 14 16723
383 34838 36634 140 94522
384 34957 45845 11 32837
385 35271 40858 63 128760
386 35290 39488 134 212192
387 35294 52626 127 512505
388 35320 38771 76 134576
389 35517 37741 33 24091
390 35593 44792 5 6902
391 35607 38912 106 373763
392 35620 44789 18 49245
393 35740 38186 83 66109
394 35797 52376 32 357319
395 36021 43447 25 60527
396 36034 42141 114 911721
397 36058 46792 22 129934
398 36329 44244 15 33832
399 36435 44638 28 51382
400 36503 43116 68 328356
401 36571 38080 69 41693
402 36674 37651 32 25559
403 36864 39688 83 95777
404 36977 57142 6 126284
405 37126 40238 11 13564
406 37194 38212 134 35816
407 37329 46869 51 135813
408 37362 41033 98 80833
409 37389 41866 119 279522
410 37527 37553 106 1320
411 37730 47256 53 166184
412 37738 40312 144 52091
413 37799 43209 58 177424
414 37931 38589 107 48246
415 37932 44942 57 93573
416 38000 39481 83 137228
417 38068 39071 111 93998
418 38157 40463 4 2490
419 38291 40921 33 62297
420 38356 43300 12 26151
421 38434 42234 117 264469
422 38593 41673 40 85877
423 38823 42521 56 102556
424 38960 44254 127 281375
425 38982 39246 68 16849
426 39005 43559 74 213430
427 39020 39914 99 37759
428 39081 39996 10 7739
429 39127 39296 39 2537
430 39174 42177 6 3490
431 39271 45362 96 326745
432 39310 41370 7 18595
433 39411 50855 85 160231
434 39460 39469 73 381
435 39634 41083 81 25135
436 39857 43853 17 11261
437 39909 41556 6 12180
438 40031 59884 37 169452
439 40159 62897 144 620541
440 40329 50455 4 10082
441 40348 46032 20 44863
442 40505 46367 17 15431
443 40525 41995 41 23615
444 40728 41400 58 19404
445 40774 41102 23 5632
446 40830 45531 30 89668
447 41234 50042 133 804283
448 41270 44119 139 228517
449 41362 43956 112 112210
450 41461 54419 40 121557
451 41506 41886 5 3853
452 41535 41978 82 28279
453 41710 42838 50 23004
454 41782 47951 147 623831
455 42033 45974 127 155205
456 42147 42282 149 39982
457 42224 47052 13 40962
458 42278 46246 14 16540
459 42349 43900 39 29778
460 42391 49152 23 103109
461 42398 43220 129 99525
462 42421 45303 13 50217
463 42483 45755 26 32001
464 42508 54995 137 937850
465 42540 43933 15 10212
466 42712 46972 6 13120
467 42870 50641 5 3254
468 42979 53702 35 147960
469 43029 46828 10 10790
470 43148 43445 25 2344
471 43282 49567 93 306916
472 43287 47612 17 30418
473 43339 44070 46 10943
474 43430 44784 120 75933
475 43475 50667 145 437469
476 43622 48048 83 160209
477 43812 45792 5 9361
478 43814 47644 106 120467
479 43930 44846 32 21661
480 44105 45898 10 19746
481 44365 50479 24 99027
482 44371 45126 115 53901
483 44427 45864 44 43646
484 44721 47888 12 11902
485 44826 52808 6 26316
486 44855 48711 85 111309
487 44865 48286 33 77433
488 45040 46381 102 100684
489 45168 45945 80 31028
490 45312 47424 78 107502
491 45387 45814 48 7935
492 45425 49180 92 336252
493 45487 53508 57 174123
494 45542 50527 14 22574
495 45663 46790 98 30283
496 45706 51018 148 301417
497 45728 46281 72 22005
498 45899 50114 103 96131
499 45953 46172 20 1740
500 46025 48068 96 93864
501 46064 55827 49 109704
502 46183 49232 33 87059
503 46273 60437 7 70558
504 46306 47240 28 21985
505 46316 46728 70 32914
506 46329 51116 59 101402
507 46350 47147 35 22329
508 46358 66236 128 568910
509 46609 47564 130 71394
510 46935 47102 7 373
511 46974 50785 97 96001
512 46994 48418 147 66777
513 47053 48646 12 4445
514 47194 50959 35 76058
515 47212 49360 57 42980
516 47213 49689 16 43432
517 47226 48289 87 59087
518 47250 47465 51 14089
519 47455 49714 133 122970
520 47463 49166 93 86879
521 47510 56439 17 43177
522 47597 48164 14 13982
523 48093 48696 12 6114
524 48193 50755 28 12668
525 48341 58646 108 971212
526 48359 49131 84 24796
527 48384 61580 109 897758
528 48416 50541 104 79188
529 48661 53777 146 365162
530 48816 49056 24 10415
531 48914 51383 29 51979
532 49032 49869 69 19624
533 49190 55667 8 17420
534 49246 53963 29 227467
535 49282 57392 113 540198
536 49341 50398 17 4765
537 49371 56067 29 72783
538 49535 51534 5 6816
539 50031 50375 29 7250
540 50098 56402 116 391640
541 50195 50644 46 14565
542 50361 53561 99 111993
543 50385 50924 79 16597
544 50495 53885 12 14891
545 50496 53717 15 16964
546 50727 53488 28 34007
547 50810 52163 61 74227
548 50909 52609 20 33276
549 50999 53321 16 26979
550 51023 52240 16 16703
551 51268 54485 90 77946
552 51306 52009 52 8605
553 51537 56479 76 180392
554 51570 67948 30 128954
555 51607 54753 142 208457
556 51722 56226 40 107333
557 51746 60486 9 28837
558 51921 52710 117 37526
559 52136 54675 83 80978
560 52377 57004 14 20758
561 52448 54712 149 211602
562 52451 55026 32 24236
563 52496 53326 94 26347
564 52704 56596 23 37250
565 52752 53659 125 53594
566 52877 56433 123 489249
567 52911 57781 4 8149
568 52954 54436 5 2012
569 53033 54386 105 46316
570 53128 54768 106 74415
571 53153 54875 46 32274
572 53294 56338 20 39776
573 53302 57938 31 57582
574 53483 65319 113 367346
575 53584 56806 87 173752
576 53705 57549 68 22336
577 53818 55614 6 5160
578 53907 59221 87 125906
579 53919 54022 26 1708
580 54107 55339 33 18172
581 54186 60296 106 216535
582 54290 55753 60 36203
583 54334 60445 57 93535
584 54660 72035 71 693281
585 54887 55997 19 9140
586 55098 68283 145 266602
587 55294 58929 9 10047
588 55357 55648 109 9427
589 55541 61829 74 254630
590 55691 69320 76 496323
591 55749 62303 123 91313
592 55839 63042 71 374793
593 56075 63864 34 175791
594 56272 76484 82 1396427
595 56273 57447 27 8778
596 56389 59216 5 12520
597 56454 58139 43 25201
598 56547 67731 88 460106
599 56856 58501 27 22355
600 56968 60031 40 42686
601 56987 60557 130 449027
602 57010 61536 39 27227
603 57300 63742 53 72367
604 57517 60499 26 28175
605 57593 58856 121 54948
606 57615 58188 30 6486
607 57803 66132 98 243622
608 57806 59972 48 50666
609 57807 59437 118 45686
610 57825 58263 48 18114
611 57954 59012 130 69679
612 58001 64427 57 75188
613 58042 68405 49 391278
614 58427 60994 99 185535
615 58505 62880 65 174918
616 58536 61357 7 16684
617 58586 64431 40 56123
618 58744 63210 6 3556
619 58767 65845 27 91659
620 58944 61233 30 59035
621 58953 61212 26 30257
622 59117 67972 6 13376
623 59183 65245 23 45515
624 59224 70225 33 377235
625 59228 59240 13 126
626 59704 60752 110 137789
627 59721 60674 8 4250
628 59766 61521 80 123145
629 59845 61409 97 130803
630 59988 65017 88 220249
631 60139 64535 124 366298
632 60183 69897 41 113154
633 60213 61771 48 33241
634 60241 66905 92 296827
635 60274 62374 48 28939
636 60277 62174 113 107359
637 60370 61450 45 36083
638 60479 60562 12 431
639 60576 74154 116 815397
640 60638 61353 17 8502
641 60686 61740 45 32221
642 60692 61029 95 24835
643 60769 68792 15 32650
644 60888 73414 17 50840
645 60961 60981 52 963
646 60985 79561 30 160035
647 60987 62429 18 17861
648 61001 67146 8 9090
649 61017 65730 5 10682
650 61201 65797 86 175404
651 61345 70899 4 8888
652 61542 80241 92 494694
653 61569 63461 8 8387
654 61627 62857 43 48030
655 61659 69650 140 840271
656 61750 73324 10 42325
657 62002 65791 5 13592
658 62202 72042 27 199681
659 62247 62957 5 1155
660 62407 63367 147 24785
661 62531 72893 9 32658
662 62536 71534 48 253992
663 62624 66629 10 10148
664 62649 65633 82 151971
665 62674 65972 10 14721
666 62676 67364 134 491169
667 62737 64675 109 63513
668 62755 66058 41 45945
669 62838 63947 61 68150
670 63098 68675 36 54237
671 63173 70670 7 25570
672 63201 64291 35 12283
673 63424 65164 82 39205
674 63522 68575 72 262002
675 63620 63978 61 14471
676 63783 64827 45 22038
677 63834 69469 4 14979
678 63918 79513 142 742669
679 64023 64231 17 1754
680 64145 66062 19 8715
681 64284 64901 56 9948
682 64620 70124 104 403746
683 64668 65503 18 5211
684 64856 66346 73 63522
685 65079 67556 113 109446
686 65153 65564 116 39683
687 65308 66700 144 61760
688 65340 71143 117 452585
689 65348 69846 54 141763
690 65395 71718 70 528449
691 65407 76521 5 15608
692 65417 74339 107 172266
693 65538 66429 28 20059
694 65574 76326 10 60888
695 65675 69567 125 311827
696 65876 70288 51 172299
697 65898 68864 78 216583
698 65991 67857 28 21873
699 66057 70643 36 59931
700 66066 66831 16 13470
701 66186 74779 11 30007
702 66221 75451 71 219955
703 66359 77990 142 656496
704 66475 67063 28 5802
705 66560 67294 49 5574
706 66783 68135 44 69791
707 66925 68325 118 53307
708 67014 71166 82 187814
709 67122 68226 82 39837
710 67142 68386 139 92274
711 67187 72422 57 186976
712 67275 73252 16 80819
713 67327 78534 9 64350
714 67371 77479 118 309058
715 67776 71615 63 112945
716 67884 78367 129 629314
717 68062 74416 4 41512
718 68087 70111 6 4407
719 68155 74984 34 67543
720 68253 73937 150 622279
721 68387 78718 104 397638
722 68429 68730 97 4617
723 68456 68967 11 2395
724 68711 77084 8 15042
725 68733 69361 22 10596
726 68734 78643 106 321180
727 68801 73616 146 202350
728 68929 73916 114 196974
729 68942 69585 82 15260
730 69185 79179 68 91503
731 69302 69323 134 3002
732 69313 74140 43 49514
733 69381 77425 14 35751
734 69395 69870 44 11378
735 69408 70380 93 50525
736 69520 80653 5 5235
737 69655 76751 49 72639
738 69746 71368 122 101064
739 69771 70817 121 78176
740 70010 82364 7 42820
741 70027 83853 72 427123
742 70223 71295 27 13128
743 70317 71508 78 40803
744 70328 71883 24 11600
745 70381 80809 128 617472
746 70730 75385 6 18461
747 70787 73902 116 106053
748 70923 72580 13 16662
749 70967 71627 52 6484
750 71178 73460 12 21975
751 71183 81008 26 105925
752 71275 81809 40 92847
753 71417 73965 114 161587
754 71586 75901 126 239006
755 71730 71922 4 562
756 71733 72558 31 32994
757 71865 79055 53 122756
758 71927 77078 60 196034
759 72033 73983 58 15592
760 72043 74262 15 35804
761 72204 77065 119 443711
762 72315 75428 133 146207
763 72375 87052 24 162642
764 72376 72467 49 3030
765 72504 82037 119 896859
766 72551 79294 127 312805
767 72559 76957 24 25449
768 73003 79807 6 15478
769 73139 73497 101 19519
770 73221 73366 134 23549
771 73354 75752 11 20322
772 73408 78994 142 309653
773 73516 77830 104 167968
774 73541 78037 49 109826
775 73735 77781 131 236043
776 74077 74668 129 52801
777 74104 82406 10 34587
778 74180 77608 8 9657
779 74200 74499 85 30902
780 74206 77196 55 77206
781 74333 76361 82 105139
782 74413 84821 107 560460
783 74459 74981 6 4407
784 74534 78811 87 137339
785 74561 78312 6 6684
786 74712 77527 129 311813
787 74999 79001 47 159196
788 75063 75292 25 1256
789 75102 77727 22 103226
790 75116 88945 135 1295285
791 75169 80023 10 15107
792 75334 76693 50 14830
793 75676 83291 6 13748
794 76077 80735 70 238685
795 76084 76410 122 16606
796 76116 77188 25 12462
797 76162 80529 25 28921
798 76294 78458 141 209427
799 76307 77843 55 20420
800 76325 83664 11 26886
801 76373 76647 19 5022
802 76385 77308 43 31320
803 76397 84780 8 24732
804 76405 82162 101 244964
805 76573 79496 8 23747
806 76801 77420 54 9854
807 76839 81242 22 22491
808 76840 77374 134 37260
809 77088 77872 4 816
810 77288 88629 32 67067
811 77300 79451 106 111674
812 77380 82169 109 151859
813 77459 83230 55 160100
814 77498 77678 33 1781
815 77658 77900 8 993
816 77711 78006 66 15974
817 77784 78832 113 53006
818 77815 80257 20 48391
819 77842 91969 64 651803
820 78085 80179 107 131231
821 78108 78984 19 8655
822 78110 80878 70 86480
823 78354 78565 62 12764
824 78359 85693 64 121419
825 78375 86448 89 507572
826 78376 84191 68 183869
827 78531 90808 66 220124
828 78574 83927 103 280457
829 78975 81683 12 15940
830 79151 79575 27 9519
831 79252 83322 34 22193
832 79356 82005 22 59332
833 79458 83648 76 298443
834 79609 96232 5 71112
835 79641 86193 140 432447
836 79800 83715 45 50105
837 79885 84621 17 48827
838 79937 80495 21 9281
839 79994 80301 70 8047
840 80006 84944 121 114750
841 80096 85186 48 101631
842 80267 80290 60 480
843 80331 87729 77 158819
844 80355 89273 14 27780
845 80411 83906 25 22633
846 80583 81816 42 24176
847 80590 83714 73 53749
848 80791 86604 146 525184
849 80841 84338 23 46003
850 81149 88358 97 510272
851 81189 85827 149 354421
852 81217 88630 101 408794
853 81247 92803 46 245615
854 81418 84037 6 6282
855 81442 85044 7 21715
856 81842 82385 72 67364
857 81864 85048 126 264229
858 81888 83603 43 27016
859 82063 94856 144 816503
860 82086 84393 57 46156
861 82215 82552 22 4661
862 82221 94466 99 1635846
863 82386 89023 62 656589
864 82463 92053 121 780608
865 82529 84340 44 30617
866 82592 83562 19 6852
867 82633 85513 21 28557
868 82870 83215 7 1090
869 82904 86099 100 129693
870 82930 83660 27 14335
871 82940 84921 19 18232
872 82941 85218 78 67097
873 82946 83870 38 16591
874 83115 85483 57 94397
875 83327 84840 19 5051
876 83488 84204 31 5744
877 83547 86845 7 3986
878 83791 89516 82 309151
879 83810 84667 96 20488
880 83856 91093 13 24047
881 83928 86852 105 140971
882 83949 84321 32 13141
883 84071 84167 10 371
884 84203 88035 26 28807
885 84293 85893 5 9634
886 84342 84841 45 12201
887 84653 84851 31 4888
888 84751 98259 99 1063064
889 84798 90525 32 20310
890 84847 86079 43 18566
891 85054 86686 11 5946
892 85452 87178 133 174809
893 85650 99418 11 67664
894 85729 86226 97 9110
895 85786 90627 20 15949
896 85792 90113 29 42083
897 85811 86120 25 2578
898 85952 98907 5 18564
899 86044 87880 28 20302
900 86170 97816 52 371308
901 86238 89244 32 40709
902 86266 89336 9 13596
903 86270 95073 144 485578
904 86714 99389 31 179411
905 86827 95667 28 169864
906 86836 90841 20 36446
907 86893 90271 120 94709
908 86968 90574 74 261273
909 86978 88798 4 2562
910 87023 93625 20 76493
911 87027 91689 12 17313
912 87137 98094 7 51489
913 87161 90072 106 312313
914 87334 90401 26 34467
915 87648 92076 25 83880
916 88325 92046 61 82833
917 88375 88817 18 4978
918 88468 88977 75 15376
919 88494 92692 21 64480
920 88510 93508 13 17284
921 88586 93623 17 49523
922 88761 90324 6 5383
923 88868 92623 34 32382
924 89030 92885 7 13540
925 89126 89402 76 6798
926 89369 92104 38 67213
927 89390 94475 146 283481
928 89441 90552 25 8743
929 89504 90863 41 20024
930 89620 89853 19 2197
931 89695 92941 61 114417
932 89708 97300 95 367143
933 89763 92940 112 97456
934 90137 95768 109 244046
935 90214 90515 21 7919
936 90259 96100 119 201307
937 90311 94220 62 125199
938 90395 93304 71 75535
939 90458 90869 69 23121
940 90505 92318 84 54692
941 90521 93970 19 28976
942 90540 92139 55 35397
943 90543 93546 135 329239
944 90577 94702 14 8156
945 90665 93359 72 29833
946 90823 93437 54 35221
947 90878 97324 39 223409
948 90942 92731 107 41914
949 90999 95847 24 28205
950 91061 98091 66 161758
951 91137 97365 5 23438
952 91245 97328 94 235031
953 91357 94945 28 19585
954 91408 96192 44 123480
955 91605 93415 124 208293
956 91684 92462 120 17045
957 91711 93925 17 17133
958 91737 92427 74 26302
959 91806 92281 125 19931
960 91907 93182 32 27560
961 91947 99112 69 323512
962 92039 97715 51 64270
963 92083 94908 28 15552
964 92277 97210 94 123223
965 92289 93833 32 17566
966 92498 92759 7 808
967 92618 93189 52 8588
968 92686 94989 80 72304
969 92791 95745 86 214888
970 92878 94569 142 65638
971 93050 93456 8 1570
972 93348 94373 112 36795
973 93388 94247 31 38706
974 93821 97215 90 347868
975 94007 95099 123 35018
976 94064 99745 11 42571
977 94114 96664 21 16653
978 94185 99117 66 256419
979 94298 95951 10 5317
980 94414 95286 15 7488
981 94490 95623 144 136374
982 94594 94721 146 10537
983 94625 95358 149 20413
984 95085 98579 40 83016
985 95552 99062 46 78966
986 95760 96071 86 8563
987 95811 98780 87 290189
988 95979 99412 116 92111
989 96081 96540 39 9540
990 96215 96994 99 39712
991 96247 96669 134 22255
992 96768 97032 28 2632
993 96885 97246 54 11077
994 96957 98822 18 49653
995 97056 98760 16 52466
996 97342 99681 81 40324
997 97547 99790 24 30708
998 98270 98586 149 43813
999 98406 98816 85 26760
