50 1000 0.094
.............................#.####...............
......................###########.................
.........................##########...............
........................############..............
....................#.###.#.######.#..............
....................######..########..............
......................###############.............
........................##.##########.............
........................########..#.#.............
..........................###.#..####.............
..........................#.###....##.............
............................#.....................
..................................................
..................................................
..................................................
..................................................
..................................................
..................................................
..................................................
..................................................
..................................................
..................................................
..................................................
.........................###....##................
...........................##.#.#.................
...................#..###.#######.................
...................############...................
....................############..................
...................#############..................
..................###############.................
..................#####.##.##.##..................
..................###.#..####..#..................
..................#....###..#..#..................
.........................#........................
.........................#........................
..................................................
..................................................
..................................................
..................................................
..................................................
..................................................
..................................................
..................................................
..................................................
..................................................
..................................................
..................................................
..................................................
..................................................
..................................................
0 76 824 104 36382
1 81 10845 142 561545
2 112 1464 147 125054
3 171 5307 38 62826
4 177 1318 43 32192
5 392 835 6 3063
6 436 10113 10 46606
7 447 1064 68 16247
8 535 1983 9 7579
9 747 6796 6 11042
10 912 1025 18 981
11 925 12819 110 383905
12 953 10823 31 76852
13 1113 7806 6 15156
14 1171 1284 83 6247
15 1401 4325 43 44972
16 1430 2124 118 26469
17 1453 1554 68 9637
18 1525 5049 74 140790
19 1599 3142 37 17052
20 1636 10843 51 101034
21 1647 14069 75 342565
22 1919 9791 16 51599
23 1938 8700 4 17789
24 2176 4138 103 164696
25 2384 5769 32 142082
26 2573 4576 15 15302
27 2729 29881 91 835965
28 2813 3397 10 2913
29 2836 4013 19 3025
30 2880 8788 88 305813
31 2903 4546 50 51036
32 3031 15205 146 367857
33 3034 9159 120 279822
34 3169 6951 22 25084
35 3570 24442 135 2217929
36 3582 5073 103 88695
37 3633 15533 90 818837
38 3682 9692 64 258830
39 3982 9910 17 62668
40 4045 4656 14 5097
41 4112 12444 124 715561
42 4194 12384 43 94026
43 4316 16615 70 98827
44 4347 4754 132 17516
45 4782 7050 42 59603
46 4810 5366 24 5838
47 4841 12627 148 488500
48 4871 7318 61 57459
49 5003 16609 103 498985
50 5185 14456 21 48035
51 5196 14277 139 313127
52 5229 14652 24 116417
53 5659 19139 9 41886
54 5717 6657 40 23598
55 5878 11031 78 131070
56 5899 5952 68 1605
57 5916 11233 39 203065
58 5926 6242 4 295
59 6114 7162 137 43821
60 6140 6330 127 7739
61 6286 7185 113 90976
62 6442 46069 74 1201663
63 6471 15710 16 58013
64 6670 7640 9 2618
65 6741 10794 7 4265
66 6763 11859 30 78985
67 6850 10995 37 193370
68 6888 10054 10 28874
69 7009 7951 7 2915
70 7043 43508 118 1079924
71 7179 9881 136 141933
72 7183 18432 36 370054
73 7371 10739 100 67810
74 7439 17461 38 158105
75 7453 11032 74 57934
76 7651 11350 62 78711
77 7683 10596 24 40116
78 7838 16808 23 105996
79 7903 14070 136 343077
80 7913 14017 71 246972
81 8067 11403 71 232625
82 8074 8356 35 5168
83 8100 8140 9 345
84 8197 20312 52 229614
85 8297 10239 6 13136
86 8397 9723 67 25066
87 8413 10971 19 17133
88 8418 9829 60 43235
89 8468 15850 30 87335
90 8563 12139 72 86762
91 8564 14003 4 8310
92 8632 12698 22 16964
93 8662 31296 131 2461537
94 8675 9361 116 39755
95 8706 18974 33 126050
96 8722 11469 4 4009
97 8738 19061 141 414361
98 8842 17292 9 51421
99 8891 10679 4 4548
100 8904 17537 115 730472
101 9280 20694 18 44398
102 9322 17896 16 40912
103 9335 13292 78 45834
104 9512 14651 17 35041
105 9529 12815 145 150197
106 9730 41581 147 1317689
107 9812 17929 19 67702
108 9817 33874 5 48684
109 9932 10885 12 10858
110 10042 16894 104 609324
111 10090 21319 84 196748
112 10128 11422 107 139786
113 10189 13254 142 393998
114 10253 11141 9 4970
115 10268 25540 4 58140
116 10282 11538 29 12233
117 10303 15056 121 261481
118 10456 20334 148 130308
119 10579 11262 34 15409
120 10605 18219 29 88173
121 10857 13632 10 12145
122 10983 14168 116 359895
123 11022 19683 7 74627
124 11068 12733 13 7204
125 11284 17458 36 192316
126 11299 16514 120 992618
127 11338 21185 133 1058564
128 11610 12751 83 62552
129 11635 26403 9 78641
130 11659 11905 5 758
131 11724 22425 104 389505
132 11748 14053 11 13427
133 11764 13905 98 102293
134 11808 17198 37 77651
135 11824 12799 20 8108
136 11850 20536 79 145440
137 11906 13770 148 182616
138 11931 13053 24 18003
139 11948 28512 47 335371
140 12011 16563 53 42763
141 12067 21003 28 155967
142 12107 14306 28 38966
143 12129 15562 43 46673
144 12403 15310 103 128749
145 12425 13610 92 36395
146 12502 18073 21 68344
147 12558 14541 119 87685
148 12648 12820 69 6698
149 12816 15228 102 53363
150 12906 13246 11 1851
151 12945 19708 47 152799
152 13231 13575 55 4728
153 13445 15278 43 28403
154 13537 30063 40 249595
155 13586 13737 83 16017
156 13588 18549 22 40851
157 13745 14051 131 35961
158 13871 15497 22 15380
159 13883 24711 130 324468
160 14001 15886 19 9846
161 14127 15558 83 114264
162 14133 16351 133 144323
163 14167 27798 41 108852
164 14170 15561 18 26238
165 14178 20392 8 10632
166 14204 22174 7 29702
167 14298 27451 56 504171
168 14497 16242 72 22144
169 14561 17940 103 77221
170 14663 17235 4 10859
171 14734 17515 47 35385
172 14833 20966 43 150825
173 14850 19950 87 66470
174 14896 17106 116 218523
175 15068 24586 137 804005
176 15203 27042 149 364751
177 15292 17542 41 47149
178 15293 19345 29 33365
179 15323 24268 4 11678
180 15339 21009 68 337439
181 15504 15674 15 1121
182 15599 19482 68 168108
183 15801 24847 5 40783
184 16031 24399 58 205815
185 16065 35298 33 621850
186 16170 27621 116 617824
187 16171 35395 8 167869
188 16217 22086 101 527907
189 16437 18747 32 11057
190 16697 17369 16 11382
191 16698 22583 113 158669
192 16911 24476 50 51369
193 16922 21550 11 8009
194 16930 55544 22 103802
195 16977 19155 8 9936
196 16984 29069 11 37359
197 16997 21833 87 189883
198 17011 26534 119 228223
199 17073 18047 110 33008
200 17155 23368 18 37466
201 17264 22658 103 113430
202 17363 23026 38 110128
203 17428 23050 8 30502
204 17715 27016 92 403054
205 17790 30604 147 513602
206 17869 18930 65 19909
207 18849 20360 145 38846
208 18877 20675 147 268235
209 18926 27800 6 21268
210 18981 19026 82 2031
211 19137 26130 60 115965
212 19151 32814 127 1041376
213 19241 37489 51 414240
214 19441 31543 45 107646
215 19486 39775 10 65636
216 19604 36574 61 210207
217 19743 21033 13 8807
218 19812 23987 30 32540
219 19978 26836 37 165900
220 19981 27811 33 72450
221 20004 22533 48 33595
222 20059 38843 137 1110138
223 20064 27530 62 65506
224 20232 23983 66 81056
225 20408 30172 70 251885
226 20490 21870 46 36100
227 20505 28322 17 108968
228 20828 22297 110 63342
229 20915 26013 5 8286
230 20939 38046 112 1549962
231 20954 24310 41 53620
232 21012 32358 46 322584
233 21343 33938 142 776560
234 21516 25425 122 144199
235 21555 30165 49 180046
236 21689 25026 144 276471
237 21722 22151 22 5263
238 21771 27322 9 62741
239 21812 50028 34 490599
240 21917 28673 49 122898
241 21995 22711 33 3685
242 22115 27138 39 68516
243 22268 38256 129 893659
244 22310 29468 70 184793
245 22322 22485 96 10976
246 22354 28064 27 75480
247 22426 25128 21 27649
248 22475 23849 82 28735
249 22664 34267 101 404217
250 22815 49604 22 163689
251 22896 28931 22 30376
252 23053 33238 131 1181554
253 23133 26606 6 7947
254 23247 42080 11 88502
255 23307 31564 36 153244
256 23393 24690 8 7911
257 23515 28420 99 302385
258 23663 34993 43 289539
259 23672 25318 83 65016
260 23694 25264 26 17918
261 23725 24618 6 4135
262 23781 32145 133 246809
263 23824 24932 105 64573
264 24029 33571 66 239381
265 24251 44049 48 303480
266 24278 25597 146 79402
267 24574 24987 84 22415
268 24702 27504 6 14857
269 25188 25805 17 9844
270 25465 26097 27 8779
271 25600 32192 92 635013
272 25806 34392 91 644328
273 25859 26572 29 19988
274 25885 28129 14 33801
275 26016 28106 11 7309
276 26065 34147 9 7987
277 26079 26088 112 689
278 26087 30231 75 90744
279 26099 26286 47 6390
280 26157 27163 104 181397
281 26257 36568 47 141516
282 26258 27655 61 43524
283 26259 30403 77 101348
284 26308 28799 12 15661
285 26355 28180 35 24653
286 26396 28926 111 131688
287 26674 29763 71 155394
288 26737 28055 8 3153
289 26793 28126 30 14433
290 26802 33481 95 397947
291 26855 27874 52 23312
292 27090 32091 16 24689
293 27221 27599 36 13640
294 27411 47805 12 95671
295 27424 37100 88 105292
296 27543 33713 22 48695
297 27670 31748 46 266106
298 27746 34237 108 525824
299 27921 33115 52 189672
300 28058 36552 54 170386
301 28222 29283 14 3193
302 28752 46826 35 354611
303 28933 30782 137 123145
304 29023 29743 31 15888
305 29039 34730 8 13493
306 29054 34400 25 46593
307 29494 31579 44 27930
308 29775 33883 32 58138
309 29800 37306 30 147221
310 29809 34064 40 240468
311 29938 41467 34 72882
312 30055 35903 75 313269
313 30118 32388 85 64560
314 30340 41551 13 74424
315 30367 35345 100 85451
316 30380 31566 20 7150
317 30432 37823 149 504364
318 30491 37144 139 345049
319 30505 36712 59 135706
320 30507 35720 6 11227
321 30591 31104 5 220
322 30667 30732 146 4222
323 30702 33273 51 89830
324 31118 36129 73 171245
325 31154 34779 32 34248
326 31245 33627 87 64899
327 31264 33672 5 9787
328 31379 42800 67 323969
329 31412 36274 133 224224
330 31584 40023 116 305484
331 31617 31946 14 3982
332 31640 34051 138 259040
333 31862 45519 150 2461156
334 31923 40589 7 50300
335 32163 32687 18 6580
336 32168 38486 90 303443
337 32238 33585 55 52473
338 32311 32684 17 2335
339 32329 37522 138 298048
340 32527 44428 5 20040
341 32745 35224 109 287626
342 32779 43492 105 829610
343 32793 34770 79 100254
344 32803 39438 41 159084
345 32879 34813 85 95071
346 32966 46763 106 186776
347 33059 37168 72 33463
348 33083 39607 26 60646
349 33237 45362 64 207014
350 33341 34428 43 18797
351 33356 51240 15 138829
352 33423 34936 87 34392
353 33442 36472 29 45825
354 33487 38579 103 228628
355 33557 35707 131 127396
356 33670 34407 126 37690
357 33671 34385 25 16445
358 33837 41232 6 23386
359 33984 34274 17 2641
360 34218 36292 129 121678
361 34348 38371 8 13207
362 34485 35399 45 6275
363 34606 35278 95 63471
364 34668 38402 39 97655
365 34920 36860 120 123195
366 35107 36500 94 198045
367 35109 36814 19 13883
368 35145 37307 17 21092
369 35234 37385 12 3547
370 35296 37926 7 10629
371 35351 44041 99 261005
372 35370 35987 25 10520
373 35403 37549 15 17035
374 35447 37904 19 22874
375 35448 39786 15 21624
376 35486 47355 13 62629
377 35524 40016 95 247198
378 35559 50564 40 286142
379 35613 42846 13 42028
380 35640 43950 111 493166
381 35648 36113 147 53207
382 35687 36296 100 27777
383 35747 45279 60 172341
384 35930 36413 14 3839
385 35937 44697 19 75953
386 36090 42488 30 72061
387 36143 38870 8 5805
388 36147 55632 146 996583
389 36299 53191 10 30100
390 36536 40141 63 205694
391 36545 47101 33 47966
392 36546 54455 8 69577
393 36700 38932 7 13241
394 36755 52222 62 314906
395 37000 42575 37 102825
396 37533 47246 110 600025
397 37551 45625 13 54621
398 37604 42226 5 5899
399 37635 41534 22 45766
400 37807 39583 45 32251
401 37990 40301 49 47298
402 38246 43570 52 139259
403 38276 42020 74 128420
404 38342 48133 22 119668
405 38412 39586 63 30200
406 38537 48363 5 16710
407 38628 40253 78 37171
408 38641 56694 21 152136
409 38721 46452 45 186623
410 38884 47284 135 340038
411 39157 46561 94 237217
412 39224 46555 116 287788
413 39257 46299 12 31664
414 39927 41187 134 72943
415 39933 42904 91 113787
416 39954 42644 17 10790
417 39996 44598 94 107343
418 40048 41247 16 4467
419 40059 43249 6 6102
420 40085 60709 12 75671
421 40100 52805 114 743218
422 40142 46883 82 170461
423 40159 57445 32 110615
424 40210 40840 6 876
425 40228 54889 46 259072
426 40404 47256 26 102444
427 40478 58465 57 436089
428 40503 40914 104 27939
429 41290 43435 136 252681
430 41381 50109 75 520320
431 41405 54393 122 927795
432 41410 55123 13 57228
433 41593 56295 47 243102
434 41609 41850 103 15942
435 41817 50675 60 285422
436 41893 47708 57 167473
437 42075 42319 111 21900
438 42079 55514 111 878767
439 42081 49215 17 40215
440 42130 44969 18 12470
441 42192 51303 32 148460
442 42210 47884 85 264715
443 42276 52950 110 755626
444 42301 44541 19 15909
445 42326 52228 21 84457
446 42330 46445 6 19959
447 42341 47617 68 47242
448 42366 55062 8 38381
449 42370 47612 35 82259
450 42379 57158 5 32911
451 42621 46129 51 67693
452 42745 44774 122 153167
453 42820 50077 55 121303
454 42915 44761 148 85446
455 43157 44361 5 2903
456 43210 46217 63 92021
457 43377 63229 74 239667
458 43527 63739 4 86384
459 43617 63836 127 428291
460 43637 47874 94 128306
461 43668 54119 14 38704
462 43747 48886 147 295064
463 43902 51905 7 20036
464 43976 54874 29 48997
465 44010 57675 72 1063165
466 44245 56843 32 373682
467 44318 48285 129 274014
468 44404 51796 10 42712
469 44445 47451 59 126742
470 44456 47777 47 37473
471 44463 45340 17 5454
472 44643 47882 145 108542
473 44676 51903 13 43325
474 44678 50191 12 33470
475 44728 71346 71 641880
476 44851 49892 104 565118
477 44893 49199 64 272509
478 45047 55576 125 1025434
479 45230 46137 10 5548
480 45234 57283 27 89356
481 45319 63808 13 69032
482 45693 49122 73 42106
483 45770 73877 5 39958
484 45829 55901 51 94917
485 46118 50374 13 39050
486 46203 48010 127 52039
487 46596 53090 109 454583
488 46609 46839 18 620
489 46664 51212 36 45322
490 46697 52255 76 213278
491 46736 60933 136 463191
492 47003 52257 6 10279
493 47034 47731 95 72036
494 47151 54288 117 742155
495 47249 49833 36 39967
496 47318 52181 10 43895
497 47367 55383 39 97704
498 47562 49241 34 30935
499 47579 68950 7 36287
500 47641 47767 20 915
501 47671 62621 63 781121
502 47728 59745 57 201288
503 47806 55458 148 389733
504 47889 57499 63 380310
505 47964 62599 77 342948
506 48037 49333 90 71136
507 48084 57725 43 151519
508 48132 57953 87 503479
509 48300 58716 101 325878
510 48650 51360 105 157860
511 48722 50792 6 13559
512 48802 50500 14 17730
513 48949 51558 63 54042
514 49035 55958 5 31035
515 49132 51063 13 8769
516 49190 52459 68 36923
517 49210 50150 92 36234
518 49410 53797 31 70312
519 49420 51264 5 4660
520 49466 53613 129 574985
521 49531 55008 115 215552
522 49681 54377 49 69197
523 49734 61687 22 95427
524 49794 52979 10 6326
525 49801 51519 19 7021
526 49823 60929 105 795988
527 50040 50472 116 45227
528 50054 55873 49 123291
529 50064 56806 90 130481
530 50076 58523 53 77672
531 50116 57863 5 6801
532 50920 72194 39 677877
533 51181 53892 57 98543
534 51268 53231 126 57278
535 51457 56859 131 275683
536 51973 69707 94 1340965
537 51998 53014 131 296514
538 52037 53635 77 46221
539 52059 57076 15 27754
540 52087 65314 125 575251
541 52107 56973 129 412884
542 52153 61667 138 1793511
543 52249 58268 148 401707
544 52256 52536 8 1337
545 52504 60949 71 211735
546 52649 58743 65 814582
547 52772 67275 124 1059848
548 52851 53366 25 6433
549 53074 57344 27 34797
550 53210 54453 43 14573
551 53223 57774 19 28381
552 53352 62298 64 641042
553 53363 60854 58 180769
554 53365 54736 23 8871
555 53430 57289 98 71588
556 53543 53574 46 591
557 53642 55203 93 60116
558 53847 56697 8 5874
559 54032 63975 90 365015
560 54076 61361 38 217473
561 54178 56534 56 96001
562 54359 55698 105 101166
563 54376 56238 83 58754
564 54411 55750 89 21259
565 54603 71347 89 485850
566 54619 64015 20 32515
567 54689 65167 76 269526
568 54913 63539 106 561686
569 55093 57623 86 186338
570 55146 73593 75 610889
571 55198 81770 8 64508
572 55251 55500 5 1692
573 55288 61999 29 91049
574 55359 62143 80 117207
575 55502 62818 129 416396
576 55524 58453 82 185224
577 55562 61709 141 128261
578 55654 84527 24 300302
579 55731 71255 19 214092
580 55897 60731 9 30336
581 56047 57793 98 88504
582 56068 62862 41 105515
583 56102 62811 35 51763
584 56106 61270 45 84213
585 56135 56842 41 7263
586 56148 66726 79 181438
587 56368 68693 34 102322
588 56431 74315 32 240583
589 56633 57645 15 3702
590 56666 74377 50 141373
591 56783 67664 22 69863
592 56786 59652 102 141656
593 56852 59075 95 203154
594 56953 63873 84 291911
595 57034 76518 83 250046
596 57411 60213 98 52834
597 57635 58492 139 52127
598 57982 71313 35 180463
599 57990 58141 34 5594
600 58007 66883 130 2177030
601 58116 68377 98 474064
602 58122 62228 66 60005
603 58162 58568 6 807
604 58276 63883 60 226761
605 58362 65423 14 78691
606 58411 77927 108 672105
607 58447 63807 30 73818
608 58464 65830 22 67564
609 58470 79638 4 32571
610 58472 71483 106 1661711
611 58528 60062 77 27759
612 58633 60258 52 86078
613 58757 60942 138 93576
614 58788 63459 133 112557
615 58903 61563 129 235666
616 59136 64694 63 109056
617 59221 66244 142 287092
618 59225 59326 26 675
619 59280 67411 63 172759
620 59435 60950 73 24834
621 59468 64484 36 43931
622 59645 70710 48 231155
623 59688 67868 48 149645
624 59757 63888 109 295031
625 59777 83322 148 1832554
626 59795 69909 86 371135
627 59836 62370 57 65014
628 59994 70903 20 124218
629 60029 64505 118 137669
630 60053 62281 123 198223
631 60065 68573 103 532141
632 60069 60399 114 14685
633 60137 60379 80 17254
634 60512 62922 7 9715
635 60591 63463 95 85140
636 60638 65273 56 61276
637 60717 70167 145 486584
638 60819 70886 14 25063
639 60840 62841 44 28588
640 60917 64640 6 12972
641 60962 63355 52 86881
642 61103 61439 145 23669
643 61300 62538 81 51539
644 61523 62374 90 43147
645 61572 62142 136 52872
646 61877 83633 88 543674
647 61895 64706 135 104188
648 62001 73611 147 561450
649 62049 67530 24 50353
650 62138 62232 24 2291
651 62353 62885 66 7079
652 62397 79249 113 256635
653 62597 70656 67 231732
654 62608 68284 119 413698
655 62611 65284 83 179468
656 62773 65114 75 63014
657 62890 65601 10 12975
658 62911 70965 135 693048
659 63067 68309 141 417782
660 63098 65356 11 15305
661 63196 81472 20 88234
662 63523 65903 75 38491
663 63584 73487 76 130007
664 63602 66404 134 180444
665 63730 66871 66 94790
666 63762 72727 88 383148
667 63949 65432 76 90293
668 64084 72684 80 244924
669 64115 94718 14 162417
670 64116 75827 143 1846270
671 64134 66978 61 26453
672 64175 70032 58 255064
673 64179 65410 117 61524
674 64196 65674 90 106316
675 64277 64992 87 89634
676 64292 64363 69 4470
677 64386 66603 97 143214
678 64431 76351 122 470632
679 64487 70081 8 7474
680 64573 70191 59 252098
681 64577 68422 63 81712
682 64675 67412 16 10772
683 64722 73001 14 49854
684 64752 65884 82 73517
685 64922 69206 16 16476
686 65020 68252 25 17117
687 65047 73758 49 157573
688 65266 66040 26 20933
689 66286 69990 46 318632
690 66424 75646 21 104950
691 66636 74276 16 58721
692 66712 67504 81 35617
693 66749 67726 121 128702
694 66835 94471 98 1229001
695 66842 76459 10 15599
696 67032 70467 55 62100
697 67250 86364 10 73196
698 67362 71512 6 19346
699 67407 67734 6 2232
700 67634 78418 22 77729
701 67731 71985 134 415105
702 67733 69785 28 23336
703 67858 69588 81 31879
704 67918 68726 96 80254
705 67925 69953 49 60556
706 67935 77497 15 61215
707 68130 81601 118 358134
708 68133 69341 6 8673
709 68290 74326 103 580084
710 68340 71722 49 23506
711 68408 84351 147 471789
712 68460 69781 46 116555
713 68553 70714 74 20823
714 68583 78072 6 50903
715 68608 79454 143 1266438
716 68639 69660 13 4328
717 68644 77147 12 42546
718 68690 80538 19 136487
719 68944 70270 113 97621
720 69225 72218 4 3592
721 69367 74000 61 152852
722 69435 80985 128 632926
723 69476 70243 57 19439
724 69586 73486 142 196444
725 69937 78272 64 169832
726 69966 73510 143 56465
727 70182 75382 62 94928
728 70197 75557 6 4344
729 70323 80604 42 116997
730 70371 71137 35 36516
731 70389 70487 129 7661
732 70638 71523 109 29827
733 70640 72148 119 92653
734 70690 73259 5 4849
735 70701 74976 79 174052
736 70836 77215 140 552199
737 70884 72368 97 168040
738 71023 76047 15 8695
739 71074 76344 59 163932
740 71113 71288 94 21520
741 71117 80133 43 169681
742 71134 72371 131 52418
743 71302 72437 40 28769
744 71363 82220 106 457472
745 71484 97887 73 433366
746 71632 74991 34 56700
747 71692 76052 39 30612
748 71919 78784 130 357898
749 71926 74648 23 33511
750 72050 73532 32 18809
751 72534 76313 76 90104
752 72546 75158 32 31967
753 72696 77851 40 34561
754 72923 73110 74 12637
755 73029 75254 92 93693
756 73032 78404 103 486164
757 73123 74952 57 38401
758 73154 75747 61 53926
759 73396 80482 100 380536
760 73455 81665 10 35351
761 73495 75301 19 8233
762 73529 73923 108 16766
763 73541 90673 35 157366
764 73653 78764 30 65298
765 73683 75347 28 15773
766 73801 77104 49 63895
767 73828 84149 33 88843
768 74057 74264 16 1525
769 74271 80975 101 391535
770 74356 75774 81 39202
771 74360 77022 21 24168
772 74418 78602 9 26759
773 74477 77952 21 33309
774 74480 87600 4 21442
775 74658 85438 4 5985
776 74731 78601 94 137170
777 74800 77161 23 29693
778 74902 75096 8 531
779 74940 77146 8 16310
780 75064 89531 79 330881
781 75198 76496 84 43390
782 75256 75583 71 3498
783 75414 75828 136 12058
784 75441 83146 140 263100
785 75461 76209 140 60011
786 75522 79281 5 8195
787 75548 84557 66 300238
788 75551 80036 143 135729
789 75574 75667 90 6359
790 75733 81955 7 60940
791 75764 78125 16 33760
792 75849 77181 14 5938
793 76012 76693 19 3465
794 76022 82167 4 7761
795 76080 77971 32 21852
796 76178 77743 42 12590
797 76233 77682 37 28525
798 76251 77018 23 7265
799 76407 80081 99 102770
800 76532 81223 10 45445
801 76685 80517 111 118471
802 76700 79052 7 17142
803 77251 99190 121 2207854
804 77283 77343 21 583
805 77312 81766 88 457362
806 77315 77479 47 4897
807 77388 77500 26 1874
808 77443 82251 127 361645
809 77519 81816 36 92238
810 77548 90572 6 33987
811 77685 84340 9 41753
812 77864 90862 57 146287
813 77906 79299 6 2335
814 77958 90502 16 21532
815 78043 78218 66 5442
816 78093 89596 43 480521
817 78236 81503 82 218235
818 78281 85112 110 200226
819 78345 81702 114 894101
820 78548 79598 143 28903
821 78621 81777 46 82982
822 78880 82741 90 383435
823 78916 85043 81 236216
824 79064 82365 125 261488
825 79130 84560 80 650288
826 79337 81268 99 106199
827 79342 83423 120 181331
828 79453 80669 47 22033
829 79518 82191 34 72226
830 79621 81151 14 19828
831 79678 83858 94 352407
832 79831 86135 29 42479
833 80003 83279 8 7337
834 80145 81017 31 11063
835 80286 84434 44 107734
836 80592 86304 7 15516
837 80675 82119 55 27153
838 80768 91934 25 130723
839 80900 86707 88 340081
840 80927 85923 48 72014
841 80934 84986 20 25788
842 81019 85758 111 157739
843 81046 85522 65 83340
844 81082 88772 16 33919
845 81091 82480 105 81520
846 81123 82301 122 31970
847 81310 85849 82 76640
848 81372 83407 115 162171
849 81439 82163 101 59920
850 81450 81847 147 66443
851 81457 81927 68 32859
852 81612 82533 9 3013
853 81671 94736 83 592100
854 81764 82554 44 22510
855 81884 83381 65 135809
856 82001 84432 96 49913
857 82034 88724 102 330540
858 82077 86442 76 312781
859 82168 84963 39 26404
860 82198 88394 90 63611
861 82318 90213 32 143920
862 82495 87029 63 63416
863 82584 95804 134 517871
864 82722 84888 62 35838
865 82795 90653 38 351986
866 82823 85933 86 281147
867 82858 83993 136 81703
868 83024 91363 93 238952
869 83055 90101 29 50798
870 83239 85305 5 2373
871 83281 85521 19 37322
872 83288 83895 141 53275
873 83365 89259 51 88321
874 83415 87680 11 50358
875 83416 92058 55 49680
876 83482 98807 86 1786069
877 83641 94220 125 399812
878 83669 90783 32 160893
879 83753 99143 96 704956
880 83772 87486 35 57514
881 83829 84364 36 11009
882 83849 89465 39 35865
883 84059 93567 14 19600
884 84111 90510 128 392087
885 84128 84204 35 1244
886 84160 84536 5 1541
887 84280 90492 57 159141
888 84395 86947 135 205372
889 84659 94998 134 342386
890 85025 89889 93 204226
891 85078 96241 15 68033
892 85136 93765 7 29033
893 85242 99810 20 92214
894 85316 97657 63 440473
895 85328 86504 42 25473
896 85335 91483 33 243613
897 85375 95391 87 363665
898 85405 85571 98 3854
899 85432 88037 125 97406
900 85600 90511 5 10432
901 85657 94708 33 57070
902 85658 85768 135 13715
903 85934 94465 150 568412
904 86059 86328 45 12330
905 86210 89387 80 107063
906 86282 95627 24 67443
907 86327 86881 144 37620
908 86403 90372 19 23763
909 86514 88330 12 6252
910 86554 87512 129 68994
911 86774 89451 125 222141
912 86821 86825 8 37
913 87148 88920 26 17119
914 87423 88262 124 53402
915 87621 92079 95 194869
916 87669 88760 143 185370
917 88434 88755 91 18830
918 88438 92948 55 154000
919 88562 89874 23 21657
920 88595 95060 13 41760
921 88623 92330 131 335270
922 88703 88914 87 5882
923 88752 93266 85 280528
924 88971 91496 132 148443
925 89026 90966 126 41035
926 89160 97366 6 18228
927 89236 89882 114 46982
928 89345 95009 17 17809
929 89442 92356 44 26153
930 89490 90141 13 7182
931 89504 95824 20 44910
932 89823 93113 85 98614
933 90210 97486 6 6026
934 90394 90962 132 39036
935 90438 91849 137 92890
936 90449 94299 68 72096
937 90637 94090 12 19049
938 90640 94732 8 12911
939 90785 94667 5 15596
940 90828 96247 13 28011
941 90897 90954 7 339
942 90927 91718 89 28648
943 90972 93150 12 7782
944 91143 92723 18 9845
945 91157 95676 27 26202
946 91349 92648 128 117576
947 91386 96709 108 94430
948 91478 95363 13 19965
949 91609 99460 88 154734
950 91675 95232 88 168165
951 91686 92090 148 34352
952 91757 93411 85 53333
953 91922 95224 91 87678
954 92004 92361 10 2905
955 92026 99340 96 470918
956 92218 93502 21 15337
957 92240 93537 135 115089
958 92403 93099 26 6591
959 92668 99018 110 421744
960 92959 99917 12 53516
961 92989 99099 54 243079
962 93046 93673 72 37067
963 93240 95316 29 25353
964 93262 93773 76 31402
965 93337 94581 150 126015
966 93439 93993 15 12838
967 93583 95879 131 143857
968 93624 94397 124 101721
969 93861 97244 90 155675
970 93863 98150 73 184259
971 94295 95747 102 102468
972 94305 96679 124 248662
973 94417 97023 7 10422
974 94802 98232 16 44065
975 94861 99960 30 73372
976 95075 99818 132 168926
977 95171 98552 35 83769
978 95264 95517 56 5303
979 95273 97157 145 496043
980 95321 96733 45 21227
981 95340 97004 8 7299
982 95352 95702 43 26371
983 95459 95526 40 458
984 95538 96017 41 15003
985 95593 97985 86 97670
986 95699 99653 18 23837
987 95853 96452 73 18519
988 95954 99629 131 208786
989 96159 96323 24 1594
990 96222 96253 8 179
991 96551 98359 66 67461
992 96684 99556 26 69604
993 96701 97886 50 17589
994 96949 98136 40 26060
995 97168 99674 60 78539
996 97338 97723 138 53713
997 98298 98785 18 5457
998 98592 99768 119 97290
999 98856 98956 12 813
