50 1000 0.023
.........................###......................
.........................#####....................
..........................###.#...................
.........................######...................
...#.........#...........####.....................
...#..#.....##....................................
#.###.##..####....................................
#####.###.#.#.....................................
....#########.....................................
...##########.#...................................
...##########.##..................................
...########..##...................................
..##.#######.#####................................
.....#.....##.####................................
.....##....#######................................
...........#####.##...............................
......#.....#######..............##...............
....#.#.....#####.#..............###..............
....###.....#######............######.............
....###.....#.#.##.............###.#..............
...####.....#.#..#..............#.................
...######.....#.##................#..####.........
...#####...........#..........###########.........
....####...........###...........#..##............
....##...........######.........###.####..........
.....#............##.#...........#...#............
...............#####..............................
.................###..............................
.................#.##.............................
...................##.............................
...................................#..............
...................................#..............
...........##......................##.............
........#.###......................###............
........######....................###..#..........
.........#####....................#######.........
.....#..#####.#....................##.##..........
.....###.######.....................###...........
....##.###..##.....................#######........
....#########...................#######..#........
....#.#####......................####.............
.....#######....................##.##.............
.....#....#.....................##.#..............
..................................................
##................................................
##................................................
###...............................................
######............................................
####..............................................
##.#..............................................
0 209 471 10 1009
1 324 3853 84 60045
2 360 558 82 7408
3 362 13721 90 484557
4 428 3938 26 50005
5 553 717 95 13720
6 712 4907 12 11120
7 723 8566 27 120572
8 852 1105 4 436
9 854 1913 86 118013
10 1022 2257 58 39992
11 1043 1271 112 2981
12 1111 3249 118 123308
13 1205 12066 137 306487
14 1283 1305 7 58
15 1386 2855 86 95729
16 1682 1909 103 10120
17 1692 2730 17 12899
18 1851 3093 12 4532
19 2325 4924 110 36912
20 2368 6913 43 139811
21 2370 7498 119 617283
22 2383 3623 38 20847
23 2479 4558 6 5264
24 2513 10796 129 772449
25 2679 6687 43 57115
26 2732 3318 134 24495
27 2773 16469 7 29863
28 2870 5295 53 28525
29 2882 12696 5 17105
30 2955 9090 15 24416
31 2983 12322 61 187340
32 2989 5817 6 6845
33 3029 8359 21 34791
34 3039 11994 41 201374
35 3049 8412 77 133852
36 3194 4830 32 31553
37 3323 6024 87 115257
38 3353 7292 43 99899
39 3419 5767 6 4209
40 3493 3497 60 234
41 3510 3576 13 787
42 3603 11036 58 106908
43 3715 10163 6 17090
44 3827 4182 114 50060
45 3907 8201 13 53127
46 3985 4341 121 38849
47 4104 5699 12 9608
48 4134 5630 21 44015
49 4319 6471 95 127896
50 4336 6121 19 45102
51 4451 7988 51 68805
52 4492 6195 73 130461
53 4641 6495 119 117863
54 4689 4846 123 16640
55 4692 5771 14 6479
56 4931 6748 8 9082
57 5060 8040 23 23072
58 5414 11176 73 205131
59 5552 6295 11 5414
60 5622 11381 14 24892
61 5649 6052 145 37769
62 5698 10735 41 63666
63 5913 7512 76 37191
64 5951 6954 71 48775
65 5999 7471 5 2751
66 6014 15361 120 500850
67 6111 7742 35 52014
68 6271 6921 138 18383
69 6299 7713 17 11280
70 6385 10209 25 56327
71 6569 8102 55 71276
72 6606 9733 67 70535
73 6641 12903 22 28290
74 6691 13489 63 328725
75 6722 7785 9 2942
76 6785 27941 128 690695
77 6824 18817 89 581286
78 7084 14895 5 26121
79 7150 16472 21 124496
80 7350 11179 72 79017
81 7356 15916 24 53293
82 7436 14277 16 25941
83 7439 14466 124 846408
84 7573 11399 30 20636
85 7614 8048 8 5697
86 7763 13613 55 426736
87 7823 19063 91 802129
88 7916 23396 50 173967
89 8063 13477 16 66548
90 8151 8858 34 9908
91 8272 9431 82 27996
92 8583 8773 61 8877
93 8760 13754 6 6064
94 8785 16332 24 129153
95 8829 14282 26 260567
96 8853 9442 73 44374
97 8969 15794 98 452038
98 8984 17747 110 493858
99 9046 9936 37 44952
100 9409 11251 64 17968
101 9516 12280 76 37740
102 9519 15444 78 497397
103 9671 33858 121 1394886
104 9782 10634 34 9281
105 9863 10405 80 22245
106 9952 12420 125 173313
107 9971 20991 6 50905
108 10168 13408 57 179490
109 10354 13154 63 25176
110 10371 14538 85 65077
111 10395 19254 112 812125
112 10564 10981 53 17729
113 10658 10689 147 4146
114 10935 16168 99 457660
115 11151 14486 129 112295
116 11477 12575 92 55044
117 11489 14711 74 238471
118 11862 17949 58 38603
119 11913 13212 26 6836
120 12015 12029 14 92
121 12062 14323 6 2602
122 12215 15208 45 63766
123 12265 12510 144 57096
124 12466 21819 75 333901
125 12480 17475 21 38943
126 12565 15762 96 135499
127 12683 13161 120 13479
128 13265 15123 149 66285
129 13299 17625 21 30330
130 13358 16068 106 56968
131 13383 18382 125 214068
132 13421 18850 34 67450
133 13438 14535 71 29862
134 13517 17106 4 11816
135 13644 16385 40 68986
136 13719 15981 57 64042
137 13756 15149 95 65995
138 13767 14733 109 287451
139 14336 19506 17 83609
140 14404 35915 11 39434
141 14484 15187 5 1286
142 14635 16758 40 47295
143 14671 17180 12 8020
144 14679 15113 109 9709
145 14682 26045 5 9075
146 14748 17796 9 13110
147 14848 14891 60 3242
148 14953 17595 4 6518
149 14976 24785 12 47138
150 14995 17485 35 58622
151 15082 29537 19 32918
152 15120 18386 67 131179
153 15229 18718 10 5163
154 15262 19662 103 234993
155 15291 18838 11 20519
156 15323 16182 84 18223
157 15379 21705 43 376052
158 15543 17171 34 112068
159 15600 19757 44 38122
160 15638 16349 17 4422
161 15772 19470 21 34946
162 15837 25583 104 513384
163 15867 18193 10 17461
164 15918 19720 113 154559
165 16337 18081 50 85320
166 16596 20854 60 44553
167 16624 17598 5 15672
168 16726 24893 9 9366
169 16955 20091 84 502701
170 17057 17554 43 5539
171 17122 26613 37 206039
172 17282 19617 35 46080
173 17446 38601 80 559195
174 17490 20415 134 106473
175 17599 21704 56 295022
176 17616 21927 51 51610
177 17622 18179 71 24463
178 17707 23211 39 50734
179 17775 18570 83 54798
180 17842 28148 24 45397
181 17867 18756 55 22041
182 17941 19325 141 187644
183 18035 18992 104 37575
184 18146 21681 20 52523
185 18147 19791 41 37134
186 18204 21852 95 179976
187 18213 18569 23 8983
188 18266 23984 18 31648
189 18448 23624 20 23928
190 18595 20105 82 111975
191 18665 29704 59 308190
192 18676 18755 41 1046
193 18693 24992 10 16129
194 18989 19222 120 29927
195 19096 22343 87 142403
196 19097 23828 94 322564
197 19280 21860 132 220451
198 19321 20581 8 10231
199 19422 20472 52 11030
200 19677 21959 59 49326
201 19706 25970 21 43602
202 19716 22635 100 62049
203 19909 27861 137 1047192
204 19912 23592 92 150864
205 19957 23359 10 23271
206 19962 22930 134 434889
207 20120 24085 117 145409
208 20148 23207 40 21540
209 20179 20614 13 1845
210 20272 22095 33 50154
211 20279 21397 149 68880
212 20382 21079 75 31743
213 20420 29383 37 92958
214 20473 21186 48 8422
215 20663 23154 42 16485
216 20667 21051 72 18356
217 20706 22682 17 12395
218 20908 23069 81 63716
219 21042 24081 93 112022
220 21091 30327 4 17714
221 21231 23599 15 16145
222 21301 22058 20 13478
223 21321 22051 40 20073
224 21425 21515 35 1729
225 21454 22128 101 48828
226 21505 23229 144 31845
227 21846 24278 71 17750
228 21874 23888 36 26413
229 21888 24476 5 8597
230 22034 24386 59 219574
231 22145 30204 81 294663
232 22164 23633 13 5457
233 22517 30206 51 166773
234 22553 22978 135 13677
235 22601 22617 94 1467
236 22647 23998 109 118886
237 22819 27510 56 307888
238 22842 33590 28 193674
239 22885 24249 40 20350
240 22898 28167 136 272601
241 22916 24599 33 124430
242 22926 28009 65 292551
243 23098 30840 147 476430
244 23336 27488 64 185967
245 23348 23844 93 12943
246 23455 25944 74 89238
247 23644 30236 83 238910
248 23684 24332 82 39595
249 23698 29777 60 247407
250 23816 28331 29 39147
251 23848 35216 35 101909
252 23904 34293 4 7048
253 23921 24557 6 2407
254 24094 32426 71 90895
255 24171 32505 130 448540
256 24414 28289 11 11573
257 24435 36544 45 102363
258 24530 24894 81 6821
259 24633 27601 100 207988
260 24686 25099 105 38484
261 24725 37747 75 826048
262 24726 25637 116 15364
263 24795 30595 35 23910
264 24833 32811 7 36009
265 24947 28649 130 167280
266 25102 29099 58 525210
267 25340 26708 56 20783
268 25594 30121 36 55538
269 25625 26113 75 32000
270 25685 34275 4 33668
271 25832 28909 68 174536
272 25838 33362 58 201029
273 26111 27380 92 47224
274 26117 27532 75 55006
275 26211 31717 51 225579
276 26381 27897 95 25933
277 26548 31505 58 244723
278 26566 30880 108 482677
279 26700 29859 131 63942
280 26734 33440 121 811619
281 26861 32389 122 931895
282 26876 30353 35 89004
283 27043 34374 20 64147
284 27189 29471 7 10407
285 27245 27486 32 4997
286 27286 27647 70 4073
287 27338 28302 50 31208
288 27362 28797 29 20302
289 27511 28619 54 32427
290 27520 35030 52 93456
291 27558 28750 7 4093
292 27735 30987 143 344759
293 27797 29809 29 51795
294 28022 29238 33 19597
295 28031 30052 70 65642
296 28130 29175 84 59523
297 28273 28700 29 7803
298 28352 33938 19 21629
299 28842 31853 42 56215
300 28870 29862 24 6365
301 29205 34176 87 336962
302 29274 32165 142 142742
303 29282 30971 107 73284
304 29306 30145 21 9139
305 29750 33025 16 8837
306 29751 38716 14 173415
307 29752 32416 59 71671
308 29818 33228 82 251985
309 30147 32009 50 20817
310 30262 38973 59 96185
311 30368 32526 33 36978
312 30419 31471 92 63944
313 30477 40159 67 143769
314 30829 32197 98 45748
315 30967 33955 117 146275
316 31116 31844 77 47176
317 31167 42450 35 120544
318 31213 31438 75 7156
319 31323 36520 49 118589
320 31444 34926 123 116532
321 31513 34365 31 18475
322 31644 35512 122 133335
323 31648 32365 61 10289
324 31655 32887 82 50767
325 31713 38856 36 145148
326 31780 40581 10 48752
327 31796 34351 70 137338
328 31805 33985 127 549503
329 31916 43323 61 472421
330 32106 32341 19 3867
331 32219 50720 141 549229
332 32421 37145 19 50945
333 32646 34411 71 100326
334 32717 41949 23 70802
335 32729 41537 12 32111
336 32837 33168 41 8978
337 32880 36776 78 504023
338 32906 34350 134 100320
339 32935 33015 70 6675
340 33170 33685 21 6163
341 33218 33790 69 14743
342 33443 34526 123 25270
343 33462 35884 5 3538
344 33541 35719 101 50539
345 33655 35623 47 17558
346 33660 36113 100 158543
347 33715 34485 33 14391
348 34031 35493 33 16635
349 34080 35796 23 16086
350 34106 44961 35 933463
351 34114 44758 46 472845
352 34295 45928 85 246092
353 34311 34623 36 11587
354 34393 34690 94 20225
355 34532 36283 25 65512
356 34607 35310 25 7570
357 34616 37709 49 102869
358 34622 46289 33 119559
359 34663 50290 26 116402
360 34785 35717 115 68289
361 34790 35931 121 409450
362 34847 49535 107 262073
363 34890 37912 121 235162
364 34908 36976 18 13695
365 35329 35716 128 24584
366 35685 36834 20 19552
367 35712 35818 11 576
368 35787 38728 113 45922
369 36091 39880 11 26161
370 36220 39315 85 164458
371 36255 44306 90 402008
372 36565 36821 140 13878
373 36778 37381 9 7138
374 36899 38073 98 47973
375 37111 39253 21 14711
376 37159 39442 42 72689
377 37208 42118 136 144460
378 37260 38551 103 101786
379 37367 40232 15 12277
380 37452 40695 56 88273
381 37560 38735 118 32818
382 37584 40541 60 44842
383 37600 39353 138 214383
384 37609 40267 49 104572
385 37647 39369 18 15806
386 37650 38259 62 13807
387 37680 41637 19 68229
388 37700 39518 62 40569
389 38099 45322 24 87416
390 38134 38734 43 9985
391 38693 44759 91 451174
392 38756 42191 7 6158
393 38821 40390 117 89001
394 38894 41212 76 80916
395 39125 42123 72 78935
396 39162 39746 107 62696
397 39247 41022 118 58044
398 39267 39537 125 36950
399 39663 40697 143 116711
400 39727 47317 135 320184
401 39730 41084 28 33568
402 39732 43655 26 48826
403 39787 44590 27 26016
404 39824 47174 35 174724
405 39894 40696 25 25782
406 39968 41007 12 9063
407 40004 40464 77 31023
408 40081 47887 64 601077
409 40258 42282 4 3186
410 40295 44144 12 8943
411 40347 53158 97 392495
412 40361 40439 10 310
413 40481 41548 13 13583
414 40565 43147 134 174195
415 40620 45393 48 175625
416 40624 41757 45 22551
417 40637 41942 4 1548
418 40651 42021 122 42155
419 40749 41146 43 8005
420 40762 44501 34 25279
421 40867 41742 11 2463
422 41068 43643 85 187075
423 41190 41935 15 1826
424 41301 45553 5 6303
425 41381 47014 131 259379
426 41509 44242 11 7787
427 41669 42944 34 30092
428 41701 45850 110 516681
429 41702 42241 8 2303
430 41738 44268 57 33310
431 41952 48128 55 153376
432 41974 43187 109 24424
433 42056 53217 134 1077985
434 42156 44527 27 46083
435 42229 42770 42 8380
436 42355 42523 110 30839
437 42391 43176 127 72963
438 42458 43975 8 3909
439 42552 44711 37 29308
440 42573 43681 54 42697
441 43084 43998 15 5149
442 43094 51946 114 143814
443 43287 44408 20 9167
444 43499 44671 43 38035
445 43519 49752 36 49600
446 43552 44151 6 2859
447 43729 46099 95 177294
448 43771 46796 117 114710
449 43802 43963 17 722
450 43825 49563 7 23606
451 43971 44114 53 1926
452 44003 49178 114 98369
453 44027 44721 71 27893
454 44083 44568 131 40479
455 44283 51884 20 117333
456 44427 49777 27 45473
457 44580 52818 5 8131
458 44616 45345 47 14379
459 44622 47008 13 14053
460 44885 48771 111 125559
461 45126 45697 34 11182
462 45299 59257 140 466989
463 45395 51840 34 62203
464 45712 52305 72 282241
465 45713 46139 20 5611
466 45795 50226 113 357340
467 45881 47808 95 44506
468 46193 48235 15 20243
469 46198 46442 11 907
470 46564 48335 12 7681
471 46597 46673 13 241
472 46634 54955 6 48594
473 46749 49578 65 209620
474 46764 47475 75 22351
475 46802 50723 5 5067
476 46832 47369 136 71964
477 46882 57727 143 360971
478 47047 47668 23 33813
479 47124 49728 114 226101
480 47249 55051 123 179978
481 47274 48959 26 20850
482 47315 48648 15 17951
483 47389 50573 19 71948
484 47437 48740 88 50719
485 47453 49064 49 32280
486 47522 50710 20 17221
487 47548 53904 52 71282
488 47551 50672 73 115438
489 47708 51336 21 17165
490 47881 49878 71 93536
491 47987 58782 103 324766
492 47998 64183 29 255102
493 48011 48205 9 803
494 48218 49451 75 21323
495 48295 55100 119 332154
496 48342 55689 61 178586
497 48459 65788 51 386885
498 48555 51445 149 59552
499 48704 49614 16 6256
500 48714 49902 25 26741
501 48761 58720 148 550563
502 48835 53444 86 149440
503 49060 55816 33 71550
504 49297 51305 140 128892
505 49389 64759 52 194575
506 49436 50586 29 21817
507 49579 58988 61 106919
508 49603 56082 56 153640
509 49674 50983 23 15725
510 50020 52152 60 30433
511 50025 54170 69 237737
512 50162 55095 86 201787
513 50174 51920 14 3851
514 50223 60645 62 62464
515 50409 57067 5 23871
516 50540 50655 67 4668
517 50733 54296 10 23715
518 50821 51683 24 7313
519 50847 51958 103 59919
520 50936 51916 141 47168
521 51043 57979 9 25040
522 51049 57510 99 162954
523 51073 64618 9 18324
524 51078 62201 148 377710
525 51104 53448 56 120493
526 51138 52572 75 30784
527 51424 52237 144 120211
528 51433 51616 45 4187
529 51502 56261 93 164000
530 51708 56775 62 231312
531 52004 53536 81 136626
532 52064 54561 109 145339
533 52129 54128 8 4178
534 52234 53617 21 13511
535 52280 53359 13 3663
536 52326 53933 113 115039
537 52581 55053 9 6198
538 52662 53681 114 46956
539 52671 66966 34 423552
540 52692 56806 78 74940
541 52707 54667 25 20291
542 52848 55523 42 84769
543 52860 56834 6 25368
544 52912 54898 25 8827
545 52919 66202 127 719680
546 52967 57330 46 83699
547 52980 65438 16 82426
548 53015 53993 18 6080
549 53491 58326 37 65505
550 53520 56170 25 29727
551 53635 53987 53 17632
552 53651 60906 55 79590
553 53885 61041 72 140368
554 54039 54074 97 896
555 54072 55115 22 9188
556 54314 54673 33 5269
557 54351 57306 9 10550
558 54442 56479 114 110764
559 54497 67558 48 295864
560 54559 55149 12 3902
561 54608 55843 7 17797
562 54748 58151 59 64223
563 54815 57029 81 92569
564 54900 58699 20 49721
565 54920 63948 62 266203
566 54938 55362 49 22451
567 55085 56379 102 80235
568 55123 55674 41 3808
569 55259 61052 79 130000
570 55283 59235 47 41858
571 55508 60541 26 83284
572 55553 56177 112 26771
573 55576 56078 108 24863
574 55766 56726 4 930
575 55804 58892 103 329214
576 55822 58079 53 90458
577 55958 56884 55 46396
578 56029 60349 32 52063
579 56217 57531 74 63380
580 56492 57053 44 18147
581 56517 57299 65 55656
582 56564 57736 42 37575
583 56601 64617 19 25671
584 56702 60810 102 82177
585 56970 59574 107 319491
586 57022 60724 38 102450
587 57078 61876 93 176865
588 57290 59393 6 3750
589 57505 59819 27 25318
590 57522 60532 141 199892
591 57728 57934 68 21600
592 57948 60497 43 22986
593 57986 75771 90 696279
594 58191 63623 14 27824
595 58260 70296 81 551689
596 58446 59076 105 65602
597 58511 59130 109 21225
598 58691 71682 22 85472
599 58745 63305 79 207518
600 58827 61256 8 5002
601 58866 64304 92 346201
602 59214 63063 25 41331
603 59227 59889 56 28743
604 59332 59875 129 49555
605 59403 61784 30 25437
606 59430 66031 97 564617
607 59688 66086 137 387577
608 59738 65963 76 147489
609 59762 67557 125 452758
610 59786 62734 14 13645
611 59805 64554 124 224546
612 59901 63490 6 7565
613 59912 63044 60 49924
614 59980 66736 60 196541
615 60275 61562 10 15889
616 60300 64075 41 108487
617 60504 63936 88 57250
618 60686 63178 88 107084
619 60826 64224 12 30546
620 61126 75009 141 1189592
621 61163 63714 9 18069
622 61201 70642 4 6445
623 61363 63621 34 26058
624 61415 61515 31 4662
625 61620 63454 52 56151
626 61650 63318 26 21481
627 61687 64362 22 21046
628 61920 67502 147 208208
629 61966 62818 98 51796
630 62006 68989 26 210269
631 62046 62149 150 17780
632 62087 64006 7 6377
633 62136 63848 134 94029
634 62181 62749 91 12165
635 62322 77129 6 45886
636 62372 63916 58 47649
637 62446 65487 5 10534
638 62533 70639 128 497597
639 62795 66032 9 7888
640 62804 68692 27 60072
641 62808 72403 6 47523
642 62835 72269 34 160069
643 62859 68027 139 454748
644 62882 64749 94 109732
645 62921 63005 46 1283
646 63119 68547 98 957278
647 63303 68292 26 22584
648 63310 64700 28 6490
649 63349 69022 61 266493
650 63386 65496 124 59403
651 63393 66640 5 7938
652 63414 64161 48 21060
653 63508 65464 24 20522
654 63707 65413 139 163529
655 63759 65194 103 65964
656 63907 64329 140 32329
657 63990 65459 59 56162
658 63993 67363 66 107750
659 64092 65268 54 27813
660 64144 67278 45 260999
661 64150 86161 23 358238
662 64235 68704 147 95731
663 64273 71440 123 446742
664 64284 64409 44 10016
665 64307 75879 33 112938
666 64410 66035 43 50565
667 64478 76211 11 29766
668 64481 66221 31 122839
669 64580 67934 5 5926
670 64602 65865 26 17154
671 64670 67674 122 145768
672 64770 66501 27 28974
673 64810 75938 91 238627
674 65080 65455 116 33808
675 65089 67349 15 23863
676 65177 68682 12 47630
677 65232 66644 34 30655
678 65255 69457 95 282591
679 65331 72655 38 151293
680 65374 67888 47 135349
681 65576 69693 60 142029
682 65684 70931 118 140688
683 65723 77218 24 40118
684 65743 75547 119 1098269
685 65881 71498 16 50515
686 65970 68111 4 3704
687 65988 78580 122 459637
688 66207 68322 84 52966
689 66248 74208 39 84805
690 66311 66749 15 5615
691 66385 68649 148 146394
692 66485 68985 81 49700
693 66650 68562 115 124022
694 66910 68287 14 6452
695 67124 71208 137 607147
696 67220 70633 83 247689
697 67259 72305 31 31585
698 67315 69340 7 7634
699 67337 67736 109 23432
700 67347 71308 106 259949
701 67381 73434 127 576948
702 67467 71446 20 49021
703 67505 69001 40 48736
704 67519 85024 74 269183
705 67636 69317 25 44668
706 67665 68842 37 11091
707 67673 78342 110 457278
708 67744 68225 10 1167
709 67795 67817 22 165
710 67813 68444 83 34963
711 67867 71294 29 42861
712 68011 69644 7 10627
713 68034 70766 55 128260
714 68267 69594 56 44678
715 68295 69756 94 49773
716 68298 79926 6 12603
717 68407 69312 129 75257
718 68511 74951 70 247858
719 68525 68921 44 7876
720 68575 69435 144 17155
721 68609 83170 115 416220
722 68621 76797 62 232328
723 68628 74598 20 23480
724 68734 70241 35 22371
725 68888 84044 23 203129
726 69039 69629 125 25950
727 69078 70132 49 13839
728 69126 74589 48 185663
729 69184 69829 53 13733
730 69208 74813 13 21604
731 69444 70581 53 53381
732 69746 70397 7 2509
733 69766 77198 34 92553
734 69855 72813 28 16740
735 70032 70751 42 7250
736 70427 70932 61 11664
737 70559 87071 62 324697
738 70619 71327 10 2147
739 70744 71589 143 75797
740 70758 72097 60 42504
741 70759 72522 21 7638
742 70772 77774 7 35920
743 70774 75520 8 23003
744 70944 75964 106 504870
745 70961 71883 8 3555
746 71194 72254 24 4674
747 71241 72935 19 7064
748 71280 76361 128 428276
749 71284 76785 29 151958
750 71536 79203 122 261487
751 71547 75551 40 49442
752 71724 76169 79 216170
753 71848 72123 22 8608
754 71899 73072 135 107109
755 71921 73421 5 1901
756 71929 76610 45 115634
757 71976 72668 103 73260
758 71985 77125 147 1266918
759 72286 73099 14 5101
760 72566 75697 115 149043
761 72617 87526 15 83818
762 72762 78058 4 7135
763 72771 78228 118 267624
764 72828 73147 149 19176
765 72963 75511 48 38348
766 73195 84464 17 45606
767 73294 78489 75 92227
768 73304 79147 91 85896
769 73371 79673 101 227257
770 73529 74174 7 7408
771 73693 77698 118 310249
772 73743 81524 55 200992
773 73842 77047 65 84967
774 73961 78089 67 193114
775 74037 90035 79 531954
776 74110 74200 20 941
777 74145 78891 27 35981
778 74160 74412 32 4163
779 74445 81454 22 25576
780 74470 79404 58 103580
781 74604 95550 118 1043036
782 74829 80483 50 131886
783 74851 83835 130 910728
784 74906 75763 148 66994
785 75000 75380 27 5189
786 75375 79737 7 27957
787 75403 76744 27 9704
788 75453 77141 35 26795
789 75459 79580 19 59974
790 75464 76637 85 80632
791 75513 75710 57 8564
792 75536 82048 134 192089
793 75708 76611 120 17625
794 76012 77882 6 3831
795 76021 77231 62 33822
796 76082 82358 100 149861
797 76099 80921 49 91160
798 76109 79628 132 118566
799 76249 81248 15 15720
800 76256 80113 26 143420
801 76286 80290 116 304176
802 76355 77266 8 3863
803 76521 77252 20 12797
804 76605 77995 39 38114
805 76639 76840 11 495
806 76746 81695 8 5452
807 76867 76886 40 464
808 76933 77900 82 32210
809 77012 80410 141 259414
810 77133 82179 47 90470
811 77135 78616 143 63393
812 77327 78065 146 68315
813 77439 78393 42 24809
814 77476 77920 52 6190
815 77533 81986 132 157898
816 77550 78843 77 88741
817 77586 88061 49 88582
818 77631 78001 117 38308
819 77680 80474 83 179647
820 77687 80843 63 57467
821 77702 80531 9 25864
822 77776 84732 43 129447
823 77860 83275 29 155679
824 77869 81929 24 30377
825 78390 80127 6 2481
826 78950 82064 117 59990
827 79178 81801 106 128618
828 79224 84972 55 107557
829 79383 79419 93 2381
830 79395 79990 20 6195
831 79599 87939 131 781749
832 79771 83522 18 76905
833 79961 83449 56 55333
834 80029 88684 118 186169
835 80034 84946 92 214019
836 80165 80207 75 1458
837 80266 84335 52 78262
838 80274 80376 22 1370
839 80362 87896 41 125645
840 80381 81286 66 15240
841 80485 81336 87 16610
842 80590 82475 22 19295
843 80761 82553 129 119409
844 80994 81363 124 16721
845 81017 85571 59 142926
846 81200 86575 110 217406
847 81290 84291 28 60475
848 81357 81935 13 5190
849 81372 81488 14 1341
850 81396 88449 8 18868
851 81400 85302 6 9045
852 81462 91753 101 630444
853 81572 84966 111 327730
854 81599 85508 137 172622
855 81614 82435 8 1480
856 81678 83812 130 53691
857 81714 82255 111 21840
858 81810 92761 146 607139
859 81822 92938 6 13593
860 81852 82549 14 3836
861 81862 89182 41 83128
862 81883 82350 9 1378
863 81941 84243 40 29112
864 81975 83808 147 56128
865 81995 82345 96 16515
866 82062 83049 15 17766
867 82185 87251 60 220440
868 82584 82900 69 6908
869 82675 83741 36 16258
870 82722 83821 12 4119
871 82782 84383 7 9216
872 82844 83441 17 3058
873 82860 84136 44 21997
874 82959 84565 130 179726
875 83018 89237 17 62641
876 83381 90186 17 37163
877 83516 83874 85 28398
878 83536 85130 25 25846
879 83545 91104 118 240862
880 83559 91046 127 839205
881 83587 86173 41 44525
882 83629 93215 29 146471
883 83782 86468 12 6176
884 83940 85808 8 3736
885 83962 85483 106 74244
886 83979 84600 113 45118
887 84009 88262 20 19551
888 84028 86157 140 37318
889 84068 89498 51 177985
890 84177 92486 12 85158
891 84332 86881 4 6329
892 84456 87566 16 18412
893 84677 84738 33 1420
894 85088 86531 46 31942
895 85214 94712 11 27618
896 85224 95167 140 228985
897 85258 91228 20 56501
898 85270 91045 8 17789
899 85723 86463 132 55151
900 85748 88136 84 57417
901 85837 90555 13 35523
902 85842 87344 115 62185
903 86068 88640 7 8791
904 86086 87067 28 22759
905 86120 90531 36 33883
906 86139 88542 14 13910
907 86208 86938 126 39567
908 86236 90790 9 23994
909 86414 93534 96 309086
910 86585 88168 148 88960
911 86859 88333 14 8375
912 87034 98495 39 177124
913 87078 87495 120 41615
914 87085 94707 41 112464
915 87148 88509 65 52285
916 87152 87514 18 1352
917 87342 87577 14 946
918 87343 95513 124 402167
919 87392 87482 97 5676
920 87476 99766 17 75777
921 87565 96460 9 36664
922 87592 88867 118 83438
923 87621 88567 12 7198
924 87863 97133 44 252298
925 87936 89073 47 15265
926 88239 91579 113 60196
927 88436 93858 8 11969
928 88447 92888 137 212115
929 88521 92521 71 193069
930 88524 89534 71 40003
931 88572 94565 108 458240
932 88939 90399 82 38807
933 89023 99604 6 24800
934 89287 90992 26 20654
935 89373 91048 5 9355
936 89445 89465 38 506
937 89510 91257 81 53759
938 89555 91032 87 48363
939 89573 89893 62 36989
940 89681 92134 18 23906
941 89693 94187 74 103867
942 89743 90053 13 891
943 89771 97230 140 271520
944 89991 90887 12 2637
945 90182 91071 6 1238
946 90369 91173 85 35329
947 90462 93200 69 87756
948 90614 93161 12 20923
949 90640 93746 92 56654
950 90860 92707 107 43419
951 90873 92041 60 43711
952 90910 93772 82 47270
953 90981 95194 97 130690
954 91154 98601 4 5084
955 91225 96097 23 50741
956 91308 93179 132 139322
957 91310 91908 42 15262
958 91322 93920 69 131252
959 91416 95052 40 59019
960 91421 92882 89 114663
961 91744 93482 16 8414
962 91979 96465 24 36649
963 92082 92647 39 13509
964 92154 92462 51 8198
965 92255 94587 75 52679
966 92551 95752 71 115199
967 92696 93058 7 1442
968 92815 93214 24 6400
969 92886 95500 52 99197
970 93027 93297 6 240
971 93272 99515 145 349953
972 93332 94124 19 16877
973 93389 96290 150 107522
974 93521 95453 147 116262
975 93698 97535 7 6945
976 93984 95123 91 49474
977 94036 97268 5 8339
978 94086 95505 127 156557
979 94108 95518 61 28095
980 94149 94922 135 50153
981 94390 95831 66 53398
982 94682 95529 53 43539
983 94708 96964 35 10500
984 94755 97357 10 9734
985 95090 98865 18 29536
986 95298 96690 129 80966
987 95339 98544 89 114002
988 95539 96492 46 51384
989 95906 98045 79 80334
990 96048 97395 41 25064
991 97181 97310 52 4161
992 97300 98456 90 29352
993 97495 97727 104 15657
994 97576 97892 139 15627
995 97745 99599 26 8788
996 97837 98064 14 1944
997 98146 98730 75 19903
998 98768 99878 42 23540
999 98794 98796 47 30
