50 1000 0.035
..................................................
..................................................
..................................................
..................................................
...............#..................................
...............#.......##.........................
...............##....#.#####......................
...............#..#..##.###.......................
............##########..#####.....................
...........######.####.##.####....................
........##.####################...................
........##.###################....................
.........##.###################...................
......#####.######.###########....................
......###.#########.###########...................
......#.##############.#######....................
.......############.###########...................
........#..###################....................
........###.#########..#######....................
.........###################......................
..........########.#.######.......................
.........##..############.........................
.........#...#..######....................#....#..
............##..#.####...............##.#.##.###..
.............#....#.##................###.#..##...
....................................#######..###..
.....................................#..#########.
...................................##.########....
..................................################
................................###############.#.
..................................####.########.##
....................................##.#..####....
.......................................###########
.......................................########.#.
.....................................#########.###
......................................#...####.#.#
...........................................###....
................................#..........#......
................................#.................
................................#.....#...........
................................###...#...........
...............................#####.##...........
...............................#####.###..........
.............................#..#.#####...........
............................##.#########..........
............................###..####.............
...........................########.####.#........
..........................###.#######.####........
..........................##############.#........
..........................################........
0 118 1902 101 37134
1 399 1685 6 3768
2 473 2199 74 164115
3 711 2560 113 107367
4 748 4566 135 120435
5 915 2245 16 9624
6 985 2605 138 85970
7 1040 2097 76 30882
8 1282 1537 67 8932
9 1372 4796 67 83242
10 1475 4481 56 59901
11 1495 4814 98 65537
12 1542 2986 105 279376
13 1598 7472 73 137772
14 1721 13659 4 33943
15 1815 3193 13 7557
16 1817 8618 103 484902
17 1858 5293 40 50745
18 1935 4101 100 128396
19 2156 2287 75 5748
20 2171 17095 116 2078442
21 2290 7170 88 200439
22 2300 6290 7 23365
23 2301 7928 66 148396
24 2315 3057 21 4367
25 2328 2375 34 351
26 2347 2408 101 3145
27 2497 2681 83 22967
28 2620 8156 14 23688
29 2639 2687 21 638
30 2667 3211 149 36031
31 2679 2884 125 6945
32 2684 10605 143 804300
33 2746 7900 76 68902
34 2756 3891 70 26684
35 2931 3503 40 2902
36 2966 6134 129 189108
37 3033 3116 114 12186
38 3045 4639 11 4833
39 3066 4209 54 64272
40 3179 3457 26 7161
41 3198 3407 53 7600
42 3383 4971 120 50246
43 3388 7104 39 59964
44 3390 7693 5 26251
45 3418 4716 19 62483
46 3551 6936 85 155526
47 3654 3672 11 193
48 3731 7139 45 30729
49 3795 13155 72 252931
50 3797 3871 45 2162
51 3890 9243 30 124029
52 3893 10342 7 12866
53 3944 10765 47 94454
54 3959 8392 47 60600
55 4018 7154 13 18931
56 4029 4252 10 1062
57 4794 5781 13 6171
58 4810 4853 21 1076
59 5015 5411 143 25308
60 5055 5123 59 3019
61 5093 5732 19 7231
62 5370 6654 84 32991
63 5789 8482 55 85672
64 5822 7988 97 190858
65 5861 7816 105 146089
66 5894 9512 66 123426
67 5977 6710 44 9543
68 6250 6853 41 36497
69 6289 8792 80 57219
70 6433 7759 11 15350
71 6436 8030 116 36002
72 6544 6944 92 7676
73 6567 7298 5 1532
74 6791 7891 145 110966
75 6879 11245 64 111330
76 6913 7853 6 1836
77 7116 8155 15 13677
78 7250 8160 82 76767
79 7284 8051 74 16112
80 7330 7994 85 65512
81 7391 9182 101 127859
82 7399 9340 24 26318
83 7461 10139 16 16199
84 7467 11398 12 19900
85 7475 9766 44 64892
86 7490 9473 84 83844
87 7956 7982 129 2372
88 8055 9084 77 36312
89 8083 8508 114 20025
90 8085 9987 26 15982
91 8144 8343 38 1666
92 8153 9638 9 18575
93 8190 9125 21 22208
94 8354 12036 135 787190
95 8415 11355 10 16982
96 8426 10072 82 47140
97 8476 9745 37 35156
98 8553 11819 139 363335
99 8673 10920 9 9498
100 8714 9006 85 14520
101 8771 9023 13 4457
102 8802 14041 25 36158
103 9005 11750 98 214738
104 9083 10147 49 29244
105 9231 27207 17 73807
106 9260 10675 142 269725
107 9309 9753 57 12363
108 9463 13599 81 211910
109 9520 12103 5 7169
110 9634 10584 129 75290
111 9722 9929 43 4607
112 9767 23868 36 62906
113 9776 12735 24 37579
114 10024 10427 144 21028
115 10140 12303 26 32140
116 10272 15419 19 33634
117 10337 11775 135 109697
118 10359 14034 29 52928
119 10430 18812 84 321344
120 10635 18411 7 37860
121 10682 11202 141 28044
122 10698 14652 149 77188
123 10784 11706 25 15422
124 10901 15050 7 10364
125 10945 13650 142 153243
126 10998 12320 34 21844
127 11070 13820 107 115002
128 11139 11870 65 17951
129 11352 16066 22 76845
130 11378 15012 139 227927
131 11404 16378 124 321766
132 11419 15319 25 46540
133 11457 17115 13 26125
134 11497 11888 15 3563
135 11498 16112 94 385203
136 11553 11776 16 4683
137 11744 16265 5 25515
138 11825 11990 20 1664
139 11991 20456 113 911220
140 12021 13842 83 41346
141 12066 13128 45 16131
142 12181 20980 110 239490
143 12264 12688 67 8102
144 12275 13367 40 8734
145 12318 16086 73 61843
146 12352 13307 99 36764
147 12416 13432 19 10553
148 12496 13872 69 83575
149 12719 16023 43 86933
150 12725 12764 53 1245
151 12730 14731 50 60914
152 12810 15375 87 148580
153 12927 15901 63 108372
154 13046 25977 86 105437
155 13121 13379 71 10444
156 13177 13509 25 7281
157 13233 13391 10 933
158 13242 21517 29 57238
159 13347 18101 10 6074
160 13361 19628 35 65727
161 13467 23301 7 29815
162 13470 20411 65 370483
163 13483 15131 11 11674
164 13515 13775 130 8953
165 13641 18263 63 246074
166 13681 14609 107 16035
167 13693 16259 92 85722
168 13705 14297 10 16665
169 13708 13835 63 4009
170 13769 13823 144 6659
171 13887 15223 7 5324
172 14179 14601 22 3191
173 14217 16403 108 61771
174 14351 17250 19 13682
175 14663 21774 6 30103
176 14832 22410 10 41956
177 15096 16581 14 5552
178 15101 19691 87 202295
179 15103 15215 100 2268
180 15161 18246 126 93801
181 15245 16672 146 95863
182 15466 16124 10 6392
183 15493 15893 79 20462
184 15726 17086 12 4502
185 16073 20012 61 106209
186 16116 21146 68 160861
187 16183 33551 108 981767
188 16637 19043 37 33434
189 16721 19623 32 14595
190 16724 19473 7 32674
191 16781 24874 93 175050
192 16825 31612 145 435110
193 16849 19809 127 286349
194 16985 18857 67 70941
195 17185 18938 25 20146
196 17586 19707 137 184983
197 17595 17858 23 4082
198 18069 18251 57 2788
199 18133 18589 45 6256
200 18147 18352 24 4446
201 18313 19037 7 8440
202 18617 21463 6 10264
203 18620 18896 40 6745
204 18695 19052 20 2017
205 18824 21010 16 19112
206 18831 26185 37 170326
207 18879 19654 59 31280
208 18959 24198 5 12038
209 19038 23190 47 168760
210 19153 20340 19 11571
211 19372 20875 145 233306
212 19533 25385 119 608227
213 19631 20031 84 17784
214 19721 22367 145 259431
215 19813 26084 7 37155
216 19828 34754 99 504959
217 19913 24862 12 70036
218 19988 20651 135 24299
219 20194 26784 7 8894
220 20231 20491 6 792
221 20356 22411 49 47726
222 20537 21362 96 34648
223 20732 21319 84 44286
224 20750 30637 124 249847
225 20757 22796 11 19529
226 20805 22134 7 8955
227 20868 22326 92 138851
228 20886 23963 85 94240
229 20908 22972 15 15035
230 21077 24467 103 444113
231 21151 24622 29 32470
232 21184 32102 141 450605
233 21310 23739 115 78160
234 21419 25315 35 17093
235 21450 25068 77 163444
236 21667 22693 59 45163
237 21792 23776 147 209217
238 21921 22978 83 35910
239 21926 24464 42 27588
240 21962 23706 48 148886
241 22033 29777 27 35662
242 22149 26782 34 47895
243 22255 23293 41 36854
244 22372 29484 8 21061
245 22586 30474 53 214516
246 22624 26633 103 58899
247 22910 24536 60 35929
248 22922 23907 62 20610
249 22988 30463 135 328642
250 22991 24503 55 51095
251 23167 27685 35 267603
252 23222 24121 6 3169
253 23233 26586 63 144462
254 23321 28550 14 17307
255 23544 23813 17 2695
256 23576 26162 90 78821
257 23587 24975 9 8143
258 23610 25067 69 62401
259 23736 24282 118 26592
260 23755 26451 23 24266
261 23925 25684 57 55627
262 23967 24349 78 27137
263 24084 24253 130 5403
264 24228 30136 29 86390
265 24302 24658 40 14292
266 24368 26112 145 220774
267 24449 25792 15 16500
268 24491 25419 46 28662
269 24629 26535 100 132652
270 24702 24869 87 18714
271 24721 29900 50 213688
272 24770 26150 5 4808
273 24781 28163 39 39100
274 24847 26554 149 87062
275 25109 28092 16 22847
276 25206 33519 83 421762
277 25234 26962 143 126077
278 25252 27875 16 23623
279 25285 25328 60 2381
280 25318 25716 8 1182
281 25342 31556 75 133027
282 25481 26405 31 20871
283 25553 28552 82 81494
284 25556 27856 22 23711
285 25607 31026 88 124044
286 25688 26745 46 34017
287 25965 27458 55 37312
288 26035 26122 56 4795
289 26442 35405 22 49013
290 26463 28565 98 71938
291 26644 29482 76 134315
292 26767 30654 140 247473
293 26792 30300 146 208802
294 26852 30587 115 167380
295 26889 28980 25 28015
296 27045 28182 6 4739
297 27340 28249 120 30892
298 27356 30752 88 158285
299 27362 32793 55 49724
300 27626 28590 4 1362
301 27675 29489 122 54899
302 27691 29756 91 94142
303 27785 30647 51 37704
304 27805 29135 72 61619
305 27971 29178 30 11646
306 27990 29971 86 65572
307 28144 28291 35 3034
308 28172 31291 90 149542
309 28334 28420 82 7767
310 28356 28649 108 16915
311 28536 29593 84 56594
312 28776 40308 97 307158
313 28781 29600 76 25368
314 28819 30471 11 10650
315 28936 29731 10 3476
316 28977 29832 22 6791
317 29192 31920 25 30863
318 29231 35217 94 232027
319 29250 29666 47 5032
320 29425 29477 22 1073
321 29779 32423 12 16087
322 29812 30335 28 9482
323 29906 39072 7 20575
324 29973 36551 41 101974
325 30023 33542 149 233438
326 30036 32495 62 33280
327 30044 31981 39 71853
328 30102 30776 37 11650
329 30202 30253 31 2269
330 30337 30892 12 7885
331 30506 34218 124 171700
332 30773 32470 21 54961
333 30800 39186 10 37981
334 30837 31368 104 30984
335 30885 34456 19 40426
336 30938 35304 77 133439
337 30939 31001 12 420
338 30958 33888 26 20942
339 31027 32504 5 3817
340 31056 32547 18 10099
341 31063 32779 9 8335
342 31089 39799 145 619349
343 31242 31491 13 572
344 31435 31469 112 3179
345 31729 37107 52 68815
346 31902 34738 147 170547
347 31975 33069 20 7983
348 32077 34289 14 14500
349 32134 34873 17 44062
350 32196 32639 30 4804
351 32319 32561 20 5013
352 32339 40105 25 181636
353 32472 38359 95 273017
354 32802 32957 150 8112
355 32954 48707 5 77462
356 32977 33708 81 48715
357 32997 40377 91 194064
358 33046 39626 54 377142
359 33050 36227 115 66132
360 33147 34311 24 10880
361 33151 33207 27 1352
362 33177 34988 44 25477
363 33276 33476 63 5880
364 33287 33425 89 3503
365 33434 40636 19 33577
366 33514 36223 124 175936
367 33650 34132 38 25750
368 33663 33973 10 3032
369 34096 36162 55 126151
370 34116 34834 16 5643
371 34257 39287 134 217065
372 34336 41413 135 210430
373 34476 37407 67 17706
374 34503 34763 75 4388
375 34506 38371 31 84413
376 34668 36783 12 10467
377 34936 38075 63 47972
378 34937 37147 8 11472
379 35206 46349 127 545279
380 35279 42019 81 349799
381 35644 37992 19 23233
382 35704 44953 11 48163
383 35763 44606 5 32301
384 35816 38494 35 25530
385 35920 36377 29 6139
386 35934 43226 62 373111
387 35967 41305 12 12465
388 36000 37359 25 24749
389 36079 36280 125 17402
390 36090 39412 147 276130
391 36253 38486 16 22676
392 36254 37325 106 60044
393 36276 41723 129 381119
394 36304 38055 100 77286
395 36335 37591 68 28998
396 36442 39854 82 207815
397 36521 37306 8 5285
398 36585 37141 139 54080
399 36649 39190 99 75356
400 36671 38999 98 383824
401 36678 39711 11 10249
402 36765 46490 25 101592
403 36768 37659 120 95314
404 36958 45995 141 356395
405 37039 45675 93 813496
406 37114 37370 146 48779
407 37224 49871 43 84666
408 37275 40294 17 36407
409 37555 42613 56 248651
410 37614 39382 45 38106
411 38030 40337 141 102895
412 38039 45568 146 758133
413 38114 39984 11 15237
414 38153 38308 70 8488
415 38284 39586 69 43163
416 38408 38464 10 292
417 38410 39235 33 18226
418 38597 40154 5 20138
419 38625 42388 27 28341
420 38715 49636 31 424811
421 38729 45317 4 13437
422 38820 41187 79 215150
423 39050 41554 89 145654
424 39059 41296 33 29046
425 39077 40194 49 20499
426 39081 40084 105 69480
427 39501 40693 82 35212
428 39650 40131 90 31716
429 39653 45970 10 14438
430 39880 40708 69 48685
431 40148 45646 103 149427
432 40489 45159 84 407010
433 40551 40864 94 15161
434 40564 42267 38 14148
435 40707 46352 48 120202
436 40777 43430 98 69377
437 40846 41961 54 37672
438 40865 42321 49 19962
439 40942 41267 21 5882
440 41399 43215 105 60046
441 41426 43169 58 60822
442 41579 42403 23 19308
443 41601 48289 80 170979
444 41628 52700 61 171075
445 41634 43960 133 175035
446 41687 47148 33 60289
447 41714 42489 69 22375
448 41813 44661 56 65884
449 41868 41900 9 630
450 41869 43848 38 22023
451 41880 46533 7 15139
452 42108 46901 95 267614
453 42289 44123 8 9403
454 42419 42885 37 11829
455 42831 44869 24 14183
456 42889 43103 100 25594
457 43254 44507 51 24798
458 43292 44429 35 14826
459 43392 46516 116 180889
460 43570 44056 130 29081
461 43809 44002 88 7101
462 43873 46674 44 35665
463 43919 44381 5 1153
464 43931 44808 44 30137
465 43993 48165 122 347024
466 44037 47967 33 89138
467 44647 47838 63 145121
468 44712 48071 26 92679
469 44868 45584 130 34042
470 44933 46946 29 16983
471 45034 45669 117 18644
472 45073 52396 31 149203
473 45078 46129 69 12457
474 45145 49048 69 49273
475 45592 49249 36 18826
476 45614 47305 34 20727
477 45736 47364 53 60217
478 45837 47949 77 150103
479 45910 46467 119 19920
480 45915 46977 45 14205
481 46012 56256 121 730508
482 46033 51067 133 416035
483 46247 48151 43 55411
484 46250 48685 33 33414
485 46327 47860 90 104780
486 46329 48698 21 17787
487 46491 47317 33 19820
488 46590 46710 29 1730
489 46701 56397 135 465083
490 46936 47675 38 18537
491 46961 54107 46 162463
492 46983 51293 132 259712
493 46986 61741 13 105171
494 47016 47692 26 3017
495 47180 47899 19 7247
496 47229 47793 40 29851
497 47499 49233 40 8191
498 47551 48166 62 53966
499 47623 51419 7 9774
500 47730 49023 108 74768
501 47751 56415 100 250555
502 47776 50340 127 123751
503 47827 48239 4 2828
504 47839 48945 111 59345
505 47952 51760 129 228620
506 48112 49158 74 39169
507 48124 52983 37 67275
508 48157 48319 9 1175
509 48238 49981 109 95492
510 48314 50600 48 62460
511 48439 52757 67 121010
512 48440 66502 45 179995
513 48664 49513 55 39891
514 48680 50636 44 61237
515 48885 49701 79 46154
516 48890 48976 71 5369
517 48908 51588 134 166224
518 48919 51078 52 38625
519 48934 49318 17 1565
520 49272 52646 94 275592
521 49421 49445 94 3846
522 49443 51662 20 40069
523 49449 49497 105 2274
524 49563 51461 27 23234
525 49595 50805 109 51017
526 49673 52440 32 40840
527 49925 51171 26 26211
528 50150 52256 19 18096
529 50215 53447 131 111036
530 50268 54966 62 52869
531 50352 51023 60 18382
532 50382 51093 8 3256
533 50608 51792 53 18398
534 50659 52461 134 119743
535 50729 56274 7 27883
536 50824 56571 55 139394
537 50886 51746 15 3983
538 51092 66592 57 255632
539 51492 56534 7 28801
540 51514 51903 62 22933
541 51523 52102 97 70333
542 51556 51890 49 4278
543 51653 54437 17 32239
544 51713 53279 87 58687
545 51733 53102 117 41870
546 51942 53918 141 67882
547 52005 57363 5 11807
548 52025 52569 111 21727
549 52038 56802 119 268972
550 52050 59893 78 222390
551 52137 55743 80 189759
552 52344 52710 12 10134
553 52419 53265 6 2093
554 52544 59755 7 8332
555 52553 54341 19 7908
556 52578 54714 23 36668
557 52743 57178 79 70978
558 52786 55721 99 92150
559 52802 54307 38 27866
560 52914 59302 141 262482
561 53126 55224 49 42001
562 53159 58393 94 224494
563 53346 65911 126 629459
564 53377 54053 86 61573
565 53397 71626 11 26350
566 53697 57025 66 122095
567 53793 56799 40 99724
568 53813 56299 84 141059
569 53833 60458 63 127722
570 53996 56754 43 21024
571 54140 55379 65 23187
572 54303 55279 71 19324
573 54565 56813 25 83256
574 54630 54956 88 16967
575 54657 60684 15 18351
576 54838 59396 6 17740
577 54868 55830 97 19376
578 54909 68206 107 588833
579 55125 58960 48 67123
580 55131 56388 111 79573
581 55171 58672 4 5990
582 55448 61924 17 24286
583 55562 55968 87 22582
584 55576 59663 82 202058
585 55798 56495 35 22498
586 55911 59411 126 208541
587 55996 57535 18 6974
588 56007 57252 98 45883
589 56444 61839 72 149946
590 56519 58212 149 86180
591 56523 56715 8 798
592 56536 61163 25 35860
593 56575 66503 84 262976
594 56593 59410 26 37675
595 56677 59042 108 96634
596 56732 59742 149 73417
597 56786 58066 15 5176
598 56863 57102 29 8522
599 57044 59407 7 6830
600 57048 60930 139 351614
601 57297 65363 10 35054
602 57312 59185 32 16403
603 57382 60971 10 20204
604 57389 58494 92 25202
605 57437 63626 82 156114
606 57440 60613 10 7076
607 57622 65208 68 120218
608 57638 59081 87 57722
609 57689 60854 89 78445
610 57720 57816 5 224
611 57743 60629 20 47149
612 57891 59766 11 14493
613 57893 58068 15 1875
614 57925 59625 66 66155
615 57941 63191 107 256382
616 58250 58500 59 5951
617 58259 59862 8 4107
618 58265 60837 73 108359
619 58304 61713 68 92844
620 58328 58809 35 8945
621 58388 59464 50 23157
622 58675 59543 21 18133
623 58680 61032 10 22710
624 58955 61607 36 83906
625 58963 67463 134 210381
626 59011 60098 67 20961
627 59016 59536 138 26784
628 59092 60237 91 59656
629 59285 60117 20 7206
630 59399 69200 19 77980
631 59412 63197 147 208137
632 59440 59821 5 1123
633 59620 60390 115 28253
634 59624 70589 7 59778
635 59626 63467 59 90346
636 59631 62141 127 120345
637 59656 60418 47 13410
638 59682 63836 87 261837
639 59749 66409 12 50077
640 59873 69556 134 667599
641 59882 63040 120 113297
642 59998 63634 66 253691
643 60103 60476 11 2945
644 60356 64255 135 192970
645 60373 60601 4 573
646 60491 61599 29 40991
647 60765 60960 61 9063
648 60862 61825 13 2676
649 61209 67699 107 269826
650 61264 61613 83 28619
651 61391 61675 50 6440
652 61405 63175 78 62501
653 61575 68101 83 94778
654 61654 62462 38 23239
655 61842 63851 46 40523
656 61850 61995 24 5245
657 62170 68872 99 220558
658 62175 62480 66 9064
659 62307 66203 46 41787
660 62333 66654 17 29016
661 62383 64032 90 56602
662 62404 63746 93 63812
663 62638 65112 19 50645
664 62810 63652 96 46407
665 62835 64822 129 224708
666 63024 66518 70 27197
667 63025 63201 15 1279
668 63067 64295 81 49260
669 63096 64117 58 40154
670 63152 73815 89 581079
671 63578 67409 59 101073
672 63637 66894 9 10694
673 63672 65588 110 69211
674 63685 64787 92 56563
675 63722 64606 137 59001
676 63733 65608 29 30306
677 63921 64320 42 2133
678 63923 65201 131 47202
679 63993 66339 48 48859
680 64010 65082 138 142952
681 64113 68673 117 233394
682 64146 69594 147 1205238
683 64359 64833 20 2092
684 64370 65600 12 9238
685 64428 66468 41 26777
686 64656 68625 31 34017
687 64790 65238 69 11476
688 64971 65932 10 5423
689 65168 74527 21 207637
690 65222 68459 124 216413
691 65275 69984 21 60927
692 65277 66692 37 62163
693 65374 68063 18 17370
694 65377 65570 142 39345
695 65433 66881 9 14985
696 65593 70506 5 9123
697 65626 67170 12 10519
698 65661 73019 32 79790
699 65797 66704 138 209401
700 65822 67461 20 13510
701 65848 75529 124 400972
702 65983 69614 84 107935
703 66016 71499 81 260412
704 66108 69311 145 298584
705 66210 66426 18 4213
706 66293 72954 5 4668
707 66349 66663 26 1996
708 66381 72575 13 37058
709 66598 67226 142 88548
710 66652 66838 11 1108
711 66803 67420 45 10449
712 66899 68565 62 29136
713 66987 70510 99 61913
714 67132 68853 61 159884
715 67182 69638 27 104074
716 67473 71059 16 16499
717 67510 67696 7 1307
718 67594 70415 6 5360
719 67645 70012 9 9434
720 67689 72549 92 111196
721 68050 68851 48 20691
722 68106 76937 80 201561
723 68369 71127 150 221475
724 68451 71034 99 162017
725 68624 71552 17 25217
726 68808 70474 36 12128
727 68882 71800 88 114902
728 68980 72388 5 6217
729 69287 72110 15 8662
730 69296 69809 118 62927
731 69458 81681 25 31566
732 69486 75794 66 155266
733 69711 70511 20 5628
734 69743 71658 107 197580
735 69749 71162 98 45617
736 69769 72049 5 19165
737 69850 74417 5 4007
738 69890 73034 107 260332
739 70061 70644 10 3033
740 70074 71194 108 103788
741 70485 75332 31 82941
742 70520 71284 60 31576
743 70626 72189 115 83406
744 70808 76074 86 115872
745 70833 73085 70 151891
746 71074 75109 117 235366
747 71143 73772 12 18554
748 71157 85742 10 95223
749 71179 71332 101 18150
750 71236 72419 113 31623
751 71247 78439 74 164717
752 71347 74716 94 282716
753 71380 72633 149 199970
754 71421 72359 55 47820
755 71492 76711 43 73805
756 71501 73957 79 90406
757 71531 77615 134 531777
758 71558 73875 9 9666
759 71585 77766 115 349913
760 71637 82228 111 1858189
761 71949 74370 5 7279
762 72099 76968 136 600826
763 72301 79270 114 260629
764 72313 74714 59 45167
765 72352 72472 37 4491
766 72356 72676 65 6328
767 72413 76992 76 194378
768 72445 73890 102 62758
769 72532 80075 10 58744
770 72610 75279 56 91566
771 72972 73265 103 18023
772 73086 73895 114 28442
773 73297 76495 135 300986
774 73301 73582 60 3667
775 73383 74059 56 39383
776 73500 73904 45 10870
777 73565 75226 38 31093
778 73584 75390 18 24943
779 73604 73812 12 840
780 73704 73911 148 17539
781 73739 78766 83 267931
782 73758 76989 65 74694
783 73782 78565 127 481600
784 73829 77135 10 8015
785 73920 74713 48 23889
786 74201 74534 54 2553
787 74276 74393 31 1432
788 74324 80183 46 234796
789 74335 77620 147 280096
790 74448 74934 33 5420
791 74451 75049 91 32707
792 74506 79943 53 282996
793 74684 75721 148 210684
794 74912 76763 22 30050
795 74933 80758 51 36405
796 75143 75887 62 71062
797 75419 78495 94 80078
798 75600 77502 107 120134
799 75626 76553 66 32787
800 75763 76858 14 7486
801 76049 78192 9 13679
802 76060 79540 51 294819
803 76068 78625 14 21671
804 76106 76930 13 10802
805 76129 77930 18 8012
806 76239 81351 34 65746
807 76317 77771 116 109646
808 76324 79165 10 62592
809 76345 77383 26 10298
810 76373 82067 52 182560
811 76422 81173 117 323695
812 76535 76685 92 11129
813 76546 82010 119 911860
814 76596 91013 93 182843
815 76610 77694 13 6013
816 76663 85358 134 465510
817 76733 77142 90 11233
818 76894 77955 20 9765
819 76985 78027 13 6582
820 77081 82215 13 36676
821 77173 81256 80 128688
822 77505 94689 38 224541
823 77562 80609 85 118775
824 77572 78757 110 24232
825 77594 80873 147 628686
826 77765 84742 124 168398
827 77796 77870 34 2113
828 77864 79438 89 53168
829 78139 81611 130 181221
830 78160 79305 12 2335
831 78171 81925 150 138955
832 78387 81414 15 46488
833 78656 82962 113 95958
834 78720 84661 40 177192
835 78980 80804 8 3517
836 79018 81087 10 13314
837 79048 81417 19 22617
838 79096 81953 9 5625
839 79178 79314 5 375
840 79239 83930 85 192533
841 79284 81046 14 4113
842 79518 79744 130 13161
843 79570 81402 81 29442
844 79571 84419 34 34474
845 79592 80977 15 10117
846 80060 83773 46 79124
847 80109 80299 77 18428
848 80133 81412 76 43241
849 80168 84370 33 40352
850 80178 94413 13 81914
851 80203 82165 44 45167
852 80331 80643 12 3165
853 80412 82888 5 9248
854 80413 81059 111 45991
855 80660 89645 134 789634
856 80730 84316 143 271157
857 80760 91793 18 37007
858 80838 85362 10 27649
859 80852 81907 118 48579
860 80858 87638 112 535134
861 80925 81325 67 11553
862 81178 82368 57 22628
863 81368 82504 119 58019
864 81405 85960 15 13107
865 81410 83659 77 276006
866 81460 86627 87 238254
867 81467 83556 96 62787
868 81546 82535 35 34257
869 81719 86626 22 124968
870 81841 84225 23 19081
871 82003 82226 54 11490
872 82394 91835 54 202543
873 82607 84778 17 2690
874 82636 91469 99 334387
875 82880 88627 77 152419
876 82954 83030 125 8289
877 82982 84082 44 14874
878 83016 87297 72 114520
879 83062 88694 113 222574
880 83113 85857 14 17081
881 83250 88780 10 7598
882 83291 87526 9 18695
883 83398 87130 55 90724
884 83399 83643 15 2283
885 83766 86128 63 32801
886 83771 86520 133 92113
887 83806 86236 120 163344
888 83988 84376 108 24290
889 84014 85735 41 33456
890 84044 92835 144 611709
891 84252 84266 5 60
892 84258 86244 73 32387
893 84283 99296 33 132821
894 84344 85957 29 67510
895 84348 87081 7 34025
896 84390 84803 39 14840
897 84474 88991 76 189554
898 84553 85106 71 18590
899 84828 87944 71 73012
900 84898 85783 40 19670
901 85013 85882 21 13152
902 85070 88022 41 29407
903 85256 87546 38 29369
904 85533 89387 132 209675
905 85647 89866 5 3125
906 85663 88133 91 298419
907 85769 91035 10 34858
908 85834 85879 54 1150
909 86003 86103 104 3838
910 86251 92089 52 88228
911 86349 88988 90 178623
912 86361 86468 10 1434
913 86362 86535 11 1708
914 86481 90664 58 303342
915 86506 89503 84 201051
916 86538 87076 38 7844
917 86645 87119 107 84862
918 86659 93039 63 260010
919 86720 87349 117 62054
920 86826 87941 99 53126
921 86876 88628 30 22423
922 87051 87271 137 19894
923 87221 90148 7 7345
924 87306 87690 105 29246
925 87316 87328 115 1299
926 87385 88126 27 4688
927 87436 91087 132 194320
928 87490 93769 34 104109
929 88054 90426 132 81510
930 88110 89466 91 83577
931 88678 88954 83 8324
932 88769 88801 20 765
933 88942 98249 29 164629
934 89074 90199 5 4565
935 89088 92098 66 57046
936 89236 98477 8 32609
937 89316 94124 48 234355
938 89319 92034 76 197136
939 89739 98904 22 224639
940 89849 90378 85 20762
941 89858 92884 149 360302
942 90048 90242 110 11220
943 90154 91228 8 3662
944 90396 94555 71 78142
945 90481 94721 136 323219
946 90532 92772 20 27768
947 90558 95138 6 5108
948 90571 92947 127 168824
949 90856 96242 10 33070
950 91114 94332 26 31669
951 91131 92183 24 5253
952 91231 95897 38 85876
953 91235 98559 69 159756
954 91251 91398 85 10782
955 91666 97953 145 359963
956 91858 94073 115 187649
957 91908 98915 33 145779
958 91921 95872 80 186496
959 91987 95329 5 11576
960 92010 93229 131 205031
961 92203 94517 62 73317
962 92392 95695 29 50126
963 92529 97775 33 85806
964 92589 97218 127 660334
965 92978 93165 40 2135
966 93128 93592 47 9146
967 93277 95538 42 36549
968 93332 94566 56 19894
969 93483 95314 19 14388
970 93541 94161 98 42957
971 93606 94482 5 4740
972 93728 97121 45 48559
973 93803 94315 126 22772
974 93821 98513 33 173452
975 93852 98899 104 281504
976 93863 96048 30 47594
977 93973 96271 28 75775
978 94247 94474 10 1213
979 94625 94953 129 10012
980 94870 95266 15 5805
981 95033 99589 79 174207
982 95167 99368 91 308933
983 95222 97143 75 91626
984 95403 95667 125 18000
985 95438 98527 34 102986
986 95619 97747 144 132851
987 95978 96178 17 970
988 96109 97484 26 12933
989 96198 96689 57 53629
990 96201 97848 11 11918
991 96367 96499 101 16476
992 96530 98628 149 249762
993 96804 98941 59 31956
994 96826 97974 25 14938
995 96886 97092 136 31259
996 97318 98428 36 30781
997 97487 99206 53 82518
998 97689 98817 89 49715
999 98560 99215 98 9320
