50 1000 0.059
......#...###............#.......................#
#.........#.#...........##.......................#
#.........#............#..........................
#........#.....#.......###........#.....#.........
#.........#....##.#...##.#.......##....###........
........###......##..#..........###......#........
........#####........#...##.........#.............
........#...........##.#.#..........#.............
......................####........................
##....................###..#.........##...#.####..
........##...........####........#...##..####.....
.......##.......######.#.........###..##..##......
......###.........###............##...............
##..#...#.......###.......#........##.##..........
.#####......#.....................###.###.........
..#.......###.........#...............##........#.
............####......#................#.....#..#.
...#......###..........................#...####...
..........###.....................................
.##........#....##...............#........###.....
.#####..........###.#............#.#..............
..###........#..###.##...........###...##.........
....##..........##...##...........................
....#....##.....#..###...........###.........#....
.........#....##...###..#..........#..#......#....
.....##.###....#....#..............##........#....
......#.##........................................
..##......##................##....................
..####....###.......###...#.......#.....##........
..#.##.##..####.....##............#...####.##.....
.##....##..............#..........#...##....#...##
.#.....................#........####........#...#.
......................##.........#........##......
................#......#.........###.#....##.#..##
...............##.....##....##.#.#..###.######..##
...........#...#.............#.###....#..#......#.
...##......##.###...............##............#...
...##........####..#...........##.##..........#...
...##..........#....##........##...#.....#....##..
...........#..................###...#......#......
..........###.................###...##.....#...##.
................................#...##.....#...###
.........#..#.##........#..........###....##......
......####.............##.....#...##..............
.....##.#..........#....#.....#..............#####
.....##........#...............................###
......#.......####.........##..................#.#
#..#............#...........##..................##
...#.##.....................#.....................
...#####.......###................................
0 52 4206 26 45502
1 96 2541 96 79215
2 362 1888 35 43863
3 370 921 144 32649
4 388 1616 105 190449
5 391 6969 90 327103
6 476 5385 32 40174
7 501 4634 35 50446
8 571 4685 62 46644
9 617 6332 70 470094
10 657 1033 143 55617
11 906 4138 126 116936
12 927 2200 101 22363
13 1316 3121 88 21950
14 1330 10157 146 290777
15 1390 3175 104 86693
16 1448 4839 34 79497
17 1473 1839 17 4504
18 1477 1889 100 36334
19 1495 14787 38 137318
20 1526 5595 140 158575
21 1565 1666 7 581
22 1602 4882 52 106043
23 1871 5208 68 260543
24 1904 3242 21 30873
25 2010 2507 11 1429
26 2016 3539 19 10936
27 2033 3019 45 15641
28 2080 4375 36 22494
29 2100 2236 27 853
30 2113 3321 55 23074
31 2204 7350 129 353364
32 2432 3012 18 3553
33 2648 7650 33 394301
34 2657 8424 10 41334
35 2750 2946 72 13938
36 2778 8601 146 498476
37 2817 5548 48 30924
38 3116 7651 105 226316
39 3347 7295 93 130486
40 3356 17920 25 99602
41 3365 7581 107 122318
42 3406 4837 6 5977
43 3479 5369 18 15990
44 3483 6917 14 13712
45 3571 4908 34 15688
46 3638 4866 25 18732
47 3691 16909 55 631085
48 3734 4130 101 36312
49 3956 4069 74 2827
50 4165 6278 5 3631
51 4207 4932 7 2175
52 4486 5736 36 12673
53 4596 5957 144 141660
54 4643 8480 76 88375
55 4670 7161 26 29304
56 4730 5204 6 1502
57 4767 5374 110 61382
58 4917 4930 142 1205
59 4960 9862 9 12229
60 5455 5472 14 202
61 5468 10404 20 53582
62 5498 7211 96 70829
63 5739 7191 51 24827
64 5782 7190 33 79178
65 5931 8287 56 74011
66 6022 18380 44 278237
67 6259 7357 137 45942
68 6346 6521 113 3460
69 6393 12949 114 248632
70 6526 9372 60 67027
71 6552 20691 8 22867
72 6568 6792 111 25153
73 6578 8511 103 89109
74 6649 17408 121 538346
75 6758 8160 47 80300
76 6799 13197 24 112811
77 6909 8186 113 74897
78 7007 10108 49 107500
79 7019 11076 23 20848
80 7099 11675 104 134205
81 7133 7864 145 36775
82 7215 11000 66 105335
83 7243 8975 29 26091
84 7313 8836 36 42641
85 7322 12188 80 115200
86 7388 11455 11 12483
87 7487 8903 36 15591
88 7498 8189 76 12545
89 7516 14457 47 103627
90 7800 9437 63 53369
91 7802 7903 8 290
92 7839 10541 103 237272
93 7964 12628 34 109239
94 8271 10115 20 7139
95 8302 11382 123 114011
96 8454 11375 5 12322
97 8553 21732 78 483431
98 8583 14608 37 144823
99 8623 9841 7 4462
100 8624 11623 142 68349
101 8689 9370 11 9786
102 8711 11204 16 21604
103 8733 11400 71 58695
104 8785 9566 54 28719
105 8911 9119 31 1732
106 9120 17520 43 90890
107 9229 10071 9 2001
108 9261 9985 14 4383
109 9280 29857 38 155712
110 9342 16280 35 102383
111 9381 9824 9 2944
112 9513 11531 60 58068
113 9524 11467 141 84231
114 9622 16409 38 247344
115 9709 14478 9 15581
116 9729 11419 26 11833
117 9930 13523 23 27154
118 9980 10826 51 36445
119 10095 12420 85 48513
120 10149 10591 127 26665
121 10281 12181 143 123009
122 10322 15853 143 442325
123 10503 12085 77 106761
124 10656 15711 10 32309
125 10859 16203 77 461427
126 10995 14984 108 192046
127 11017 17789 33 59811
128 11115 11172 16 1013
129 11126 17043 35 43228
130 11349 19746 109 296981
131 11395 17894 91 206713
132 11411 14003 6 10053
133 11499 14656 125 654194
134 11591 26003 48 228033
135 11600 15646 130 356504
136 11671 12198 11 6760
137 11697 12425 145 29127
138 11869 13123 10 8037
139 11980 17076 52 114325
140 12051 12256 15 1983
141 12090 12261 76 22967
142 12332 12518 30 2963
143 12610 15854 22 14099
144 12630 13741 59 73682
145 12727 13672 16 7128
146 12762 13794 125 27554
147 12780 14271 36 15803
148 12863 17999 72 245411
149 12969 15198 124 329414
150 13059 14422 16 18768
151 13446 22092 12 15947
152 13593 19920 42 124948
153 13635 13704 106 4635
154 13701 15714 17 12204
155 14022 15315 32 61998
156 14070 14807 4 2211
157 14103 15207 31 28287
158 14154 15604 64 28837
159 14204 24991 117 753211
160 14208 23015 68 148593
161 14221 14750 101 23049
162 14348 19179 43 65757
163 14677 17474 27 39606
164 14734 15480 118 31552
165 14796 15211 16 4819
166 14849 26182 60 89133
167 14897 17423 4 1580
168 14945 15950 11 12418
169 15261 20719 81 186653
170 15292 17039 146 79469
171 15337 15340 121 423
172 15364 18736 82 74223
173 15370 15967 94 22655
174 15422 20299 101 133962
175 15440 18597 94 247286
176 15523 24973 143 528396
177 15716 16943 143 73347
178 15783 23488 13 53521
179 15803 22959 8 25612
180 15869 17090 9 2783
181 15928 16149 31 2865
182 15964 18041 6 3944
183 15968 18938 132 87358
184 16023 16701 68 10419
185 16051 19952 50 54699
186 16091 18572 85 164907
187 16192 16568 137 17074
188 16349 18912 14 22744
189 16401 21569 103 241709
190 16407 25534 13 31790
191 16537 19557 20 42477
192 16578 18083 27 16100
193 16764 19690 84 149520
194 16933 18797 92 54180
195 16985 20793 42 52236
196 17065 18306 42 16463
197 17142 21498 80 121081
198 17242 17685 54 5296
199 17318 18801 148 135779
200 17324 21874 118 266749
201 17361 23658 4 5743
202 17547 17714 9 518
203 17575 25013 28 170627
204 17742 18058 21 2530
205 17918 18481 109 44704
206 18249 18353 5 188
207 18263 21764 45 50725
208 18291 18966 129 34828
209 18321 22170 110 271782
210 18381 20067 5 2254
211 18507 27652 103 665219
212 18541 20511 41 30220
213 18665 23445 34 30609
214 18728 20212 28 21414
215 18765 19321 50 6846
216 18878 20961 6 11044
217 18979 19417 32 7496
218 19038 23515 84 377317
219 19078 19641 141 43886
220 19090 22037 75 273881
221 19190 22482 100 130222
222 19203 25091 88 200778
223 19307 19783 36 17565
224 19337 23593 105 234036
225 19712 20054 105 15057
226 19756 24504 15 88011
227 19793 20181 90 14644
228 19858 34070 66 384350
229 19872 20776 67 56899
230 20169 20953 11 7155
231 20244 39274 4 60408
232 20406 26416 56 78142
233 20526 21868 61 26920
234 20880 21197 22 1342
235 20933 21246 148 18323
236 21012 21560 33 5669
237 21141 21305 106 39435
238 21173 22525 85 45897
239 21191 27090 139 209194
240 21200 22014 150 86532
241 21321 21872 36 11429
242 21529 25383 7 18324
243 21540 28840 52 173147
244 21672 26487 41 26901
245 21756 27546 49 97786
246 22156 27971 38 134936
247 22174 25602 47 47364
248 22293 28506 103 319512
249 22300 22530 11 2852
250 22309 25675 122 174545
251 22340 22379 140 2200
252 22491 22997 66 25831
253 22760 24537 108 193252
254 22966 23598 129 25168
255 23120 29175 45 190637
256 23221 25251 20 43326
257 23279 23620 12 3260
258 23602 27256 40 66180
259 23619 26135 73 108211
260 23698 30050 74 89456
261 23741 25772 143 149770
262 24055 26057 67 38095
263 24127 25357 142 71815
264 24224 30770 83 320589
265 24244 24543 5 289
266 24282 25914 140 127693
267 24725 25944 31 15784
268 24792 32159 5 29163
269 24874 25404 7 2031
270 25090 26166 42 29127
271 25171 26685 81 30021
272 25201 30548 10 39656
273 25216 25338 66 6413
274 25241 30272 136 288690
275 25334 37726 53 363686
276 25424 26788 7 6424
277 25445 28209 38 30937
278 25682 25778 49 4234
279 25688 29227 13 11916
280 25884 27391 4 3639
281 25896 26341 8 1048
282 26124 30223 35 81395
283 26228 36856 20 122797
284 26265 28686 15 23120
285 26353 27849 83 35455
286 26699 28261 49 36037
287 26948 28538 21 8210
288 26988 29316 14 11234
289 27006 39102 72 431871
290 27074 28946 11 12610
291 27165 28526 13 9182
292 27294 27335 32 826
293 27306 28914 35 12299
294 27315 30645 12 63954
295 27342 27806 71 16037
296 27533 33779 31 108677
297 27699 29466 13 7198
298 27902 29527 12 7943
299 28460 32599 35 21044
300 28607 30694 41 14511
301 28693 29648 29 12265
302 29334 29783 115 24767
303 29350 29575 111 10133
304 29364 42527 34 617691
305 29393 35948 30 75540
306 29403 33276 121 128595
307 29428 31042 87 84851
308 29750 37836 17 30116
309 29825 30975 125 85348
310 29899 33468 54 59921
311 29987 36250 136 210895
312 30018 44659 95 824797
313 30240 32188 7 7777
314 30345 33017 55 176383
315 30391 40048 125 911521
316 30901 32307 144 214774
317 30948 33012 29 14666
318 30992 32191 102 53768
319 31060 31963 30 3196
320 31250 32311 99 53439
321 31340 40877 26 42583
322 31365 33973 34 48724
323 31458 32703 27 12138
324 31464 31637 8 751
325 31563 33190 57 22336
326 31615 32002 62 13941
327 31616 32220 65 31582
328 31875 34613 14 7015
329 31884 40839 32 83977
330 32057 34361 5 4706
331 32174 32664 101 20699
332 32178 32506 139 47994
333 32474 37801 35 41889
334 32543 33856 50 31411
335 32581 34835 6 10659
336 32715 38731 50 92006
337 32858 39146 113 357031
338 32885 40649 63 197984
339 33379 33710 15 3180
340 33454 45526 126 487155
341 33461 37915 44 58709
342 33484 37073 133 127423
343 33507 41579 70 118925
344 33597 38159 110 195265
345 33722 39031 19 42205
346 33764 33999 26 19605
347 33767 34895 45 9461
348 33804 36259 21 9977
349 33869 38026 62 132996
350 33963 45553 12 52280
351 34276 36927 46 56250
352 34339 51405 24 215484
353 34390 39334 25 17046
354 34485 41570 30 45635
355 34541 35984 32 29217
356 34651 36961 62 50109
357 34717 41697 44 207079
358 34814 44747 15 199737
359 34865 36199 6 6744
360 34893 35596 89 19647
361 35008 38014 65 70315
362 35327 35609 46 5277
363 35348 38407 92 106831
364 35357 47778 20 38503
365 35377 43581 134 817045
366 35388 45935 10 38573
367 35423 47629 126 492585
368 35830 36561 101 30948
369 36306 39492 11 15991
370 36312 48284 6 55351
371 36317 47594 40 394100
372 36470 39798 48 105791
373 36509 37025 69 6102
374 36525 37421 6 6625
375 36599 38326 4 1860
376 36637 52275 10 35630
377 36651 36946 4 973
378 36799 41300 125 696337
379 36894 41537 98 273306
380 36904 41571 136 184950
381 37063 42687 58 175419
382 37076 37620 128 23571
383 37080 37540 39 9287
384 37217 40538 35 32195
385 37358 38099 26 14706
386 37359 39832 147 273434
387 37411 46019 12 18006
388 37442 43458 49 79028
389 37613 40364 137 128319
390 37758 37892 26 5906
391 37786 40518 122 105005
392 37941 38937 23 5143
393 37949 38487 15 4850
394 38025 52798 50 268314
395 38038 45529 5 39481
396 38108 39876 41 17666
397 38121 40473 21 22244
398 38127 38521 5 890
399 38247 39106 92 22411
400 38343 42558 17 35903
401 38397 38613 48 7500
402 38405 44400 10 50392
403 38429 41210 4 2329
404 38504 49180 5 28103
405 38561 44941 67 146255
406 38600 44385 117 244097
407 38764 39602 32 40054
408 39041 42089 10 32175
409 39127 39479 113 18373
410 39149 43609 77 30176
411 39486 41431 27 25767
412 39549 41786 146 137166
413 39821 44029 87 131712
414 39888 42468 7 7663
415 39964 42565 66 77949
416 40056 46515 32 108992
417 40178 41270 25 17081
418 40277 42965 15 15892
419 40318 47413 120 407283
420 40336 41522 5 2111
421 40409 41516 10 5293
422 40540 43192 44 44138
423 40595 48770 61 359476
424 40944 47202 51 83286
425 41013 44388 14 10348
426 41025 48385 133 940347
427 41044 43406 130 216748
428 41095 47596 95 403464
429 41169 45736 53 205089
430 41224 44412 69 84449
431 41312 42151 11 7373
432 41384 46826 42 80648
433 41662 42716 7 1205
434 41694 45374 122 174561
435 41757 45218 35 58614
436 41916 45728 113 194791
437 41919 47731 127 367995
438 42044 43481 119 29967
439 42084 42425 72 16548
440 42137 45408 5 5372
441 42169 44131 99 94466
442 42196 44491 61 38580
443 42222 43028 59 43527
444 42292 44039 101 50251
445 42356 48579 58 285034
446 42569 42649 41 1278
447 42584 44382 97 117073
448 42704 52096 141 473267
449 42793 43091 47 15170
450 42800 46284 79 472770
451 42887 44475 124 79788
452 43016 43150 132 22501
453 43324 49561 21 53499
454 43460 43863 4 707
455 43505 43954 4 904
456 43507 48035 7 15492
457 44301 45722 38 62549
458 44318 45974 14 11567
459 44336 46180 128 78985
460 44451 45682 124 106109
461 44625 47142 107 18110
462 44679 46687 144 125446
463 44746 46801 114 135188
464 44954 59622 143 245230
465 45002 48616 142 55175
466 45013 47973 120 272997
467 45075 48184 119 236507
468 45141 47213 148 238703
469 45369 48673 120 136077
470 45428 47277 77 124539
471 45560 48230 68 108514
472 45606 46649 30 17276
473 45612 45873 61 11524
474 45665 52379 93 217763
475 45823 50307 57 123877
476 45996 57903 12 109419
477 45997 47244 114 174915
478 46045 47716 137 79055
479 46116 46663 22 9513
480 46217 46997 36 18226
481 46562 53222 19 72942
482 46565 51844 126 310122
483 46588 49172 94 45401
484 46737 48772 116 87905
485 47092 48940 31 24069
486 47166 52543 117 210944
487 47305 49036 11 10925
488 47521 48577 8 8999
489 47554 51075 86 118412
490 47632 47849 13 2705
491 47965 52643 24 22597
492 48195 48255 29 676
493 48221 53006 93 50788
494 48374 52292 129 174699
495 48375 52297 10 16673
496 48378 54354 15 92359
497 48758 56011 66 260192
498 48933 53976 66 129021
499 49006 55318 30 46579
500 49015 51037 13 8546
501 49083 49279 77 3050
502 49133 49371 65 12323
503 49243 55798 88 428791
504 49324 50774 18 10685
505 49357 50150 84 76239
506 49454 50368 32 11144
507 49504 53679 119 96663
508 49513 51827 42 50543
509 49742 51424 57 74165
510 49848 50009 70 3644
511 49925 60963 23 57183
512 49997 50191 12 1052
513 50038 50203 10 828
514 50244 50784 127 39197
515 50302 64435 77 272898
516 50464 50692 37 6835
517 50510 52713 6 2367
518 50584 51631 50 31102
519 50591 55293 8 7368
520 50627 51434 13 17392
521 50650 57452 64 204212
522 50768 57867 22 151590
523 50836 55194 102 417037
524 50974 53270 66 59520
525 51153 54397 66 67264
526 51225 53860 142 82809
527 51411 51878 28 5626
528 51521 57616 16 23165
529 51538 53451 53 47350
530 51567 55071 37 116577
531 51667 61790 140 1038808
532 51679 53973 89 271726
533 51733 61486 57 125724
534 51858 52612 16 5482
535 51963 52220 47 9224
536 52125 53788 95 117199
537 52424 65819 119 436347
538 52481 60229 102 505580
539 52597 53800 25 10852
540 52689 53280 107 44885
541 52720 54658 56 37059
542 52725 55463 149 88674
543 52935 57355 97 166541
544 52975 53983 15 4758
545 52987 57970 148 353811
546 53018 56678 21 15718
547 53114 55308 9 3147
548 53442 59075 22 52837
549 53445 56838 14 29191
550 53542 57006 23 16716
551 53565 56555 117 141597
552 53629 54065 9 1226
553 53653 55861 116 125190
554 53754 55790 13 6990
555 53762 57494 8 4570
556 53944 57548 143 113488
557 54140 58972 5 14300
558 54328 57193 20 90933
559 54390 56568 134 90765
560 54439 58461 55 58803
561 54440 54492 86 2736
562 54460 54966 60 13063
563 54554 55170 72 45984
564 54649 56496 43 23149
565 54778 54990 97 6819
566 54805 56318 18 42933
567 54825 56945 40 40155
568 54941 56164 63 26863
569 54992 57204 72 101741
570 55015 56690 117 69358
571 55082 55304 7 583
572 55173 65653 94 228195
573 55215 56551 59 30738
574 55257 56829 108 27092
575 55281 56045 42 19772
576 55284 55922 102 54424
577 55512 58832 25 42972
578 55526 56258 135 23460
579 55545 56709 18 20741
580 55622 56455 19 13648
581 55641 58413 41 71635
582 55671 70293 78 388296
583 55740 63918 34 69717
584 55817 57601 54 41324
585 55867 56005 72 9274
586 55872 59967 49 46263
587 56010 56462 22 6598
588 56207 66914 34 410573
589 56208 61689 47 153325
590 56231 58617 6 22522
591 56405 57328 6 1279
592 56480 56979 74 12844
593 56538 58449 13 4253
594 56588 56629 46 305
595 56605 57886 81 52022
596 56726 60910 14 4846
597 56771 64546 90 312497
598 56802 57952 22 6724
599 56806 58001 52 27740
600 56890 61350 8 27650
601 57036 62137 52 63309
602 57061 58509 14 21286
603 57256 58268 45 23136
604 57440 61294 85 163668
605 57454 59484 52 14709
606 57489 60418 122 234264
607 57517 61569 39 132220
608 57537 62597 135 75227
609 57613 58069 66 8643
610 57632 58484 35 7093
611 57780 61135 144 138988
612 57920 63338 118 521020
613 57973 63500 19 63956
614 58167 58822 64 27580
615 58201 59733 105 111691
616 58296 61919 18 49357
617 58308 62644 7 14490
618 58386 63603 58 114497
619 58447 65032 122 507108
620 58481 66630 122 494447
621 58506 63566 64 62354
622 58508 61324 7 8291
623 58640 62269 40 47312
624 58707 63092 122 122660
625 58711 64641 148 895573
626 58760 59297 74 16684
627 58802 64880 6 7853
628 58827 59660 64 15113
629 59010 60538 47 26844
630 59080 62398 67 190560
631 59147 65154 71 129757
632 59247 60084 40 41662
633 59336 62397 21 29377
634 59706 62419 23 48154
635 59796 64790 33 30513
636 59802 61829 7 19560
637 59945 61092 80 25616
638 59952 63680 66 138896
639 60393 61627 106 68922
640 60658 61712 103 31998
641 60661 62749 47 23473
642 60873 61182 83 4539
643 60911 70356 119 642008
644 61001 69480 143 1128182
645 61048 61464 112 15826
646 61086 67497 147 568245
647 61222 64181 94 106549
648 61252 69489 22 93986
649 61309 62692 14 6852
650 61529 65396 18 23363
651 61666 62645 24 8405
652 61699 65081 23 12741
653 61702 63350 69 21202
654 61708 62937 10 3242
655 61787 62407 36 28192
656 62056 64206 83 110960
657 62212 63569 9 3861
658 62232 87344 18 259300
659 62276 64843 57 121210
660 62357 67179 131 307210
661 62470 65363 143 392401
662 62662 64285 35 16662
663 62900 63385 116 12312
664 62980 65506 78 197598
665 62994 63369 95 6784
666 63022 64892 24 23151
667 63143 63308 74 2835
668 63168 70380 71 294045
669 63193 69210 81 102706
670 63202 65547 9 32658
671 63264 67074 108 461554
672 63357 66116 29 35852
673 63468 67377 23 86659
674 63597 67188 116 99633
675 63602 65800 36 26726
676 63666 65676 4 4382
677 63734 65751 25 29183
678 63811 65117 144 44207
679 63857 64419 15 4602
680 63906 64160 50 6615
681 63957 70941 9 18246
682 64095 70681 13 37049
683 64115 72944 96 251977
684 64311 72181 88 141430
685 64396 65413 58 34260
686 64583 65748 70 12313
687 64675 64939 19 2044
688 64710 70100 108 235981
689 64783 68228 30 35662
690 64894 66926 86 87404
691 65005 68490 19 53888
692 65088 68072 41 81488
693 65114 65168 33 521
694 65292 67516 31 64933
695 65302 79077 17 59169
696 65321 67625 76 150501
697 65346 66915 56 49885
698 65556 68855 74 34016
699 65584 66834 15 7004
700 65600 67736 7 17817
701 65644 66296 8 3407
702 65694 70337 86 207590
703 65813 68879 5 4953
704 65898 66038 68 9722
705 66039 66169 50 14147
706 66147 66761 38 17498
707 66256 72015 129 258191
708 66611 67026 133 10142
709 66666 68014 106 59743
710 66790 67174 41 17565
711 66996 68874 5 2443
712 67022 70833 117 81789
713 67136 69361 71 60810
714 67345 72098 53 45134
715 67578 68215 59 19262
716 67611 69860 74 165313
717 67671 72222 63 102893
718 67700 68119 46 16568
719 67916 72239 40 34563
720 67954 69816 106 67369
721 67965 70570 25 49517
722 68310 71605 111 141040
723 68365 71718 11 11657
724 68487 69263 133 23488
725 68602 70931 14 7623
726 68660 69727 8 2751
727 68692 72561 19 31147
728 68714 92672 9 84195
729 68781 72713 134 570104
730 68893 74575 104 289287
731 68975 69924 71 16086
732 69046 69905 81 57171
733 69160 74476 112 310907
734 69174 76555 26 176375
735 69207 76421 37 217823
736 69239 69670 26 7549
737 69269 72393 19 27846
738 69369 71232 42 43711
739 69691 71855 38 55548
740 69716 71901 6 5948
741 69802 79782 17 32786
742 69890 71580 20 12421
743 69950 72811 12 8896
744 70044 71945 32 23709
745 70067 89383 96 575322
746 70112 71442 135 49941
747 70188 75294 72 178049
748 70239 78759 36 182296
749 70240 75511 10 37661
750 70406 74170 98 76506
751 70504 75160 98 53242
752 70506 72228 8 3102
753 70609 77314 25 150046
754 70610 71242 39 27294
755 70677 73550 32 18050
756 70809 73425 12 21040
757 70835 71363 51 19457
758 70971 82621 5 9541
759 71082 72026 10 4461
760 71571 87851 74 292098
761 71577 74108 85 68850
762 71745 75084 28 18160
763 71871 73057 5 1712
764 71947 72744 52 31636
765 72176 74659 11 17092
766 72190 72951 64 44042
767 72302 75828 143 287385
768 72304 83953 43 194413
769 72319 78416 20 50382
770 72386 72614 36 5391
771 72388 73759 109 69833
772 72399 72694 25 5234
773 72425 73811 67 44461
774 72489 76872 40 55873
775 72685 73562 26 12678
776 72748 73249 142 41911
777 72802 75879 13 25852
778 72866 72911 32 795
779 72995 76721 57 73519
780 73074 74759 66 41783
781 73219 73367 61 4127
782 73349 74025 120 18537
783 73363 86877 42 253150
784 73418 74851 18 10075
785 73452 76802 16 34251
786 73737 74741 122 55376
787 73753 85632 41 145472
788 74043 79449 59 548786
789 74119 76920 39 18835
790 74355 74690 50 14703
791 74361 77467 82 89628
792 74625 74778 143 19912
793 74813 77562 7 11102
794 75018 77632 131 116755
795 75073 79171 48 49158
796 75663 77805 103 65118
797 75666 79329 5 11196
798 75716 82010 145 561001
799 75822 78245 28 24667
800 76005 77492 122 117183
801 76187 83681 147 427406
802 76393 78108 51 24732
803 76430 78330 54 171389
804 76489 77476 55 26932
805 76533 80057 73 37671
806 76606 79944 8 13430
807 76616 80759 87 55471
808 76647 82291 77 164012
809 76870 95579 4 41633
810 77015 84058 118 161907
811 77072 79717 70 101624
812 77126 80542 134 203294
813 77127 79447 40 48481
814 77219 83902 114 814920
815 77236 95836 42 312538
816 77324 84991 74 196725
817 77434 82249 13 17589
818 77444 79580 32 17553
819 77530 77885 7 582
820 77557 80848 124 448545
821 77600 77802 104 13787
822 78038 79072 60 24730
823 78160 82789 72 182634
824 78171 82995 136 175102
825 78250 83361 24 38471
826 78271 78607 118 25742
827 78297 86622 31 150505
828 78512 80576 21 5353
829 78514 81697 110 251061
830 78613 89592 13 85931
831 78800 81718 52 44970
832 78918 89956 140 623871
833 79003 86501 9 52080
834 79061 80059 97 69970
835 79117 79660 7 303
836 79205 87025 146 1284042
837 79279 79740 24 5037
838 79333 79709 103 36965
839 79796 83375 88 353669
840 80117 80879 21 3993
841 80199 81711 46 64682
842 80256 82371 5 16053
843 80298 85172 28 64605
844 80321 82248 61 55412
845 80400 80815 7 801
846 80465 83599 14 9242
847 80648 82497 99 64265
848 80776 81424 7 3468
849 80783 89706 47 171874
850 80816 84147 8 14261
851 81341 87681 13 24904
852 81369 81835 103 37873
853 81539 93668 129 287504
854 81556 81680 72 5035
855 81617 83916 12 23039
856 81631 85057 57 31752
857 81914 86498 54 95866
858 82217 82296 150 8055
859 82561 84120 96 70364
860 82901 82956 110 2576
861 83222 84083 7 4345
862 83474 83542 69 3237
863 83551 85050 50 84057
864 83656 86206 57 247990
865 83838 85997 6 6180
866 84338 88155 129 271109
867 84355 89615 45 156542
868 84461 91353 15 47198
869 84481 90956 62 416538
870 84495 86019 11 4319
871 84535 84969 13 1623
872 84563 85755 55 14699
873 84586 90177 57 180298
874 85036 85038 90 386
875 85157 88786 41 74319
876 85171 87682 101 87948
877 85209 87852 150 118189
878 85229 86355 9 18293
879 85525 85652 99 8259
880 85609 92864 7 41855
881 85859 87225 124 240825
882 85878 88017 49 22133
883 85890 85993 37 971
884 85917 89279 65 134997
885 85948 87356 41 23384
886 85972 89075 9 46214
887 86129 89807 56 85178
888 86212 88633 34 27174
889 86242 88532 77 141843
890 86279 89394 58 183710
891 86311 86743 25 6089
892 86343 86716 10 2631
893 86437 88166 5 3399
894 86597 89217 24 55736
895 86787 94322 87 559837
896 86988 89606 114 183272
897 87012 88616 120 81570
898 87052 92434 4 3746
899 87058 94866 46 103562
900 87062 87465 34 7186
901 87071 93176 27 73473
902 87309 93720 17 28773
903 87644 92616 132 222382
904 87687 88180 89 16677
905 87862 90424 109 108168
906 87872 88856 29 17308
907 87876 87955 30 1627
908 88006 90195 103 49467
909 88102 89251 25 17469
910 88104 88597 48 17380
911 88205 93887 108 299218
912 88333 91133 138 163421
913 88335 88680 83 26406
914 88466 89642 67 46191
915 88690 99313 143 618090
916 88744 99735 17 50662
917 89049 94384 39 125828
918 89077 96162 40 61520
919 89128 90411 5 3689
920 89278 89712 67 24808
921 89294 96048 75 464582
922 89315 93159 12 21287
923 89352 92163 13 10676
924 89359 95402 52 72680
925 89398 92392 27 60633
926 89669 93901 122 331163
927 89764 89826 48 1567
928 89779 97494 133 762067
929 90310 90357 72 6830
930 90389 91790 98 40573
931 90453 99042 83 331087
932 90459 94025 66 77387
933 90697 93557 66 156654
934 90842 94060 141 160094
935 90851 92974 99 34225
936 90969 96626 66 215728
937 91145 98729 129 317447
938 91230 96051 74 332523
939 91374 93006 48 20371
940 91500 94664 76 79879
941 91688 92247 97 107945
942 91692 95504 83 234003
943 91843 98014 87 379669
944 91897 92776 84 31135
945 91917 93415 19 13204
946 91994 96877 5 3612
947 92113 93490 131 80351
948 92263 94517 13 82062
949 92447 93187 68 42289
950 92619 98582 71 240249
951 92991 94323 29 32872
952 93086 93484 7 4179
953 93106 93411 67 21649
954 93139 95017 144 133262
955 93162 97766 59 185198
956 93184 99189 53 348845
957 93185 95739 112 108052
958 93246 94280 148 117380
959 93301 96293 37 30672
960 93359 96267 81 128428
961 93491 94312 33 17753
962 93681 96252 22 19142
963 93874 97333 5 5603
964 93921 95599 46 29614
965 94034 98680 48 125873
966 94071 97352 70 248925
967 94120 96102 35 25921
968 94269 96761 121 53340
969 94296 96201 17 13845
970 94452 94511 29 1308
971 94516 96553 48 54719
972 94563 95123 54 9139
973 94589 98448 72 88357
974 94915 97419 33 32460
975 95086 99310 15 21606
976 95102 96531 37 16351
977 95263 95921 60 29101
978 95340 96173 86 63504
979 95502 96058 11 3109
980 95571 96056 10 3442
981 95624 97688 146 65058
982 95866 96080 95 20749
983 95892 99833 80 106189
984 95973 98768 50 215465
985 96193 98947 125 86362
986 96838 98627 111 121117
987 96871 97966 73 21166
988 96973 99837 111 210095
989 96989 98494 142 142629
990 97023 99465 93 81193
991 97118 98061 103 12806
992 97220 97839 77 18014
993 97273 98917 36 19629
994 97715 98653 6 2610
995 97788 99982 123 103575
996 97995 98747 49 10259
997 98565 99513 109 37688
998 99352 99762 70 15620
999 99587 99995 4 510
