50 1000 0.032
...............................................##.
...............................................#.#
...............................................###
...............................................###
..............................................####
.............................................#####
............................................######
...............................................#..
............................................####..
............................................#####.
.............................................#.#..
............................#.....................
...........................####...................
...........................#####.##.#.............
................#...........#.#####.#.............
...............##.........###.###.####............
................##............#######.......##....
...............####...........###.##.......##.###.
................####.#......#########...#########.
..............#########.....#####...##.###########
..............#########.....##.###....############
..............#.######..........##...#####....####
............##########..........##..########....##
...............#.#.###.............##..####....##.
.............###.#######...........#.###..........
...............#.#..####..........######..........
..............##.######............#.#............
................#######.........####..............
.................##.#.#.........#####.............
..................###.........#.######............
..................#..........#########............
............................#.###.###.............
............................#.####.##.............
............................###.##................
............................##.###................
................................#.................
..................................................
..................................................
..................................................
..................................................
..................................................
..................................................
..................................................
..................................................
..................................................
..................................................
.........##.......................................
..........#.......................................
.........###......................................
.......#####......................................
0 230 8383 78 650488
1 491 2304 87 119964
2 580 6082 131 344388
3 773 1374 77 49641
4 830 7279 98 419648
5 1079 18154 70 1047669
6 1085 1869 129 15171
7 1115 7750 36 203166
8 1511 2644 119 197905
9 1530 5845 61 100690
10 1900 8621 73 391498
11 1992 3105 44 21713
12 2010 2312 19 4603
13 2605 7501 61 223375
14 2648 3322 26 12868
15 2872 3306 38 14198
16 2877 3705 107 78110
17 2907 7476 57 681689
18 2923 9602 48 151255
19 2942 11736 55 236509
20 2961 3232 78 5914
21 3014 7792 12 39356
22 3049 13951 41 267359
23 3241 4708 16 20887
24 3270 4665 36 20614
25 3301 5436 113 224784
26 3333 7318 118 128336
27 3449 8709 22 36323
28 3518 16450 60 1068514
29 3550 6566 124 220680
30 3563 4906 29 14415
31 3661 7172 7 9942
32 3672 5512 10 27646
33 3695 5537 85 121670
34 3827 8454 19 49619
35 3833 12886 16 20764
36 3834 14856 12 39235
37 4200 4451 128 23118
38 4353 12520 26 53046
39 4380 12274 15 38129
40 4461 7549 128 194684
41 4517 10919 104 215030
42 4828 7564 52 83817
43 4879 9503 123 121709
44 4901 4965 50 2325
45 4902 8281 9 7713
46 5026 6395 113 125583
47 5171 24018 131 2220116
48 5255 10479 12 57695
49 5334 7603 86 152521
50 5380 17165 61 318592
51 5504 20981 19 303948
52 5505 5884 105 17385
53 5510 9875 45 90893
54 5814 8150 49 55392
55 6033 9494 120 283370
56 6075 8375 20 22032
57 6131 8320 98 90694
58 6164 14882 15 73110
59 6345 9797 114 81752
60 6353 16337 27 141233
61 6456 8158 7 2220
62 6633 7793 110 35601
63 6659 8313 119 94669
64 6719 8207 126 73268
65 6897 9236 101 66755
66 6957 7024 101 2325
67 7026 13538 108 716304
68 7040 12336 32 81544
69 7155 7361 56 15516
70 7170 7721 39 12547
71 7266 9349 63 42399
72 7311 8257 53 20601
73 7330 9933 40 31178
74 7499 16965 135 368184
75 7573 15534 20 78670
76 7594 10282 10 17913
77 7633 11690 40 34599
78 7659 18317 49 83528
79 7724 8758 14 9967
80 7801 15346 56 227853
81 7848 10970 61 56616
82 7885 10130 91 38119
83 7896 9096 148 169518
84 7978 8669 4 532
85 8039 12856 148 812054
86 8125 8353 4 998
87 8139 8803 8 2727
88 8227 11803 19 18377
89 8235 8620 141 52837
90 8269 12600 43 105340
91 8476 13806 72 168870
92 8509 9290 5 2171
93 8611 11838 59 166868
94 8645 10733 68 145011
95 8754 9311 44 17787
96 8832 19248 6 42885
97 8847 12837 122 163256
98 8938 9678 131 89007
99 8942 10231 5 1704
100 8981 10519 51 29219
101 9030 11970 11 13946
102 9087 15429 106 241911
103 9383 12714 39 63144
104 9715 10180 10 1233
105 9751 16537 98 181687
106 9789 11029 8 3029
107 9803 12134 17 28090
108 9859 12434 65 158972
109 10085 10171 61 2298
110 10185 15314 5 7635
111 10234 14149 23 51769
112 10267 14793 18 66155
113 10356 18243 110 234186
114 10377 14564 21 15942
115 10382 10647 34 18638
116 10705 25076 37 104503
117 10884 11614 39 14855
118 11010 11662 50 14786
119 11221 17024 64 65464
120 11249 16356 16 54680
121 11310 12913 145 85213
122 11485 14414 11 7803
123 11500 12724 108 40160
124 11784 13687 14 18224
125 11929 13998 76 47358
126 12032 12558 73 14845
127 12089 12276 123 12198
128 12149 21048 14 30668
129 12427 15029 10 3569
130 12526 18252 56 140464
131 12635 14115 143 167356
132 12785 20292 17 25427
133 12914 14335 23 11119
134 12991 14016 44 26721
135 13103 21725 19 68154
136 13222 28007 9 41685
137 13295 14198 34 59081
138 13302 13560 120 15097
139 13380 16397 18 20496
140 13884 14005 146 14661
141 14071 14857 7 11422
142 14449 15362 45 54067
143 14514 19423 43 132265
144 14550 20887 141 400661
145 14596 16728 106 60422
146 14720 16973 144 117314
147 14897 15348 25 5925
148 14960 15248 25 2755
149 15120 17790 10 16728
150 15209 20180 57 229500
151 15317 16241 91 29812
152 15509 17547 37 44664
153 15529 17812 29 42478
154 15623 43105 138 3135375
155 15659 15972 30 5139
156 15933 18705 25 44958
157 16063 17101 103 43358
158 16183 18536 31 9748
159 16358 16877 145 63935
160 16408 24173 62 120629
161 16447 17319 78 35262
162 16490 22570 66 154780
163 16594 16970 148 54110
164 16636 24497 63 174908
165 16780 18738 89 98255
166 16842 18338 25 15704
167 16850 17876 46 26173
168 16991 20691 32 98846
169 17057 21365 68 69300
170 17137 24653 113 236564
171 17280 23751 9 18285
172 17324 20427 147 318025
173 17462 20102 6 7113
174 17521 22898 24 40406
175 17610 22521 59 42388
176 17714 19344 7 6649
177 17991 21409 50 140087
178 18193 21672 5 7660
179 18211 26618 11 81689
180 18340 19994 70 13232
181 18384 18468 37 3008
182 18451 30806 46 168492
183 18508 19109 129 57240
184 18513 21785 11 26242
185 18568 19203 58 21338
186 18573 22225 28 62218
187 18923 26398 145 1427411
188 18941 21473 12 14251
189 19009 22272 21 89304
190 19024 20792 99 36523
191 19090 27506 132 540253
192 19179 19477 30 3399
193 19211 24167 50 70959
194 19485 22980 23 65130
195 19731 25931 106 175511
196 19757 42481 45 500973
197 19824 23162 39 56648
198 19852 23272 110 262240
199 19919 22752 61 95676
200 19932 20514 14 6213
201 19984 23712 41 75940
202 20092 26376 7 34899
203 20164 20929 35 6181
204 20174 25815 18 55110
205 20278 21026 148 52570
206 20307 25705 25 64046
207 20324 28058 21 95954
208 20455 20901 91 13527
209 20469 30067 58 127883
210 20688 23954 5 6674
211 20743 24823 87 315012
212 20782 21108 143 54431
213 20793 21491 15 5381
214 20944 21416 8 1678
215 21225 22544 131 66514
216 21621 26271 32 69576
217 21646 28080 62 224525
218 21680 23889 5 2733
219 21742 24058 6 9766
220 21978 26006 55 120270
221 22012 27149 43 96325
222 22037 31199 17 46923
223 22106 24405 20 12714
224 22128 23698 50 28641
225 22223 26269 15 38582
226 22574 24905 91 58723
227 22576 26915 26 39159
228 22588 30946 102 204799
229 22703 23302 52 7310
230 22763 25038 83 46162
231 22794 30170 5 16112
232 23238 34948 17 224441
233 23541 26380 98 67453
234 23542 25768 35 27753
235 23578 25545 6 2614
236 23581 33400 46 273038
237 23612 24243 147 77588
238 23662 24238 51 20039
239 23697 27820 31 44481
240 23700 27575 116 130855
241 23848 28214 59 168019
242 23850 25807 101 44442
243 24065 30048 53 149963
244 24217 31377 79 200013
245 24657 31026 58 106426
246 24696 28326 31 87150
247 24705 24788 94 2294
248 24755 30072 62 80240
249 24775 31345 35 33294
250 24800 32812 14 63795
251 24871 25743 114 41642
252 24971 25294 6 784
253 25059 28048 36 100789
254 25131 25942 91 15223
255 25151 40071 13 49676
256 25228 27614 67 45631
257 25317 25375 38 2325
258 25541 36367 22 148481
259 25555 26359 7 1015
260 25884 28746 31 43693
261 25889 26449 132 21037
262 25897 35500 149 1009279
263 25898 28049 50 55913
264 25907 32315 88 479247
265 25951 31652 106 198501
266 26212 28605 58 36261
267 26365 32261 134 502378
268 26419 26616 53 6357
269 26701 27830 46 33436
270 26702 30230 63 198051
271 26703 26728 95 1880
272 26872 30388 8 15798
273 26913 28507 30 21918
274 26932 27136 25 3253
275 26977 27868 17 8005
276 26984 27447 11 2449
277 27004 29949 134 516114
278 27164 35184 7 22283
279 27381 27627 10 1094
280 27522 34822 37 63227
281 27557 34094 56 235286
282 27631 29129 10 5356
283 27851 39428 87 550337
284 27888 37990 30 106129
285 27929 28352 58 14009
286 28189 31857 31 114446
287 28200 37942 37 103069
288 28211 28309 28 1070
289 28243 45513 31 248100
290 28411 40001 70 371141
291 28484 40732 84 212247
292 28540 30926 86 98813
293 28580 33621 64 81626
294 28628 30290 39 25202
295 28791 29554 38 17970
296 28862 33301 31 44384
297 29149 34411 20 41372
298 29331 43296 9 41017
299 29343 33597 98 135395
300 29475 31282 109 112076
301 29543 30064 109 23205
302 29578 32836 21 84091
303 29591 38414 110 286475
304 29602 31112 24 19731
305 29706 33865 134 182948
306 29763 30222 64 18168
307 29770 30965 114 67453
308 29976 30598 29 17306
309 30095 33958 64 76401
310 30532 33981 39 43677
311 30666 32609 35 43055
312 30707 30828 115 30393
313 30750 32114 102 93070
314 30792 34551 40 62343
315 30815 31265 36 15391
316 30878 36265 75 166532
317 30883 35876 13 14710
318 31178 33770 10 5794
319 31214 36201 4 5747
320 31246 31309 30 2025
321 31264 34812 70 87676
322 31291 35525 135 147358
323 31535 32579 147 60295
324 32019 37560 79 102874
325 32047 34415 115 212322
326 32161 41450 62 223711
327 32207 32312 17 946
328 32284 45639 60 344652
329 32447 39523 14 40769
330 32533 33952 130 44839
331 33121 33134 8 36
332 33158 36908 41 79346
333 33246 33992 122 75344
334 33251 37573 5 10289
335 33290 36399 35 190817
336 33433 33720 60 9819
337 33573 34267 145 48680
338 33589 36630 6 3832
339 33641 35872 81 35300
340 33778 37872 60 141940
341 33820 48128 12 37721
342 33907 34914 30 5928
343 33957 34912 27 15386
344 34015 43434 94 164948
345 34041 46297 28 165668
346 34047 36672 26 34676
347 34050 35258 13 15313
348 34253 45006 68 167919
349 34285 45814 106 110106
350 34708 39803 49 145606
351 35030 44524 37 208536
352 35198 37640 131 152820
353 35225 38252 81 148710
354 35263 50447 129 816373
355 35452 38150 74 237512
356 35482 44033 149 358300
357 35704 38457 30 50018
358 35819 35905 8 165
359 35893 39831 48 130205
360 35965 40626 33 54340
361 36511 41221 59 107644
362 36843 36998 12 1050
363 36851 42080 147 146874
364 36921 39182 63 35449
365 37020 41524 43 91599
366 37277 40704 5 3173
367 37343 47781 9 78165
368 37396 37914 66 20481
369 37546 37551 57 155
370 37553 45293 57 164537
371 37723 40563 15 15808
372 37818 39213 9 7961
373 37834 38821 7 4741
374 37958 39028 112 148986
375 37961 42383 46 69902
376 38063 39451 112 138870
377 38190 40376 136 225690
378 38241 45932 87 338238
379 38244 38338 111 10624
380 38407 39554 52 72127
381 38416 45191 47 77448
382 38454 40083 28 16133
383 38521 44791 28 66926
384 38620 45695 18 35942
385 38653 43788 120 211737
386 38720 40880 81 126099
387 38806 39771 82 56878
388 39010 40149 102 41008
389 39166 46579 28 44997
390 39175 40960 20 15895
391 39376 40060 100 60769
392 39473 43039 113 295335
393 39679 42180 11 7185
394 39693 39943 25 3475
395 39764 39968 75 37393
396 39989 44077 22 28227
397 40005 40147 120 6619
398 40014 43710 123 137297
399 40074 44045 12 40201
400 40375 42335 77 84259
401 40426 40921 33 31943
402 40548 43133 110 109238
403 40605 54755 79 345404
404 40714 41983 12 9757
405 40726 50513 11 56960
406 40785 44734 140 669818
407 40910 41300 72 11907
408 41227 45518 40 98512
409 41271 41748 26 2210
410 41303 46339 61 46783
411 41333 43214 30 15157
412 41461 49252 23 67263
413 41472 46483 19 30177
414 41487 41899 52 19074
415 41528 45380 136 502335
416 41555 48886 51 64601
417 41601 44122 24 45455
418 41650 44858 85 71795
419 41755 42252 127 33723
420 41774 43772 19 19373
421 41776 44152 16 11420
422 41885 45202 30 29308
423 41976 42859 77 61882
424 41998 42037 142 4452
425 42118 46574 16 25001
426 42268 42595 78 11630
427 42496 46994 118 172182
428 42497 58518 44 510069
429 42668 43390 44 16029
430 42721 43166 124 51129
431 42774 46178 70 152035
432 42816 46137 43 121741
433 42843 50591 17 75691
434 42890 48462 101 252148
435 42915 50703 123 335718
436 42923 51011 27 148521
437 43136 46626 150 199560
438 43167 47401 131 399852
439 43194 46622 18 26696
440 43209 44878 114 53331
441 43369 47601 108 127454
442 43660 47098 35 56969
443 43701 44474 143 107860
444 43803 47518 114 140565
445 43982 60254 4 14365
446 43999 46652 32 58276
447 44146 44666 104 29980
448 44251 44528 27 2779
449 44303 47185 97 163623
450 44308 45534 57 36706
451 44361 52123 117 472085
452 44389 45212 4 1785
453 44467 49064 18 41181
454 44506 47302 6 3321
455 44604 58209 13 19693
456 44646 51131 44 58551
457 44736 50058 32 35941
458 44749 47847 38 24560
459 44842 46325 129 126093
460 44849 50390 38 58062
461 44850 45048 51 6864
462 45210 51765 33 234565
463 45211 46287 104 96012
464 45399 48345 87 88070
465 45533 51894 142 452361
466 45537 48522 71 216058
467 45838 46211 42 7232
468 45915 59583 130 933703
469 45987 47775 32 33402
470 46101 49299 129 73689
471 46127 46916 40 14074
472 46151 47251 42 33641
473 46207 54142 22 156786
474 46367 47408 140 40123
475 46374 46685 119 20526
476 46495 49474 149 71821
477 46627 48035 54 13906
478 46650 54680 8 27385
479 46820 53776 139 384276
480 47077 51918 21 22489
481 47078 54043 6 15842
482 47170 55165 38 102278
483 47177 52200 83 80345
484 47357 50144 25 17534
485 47362 51193 54 59154
486 47411 49048 5 8164
487 47485 51025 66 157682
488 47611 48877 22 3477
489 47908 54839 8 17332
490 48007 51088 76 164313
491 48020 48250 57 12829
492 48066 48305 49 7723
493 48096 54574 95 311204
494 48149 50718 19 30407
495 48190 50145 142 132693
496 48204 48498 66 12154
497 48339 49089 98 98744
498 48420 48613 72 8945
499 48440 48472 14 361
500 48501 51147 5 8234
501 48654 57375 72 755318
502 48727 53503 73 107733
503 48844 52582 118 718853
504 48846 50549 102 34479
505 49417 51161 118 33041
506 49497 50222 119 142487
507 49556 50631 73 48039
508 49591 50920 6 5470
509 49608 51987 138 226937
510 49621 53694 85 121811
511 49651 51006 14 5496
512 49698 51256 98 104619
513 49938 55422 5 6242
514 49975 50595 50 18235
515 50132 52729 92 130934
516 50140 50203 22 545
517 50193 50952 40 11645
518 50209 51019 33 24863
519 50267 60077 115 194115
520 50334 61151 72 82681
521 50395 51080 13 5170
522 50623 51250 89 13354
523 50720 52331 25 34370
524 50826 51306 80 19951
525 51115 62361 127 662270
526 51117 53063 122 179685
527 51473 51706 28 6684
528 51628 54713 105 290701
529 51910 52964 28 24397
530 51977 54434 142 92004
531 52003 52082 69 1795
532 52050 62024 17 284471
533 52203 55669 127 213925
534 52273 60642 37 225189
535 52330 53630 124 14522
536 52388 59307 93 260708
537 52509 54203 58 84401
538 52566 54526 18 33144
539 52804 54537 122 190173
540 52919 58481 127 222069
541 52953 58284 41 175642
542 53056 54366 19 31240
543 53072 54854 32 13458
544 53308 55761 6 4692
545 53309 56242 141 325639
546 53478 57765 134 340681
547 53737 56545 28 40732
548 53739 56636 73 233838
549 53787 54379 75 30661
550 54044 55779 17 29747
551 54049 57410 8 12749
552 54189 54908 66 17362
553 54330 58730 131 169827
554 54399 64316 101 198254
555 54425 59673 79 581762
556 54694 71359 112 1032963
557 54702 65257 33 156693
558 54741 60262 125 358709
559 54956 59999 10 10090
560 55017 55698 136 46069
561 55032 60760 46 48426
562 55085 67732 117 281140
563 55142 58552 54 59931
564 55188 59197 21 26321
565 55236 57749 82 190869
566 55239 55960 27 7458
567 55536 57170 22 21432
568 55557 55621 110 5274
569 55956 62608 57 114360
570 55992 57545 57 32602
571 56068 61961 80 269795
572 56144 61687 15 26327
573 56253 57737 57 39948
574 56330 56763 13 839
575 56384 61969 34 62110
576 56547 58625 5 3701
577 56680 64452 67 88296
578 56754 59639 130 189384
579 56908 60843 28 94907
580 57103 59371 121 182978
581 57132 58582 38 37607
582 57442 64332 9 90565
583 57544 63799 96 598616
584 57614 60316 57 63288
585 57624 61114 34 55772
586 58008 60377 57 98534
587 58104 60282 18 35042
588 58206 64188 12 18419
589 58248 61287 23 27655
590 58317 66817 143 1205430
591 58379 58916 49 14382
592 58462 61617 23 28964
593 58609 59581 69 42324
594 58693 60589 10 6567
595 58846 64697 65 156685
596 59309 63829 95 184872
597 59365 63415 46 94579
598 59372 59654 75 29492
599 59780 66226 33 54128
600 59882 62328 15 16715
601 59901 64249 5 6066
602 60047 61252 124 78886
603 60103 67610 145 341837
604 60112 65186 54 115015
605 60133 64005 96 153350
606 60205 64652 107 83640
607 60209 61232 65 17502
608 60229 61321 94 31034
609 60359 63380 11 7618
610 60378 64090 15 9771
611 60439 72599 17 22601
612 60441 62740 69 65418
613 60478 64665 123 163417
614 60608 61244 115 33596
615 60624 65883 142 359946
616 60685 62200 18 18877
617 60825 62111 41 30895
618 60836 62457 14 20729
619 61005 61366 65 6583
620 61025 65790 13 25530
621 61078 62594 8 4722
622 61097 62342 53 41394
623 61143 62004 75 22479
624 61154 63105 138 160929
625 61391 61433 19 1289
626 61419 66822 117 195163
627 61623 69298 7 41865
628 61750 63181 79 89287
629 61755 62951 10 5387
630 61795 64419 54 35196
631 61890 64925 91 156543
632 61979 62856 16 3826
633 62033 64038 9 12507
634 62130 69729 46 138348
635 62280 63919 55 18476
636 62355 62971 21 6319
637 62381 63748 66 62550
638 62579 65480 14 6997
639 62819 63504 124 72038
640 63021 63786 10 2978
641 63117 65205 57 63479
642 63123 68211 24 42228
643 63211 72996 57 348748
644 63410 67204 13 16734
645 63483 68411 23 55879
646 63500 80608 91 415373
647 63668 65722 121 181919
648 63675 69504 149 332447
649 63995 67329 34 91549
650 64250 64545 131 34195
651 64268 66532 37 55290
652 64286 68308 146 443463
653 64325 66437 17 16359
654 64331 65567 133 169988
655 64520 65871 138 79398
656 64534 68527 88 148813
657 64569 67487 66 61384
658 64695 68853 21 60118
659 64791 66201 79 81371
660 64821 66739 44 22586
661 65026 69376 7 16346
662 65053 68394 33 28525
663 65060 68993 37 140466
664 65080 76832 48 445866
665 65174 71078 12 31713
666 65260 68558 94 112696
667 65313 66557 53 93001
668 65318 67922 47 80164
669 65357 74631 117 243591
670 65520 67518 6 5543
671 65523 65984 133 33499
672 65634 66334 19 9112
673 65751 68723 100 74253
674 65903 66685 17 9598
675 65919 66134 28 7094
676 65955 71383 11 26794
677 66041 70040 55 54954
678 66042 66653 50 37246
679 66127 67654 6 7499
680 66327 72244 62 144250
681 66404 67353 6 3571
682 66798 69679 108 91918
683 66841 68294 72 46987
684 66847 67117 19 3186
685 66975 70463 27 68629
686 67061 72646 5 15845
687 67090 70566 70 67861
688 67149 69037 22 33700
689 67414 71173 21 31616
690 67417 69758 32 63350
691 67548 69903 70 113602
692 67550 68111 125 89498
693 67623 67973 110 5494
694 67645 68729 23 12194
695 67806 70667 4 3707
696 68048 68516 21 5357
697 68157 81407 89 1350341
698 68173 68959 15 6255
699 68258 77228 109 503724
700 68510 81314 37 140682
701 69119 69324 45 2897
702 69249 82760 54 245092
703 69277 73418 41 94865
704 69379 76955 27 160833
705 69424 71959 112 120677
706 69593 71172 17 9098
707 69630 71750 69 90959
708 69866 70647 28 13509
709 69997 70426 95 28143
710 69998 70212 149 9134
711 70004 72314 5 2948
712 70091 72791 24 36006
713 70129 72808 52 42920
714 70206 71129 141 140498
715 70226 78844 11 47161
716 70311 73985 12 19014
717 70432 74741 140 293847
718 70725 74957 45 55465
719 70774 78242 29 71950
720 70984 73113 58 216524
721 71102 77740 142 319867
722 71194 77827 36 200045
723 71214 74827 108 246511
724 71279 75350 5 10028
725 71318 72497 7 3485
726 71352 76416 142 290912
727 71433 73752 118 277570
728 71500 72434 9 4015
729 71503 72519 5 2133
730 71592 73131 113 58376
731 71616 80665 51 203710
732 71619 76385 137 527119
733 71694 75706 115 273084
734 71705 72642 23 9633
735 71744 73480 25 20215
736 71903 75260 16 15132
737 71953 79540 8 26507
738 72246 75703 29 46514
739 72249 76201 6 10922
740 72265 72272 110 609
741 72445 74172 72 52003
742 72740 74521 51 83029
743 73313 78283 127 146428
744 73376 79510 64 104565
745 73459 73513 15 385
746 73684 90724 107 521311
747 73686 80284 23 55050
748 73697 87410 5 51114
749 73922 75136 143 50808
750 73935 89449 35 153056
751 73939 77293 13 17923
752 73994 74147 9 1244
753 74086 85958 26 55532
754 74094 76522 11 3850
755 74222 77510 13 51961
756 74327 74998 83 43356
757 74477 76347 35 24719
758 74495 79584 113 197405
759 74549 82240 18 154187
760 74579 75769 22 5740
761 74621 75959 76 83177
762 74629 83019 37 189491
763 74636 76650 114 59984
764 74902 85630 15 139188
765 75024 76679 56 18306
766 75139 77291 128 98178
767 75162 80977 13 35229
768 75188 77379 57 44732
769 75447 79686 136 242592
770 75526 76211 5 2962
771 75576 82269 118 883203
772 75606 76240 146 27228
773 75634 80540 146 857597
774 75640 80180 50 114475
775 75995 77492 11 16100
776 75997 76886 31 9666
777 76077 76553 20 8267
778 76098 77263 18 14871
779 76449 80552 19 55140
780 76459 78862 9 14843
781 76539 86967 51 353909
782 76741 76940 41 4067
783 76779 77865 148 148579
784 76784 86394 106 266082
785 76831 81337 10 58722
786 76994 81484 132 340174
787 77035 78765 21 14340
788 77036 78368 90 98524
789 77316 80051 9 11165
790 77485 77782 11 1806
791 77543 81029 132 102844
792 77640 87530 18 79311
793 77766 78321 24 11244
794 77828 82902 127 268028
795 77912 81622 40 82229
796 77919 79272 44 21986
797 77958 86031 64 158493
798 77972 79079 57 28191
799 78088 78664 20 2309
800 78112 79957 16 5204
801 78218 81713 25 31457
802 78364 81753 7 22219
803 78414 82614 111 365188
804 78496 88092 75 361620
805 78687 80157 147 177237
806 78690 79099 99 35464
807 78786 81257 87 164424
808 79019 82695 47 42948
809 79149 80251 41 37036
810 79215 87609 72 274913
811 79309 83368 67 117070
812 79326 82072 6 5452
813 79329 80154 4 1666
814 79558 79879 81 12854
815 79567 80750 101 170689
816 79616 80055 135 53626
817 79652 80454 40 13559
818 79656 83826 95 307058
819 79658 81395 87 59322
820 79740 79949 28 5019
821 79837 80636 6 2289
822 79909 82670 35 46784
823 79985 81428 55 30536
824 80049 87198 8 15894
825 80054 82074 133 138912
826 80220 84721 16 23825
827 80387 81834 89 38719
828 80424 82124 33 25609
829 80500 80948 17 6157
830 80529 82385 132 37025
831 80561 86586 56 37379
832 80575 82134 73 83004
833 80667 83247 34 91995
834 80676 95201 123 644907
835 80796 84187 126 146543
836 81095 88222 21 88558
837 81132 84964 71 138835
838 81162 81733 88 10091
839 81817 81956 31 3182
840 81825 94066 16 33376
841 82007 83841 20 24240
842 82080 93922 79 284768
843 82128 88500 34 48538
844 82149 89552 105 251921
845 82382 84931 111 106460
846 82449 86683 32 93385
847 82520 87133 39 87258
848 82605 95687 20 51754
849 82652 85062 34 10460
850 82696 95594 61 251406
851 82836 84076 18 7108
852 82873 88643 51 149985
853 83152 84137 25 10526
854 83172 97084 23 108128
855 83190 86829 75 122339
856 83196 83897 68 19854
857 83231 86312 40 41652
858 83241 83942 139 20020
859 83245 84004 98 65963
860 83509 83964 35 3541
861 83595 85793 105 44894
862 83646 84719 83 42634
863 83751 85638 31 44252
864 83814 85502 106 136076
865 83840 85796 51 39868
866 83922 86925 9 11779
867 83935 85140 95 93470
868 83944 94107 85 838104
869 84041 90325 6 17656
870 84044 97322 28 253104
871 84053 84329 28 4098
872 84133 85122 49 43099
873 84325 87564 78 103056
874 84361 86371 99 207575
875 84375 85798 70 42367
876 84477 85904 26 12816
877 84642 87380 37 45265
878 84700 89927 79 149114
879 84755 94109 80 287945
880 84774 85446 18 5034
881 84869 87603 77 242433
882 84886 88742 69 127353
883 84962 97141 110 447545
884 85051 87577 48 69773
885 85271 86525 65 28290
886 85273 86749 20 12911
887 85464 91528 115 165047
888 85529 88264 11 6143
889 85660 88727 37 37653
890 85673 86077 76 20616
891 85834 86756 14 6450
892 85934 88658 64 79210
893 86045 86887 15 10771
894 86067 96506 48 127875
895 86587 90725 10 30990
896 86914 90815 6 12099
897 86945 88050 75 14106
898 87112 90210 65 76645
899 87287 92235 13 29578
900 87323 94250 25 94743
901 87345 90482 24 29694
902 87429 88038 136 56977
903 87498 90787 29 16941
904 87755 89014 22 5324
905 87772 89193 20 10780
906 87820 90474 9 6669
907 87853 88200 138 21336
908 87905 90700 103 365466
909 87915 91138 118 482655
910 88015 88185 22 1797
911 88077 99385 64 283158
912 88369 89677 10 1907
913 88710 89185 99 31795
914 88802 98350 4 13363
915 88811 92340 6 11206
916 88832 98282 25 152882
917 89115 91095 39 31379
918 89146 92296 48 91347
919 89174 93619 46 222854
920 89224 93987 5 9838
921 89294 95635 20 61931
922 89323 91702 87 78750
923 89575 94076 55 50389
924 89840 99473 13 44482
925 89841 90235 50 10911
926 90120 92082 72 79005
927 90222 91946 86 116181
928 90479 92885 144 295419
929 90494 94606 5 15885
930 90584 96733 142 387259
931 90586 91538 18 6343
932 90855 92985 93 99221
933 90889 98681 47 210327
934 90903 96316 88 176976
935 91035 93136 97 95007
936 91047 91595 73 24843
937 91111 97734 124 300445
938 91164 92511 25 17679
939 91324 91964 127 127444
940 91447 96208 73 198907
941 91457 92270 83 21733
942 91563 96820 28 56932
943 91593 95949 11 36066
944 91601 93130 76 53673
945 91720 93455 138 122817
946 91911 99699 115 444782
947 92121 92641 96 56604
948 92184 92695 26 20218
949 92466 92556 20 702
950 92523 97970 39 94011
951 92680 93057 84 16361
952 92812 94019 137 28569
953 93010 97127 12 27747
954 93119 94836 68 106021
955 93122 94078 8 6327
956 93147 95853 57 101637
957 93339 94532 58 99382
958 93422 93565 12 243
959 93580 97529 88 100638
960 93610 94367 31 21430
961 93623 94425 70 38041
962 93628 96044 112 336980
963 93635 95843 92 173262
964 93716 97086 89 59587
965 93821 95794 36 14684
966 93897 96739 47 44581
967 93951 95622 148 97285
968 93971 95355 125 24069
969 94175 98862 82 69102
970 94182 99526 66 122690
971 94728 96935 146 149052
972 95016 95426 11 3116
973 95023 99286 63 134763
974 95301 98793 16 43956
975 95329 96221 9 1959
976 95382 96300 6 4756
977 95420 96232 138 143305
978 95451 96324 66 47216
979 95541 99870 145 166534
980 95552 96769 18 5206
981 95691 99877 36 35471
982 95706 96966 124 87156
983 95850 99240 93 49301
984 95859 96859 39 13603
985 96097 97097 82 57799
986 96171 98676 34 16264
987 96182 98149 73 37550
988 96374 97197 50 28539
989 96461 96557 48 1743
990 96887 99393 32 47583
991 96931 97670 52 18533
992 97055 98729 72 72904
993 97122 98488 46 152425
994 97778 99267 73 84424
995 98148 98866 105 22989
996 98331 99060 8 2705
997 98434 99150 7 2180
998 98625 99942 42 16968
999 98638 99373 28 6999
