50 1000 0.089
.....################.#######............#........
....#########.########.###.............#####.##...
...##.######################............#.####....
...########################........##..###.####...
.#.######.#..###########..#......########.####..#.
############...########..........############.####
#######.#.#....#########...........##.############
#########......##...#..............#.#############
.#####.#........#..................###############
..##...............................##########.####
.....................................########.####
...........................#..#######.#.##########
...........................#.#####################
...........................###.###################
.............................###########.#########
.............................#.#######.########.##
................................###############..#
................................######...########.
..................................#.##....####....
.................................###.#..#.####....
........................................#######...
.......................................###.##.....
........................................##........
...............###.......................##.......
...............##..........#............##........
...............##........#####....................
.............#.####.####.#####....................
.............#######.###.###....#.................
.............#########.##########.................
............############..##...#..................
......##...##.##############...#..................
......####.################.......................
.....#.###....######.#######......................
.....########.##############......................
....#########..##...#######.......................
#.#########.#..#..#.########....##................
#.#######.#.#.###.#####.######.##.................
########.##.#.###..##......#.#####................
###############.....####.....#.###................
#.#.#########.##.....##...###.######..............
#....#######.#............##########..............
..####.####.##..........#############.............
.....########............##.########..............
......####.###...........##########...............
......###.####...........##########...............
...........##.............#.########..............
.........................###########..............
..........................#########...............
...........................####.##................
...........................#######................
0 150 17549 59 235350
1 287 3576 10 11871
2 435 6063 38 70619
3 439 3393 21 16766
4 511 1023 71 6431
5 613 11676 25 175007
6 658 1148 27 13123
7 880 16010 56 273022
8 980 2916 110 75863
9 1063 17307 92 522832
10 1242 19066 12 67811
11 1266 37969 138 1024575
12 1342 1363 28 166
13 1364 1711 5 794
14 1403 1990 7 2454
15 1518 7314 131 236630
16 1819 6873 6 5643
17 2109 19908 42 1641382
18 2127 4762 46 74937
19 2570 8801 66 191339
20 2646 4739 81 82385
21 2800 5891 11 8244
22 2855 9820 119 499116
23 2869 3893 25 10124
24 2976 17566 75 734683
25 3014 3535 8 1857
26 3135 8841 85 159794
27 3165 11690 14 119836
28 3305 32024 11 42974
29 3312 7623 121 381267
30 3403 20502 27 430425
31 3499 9468 75 116087
32 3574 9687 141 540523
33 3595 9989 71 619133
34 3750 5355 80 131004
35 3757 4222 6 1295
36 3825 22597 136 901327
37 3835 11509 119 570380
38 3925 16052 122 798140
39 4056 4959 82 66918
40 4065 17782 14 38824
41 4078 8252 110 89347
42 4138 10392 117 803835
43 4486 7759 7 12052
44 4555 20096 130 493475
45 4848 17338 44 265732
46 4954 5473 46 3593
47 4961 11991 134 303522
48 5123 11791 89 109419
49 5132 9991 38 62963
50 5381 25316 22 232617
51 5397 15614 146 439404
52 5464 13168 123 1212641
53 5468 15084 12 65289
54 5583 22041 13 92687
55 5623 16330 7 14873
56 5699 6627 60 64038
57 5717 17613 9 119642
58 5724 11648 16 53631
59 5742 10761 83 167813
60 5859 12366 65 228833
61 6005 11609 6 5465
62 6060 16597 131 1356295
63 6095 7075 23 27672
64 6334 10040 11 12609
65 6520 14971 59 277192
66 6587 6595 80 273
67 6655 6839 21 2040
68 6729 11640 79 257953
69 6852 8458 137 108647
70 6862 9279 39 42327
71 6968 11538 5 6947
72 6974 20995 6 69516
73 6977 10601 85 87135
74 7010 8596 84 68784
75 7356 10994 16 54225
76 7392 12091 5 10603
77 7394 15983 52 328237
78 7460 13462 70 441151
79 7465 13593 89 429640
80 7477 7929 8 2120
81 7521 9776 67 54850
82 7543 56800 145 3672954
83 7608 9092 78 83887
84 7798 16493 129 404386
85 7813 29150 4 46336
86 7862 9861 92 34894
87 8063 11265 18 47401
88 8098 12289 6 8572
89 8110 10243 59 54740
90 8191 16971 139 194619
91 8419 13881 99 536523
92 8518 15366 114 181626
93 8543 16258 42 219708
94 8720 21000 91 1038360
95 8864 22483 63 1045820
96 8902 15321 12 52822
97 8916 10697 121 108020
98 9063 21523 60 131118
99 9098 23514 65 497646
100 9108 10057 45 27173
101 9162 23461 47 258284
102 9207 16973 116 222849
103 9316 32485 71 771571
104 9446 23510 85 272858
105 9447 9644 123 29851
106 9472 10793 70 35474
107 9483 9695 97 6571
108 9557 20990 7 27209
109 9768 16178 55 93778
110 9965 15794 73 203486
111 9994 16765 36 306538
112 10034 12391 5 6558
113 10065 11011 149 84524
114 10125 14389 16 61114
115 10137 14371 17 52973
116 10358 12274 13 10739
117 10378 15862 108 88523
118 10427 24336 8 21459
119 10495 17046 56 261699
120 10524 23159 30 202091
121 10672 13629 11 16112
122 10674 14760 114 498056
123 10675 12492 44 67938
124 10749 12685 40 56903
125 10774 14476 50 103265
126 10786 12116 84 24334
127 10904 22958 64 129116
128 10912 14168 24 37210
129 11137 15770 8 18400
130 11240 11936 57 23606
131 11251 18885 76 244926
132 11374 18168 29 161433
133 11426 17580 18 35097
134 11443 13712 6 13907
135 11594 32494 72 168990
136 11734 13624 37 12996
137 12049 12415 55 6736
138 12601 14277 58 51588
139 12654 20285 10 47397
140 12706 25163 95 458209
141 12744 15053 145 153965
142 12839 24367 147 739797
143 13121 16788 103 176109
144 13260 17365 5 11528
145 13268 22427 7 39365
146 13447 15784 142 138060
147 13528 13754 44 11549
148 13550 13607 7 316
149 13552 19360 93 382628
150 13577 20431 10 36095
151 13582 21596 60 76289
152 13618 13897 29 3294
153 13723 20644 119 45109
154 13780 16292 71 59172
155 13800 18470 150 331419
156 13879 15526 10 17932
157 13895 14951 11 6555
158 13969 25097 66 730843
159 14007 18949 133 148913
160 14149 15413 10 7485
161 14346 31404 130 912560
162 14534 29899 147 637157
163 14605 15527 10 4757
164 14623 14916 10 3043
165 14635 15049 140 17823
166 14802 19999 95 226387
167 14832 35696 76 513314
168 14982 34281 7 33174
169 15095 35873 5 19792
170 15295 22202 28 157143
171 15426 22843 25 54781
172 15458 17468 18 25980
173 15473 18328 141 168914
174 15501 21655 82 136459
175 15677 20541 146 519716
176 15732 16065 41 9152
177 16047 22048 9 33861
178 16282 18369 134 78477
179 16504 18091 132 227514
180 16561 16771 30 3586
181 16697 18175 66 34496
182 16913 34557 22 116770
183 16949 36259 128 867976
184 17001 21447 31 25400
185 17014 23663 33 112207
186 17033 17350 16 2087
187 17152 21293 101 149461
188 17274 23182 21 55413
189 17347 20929 28 49094
190 17380 24849 98 555228
191 17485 22005 50 107937
192 17517 23169 105 155846
193 17591 36164 29 166565
194 17628 26585 12 23639
195 17647 33369 139 442689
196 17709 25666 97 386065
197 17742 18748 5 3194
198 18085 27998 28 88584
199 18377 21446 106 86007
200 18400 27291 45 106034
201 18555 26999 31 32841
202 18604 21346 89 121370
203 18656 21662 120 130126
204 18893 24019 45 171803
205 18938 35204 13 57034
206 18946 21939 46 9808
207 18951 26181 111 738555
208 18980 44833 10 131408
209 19037 19217 63 11844
210 19039 34269 63 326780
211 19262 27401 134 182255
212 19269 24254 142 204570
213 19318 23044 77 125345
214 19362 20087 95 34922
215 19521 20974 141 73349
216 19559 21278 27 25938
217 19616 22644 14 23212
218 19667 34881 120 809335
219 19766 25828 48 211616
220 19879 32158 95 443164
221 19943 24938 142 288811
222 19971 21535 64 32882
223 20251 36562 65 575420
224 20320 27070 76 436363
225 20360 25727 7 26364
226 20381 21266 76 74230
227 20450 30397 54 210739
228 20560 22283 115 171829
229 20583 23298 112 153868
230 20658 24302 128 263845
231 20725 21082 6 1295
232 20918 24768 17 12952
233 21005 28527 23 254683
234 21223 24858 96 107262
235 21281 23050 17 8297
236 21289 27369 11 25071
237 21410 22720 136 75599
238 21565 22512 20 7086
239 21751 26448 81 132434
240 21766 26281 73 132151
241 21949 22137 75 5104
242 21951 37232 17 62007
243 22065 29234 9 67494
244 22479 27277 108 91687
245 22538 24016 123 180465
246 22640 26401 20 68551
247 22833 32948 33 185510
248 22890 39893 7 124310
249 22960 30756 58 146114
250 22988 37494 49 523835
251 23023 23240 20 2400
252 23049 34210 94 362133
253 23163 29564 14 43819
254 23310 28926 81 284619
255 23380 23431 16 300
256 23446 32666 90 286436
257 23457 26361 14 19983
258 23486 23823 11 4867
259 23492 46093 88 344000
260 23512 24585 37 17809
261 23683 24408 15 5155
262 23718 26817 10 15039
263 23869 27848 7 4729
264 24025 26437 115 130181
265 24042 30728 7 60854
266 24105 25051 75 42792
267 24168 28835 31 122591
268 24286 25399 23 9697
269 24398 25192 54 21173
270 24651 24866 82 9693
271 24688 24702 10 72
272 24779 29679 143 537449
273 24860 28520 148 112539
274 24916 36390 10 192365
275 25055 30489 26 78876
276 25159 30620 88 325808
277 25166 28964 114 313579
278 25304 27020 5 12404
279 25536 32708 4 6124
280 25568 32788 38 126723
281 25644 26623 6 3234
282 25695 40034 7 23198
283 25879 31083 131 223966
284 25991 32546 12 11400
285 26170 26477 20 1080
286 26227 28132 12 5248
287 26417 30141 26 28731
288 26523 33308 90 256306
289 26540 28863 140 107011
290 26569 29452 52 34880
291 26691 28627 61 52644
292 26843 32540 131 151642
293 26852 28953 26 38128
294 26897 28904 127 71810
295 26898 38709 94 372986
296 27130 27863 16 9449
297 27158 30136 10 21041
298 27230 52236 11 148045
299 27339 50742 99 1872458
300 27361 45629 22 127615
301 27583 29339 6 5846
302 27698 44060 124 697317
303 27755 29994 63 67212
304 27831 64971 99 658787
305 27850 31301 31 13242
306 27873 40500 122 1681251
307 27898 30264 20 34402
308 27983 35304 96 163679
309 28025 33016 70 133819
310 28100 34872 75 173472
311 28381 31472 101 228454
312 28469 29007 19 10732
313 28515 34647 9 47077
314 28536 29498 29 15918
315 28685 31234 66 164414
316 28724 30576 143 82765
317 29152 42673 142 703786
318 29238 31152 29 14955
319 29365 35205 48 112064
320 29505 29780 138 25030
321 29516 29662 90 10682
322 29518 31430 124 75509
323 29553 44586 26 267665
324 29814 29889 132 3940
325 29830 34176 131 190402
326 29900 40878 110 506323
327 29949 37679 92 355652
328 30090 31012 94 94015
329 30305 36435 129 256839
330 30323 40273 94 332415
331 30353 32963 23 23741
332 30630 30780 62 2564
333 31119 51447 102 458941
334 31167 36862 90 179508
335 31224 61094 129 799224
336 31391 34701 35 68736
337 31528 61266 25 422106
338 31650 45061 45 141674
339 31664 32455 68 30331
340 31677 50284 53 399830
341 31739 40549 120 292344
342 31854 48008 148 596998
343 31897 82136 127 1051217
344 31955 35070 73 122440
345 31968 33955 27 26160
346 32093 32652 128 17010
347 32103 39643 143 338508
348 32104 34227 39 30949
349 32296 38505 11 19270
350 32378 34734 23 20676
351 32514 42368 29 89246
352 32591 63885 135 1225698
353 32617 34609 37 62248
354 32711 36487 145 116931
355 33041 55601 50 397673
356 33241 53338 70 345782
357 33265 34025 102 26316
358 33310 40361 38 178711
359 33364 33547 108 22122
360 33403 46542 32 63091
361 33431 47617 74 1334451
362 33518 39590 6 22101
363 33605 33881 73 10140
364 33804 34446 49 8421
365 33941 45072 54 118104
366 34072 43308 42 171423
367 34153 35952 4 5942
368 34165 47762 42 213138
369 34304 37460 66 88388
370 34343 40064 29 66139
371 34461 50746 25 264476
372 34565 35555 69 27118
373 34626 51410 122 357616
374 34651 36937 44 90037
375 34743 35589 23 7598
376 34771 58502 13 187870
377 34798 39984 124 147680
378 34880 36687 76 41083
379 34885 40999 72 130954
380 34897 37849 69 69355
381 34983 40432 124 420650
382 34997 44308 119 702728
383 35049 41028 99 416240
384 35050 40484 54 116935
385 35085 72769 25 287682
386 35375 41086 120 485882
387 35451 48313 97 382947
388 35472 51820 64 841040
389 35561 48992 72 374914
390 35704 51986 52 807339
391 35948 39396 22 19216
392 35978 37580 9 4816
393 36014 41492 10 23050
394 36049 41779 59 140727
395 36050 39416 14 41524
396 36054 37139 23 31151
397 36056 37007 13 2750
398 36060 38634 130 457237
399 36124 51267 10 103140
400 36139 43809 100 508993
401 36172 49580 40 138156
402 36202 42284 51 75026
403 36323 40934 147 136362
404 36399 62303 139 2954035
405 36423 36578 82 8885
406 36466 37512 22 21772
407 36570 57786 58 294813
408 36750 38020 23 37819
409 36809 40679 73 75063
410 36849 43344 41 53213
411 36857 52594 26 136194
412 36881 38468 136 273583
413 36961 42147 128 265416
414 37128 63876 142 1784178
415 37171 38777 31 62262
416 37175 60978 18 582842
417 37317 42553 16 59049
418 37330 47779 81 1499812
419 37463 38220 8 1767
420 37556 41795 90 228572
421 37596 47649 134 237011
422 37623 41230 10 15795
423 37765 43063 101 155554
424 37777 37983 36 2675
425 38003 60567 120 589232
426 38165 44231 146 728656
427 38170 49526 37 162646
428 38258 43935 103 182717
429 38307 39605 121 61538
430 38513 49154 27 128924
431 38565 42651 104 210261
432 38595 43834 87 251459
433 38626 40831 149 63992
434 38906 39138 135 15333
435 38908 45520 19 63920
436 39052 59771 6 65412
437 39170 43059 84 191796
438 39467 41098 16 6891
439 39552 48523 85 232993
440 39639 45028 7 38207
441 39730 47583 55 146237
442 39736 62735 54 520886
443 39969 53537 108 1399060
444 40031 47874 91 179317
445 40032 44143 93 274297
446 40220 43917 25 72086
447 40263 46168 80 132437
448 40447 40644 132 21552
449 40472 44051 55 226437
450 40485 41462 6 2501
451 40489 48915 60 884580
452 40559 47181 144 407241
453 40561 46164 118 281142
454 40610 44386 6 6635
455 40623 42197 12 8463
456 40707 54924 44 194725
457 40872 42013 20 7684
458 40938 55606 44 233057
459 41047 54101 6 18482
460 41103 54925 80 416844
461 41115 41945 144 113561
462 41288 44568 139 150619
463 41323 42045 10 3376
464 41424 47284 14 34535
465 41528 50640 66 231509
466 41709 43676 21 19840
467 41833 47661 145 296231
468 41951 42087 73 14810
469 41970 53690 69 408579
470 42295 45702 98 72914
471 42437 54652 7 36789
472 42463 54338 105 662825
473 42465 87800 61 624794
474 42480 53843 142 616800
475 42578 43698 34 16449
476 42715 51045 119 363272
477 42743 86938 115 1413481
478 42784 47811 122 249818
479 42794 46338 101 191257
480 42996 46727 46 90426
481 43005 59836 110 581364
482 43158 44239 105 57790
483 43192 46630 30 37552
484 43432 52120 146 384489
485 43477 45651 14 11716
486 43612 47218 12 11938
487 43614 50210 80 124884
488 43723 53782 46 392621
489 43774 57339 8 34292
490 44140 44982 31 18345
491 44155 59409 111 314739
492 44226 45597 9 3694
493 44291 47267 7 13312
494 44684 50183 7 21836
495 44793 51220 124 307829
496 44857 45903 68 28666
497 44964 72285 11 38640
498 44996 46290 146 45285
499 45091 48977 75 185021
500 45101 47670 58 93598
501 45212 57650 30 232051
502 45239 62907 28 271556
503 45315 57323 44 139185
504 45358 45454 21 1126
505 45428 46305 103 31985
506 45500 49112 9 25014
507 45649 46273 16 4726
508 45662 46616 25 5968
509 45711 66401 146 2368346
510 45786 48217 25 42648
511 45889 57405 132 472006
512 45980 48301 104 203139
513 46030 57872 7 30101
514 46163 50033 12 15722
515 46294 47043 96 17276
516 46320 48202 16 24142
517 46369 63074 41 160123
518 46380 49265 37 23848
519 46527 69912 104 1670362
520 46641 47348 41 14778
521 46688 50881 122 134610
522 46724 54466 10 91863
523 46800 48349 10 8056
524 46840 63240 11 15597
525 47099 50243 96 46815
526 47277 54818 122 454546
527 47298 69513 23 245201
528 47483 56546 123 513337
529 47488 48252 12 2244
530 47572 48167 55 8013
531 47639 47996 17 2594
532 47840 63430 52 131940
533 47841 67839 100 1141482
534 47896 52028 102 144247
535 47934 52437 135 643197
536 48025 72077 19 244198
537 48029 53298 64 139019
538 48088 49113 49 24859
539 48092 68502 74 129210
540 48297 51606 95 132436
541 48430 53102 22 79999
542 48617 49932 64 16316
543 48631 52204 61 70455
544 48760 49904 64 24043
545 48796 49060 126 10482
546 48803 49147 81 9995
547 49631 57490 55 296819
548 49637 66955 5 13344
549 49686 51077 97 131620
550 49819 50127 15 14607
551 49878 55250 37 157066
552 49905 56064 74 220304
553 50087 52434 64 88019
554 50182 56726 45 183955
555 50388 57429 73 74919
556 50784 65433 39 143733
557 50907 51788 22 10228
558 50963 88832 4 111510
559 51090 51333 21 5303
560 51102 52491 9 5180
561 51142 57191 4 21655
562 51273 63033 136 656771
563 51302 61080 35 181739
564 51392 57910 148 791444
565 51397 58484 66 356155
566 51400 58419 66 134790
567 51586 73566 106 1494072
568 51707 58110 53 91450
569 51900 52653 8 3886
570 51914 54243 8 7143
571 51926 54955 95 86396
572 52007 54965 14 13725
573 52046 61279 45 190993
574 52047 55000 62 64526
575 52138 68175 139 1108540
576 52187 60847 88 275542
577 52192 70067 21 82963
578 52205 75399 43 348574
579 52383 55371 7 3686
580 52386 74865 13 166842
581 52407 58269 11 19277
582 52415 66191 40 295929
583 52481 53759 62 45167
584 52541 54877 148 388195
585 53142 56834 104 311461
586 53211 56263 136 147782
587 53216 59371 51 141953
588 53691 58890 10 18576
589 53717 61413 10 47872
590 53720 57331 52 108273
591 53804 63153 95 226504
592 53836 54778 8 6279
593 53917 54548 147 30580
594 53946 59597 14 41835
595 53976 57870 90 78953
596 54010 61064 128 257962
597 54112 55939 83 88902
598 54395 62005 14 24036
599 54396 57848 4 1408
600 54417 67249 11 41420
601 54590 57218 36 57839
602 54659 56755 7 5859
603 54675 61933 74 170662
604 54892 55741 9 3873
605 55127 64365 58 92865
606 55285 55441 82 12193
607 55540 56596 27 5719
608 55812 74195 31 373817
609 55887 73788 9 35807
610 56030 71967 5 27752
611 56065 57381 13 2276
612 56161 64859 146 174482
613 56308 62867 100 154910
614 56396 71952 52 195618
615 56517 75866 71 249233
616 56578 70306 105 723901
617 56736 57005 33 2899
618 56763 62185 55 60016
619 57019 73949 46 939073
620 57053 62082 6 17234
621 57141 65148 62 58864
622 57248 57293 112 3794
623 57249 62618 75 323614
624 57253 60301 30 44852
625 57260 59859 142 250711
626 57437 58177 7 2870
627 57500 67343 101 612093
628 57547 60237 37 84208
629 57596 57833 108 21741
630 57757 60590 147 118429
631 57863 61608 139 267112
632 57906 72544 117 440863
633 58060 62209 67 103847
634 58108 66906 81 420510
635 58339 63058 15 16380
636 58593 58893 37 6782
637 58702 64386 54 79811
638 58735 59822 96 104483
639 58791 66643 57 333924
640 58811 61863 47 123611
641 58861 71170 15 63813
642 58865 62617 34 78618
643 58884 66903 88 174731
644 58911 90075 29 199464
645 58945 60050 42 74049
646 58989 62856 116 246964
647 59054 74860 5 22132
648 59258 82492 99 1631388
649 59330 74193 8 16961
650 59345 73233 111 669923
651 59402 61242 63 27899
652 59675 61008 102 30228
653 59793 69633 77 448912
654 59817 62813 55 138549
655 59897 99974 140 1036294
656 59918 61467 53 68566
657 60040 65750 111 201494
658 60180 61300 32 9767
659 60223 61944 20 17908
660 60262 62386 132 99604
661 60319 63289 100 65478
662 60577 61653 55 11084
663 60700 65963 147 883948
664 60888 62910 108 186389
665 60909 72351 20 87334
666 60911 67884 5 9128
667 60922 62187 87 59052
668 60954 62296 26 22560
669 61005 68654 102 533950
670 61026 68009 68 295739
671 61176 69747 92 276633
672 61565 66739 81 144837
673 61632 65691 51 172105
674 61767 63351 36 20177
675 61888 61967 44 7345
676 61916 67358 104 278505
677 61966 73131 7 35178
678 61982 64015 40 72703
679 62048 64156 12 17102
680 62101 63305 21 5481
681 62176 62196 6 34
682 62200 68889 7 42405
683 62246 62285 123 10899
684 62339 66782 133 176048
685 62505 62952 91 30251
686 62574 71443 97 644990
687 62797 70037 10 4246
688 63009 69685 7 25500
689 63188 65407 38 30366
690 63372 74404 38 85225
691 63375 72773 15 35685
692 63402 67018 15 37252
693 63809 64406 75 78182
694 63867 65223 47 52923
695 63920 66446 25 17441
696 64043 84636 61 1670749
697 64079 65100 47 60881
698 64110 71725 97 662739
699 64142 73853 38 173876
700 64295 64379 55 4744
701 64637 72370 32 57633
702 64729 68180 140 252077
703 64822 83633 41 468650
704 64850 67099 145 238915
705 64967 65350 113 43679
706 65058 67541 12 12660
707 65068 68571 89 148151
708 65120 65386 8 2425
709 65130 74209 142 473129
710 65613 69672 7 4372
711 65684 69069 11 19972
712 65721 67947 59 163716
713 65790 71608 85 87544
714 65831 71258 21 57646
715 65896 74654 14 64930
716 65931 78726 56 304703
717 65944 68757 110 154797
718 66223 66311 4 66
719 66637 72254 113 184051
720 66748 72848 77 256560
721 66790 69418 148 127967
722 66791 78601 51 228454
723 67074 83479 29 252125
724 67333 69729 47 65288
725 67370 71947 132 229753
726 67414 68413 95 58689
727 67429 80732 88 1237321
728 67489 75315 66 136708
729 67546 75433 85 310628
730 67561 69121 129 58421
731 67632 76953 149 430125
732 67666 68855 9 7107
733 67767 75894 42 217622
734 67812 79923 96 445569
735 67819 73105 150 708592
736 67868 74565 148 474907
737 67871 82254 5 23670
738 68115 68980 36 12204
739 68151 76401 37 119590
740 68182 70511 122 133915
741 68282 69577 53 38766
742 68435 74162 8 34517
743 68441 73351 118 295012
744 68544 71418 7 4081
745 68644 77534 6 15935
746 68799 92519 27 215598
747 68927 73465 22 74727
748 68958 71954 30 64098
749 68961 71351 18 51241
750 68966 69646 109 31730
751 68977 70924 10 11180
752 69050 74433 22 133889
753 69124 69495 149 76329
754 69169 70198 20 5235
755 69178 71969 96 170600
756 69361 75625 103 614902
757 69497 72107 39 70079
758 69555 87973 15 61740
759 69609 93261 8 100204
760 69616 70918 133 242551
761 69626 72970 52 37470
762 69640 73049 150 278551
763 69660 77886 62 328966
764 69745 76284 51 163214
765 69793 72018 131 47195
766 69916 70939 75 34233
767 69920 94843 31 260170
768 69953 83782 66 614986
769 69956 75974 32 151039
770 69961 73740 90 66960
771 69978 73575 5 8185
772 70039 71691 23 14599
773 70254 74691 39 58593
774 70389 72600 56 63890
775 70533 76470 61 166071
776 70628 74476 15 15794
777 70674 83616 33 153307
778 70714 82012 4 21385
779 70879 81087 122 349817
780 71053 82009 55 424145
781 71073 78719 143 851621
782 71404 84480 43 340368
783 71442 74896 31 23028
784 71486 78909 29 139920
785 71495 83461 13 38408
786 71550 86061 17 83446
787 71812 73982 16 17023
788 71849 72026 28 2175
789 72027 81578 134 828919
790 72076 80616 7 15897
791 72244 75441 39 111678
792 72297 79925 118 634171
793 72563 93003 47 296255
794 72659 81109 144 465869
795 72703 80845 7 49484
796 72713 84409 50 259147
797 72761 83180 61 158451
798 72802 74650 46 33049
799 72845 89155 13 174063
800 72993 97539 102 619583
801 73319 76976 38 35970
802 73403 74862 22 13119
803 73462 77676 23 20499
804 73574 99209 54 340054
805 73642 86181 8 38558
806 73701 96416 92 770111
807 73703 78675 45 81859
808 73710 80017 118 832481
809 73791 82960 108 658135
810 73799 74690 124 37119
811 73866 87540 11 49354
812 73929 79569 17 87622
813 73958 81740 121 106020
814 74071 84246 61 83399
815 74099 76394 141 360170
816 74335 77168 11 14215
817 74672 75129 47 10762
818 74683 99228 7 28828
819 74774 76658 27 35921
820 74778 88366 65 828837
821 74845 89709 125 351447
822 74923 81400 42 111043
823 75010 75260 35 5509
824 75015 83781 77 246677
825 75101 80470 74 105518
826 75244 84598 84 632345
827 75261 78218 94 99261
828 75291 77585 72 47913
829 75507 84952 111 243005
830 75574 82145 46 231761
831 75720 99377 9 209787
832 75726 83888 15 69039
833 75809 83528 63 213567
834 75832 83208 142 529444
835 76037 76041 17 69
836 76298 80209 136 239592
837 76370 94794 79 1492364
838 76398 79526 46 116119
839 76746 80840 18 14523
840 76763 97304 126 1088561
841 76936 85129 42 186662
842 76954 78650 39 25096
843 77021 79399 79 191467
844 77103 85202 118 656010
845 77312 80624 33 22048
846 77497 78320 52 24142
847 77580 81408 7 5292
848 77614 81625 63 63117
849 77647 84661 19 38339
850 77714 78041 18 1401
851 77791 78237 140 18026
852 77834 96547 66 437533
853 78067 83718 101 707163
854 78474 81598 12 9155
855 78551 80064 24 25545
856 78605 92627 33 247083
857 78793 83447 19 25144
858 78939 84797 23 58636
859 79066 88233 8 36952
860 79136 80113 122 30320
861 79211 80751 16 20375
862 79324 80000 38 17081
863 79365 82904 14 16588
864 79542 90789 104 618053
865 79775 87652 75 180617
866 79808 84407 7 5533
867 79878 87821 64 497343
868 80086 83218 45 96675
869 80092 92102 24 116946
870 80179 91799 10 52770
871 80245 85255 21 94862
872 80302 81951 7 5564
873 80345 97957 68 861180
874 80467 81132 9 3501
875 80555 98730 54 302809
876 80937 83043 38 29137
877 80990 84159 79 55480
878 81178 87554 42 58447
879 81428 82984 14 10777
880 81525 84265 4 6433
881 81561 83148 49 15503
882 81756 91879 145 352178
883 81758 81803 32 1823
884 81799 90220 130 205276
885 81814 83239 28 34527
886 81834 83532 62 15364
887 81852 82027 69 7079
888 81989 87277 47 134897
889 82305 84319 47 40560
890 82355 85296 10 5755
891 82474 84789 145 181085
892 82487 99431 33 80598
893 82615 90127 19 102391
894 82650 85893 16 17813
895 82750 82958 137 26304
896 82774 83983 133 61183
897 82979 96965 146 570775
898 83481 93369 14 83842
899 83492 84838 109 88388
900 83580 90849 74 364647
901 83623 87302 130 272939
902 83632 85235 108 74441
903 83817 84299 13 5242
904 83872 85799 6 5429
905 83940 83999 139 5298
906 83956 84131 64 5667
907 83970 96409 110 351935
908 84003 85490 63 26611
909 84355 90457 67 189384
910 84392 86967 18 16855
911 84447 89817 21 83897
912 84583 96224 6 24740
913 84747 94729 46 200405
914 85034 87405 20 22375
915 85048 87990 43 89071
916 85241 89513 113 120931
917 85538 92136 119 352060
918 85820 88742 11 7408
919 85852 88393 113 156609
920 86041 86552 76 13727
921 86078 91020 150 404074
922 86309 87513 5 1279
923 86312 94770 18 32037
924 86374 99991 32 181113
925 86401 87463 84 19372
926 86513 96248 133 382441
927 86523 95073 128 316945
928 86576 87470 42 11408
929 86628 89379 31 23629
930 86789 97499 15 111879
931 86929 89602 15 34742
932 86999 97966 8 37415
933 87140 89146 106 62501
934 87239 87922 13 11959
935 87256 94413 121 598872
936 87604 93651 42 285660
937 87697 91244 114 109661
938 87769 92276 132 219404
939 87799 95244 25 86614
940 87877 89646 129 159749
941 87943 88697 101 28870
942 88103 93160 48 141408
943 88163 89134 26 18419
944 88312 89323 6 1551
945 88413 91675 29 29937
946 88446 90330 30 23020
947 88578 88676 17 271
948 88936 89874 32 23072
949 88954 96395 109 152173
950 88964 94643 31 96964
951 89016 92686 138 278602
952 89214 97102 8 50068
953 89218 98590 57 180266
954 89233 92328 53 72194
955 89322 93604 10 19589
956 89339 90360 11 5393
957 89519 97790 97 619055
958 89540 93612 97 82183
959 89565 89745 79 10965
960 89769 93693 64 129452
961 89844 95835 66 162666
962 89921 98439 16 25199
963 90197 94486 93 444444
964 90257 96915 112 177701
965 90626 91782 86 85769
966 90951 92440 45 39703
967 91236 93804 13 12384
968 91273 91416 84 7041
969 91541 92148 68 19092
970 91645 95311 120 146770
971 91739 96932 136 477548
972 91806 92805 58 29202
973 91819 98610 80 413366
974 92019 97887 41 56807
975 92226 92574 20 3414
976 92421 94220 115 36510
977 92674 97525 23 101453
978 93082 99215 15 151988
979 93399 97650 11 11561
980 93512 99774 100 137225
981 93547 98585 14 32975
982 93787 94494 5 998
983 93830 94862 100 21613
984 94181 99514 57 139180
985 94313 95876 20 7899
986 94818 99783 4 14511
987 94925 95428 133 28064
988 95179 99480 148 309547
989 95200 96154 138 239636
990 95226 95961 26 13721
991 95688 97501 70 26816
992 95778 98382 47 22313
993 96243 98104 10 17512
994 96461 98393 118 59456
995 96774 97476 84 28073
996 97298 98711 15 17639
997 97560 99243 116 69412
998 98151 98756 35 8526
999 99616 99989 12 1491
