50 1000 0.094
####.....#................###########.............
..#......#................#######...#.............
.####...##......#........####.##.#................
.#.###..######.###........#########...............
.##.###.######.##........##.####.##...............
...#####...#..##.###.........##..##...............
...#.##....#.#####...####...######................
..##.###.....#####......###.#######...........#...
####.###.....###......###..#######............#...
..#.#................#..##.#.#.###...........#####
#####................####.##..#.#.............####
####..................#####..##................###
.####.#...#.#.........####......................#.
##.####...#.#..........#####......................
##..#.....###..........#.#........................
##..#....#######........#####.....................
#...#....####.........######......................
.........###..........#####........#..............
###.......#...........##.##.......##...........#..
####....................###......###.#..#.....##..
#........................#......####.##.##.....#..
#.......###..............###....#.##.####.#...##..
........###............#####.......##########.####
........###.............##.##......####..#########
......######......##..#####..........##.....#####.
......#.####.......#..####.##........###.....####.
....#########....###.########.........#....######.
...###.#..###.....###.#######...............####..
...###.#.##.##...########.#####..........#.#......
...###########....##.......####.......##.###.##...
....######.####..####......####.....#..#######....
.....#######.......###........##....######.#......
.......#...........##...#.....#.....##...#.###....
.......##.......#####..####....###.###.......##...
........##......#####...####...#.######.....######
........#....##########..####..#.####..####....###
.......##..#.##.###.#.#.####.########..####..#####
.....#...#####.##.#..##.#########.##...##.#.......
....##...####.#....#####.##.###.##....######......
....###.#######.#..#.###....######....#.###.......
...#.##.#########....##....####........##.........
...#.###.####..##....#.....#####..................
...####.....##.#.............####.................
....#.#...######............##.##.....#......#.##.
............#.####.............#......###...##.#..
..........##...##....................#####...#####
...........#..####.##.................##.......##.
.........#.##.#####.#...............####.......#..
........#####.#######.............#####........##.
..........###.###..................####...........
0 83 7172 17 168626
1 416 7290 27 28088
2 519 881 56 8696
3 615 4495 118 560571
4 801 10017 143 563801
5 862 5764 48 127713
6 884 14707 62 133498
7 971 4235 101 168647
8 1103 4065 15 27518
9 1134 23034 9 255520
10 1323 11007 34 133133
11 1464 8720 60 270426
12 1851 3069 87 56580
13 1909 7048 9 19057
14 1923 1935 64 427
15 2036 5157 113 111617
16 2064 6596 46 75028
17 2218 3676 31 9613
18 2598 15037 38 401930
19 2614 4501 53 52365
20 2635 2781 96 2510
21 2710 3939 8 8709
22 3170 5173 90 48355
23 3249 10989 113 509637
24 3270 3881 25 7038
25 3407 5411 70 91464
26 3425 6049 25 16991
27 3540 20541 9 58827
28 3717 13130 47 158683
29 3784 14465 45 104822
30 3908 8116 33 109545
31 4108 7973 14 37697
32 4390 5621 7 10891
33 4421 8739 12 40878
34 4606 5833 8 3916
35 4639 6299 32 18185
36 4769 5451 5 795
37 4907 6253 65 39921
38 5044 18665 76 570610
39 5072 7361 7 18923
40 5284 7106 66 38033
41 5347 6212 13 4708
42 5786 11559 53 70480
43 5900 12375 128 592191
44 5904 15469 21 98643
45 6037 8765 126 229624
46 6219 6599 4 766
47 6254 8231 10 5091
48 6428 10816 20 26254
49 6495 8163 64 33890
50 6822 8065 52 34527
51 6899 7897 141 188518
52 7064 7167 108 7637
53 7098 14887 117 324754
54 7214 15217 39 151032
55 7351 13651 131 518767
56 7686 8923 8 2435
57 7731 12690 142 245380
58 7753 8393 11 5781
59 7842 10834 44 71993
60 7930 8033 139 22130
61 8022 8902 55 39462
62 8040 8888 18 6177
63 8167 8460 45 3170
64 8225 10082 29 32063
65 8236 8246 5 32
66 8324 20091 19 30761
67 8334 18231 27 86754
68 8488 13291 108 285237
69 8971 21238 69 300321
70 9035 11394 73 179825
71 9101 13244 137 569885
72 9280 10327 12 3882
73 9281 18177 44 92922
74 9294 15338 16 88514
75 9377 17040 35 47394
76 9441 9898 15 2942
77 9538 12836 4 6574
78 9565 10708 108 71198
79 9600 13855 16 68735
80 9638 10124 58 21919
81 9796 10097 15 1714
82 9799 10594 8 1813
83 10095 18561 12 14793
84 10112 18148 66 124075
85 10403 13445 8 23208
86 10667 14038 4 3525
87 10693 14041 94 61305
88 10779 12975 87 128920
89 10792 12116 18 5762
90 10815 13493 58 70421
91 10891 11000 83 8336
92 10919 11004 67 4860
93 11002 16599 76 214947
94 11069 13020 141 168764
95 11130 12221 41 40539
96 11251 16664 105 146055
97 11265 30943 50 668878
98 11601 16091 63 105738
99 11602 18811 142 374237
100 11628 30129 8 147891
101 11899 15496 8 17194
102 12141 16408 137 232510
103 12337 12367 4 27
104 12497 16334 60 126665
105 12518 13157 111 30386
106 12529 22040 40 493985
107 12537 15994 62 26025
108 12550 14807 39 90189
109 12726 19638 134 402858
110 12875 15600 104 281793
111 12885 15284 68 56208
112 13030 17793 6 5126
113 13116 30259 5 41812
114 13242 19138 104 259483
115 13302 16985 52 62917
116 13541 24320 14 25059
117 13623 21991 6 20151
118 13668 18972 109 108960
119 13937 16419 58 53474
120 14033 21692 7 21332
121 14034 20861 148 608718
122 14234 16272 97 64868
123 14293 18061 21 24288
124 14374 16449 96 211750
125 14400 15486 110 26547
126 14405 16737 60 29746
127 14515 15196 36 7189
128 14535 17530 11 9361
129 14549 15062 15 6461
130 14678 20069 40 123552
131 14696 15434 15 11611
132 14771 24315 25 133476
133 14781 15621 29 24377
134 14808 15624 108 71658
135 14917 19025 43 85640
136 14923 19938 97 135847
137 15012 24538 8 17553
138 15056 16041 42 6280
139 15115 25214 71 251776
140 15144 16583 48 30057
141 15219 19310 119 515092
142 15441 17297 36 12007
143 15623 21169 39 53312
144 15641 16251 95 20940
145 15993 16319 123 48116
146 16316 27429 12 55515
147 16357 18671 138 278294
148 16516 20425 16 27258
149 16633 18476 90 38624
150 16831 19365 122 76765
151 16875 18975 19 15581
152 17020 25738 139 266248
153 17078 19926 104 167833
154 17363 21918 27 61299
155 17371 21848 42 100118
156 17531 19622 149 166858
157 17652 22136 29 80846
158 17881 19462 15 11373
159 17951 20119 36 28639
160 17979 25330 91 355938
161 17984 24697 31 261221
162 18001 21246 13 23965
163 18220 18636 34 5255
164 18260 22519 18 31160
165 18295 21725 132 274065
166 18327 32297 119 406938
167 18405 21950 91 223950
168 18407 28530 69 102665
169 18516 19867 133 87100
170 18567 22159 43 69937
171 18892 19750 6 2150
172 18897 19212 119 26168
173 18998 20966 34 15251
174 19057 25443 74 228729
175 19282 23346 68 289580
176 19421 27643 13 57476
177 19449 22551 71 39911
178 19513 20772 145 94464
179 19581 22426 106 95148
180 19610 21520 133 79097
181 19654 21766 132 61770
182 19701 21823 43 51544
183 19738 25803 31 27109
184 19740 21008 15 12457
185 19770 21065 14 8387
186 19786 19933 107 12365
187 19811 21790 71 41538
188 19817 21808 64 37306
189 19852 21018 57 60675
190 19856 21124 11 6855
191 19948 23183 40 95261
192 20036 22033 97 123293
193 20219 26661 70 173904
194 20242 25710 57 193181
195 20338 25980 75 136451
196 20363 21433 18 17222
197 20413 20759 59 8289
198 20612 27577 55 136614
199 20617 24485 54 62914
200 20681 26171 85 104940
201 20687 29970 18 48014
202 20745 24407 79 283668
203 20767 24690 46 51221
204 21194 25314 103 80783
205 21216 22129 8 9594
206 21535 22041 30 5387
207 21677 23404 32 50407
208 21850 23790 72 140300
209 21952 23131 131 52756
210 22068 31886 105 219707
211 22099 22535 33 16754
212 22101 26814 55 47892
213 22135 23836 6 3196
214 22156 30242 129 337535
215 22192 23320 25 10081
216 22284 26436 7 6800
217 22298 22606 30 4274
218 22303 23500 44 29427
219 22420 23340 98 26862
220 22488 26816 101 390443
221 22495 23104 134 24091
222 22501 34043 144 880181
223 22686 25895 120 62010
224 22720 24339 46 25634
225 22792 28953 25 45883
226 22817 29212 42 152939
227 22914 34774 19 32892
228 23077 29937 50 69244
229 23079 24057 89 43569
230 23094 24595 43 24196
231 23132 25215 139 64203
232 23167 24787 5 15896
233 23353 28905 83 144700
234 23366 25359 72 66363
235 23568 24651 5 3932
236 23588 23944 49 3674
237 23640 26644 13 12814
238 23654 35275 31 71411
239 23855 24574 36 23818
240 23950 27976 61 94917
241 24015 33320 112 590872
242 24059 26295 9 6911
243 24187 28424 47 71562
244 24273 29638 10 32108
245 24302 29855 30 175808
246 24308 26460 24 82879
247 24321 32653 13 18969
248 24643 25609 16 5396
249 24784 38859 89 788232
250 24930 26557 30 40613
251 24999 26463 20 10561
252 25034 27488 8 8711
253 25157 26163 17 1797
254 25326 29578 125 285371
255 25396 31925 34 114679
256 25531 32459 35 230445
257 25606 35028 15 60797
258 25678 27359 50 27555
259 25774 30470 113 120206
260 25782 26309 16 4577
261 25909 31352 29 49686
262 25973 37561 5 20283
263 26330 33910 101 267628
264 26358 29006 9 18215
265 26408 27846 71 85251
266 26477 28996 9 21873
267 26528 29845 45 43900
268 26618 27861 112 42919
269 26641 26901 110 9437
270 26730 28627 12 13621
271 27285 32474 45 70301
272 27371 30794 146 57469
273 27530 30344 133 269071
274 27611 37191 6 12929
275 27669 28852 5 3817
276 27777 29861 129 42360
277 27793 55954 25 181618
278 27950 30969 13 46673
279 27955 30587 20 58317
280 28210 28472 107 17140
281 28246 30406 50 61479
282 28256 31438 52 69632
283 28374 28774 69 17029
284 28432 39758 98 198528
285 28495 31065 62 134826
286 28502 29249 4 904
287 28524 29889 5 4067
288 28593 29289 26 4455
289 28701 30139 65 21153
290 28742 31636 11 12805
291 28780 30616 16 19400
292 28835 33036 51 209861
293 29061 31754 103 140419
294 29146 29338 122 7407
295 29304 34901 17 49182
296 29351 30229 63 36642
297 29416 37493 30 196189
298 29527 33325 54 207118
299 29564 36355 28 55768
300 29829 33117 87 148532
301 29834 30539 10 5824
302 29897 35445 13 14416
303 29995 34183 46 181242
304 30038 34708 58 96146
305 30167 35380 11 22079
306 30322 35856 98 179459
307 30458 30540 74 4436
308 30592 32365 82 44068
309 30688 34213 68 198121
310 30923 51750 10 73031
311 31053 34271 39 132440
312 31114 34319 25 38946
313 31292 36211 36 33854
314 31436 36217 107 187817
315 31437 35217 46 33977
316 31507 33694 67 35786
317 31829 37714 57 106860
318 31856 39737 139 359600
319 32011 39017 26 35282
320 32013 32430 94 35531
321 32138 34985 18 11429
322 32209 32895 80 43376
323 32243 34068 63 31523
324 32282 36252 80 165829
325 32314 32947 28 6968
326 32340 36925 30 223216
327 32854 35035 10 31292
328 32942 37131 53 88738
329 32992 35374 31 32993
330 33123 37711 105 463813
331 33196 34109 48 37694
332 33370 39517 19 22173
333 33562 36653 126 376305
334 33586 34243 5 2193
335 33620 34224 24 14802
336 33630 36124 129 81639
337 33687 35680 4 2528
338 33835 53015 69 1003316
339 34136 37233 133 374625
340 34326 36608 24 39923
341 34491 45108 6 8882
342 34524 38971 69 108372
343 34551 35855 8 6568
344 34624 36643 144 92786
345 34753 35885 73 75402
346 34766 37047 74 60904
347 35087 37120 84 69634
348 35097 51467 53 198689
349 35129 36498 19 28689
350 35146 37225 131 208749
351 35471 36768 33 7227
352 35626 38319 46 49185
353 35851 37059 28 29724
354 36143 41156 142 347971
355 36187 38168 69 91798
356 36213 45351 31 149835
357 36221 36475 14 1284
358 36317 36602 25 7509
359 36543 37210 18 9685
360 36571 43358 62 113325
361 36607 37661 8 7410
362 36744 40052 15 22436
363 36789 36986 107 11329
364 37211 38456 146 90077
365 37232 38660 147 166767
366 37277 39025 13 6395
367 37356 38523 120 94594
368 37366 37761 74 15404
369 37635 42993 52 192758
370 37686 39625 65 49461
371 37871 41308 44 42311
372 37877 49698 138 695153
373 37896 39366 21 18578
374 37903 41460 47 141741
375 38115 40059 98 96184
376 38297 40787 37 77223
377 38299 42430 44 37548
378 38454 42893 36 146700
379 38504 43062 22 35664
380 38585 38787 34 2717
381 38602 43888 14 11102
382 38628 45156 44 86096
383 38682 41890 16 18766
384 38715 46837 76 217509
385 38743 39623 114 33128
386 38889 42322 121 139453
387 38946 50840 99 375928
388 39023 42589 30 32608
389 39072 41759 22 11272
390 39240 42396 59 132324
391 39254 47127 19 33711
392 39283 44086 133 241311
393 39384 44151 93 460744
394 39563 42522 106 115696
395 39567 53820 22 63023
396 39585 45332 111 181501
397 39647 39840 32 3460
398 39864 40740 97 80496
399 39924 40195 13 6148
400 40011 42387 123 110457
401 40018 40713 67 12671
402 40100 40253 34 2358
403 40105 48410 9 90696
404 40366 41812 95 34992
405 40422 47957 63 175849
406 40424 41473 61 6370
407 40621 41214 14 3164
408 40686 41381 49 15697
409 40813 53577 29 336444
410 40877 48400 71 257707
411 40912 43493 73 41298
412 41028 41319 19 3435
413 41061 41468 9 1726
414 41250 44675 61 110608
415 41304 41782 7 773
416 41314 58079 28 153042
417 41449 45018 143 155875
418 41597 43910 12 11526
419 41621 41636 88 1104
420 41776 51027 41 232188
421 42036 44291 33 67634
422 42065 42630 10 4040
423 42084 45776 15 11494
424 42135 42726 24 6684
425 42148 42643 5 983
426 42182 44419 73 163709
427 42223 46593 81 269450
428 42245 46325 9 24335
429 42351 44269 83 66936
430 42553 45787 20 23504
431 42558 44889 44 41895
432 42567 44315 14 8892
433 42614 44434 17 30728
434 42641 45393 26 38392
435 42672 49620 35 137875
436 42834 51010 56 82986
437 42875 44479 17 23800
438 42920 50594 37 265233
439 42928 44414 4 1520
440 42969 43976 105 42673
441 43112 50359 25 68928
442 43179 43677 43 10541
443 43206 43832 83 42688
444 43287 46958 63 112646
445 43355 44711 16 9666
446 43641 43695 61 901
447 43746 46775 29 60783
448 43750 48376 7 7058
449 43762 51226 14 29907
450 44045 48840 46 63149
451 44232 49078 6 5674
452 44244 46230 39 53388
453 44338 52102 86 1037138
454 44351 44727 87 22609
455 44433 45125 142 52443
456 44487 48085 15 59160
457 44527 52568 51 389059
458 44644 44917 61 9161
459 44646 45603 119 92039
460 44723 49728 27 80464
461 44775 52846 8 123802
462 44855 45686 94 28520
463 44920 48897 37 113350
464 44930 47262 12 79170
465 44971 45987 33 18624
466 44982 55827 47 364752
467 44988 48723 65 45902
468 45013 49893 79 37236
469 45021 45503 9 4572
470 45159 45408 88 25884
471 45182 49498 33 125995
472 45371 45745 77 15436
473 45399 50265 13 38211
474 45749 48791 4 2828
475 45764 49920 84 117179
476 45816 47649 139 204053
477 45908 48793 127 235665
478 45996 53761 76 160261
479 46013 46560 87 21872
480 46038 52731 9 73848
481 46168 70632 31 232890
482 46221 60913 10 88652
483 46302 47409 41 16928
484 46366 48212 29 27389
485 46495 47185 30 12161
486 46566 48695 8 9102
487 46599 47459 7 4768
488 46626 47222 44 6395
489 46720 52242 5 8478
490 46779 52495 75 326403
491 46818 53158 15 33806
492 46900 63926 25 53543
493 46986 49074 42 42874
494 47010 49271 47 27771
495 47027 61312 63 397637
496 47111 56126 149 361335
497 47243 51237 133 398271
498 47317 47415 6 275
499 47377 48395 119 45933
500 47443 49733 7 6139
501 47657 48370 33 22944
502 47995 54324 62 153412
503 48028 48606 125 36517
504 48219 50511 134 94165
505 48403 51939 138 503695
506 48580 49785 13 4918
507 48624 63533 59 553164
508 48641 56822 12 25767
509 48668 51933 21 31952
510 48692 52652 19 27815
511 48735 51180 19 55249
512 48895 49756 82 48134
513 49111 53975 123 134397
514 49245 53428 79 143915
515 49344 50239 133 25596
516 49514 55188 11 42637
517 49643 49851 99 8886
518 49682 64631 26 114243
519 50034 52092 18 27220
520 50136 56992 124 236022
521 50205 53346 26 29358
522 50381 51745 9 10078
523 50389 52664 127 94173
524 50397 51580 104 114451
525 50581 74649 13 296218
526 50585 51138 81 48856
527 50645 57370 7 17209
528 50731 50756 11 170
529 50844 51121 30 3135
530 50865 66464 20 287264
531 50885 54061 5 5153
532 51143 55343 14 10203
533 51319 55284 63 73340
534 51382 51813 117 45436
535 51464 64581 10 77088
536 51474 51502 5 169
537 51538 51644 53 2057
538 51607 58966 11 44138
539 51700 57329 68 258297
540 51704 51895 7 1830
541 51768 55155 126 238619
542 51841 59880 6 48446
543 51862 56043 11 21659
544 51894 52171 13 1262
545 51913 64745 22 56887
546 52140 66267 67 286754
547 52174 53087 123 54093
548 52205 53704 18 12869
549 52409 52488 28 744
550 52465 53193 51 11594
551 52492 54132 18 9542
552 52503 55074 145 351338
553 52524 55756 60 119883
554 52588 60667 143 214438
555 52666 57001 67 85628
556 52979 59043 6 48794
557 53273 60952 124 253003
558 53451 53609 5 359
559 53469 54983 11 6918
560 53519 55129 45 14308
561 53627 53703 132 10564
562 53648 55094 38 38878
563 53683 62233 50 203599
564 53815 57793 5 13721
565 53843 55767 56 51791
566 54012 56146 13 8817
567 54169 58194 10 15346
568 54261 61852 48 164664
569 54337 55087 29 8765
570 54496 59324 25 29987
571 54517 68580 119 425893
572 54596 56949 86 85667
573 54690 55600 18 11765
574 54718 55974 101 116497
575 54947 55416 63 19823
576 55130 55557 38 17103
577 55150 58231 24 18227
578 55845 57369 10 6437
579 56028 61669 7 16153
580 56059 56674 16 3691
581 56115 56338 5 297
582 56344 57990 130 54554
583 56480 58041 29 13036
584 56625 56700 53 3009
585 56739 59649 59 57416
586 56806 65763 26 47330
587 56982 61887 90 56980
588 57301 61640 138 660649
589 57368 59991 117 75035
590 57416 59168 69 76359
591 57551 59070 95 119789
592 57612 57945 72 14472
593 57712 66646 132 677951
594 57815 59440 32 11275
595 57860 73608 15 33689
596 57903 60412 4 3493
597 57918 59035 74 53952
598 57957 58755 56 18630
599 57970 60594 103 83313
600 58032 59118 49 27369
601 58042 59377 124 88343
602 58143 58189 65 2870
603 58184 68411 10 66550
604 58260 62069 129 82003
605 58365 62103 80 154884
606 58418 62851 31 33603
607 58540 62145 47 65702
608 58564 62006 86 136683
609 58600 62248 27 23254
610 58647 60538 33 30769
611 58705 61165 131 129435
612 58752 63768 37 109110
613 58773 66346 79 428218
614 58868 62748 38 17696
615 58871 61561 5 4470
616 59027 60563 146 114298
617 59144 66131 6 18970
618 59189 59940 8 5539
619 59221 64679 32 101424
620 59295 78654 42 308209
621 59338 74325 46 388786
622 59585 59902 62 22555
623 59610 61720 66 58241
624 59652 62262 5 2094
625 59834 62317 38 59285
626 59928 61639 10 4101
627 59966 66953 47 70877
628 60030 61672 149 85209
629 60096 61124 125 101329
630 60112 64301 138 510892
631 60213 60599 26 5582
632 60415 60573 105 13799
633 60657 61048 16 4939
634 60754 65415 51 170360
635 60769 67862 35 54142
636 61007 64901 46 107469
637 61086 62539 97 76290
638 61232 63642 58 77697
639 61421 61933 31 12814
640 61524 63292 110 98142
641 61572 63610 41 36989
642 61604 64530 53 66171
643 61638 63194 117 155009
644 61819 62618 38 32975
645 61972 84175 69 507144
646 62117 63743 102 76375
647 62239 63423 129 105035
648 62284 71623 28 96731
649 62386 62495 98 2658
650 62487 62610 83 7612
651 62521 62728 29 3008
652 62652 63959 146 80174
653 62700 63455 78 29046
654 62789 63786 55 38141
655 63257 64568 97 48817
656 63407 67564 4 10826
657 63408 65380 5 2458
658 63452 65534 145 160260
659 63919 73273 49 241171
660 63928 68422 112 213130
661 63950 65305 27 24411
662 63983 65512 34 53206
663 64262 67668 84 316142
664 64397 65022 22 4049
665 64515 69131 38 106917
666 64538 73219 65 169316
667 64553 66268 87 20890
668 64604 68418 55 158983
669 64746 65098 25 3294
670 64882 66569 72 108552
671 64936 65581 94 12463
672 64991 65612 24 10418
673 65170 66778 92 114521
674 65255 81573 36 169153
675 65260 70006 4 5439
676 65334 67623 5 4617
677 65599 76878 101 654349
678 65790 69115 147 509441
679 65820 69345 135 238350
680 65866 68313 41 30929
681 65944 66108 89 5680
682 66104 67088 88 109893
683 66153 75860 8 69544
684 66327 67901 137 70176
685 66340 71655 9 13180
686 66377 73040 26 182507
687 66623 67880 19 9817
688 66647 68374 13 9997
689 66736 77121 144 533780
690 66761 67393 4 1201
691 66813 73151 16 28416
692 66871 74145 94 212374
693 66963 67569 44 23702
694 67004 68154 24 14513
695 67134 68414 19 6637
696 67140 67270 20 452
697 67276 82767 88 619704
698 67293 67316 132 1625
699 67520 69620 27 31828
700 67580 69629 76 121556
701 67764 68484 16 2392
702 67985 75085 142 502256
703 68101 70455 78 41018
704 68252 69297 48 5913
705 68261 70143 24 14296
706 68281 75041 58 67237
707 68306 68539 14 4326
708 68387 72590 131 428913
709 68668 72656 9 17687
710 68774 69883 144 103574
711 68842 82056 43 230004
712 68874 72468 42 44230
713 68973 76800 87 344336
714 69008 70526 88 53163
715 69088 69430 32 9404
716 69121 71995 58 163087
717 69184 74190 45 164505
718 69351 69515 12 946
719 69366 71363 101 65244
720 69370 70996 9 7880
721 69465 71790 8 5744
722 69487 71044 146 226734
723 69625 71711 28 28006
724 69709 69909 115 23818
725 69911 78612 8 25288
726 69921 70301 8 699
727 70053 78938 106 149099
728 70181 71237 7 11626
729 70272 77079 14 27182
730 70286 72206 63 43305
731 70393 76179 104 171785
732 70518 73326 22 34825
733 70634 77936 137 1731639
734 70660 75214 134 253405
735 70728 74096 8 14978
736 70888 73341 54 60602
737 70910 77695 120 458677
738 71064 75063 133 319479
739 71387 72093 85 20884
740 71527 72707 60 22998
741 71569 75731 17 19936
742 71693 76481 10 14093
743 71781 78953 37 119751
744 71907 71912 73 211
745 72122 73956 17 10577
746 72235 73063 8 3173
747 72254 78410 54 109419
748 72310 73322 27 27740
749 72320 78961 14 15286
750 72562 72852 12 1940
751 72681 76962 74 122473
752 72920 82893 9 64928
753 72954 79753 60 131244
754 72981 73323 25 18740
755 73032 76267 30 33180
756 73035 83445 10 32911
757 73113 77224 67 73268
758 73127 80175 14 37700
759 73378 87440 84 217121
760 73413 74320 32 3870
761 73480 84228 12 26319
762 73691 91745 29 330266
763 73829 82891 22 129277
764 73889 79077 139 547658
765 73992 74360 4 564
766 74013 77771 101 137600
767 74294 83603 18 98164
768 74537 81762 30 64740
769 74613 75630 24 13407
770 74827 76486 96 52999
771 74994 82416 14 56904
772 75048 76969 16 12127
773 75182 87133 107 761790
774 75212 75713 133 33384
775 75351 75712 140 23380
776 75431 76020 66 21485
777 75435 81466 133 251072
778 75621 75846 119 6378
779 75635 76128 94 7590
780 75746 80848 74 161159
781 75783 77002 10 6669
782 76111 77409 87 69884
783 76300 79595 10 11163
784 76331 81476 109 573685
785 76533 78659 97 117717
786 76609 79873 31 49642
787 76619 76991 4 787
788 76627 79088 71 99042
789 76910 77059 80 5023
790 76932 77373 82 12755
791 76980 81946 16 44016
792 77195 78793 116 121805
793 77363 82083 6 10821
794 77421 87300 14 55841
795 77449 78113 18 3249
796 77462 77606 6 795
797 77739 78486 11 2935
798 77899 80707 7 5243
799 78099 82378 100 145649
800 78122 79080 114 42232
801 78141 81245 38 33101
802 78219 80929 27 18232
803 78286 81714 65 36306
804 78482 86058 99 233327
805 78493 86937 42 191549
806 78494 79017 57 9855
807 78546 81489 94 287351
808 78788 79029 94 17846
809 78876 92422 121 527061
810 78898 79775 62 25431
811 79092 82969 132 120531
812 79096 79928 112 39088
813 79234 79629 37 14878
814 79476 81157 87 133341
815 79567 80602 69 15825
816 79612 80957 38 42522
817 79711 84561 20 130741
818 79720 81342 96 73665
819 79773 94895 6 42278
820 79880 92199 8 115185
821 79902 80913 32 23735
822 79922 81126 26 15030
823 80199 84362 137 134278
824 80217 88273 41 81583
825 80409 82235 145 75087
826 80586 83002 65 148523
827 80823 81012 139 51902
828 80922 81090 108 10915
829 80950 80982 7 139
830 81136 83171 32 61119
831 81166 83358 104 85797
832 81187 81978 8 3374
833 81208 91429 9 74242
834 81289 97037 6 15552
835 81386 82439 97 16107
836 81426 82066 19 4581
837 81570 86057 133 314410
838 81618 82425 129 43322
839 81808 84107 42 30911
840 81882 87409 142 2605549
841 82016 82957 14 10842
842 82038 87637 14 62554
843 82109 86149 145 227107
844 82275 86970 110 118661
845 82371 82671 49 11787
846 82424 94346 146 599290
847 82426 83275 107 62781
848 82431 91522 31 63497
849 82460 85152 96 128156
850 82739 87845 45 84960
851 82746 83570 123 26367
852 82827 83796 85 80390
853 82989 86933 51 80138
854 83065 87564 64 116771
855 83205 98704 70 349749
856 83327 83795 45 39896
857 83400 85738 45 25580
858 83459 84303 9 5757
859 83781 86657 145 168584
860 83928 84188 110 15077
861 84015 87926 142 362885
862 84084 86746 28 38178
863 84215 92925 21 117831
864 84226 85008 88 39120
865 84336 86210 143 97064
866 84412 85371 105 148517
867 84439 92932 75 60955
868 84519 99998 38 207655
869 84562 95663 13 54309
870 84675 89094 130 161399
871 84818 87309 63 78405
872 84823 88389 100 62378
873 85082 86016 39 27135
874 85335 85648 40 8713
875 85391 87734 120 99916
876 85448 92478 6 19620
877 85516 88809 75 88978
878 85560 90725 17 58939
879 85622 93166 126 621398
880 85835 86338 4 1203
881 86061 94466 113 569159
882 86368 87576 120 35841
883 86386 92309 143 111721
884 86482 88625 111 144315
885 86747 86786 104 7589
886 86856 89356 24 20179
887 86885 88393 144 24925
888 87224 91327 81 152709
889 87244 92065 138 372790
890 87345 91017 110 417711
891 87529 92503 47 49756
892 87557 88057 80 13024
893 87624 95974 81 203147
894 87675 89147 6 14028
895 87719 96791 53 122413
896 87770 98990 109 252907
897 87880 92770 52 122764
898 87943 95405 13 96805
899 87983 88837 126 168229
900 88006 89982 52 25379
901 88047 89917 24 18012
902 88134 89171 21 26739
903 88307 95034 4 20973
904 88425 96544 121 716822
905 88531 91883 115 226971
906 88706 98224 23 58719
907 88859 90590 30 45958
908 88984 97532 113 602486
909 89071 89276 15 5240
910 89096 90714 58 84564
911 89137 94662 118 275088
912 89175 94175 113 438367
913 89193 96464 54 97169
914 89231 97738 61 166279
915 89267 91636 51 46632
916 89427 90057 21 8119
917 89431 97525 41 238308
918 89711 94866 14 35606
919 89832 90444 25 14041
920 89942 91267 10 4745
921 90079 91717 35 22414
922 90143 93277 11 13078
923 90172 93089 48 73510
924 90181 92497 37 45521
925 90206 95088 22 29445
926 90316 95076 7 8425
927 90428 91274 123 243378
928 90535 91751 15 12230
929 90549 95081 20 19589
930 90552 97306 94 321910
931 90604 96157 18 60912
932 90609 92342 101 159342
933 90620 90824 57 7136
934 90641 90863 39 7350
935 90661 95018 73 188755
936 90723 96137 96 134542
937 90820 97278 22 25195
938 90827 91943 103 107055
939 90830 93006 148 1065845
940 90981 94100 11 6559
941 91015 95583 76 206152
942 91186 93150 39 30356
943 91258 93973 30 30038
944 91297 95730 46 72086
945 91537 98714 89 112099
946 91598 95768 117 885658
947 91607 92606 13 7339
948 91643 92184 26 9742
949 92037 93734 124 68955
950 92267 99029 59 126172
951 92270 92651 60 21000
952 92300 93036 14 5700
953 92317 95641 92 78109
954 92323 96494 46 181069
955 92474 97266 133 945670
956 92500 95410 11 6642
957 92527 98045 147 157474
958 92736 94168 45 51555
959 92763 98912 63 181989
960 92814 93264 66 29443
961 92908 97558 101 271709
962 92920 95147 41 39285
963 92992 93023 119 1067
964 93444 94302 25 7489
965 93447 96538 77 107387
966 93496 94088 76 26349
967 93624 99888 36 118548
968 93815 96760 83 255937
969 93863 97114 38 123577
970 93879 95537 74 85681
971 93972 98181 8 3850
972 94068 95795 12 12782
973 94073 96043 121 68162
974 94204 94524 8 2765
975 94623 99722 29 47679
976 94981 96193 14 5283
977 95149 98727 85 147078
978 95339 96999 7 4926
979 95565 98924 14 26219
980 95630 96809 13 6984
981 96077 99557 42 42956
982 96255 98280 21 37302
983 96416 96920 82 15916
984 96600 98729 67 66892
985 96629 96700 103 4277
986 96631 97583 18 2241
987 96663 98350 29 30995
988 97131 97508 38 8499
989 97152 98749 6 2099
990 97302 97580 69 12259
991 97314 98746 16 10477
992 97393 98875 120 33545
993 97682 98941 141 131163
994 98163 99765 6 4071
995 98325 98395 50 1642
996 98952 99137 125 6610
997 99112 99308 147 11344
998 99229 99967 146 46718
999 99303 99837 31 7191
