50 1000 0.028
..................................................
..................................................
.......................................###........
.......................................###........
.......................................#####......
..........................................####....
.........................................###......
..................................................
..................................................
..............#...................................
...........####......................#............
............##......................###...........
..........#####....................####...........
............##......................###...........
............##......#................#####........
............#.......##..............#####.........
............##....####..............#.####........
................######................######......
................######.................###........
................#####...................#.........
...............#....#.............................
...............##.................................
............##.###............................#...
............#####.............................##..
..........#######...........................####..
..........###.#...........................#####...
...........................................###....
...........................................###....
..................................................
..................................................
..................................................
..................................................
..................####........#.#.................
.................######......######...............
................#####.#......#######..............
...............#####.........######...............
..............###.##...........#..................
.............................####.#...............
................................####..............
...............................###................
..................................................
..................................................
..................................................
..................................................
..................................................
.................#................................
.................##..###..............##..........
.................######..#...........###..........
..................########.#........##.###........
...................#.#######.........#####........
0 49 13077 58 244847
1 50 10966 17 34903
2 106 7635 126 370409
3 172 1710 84 48888
4 227 2352 119 88374
5 362 8476 35 49745
6 516 917 99 19815
7 629 6784 74 119635
8 661 2340 57 51136
9 816 10285 12 47157
10 869 7006 7 12154
11 882 7896 26 125156
12 978 13647 18 92104
13 1142 9087 137 521216
14 1563 3653 88 105279
15 1754 3047 9 3703
16 1755 10597 23 71776
17 1775 26478 68 226625
18 1820 2871 48 16438
19 2101 10463 68 306151
20 2124 2842 87 17426
21 2325 19816 26 82914
22 2746 6868 23 19653
23 2877 9625 91 256670
24 2933 4198 21 5640
25 2996 8545 149 310821
26 3068 14645 120 319267
27 3101 4300 4 5131
28 3264 7097 26 12499
29 3354 10656 101 200515
30 3419 3674 4 973
31 3448 7893 50 70205
32 3538 4200 141 29942
33 3543 13744 6 58651
34 3738 4471 33 8841
35 3789 20417 21 80473
36 4120 6410 136 145713
37 4242 32812 71 703376
38 4423 23677 86 1650403
39 4504 12590 38 429411
40 5271 9139 34 57424
41 5389 11107 67 316791
42 5391 5474 36 4594
43 5394 6771 83 69991
44 5588 7845 54 47324
45 5995 16559 42 278753
46 6166 11860 24 115637
47 6202 12961 99 315770
48 6217 12442 45 83365
49 6369 13186 67 248666
50 6392 7176 44 23131
51 6618 17376 15 57383
52 6661 7607 8 5125
53 6765 12054 128 87175
54 6942 7781 32 14614
55 7089 12683 22 25646
56 7164 11803 80 622920
57 7185 17930 18 28420
58 7204 12712 12 28078
59 7213 9438 34 16990
60 7413 27958 70 191774
61 7430 8570 26 12417
62 7755 8135 53 7903
63 7786 36112 34 352552
64 7917 8102 32 1811
65 8019 8961 38 30822
66 8184 10826 57 99293
67 8289 15620 27 68506
68 8298 9063 6 4560
69 8467 10415 56 70189
70 8586 9164 70 16495
71 8634 41207 6 107845
72 8641 12445 115 277773
73 8676 34606 15 166420
74 8836 9654 119 52645
75 8854 14523 22 53634
76 9062 12975 76 56175
77 9217 22816 51 565123
78 9305 15911 116 328707
79 9306 15876 82 203541
80 9311 12986 94 87071
81 9565 12475 138 101226
82 9704 10515 9 2398
83 9764 14469 52 53512
84 9888 14589 11 35817
85 9976 14953 148 357852
86 10196 13311 76 119719
87 10246 11761 100 65912
88 10366 29002 5 87399
89 10499 13165 128 183872
90 10504 21190 33 218394
91 10541 12935 66 68786
92 10551 14533 47 68582
93 10600 14424 105 390558
94 10817 17214 105 241293
95 10946 12609 73 42236
96 10971 15165 97 166983
97 11004 18655 100 442684
98 11061 28035 49 466006
99 11096 12353 113 37402
100 11228 23811 15 39087
101 11230 20160 71 249863
102 11269 41370 133 3515330
103 11404 16361 23 29909
104 11479 15086 89 132997
105 11497 16391 85 90932
106 11526 25275 63 130930
107 11527 16329 66 101686
108 11663 24816 37 236772
109 11681 15295 26 43296
110 11716 11717 7 5
111 12140 15335 39 22806
112 12207 15389 62 48454
113 12228 22019 56 583183
114 12329 18342 15 41232
115 12343 65058 36 502082
116 12409 20732 106 176797
117 12417 12674 101 12274
118 12480 24272 12 99127
119 12628 20511 129 388651
120 12682 31736 32 167551
121 12898 13414 66 44979
122 12963 16809 19 28818
123 13005 17951 10 16936
124 13090 14343 13 2903
125 13101 24129 9 58852
126 13200 16613 129 122354
127 13212 21775 96 641847
128 13266 34037 140 865741
129 13298 15704 78 132920
130 13581 23217 77 311021
131 13705 40729 31 700487
132 13725 18838 46 63395
133 13832 15094 53 42088
134 13835 16426 58 129481
135 13846 26717 24 141641
136 13866 17512 130 430840
137 13969 17793 57 25883
138 14069 39551 97 1429858
139 14098 21070 31 79817
140 14149 17100 7 10358
141 14266 18950 40 95374
142 14346 16416 23 27940
143 14485 18357 34 62242
144 14639 20072 51 36358
145 14714 21277 83 308116
146 14865 29425 145 1840517
147 14867 20024 5 14354
148 15124 32394 104 1556204
149 15159 16608 7 6494
150 15197 24174 10 12205
151 15227 23316 75 339113
152 15241 34631 131 1739733
153 15423 25512 6 16683
154 15514 42004 31 150804
155 15553 15985 109 14181
156 15662 16797 66 37793
157 16042 20334 112 105151
158 16189 24248 147 933275
159 16220 16570 70 15030
160 16388 16666 147 24351
161 16503 19314 131 64032
162 16521 20552 150 303200
163 16683 22057 22 24955
164 16795 35872 132 1053618
165 16947 20269 78 210625
166 16964 37031 4 90497
167 17238 20411 44 51872
168 17254 24091 140 173396
169 17296 34982 5 22804
170 17303 37722 13 30463
171 17401 26195 126 1117763
172 17550 41259 6 47713
173 17664 32984 61 151457
174 17901 32181 130 1018649
175 18009 33684 10 50802
176 18074 21663 30 37554
177 18169 18997 136 27207
178 18253 29878 59 131842
179 18282 20266 84 75628
180 18283 22872 77 127795
181 18453 19205 18 2374
182 18574 37656 96 569941
183 18639 40112 27 352838
184 18688 21901 20 14851
185 18776 29452 59 185905
186 18913 20487 114 134323
187 18977 23636 85 198659
188 18994 38646 96 945893
189 19027 59605 6 177738
190 19029 24369 10 31970
191 19291 25565 11 65703
192 19317 25637 60 255298
193 19534 30400 84 958798
194 19597 27329 107 372748
195 19760 22858 68 103843
196 19767 22104 20 69603
197 19826 40173 130 1079382
198 19854 26438 99 76611
199 19934 21535 35 37125
200 20220 53975 16 208534
201 20235 23199 74 76982
202 20402 29311 5 31000
203 20522 49916 15 235559
204 20692 21503 7 2554
205 20808 43208 108 1826850
206 20823 21948 148 74412
207 20829 25341 67 159064
208 21128 29143 16 42993
209 21182 25458 7 10198
210 21339 23563 9 8923
211 21355 39166 6 33908
212 21451 25387 65 136384
213 21472 25958 55 99071
214 21542 22883 13 10633
215 21623 26716 130 278843
216 21634 29586 106 1214329
217 21669 23454 8 11757
218 21736 28659 105 466529
219 21843 36295 34 128712
220 21853 33603 41 157675
221 21898 29602 9 41594
222 21925 30487 29 232440
223 21968 22371 37 7119
224 22173 24095 22 28094
225 22253 44956 10 129463
226 22268 25715 105 93718
227 22611 24654 107 73916
228 22626 25304 21 60776
229 22744 25169 142 113068
230 22748 32204 62 110391
231 22777 26352 10 10211
232 22809 41538 13 146296
233 22825 29718 88 145848
234 22879 23044 73 2900
235 23067 25314 91 87185
236 23270 29513 81 174079
237 23286 24198 113 66489
238 23417 42251 51 853380
239 23518 34272 39 64360
240 23529 25415 55 40333
241 23821 26747 77 47502
242 23908 46621 142 2599945
243 23968 31658 82 177943
244 24281 38223 9 31633
245 24359 30075 11 34543
246 24365 49737 137 1594162
247 24556 31277 112 209781
248 24581 35767 87 894870
249 24683 27865 54 188709
250 24705 53159 35 1285321
251 24938 38481 83 264543
252 25045 30691 31 33237
253 25126 32582 48 40198
254 25281 26592 63 38641
255 25292 27588 27 20062
256 25428 31934 57 295562
257 25449 28643 8 34158
258 25508 29508 5 5604
259 25525 41685 41 130251
260 25531 31644 61 89726
261 25539 33949 95 157866
262 25657 27097 37 95775
263 25823 32277 104 993308
264 25834 31069 91 191487
265 25900 31933 49 97596
266 26042 39833 71 288440
267 26063 28726 31 47287
268 26200 28973 55 18392
269 26227 31973 134 580018
270 26251 49706 54 357731
271 26283 40461 83 446552
272 26292 30096 34 55141
273 26328 34530 108 518545
274 26365 31959 29 29073
275 26531 36311 12 43165
276 26539 28550 132 330796
277 26558 32717 129 255437
278 26801 26930 99 9815
279 26965 33106 81 267915
280 26967 30590 110 62808
281 27077 33066 34 32635
282 27119 27727 9 3470
283 27122 39290 9 77073
284 27253 34890 27 288035
285 27292 43470 14 322361
286 27351 44999 20 169108
287 27364 41643 49 298929
288 27477 39022 28 229165
289 27523 30316 142 226811
290 27743 38956 16 86005
291 28170 30550 73 159649
292 28195 35763 72 376660
293 28211 46971 92 711465
294 28317 31630 103 171174
295 28617 47330 9 57837
296 28626 30624 141 161670
297 28676 33718 90 179127
298 28922 30033 78 51987
299 29053 36414 140 889694
300 29084 33779 120 642122
301 29430 31859 30 19471
302 29494 30862 77 20031
303 29645 39809 129 255450
304 29716 34655 43 175211
305 29737 41132 132 426742
306 29917 37591 20 44984
307 30082 34226 12 11184
308 30317 34230 7 9490
309 30360 40276 138 588666
310 30366 36225 132 269672
311 30554 59944 14 42262
312 30592 40299 19 143582
313 30658 34050 35 27485
314 30767 47129 8 50339
315 30804 40819 57 270690
316 30854 33248 34 52566
317 31084 36713 105 541163
318 31179 47240 71 460729
319 31269 45057 29 114966
320 31289 32098 41 41975
321 31342 47154 18 352314
322 31367 35016 102 139414
323 31394 37799 30 112879
324 31556 38803 70 192587
325 31619 41515 4 14771
326 31713 45898 12 189201
327 31735 37589 121 320163
328 31783 33756 120 84610
329 31827 60544 6 52985
330 31837 33884 15 25106
331 31951 36804 39 166290
332 31975 36672 22 30078
333 32035 44931 73 405223
334 32139 32680 101 10134
335 32309 36669 54 223881
336 32441 38073 15 40013
337 32547 74959 36 462846
338 32626 34273 73 199009
339 32794 34667 86 110995
340 32795 48535 4 23513
341 32869 33008 14 991
342 33049 33747 44 16241
343 33082 48751 10 163678
344 33283 39591 81 318632
345 33373 34429 45 13934
346 33414 51035 138 1168832
347 33431 55500 131 1177701
348 33519 38529 134 167134
349 33536 34581 34 43678
350 33572 33826 16 1476
351 33723 40826 22 87432
352 33784 44471 76 269852
353 33881 34629 88 21776
354 33913 34931 94 50697
355 34102 40517 7 24656
356 34270 36442 80 36174
357 34700 38583 13 12113
358 34710 35163 22 4928
359 34721 38390 43 13696
360 34734 48161 94 743627
361 34749 36982 98 86769
362 34777 44225 60 370090
363 34899 35951 42 18537
364 35115 41547 85 536036
365 35126 43098 17 51882
366 35279 39532 7 14711
367 35306 44222 114 755242
368 35371 57286 70 1001473
369 35561 36017 127 79948
370 35994 56350 121 847229
371 36004 41388 10 27124
372 36108 42135 93 224640
373 36339 58898 57 303795
374 36462 43175 28 85748
375 36516 44224 140 1383691
376 36525 37475 74 36820
377 36631 37084 31 5617
378 36764 48787 18 87137
379 36848 43447 119 239877
380 37007 42717 42 97681
381 37035 38626 18 22267
382 37166 39712 59 253251
383 37498 41522 86 211112
384 37516 40246 106 242363
385 37560 39087 11 8416
386 37781 40680 108 166136
387 37807 37936 105 6571
388 37834 43178 110 593769
389 37896 42049 55 176961
390 37951 48191 100 208876
391 38005 45991 5 43292
392 38191 41864 38 46466
393 38318 39405 54 11740
394 38335 40475 10 8884
395 38408 48807 147 634928
396 38535 43603 15 42029
397 38639 44191 81 82699
398 38780 41354 70 73346
399 38804 39462 62 9953
400 38823 39088 13 2764
401 38859 43043 28 31209
402 38865 47408 26 80290
403 38994 54421 26 209477
404 39026 43556 63 164179
405 39028 56641 51 260638
406 39080 64500 138 1114807
407 39305 53300 145 383199
408 39453 48363 43 284473
409 39524 53628 35 181615
410 39733 50259 88 353982
411 39868 60231 11 50441
412 39914 49499 41 165203
413 39936 42404 124 109651
414 40200 41195 13 7896
415 40280 42488 30 7543
416 40330 41688 21 8647
417 40435 45096 12 24824
418 40455 52182 31 125578
419 40467 41507 18 4491
420 40535 42279 17 9544
421 40658 57088 118 2903497
422 40752 41189 23 5418
423 40799 48539 26 51086
424 40874 66180 103 1144241
425 40945 60058 13 364271
426 41094 41356 44 5870
427 41206 48600 42 537540
428 41265 45319 80 259714
429 41468 46438 78 113473
430 41479 54354 5 68930
431 41645 47131 116 225068
432 41696 44185 53 75580
433 41700 47184 10 20860
434 41738 54657 14 50665
435 41809 48144 63 141350
436 41829 46492 5 15155
437 41877 67563 29 181180
438 41948 50619 29 100193
439 41989 51638 5 51879
440 42010 53903 49 148077
441 42079 44330 36 17668
442 42157 44027 19 24500
443 42215 47004 141 337206
444 42238 44697 120 140683
445 42320 46216 85 329981
446 42526 45685 101 75382
447 42629 43993 23 7231
448 42755 45797 76 73065
449 42830 49830 41 99874
450 42843 58055 143 512202
451 42852 46551 45 107849
452 42941 43913 19 11755
453 43071 53623 69 375796
454 43113 44257 130 79052
455 43158 45900 61 98530
456 43303 63055 118 681739
457 43372 44045 121 125542
458 43473 44074 73 40750
459 43715 44901 17 5216
460 43744 49035 20 16724
461 43755 48591 41 36714
462 43842 60377 10 64650
463 43899 56436 83 763034
464 43920 51471 27 117900
465 43964 63930 32 86977
466 43998 66252 9 85041
467 44043 52887 6 20803
468 44188 52303 54 172989
469 44197 58573 34 134416
470 44227 46463 7 4132
471 44263 47944 55 78584
472 44283 49252 23 151819
473 44312 48022 117 121281
474 44456 70667 46 183213
475 44494 45019 5 1750
476 44536 46695 76 70733
477 44565 48005 53 175379
478 44621 48290 94 120820
479 44685 47289 98 209864
480 44873 52327 38 97369
481 44961 47477 112 115581
482 44964 47195 20 31278
483 45007 52773 39 236658
484 45118 46772 70 60262
485 45212 50536 50 61477
486 45340 52523 64 127523
487 45574 47051 14 6648
488 45655 62347 17 129294
489 45768 54385 19 73673
490 45813 65308 19 78784
491 45826 52118 140 470178
492 45911 50292 11 28120
493 45955 51596 128 471748
494 46104 47980 59 47323
495 46209 50412 25 57786
496 46358 64705 133 658592
497 46386 55007 9 11637
498 46525 64922 21 155359
499 46629 55021 109 1061337
500 46679 47239 95 165664
501 46708 51354 32 166481
502 46742 48109 86 56577
503 46787 88224 4 39957
504 46796 56729 18 95547
505 46830 52922 18 53818
506 46857 51540 12 129020
507 47237 48571 47 32940
508 47317 59803 9 26737
509 47323 53967 52 206840
510 47583 96522 28 228412
511 47597 49053 15 22409
512 47755 54556 96 319372
513 47955 54320 62 239176
514 48024 50568 123 189895
515 48043 51165 72 88465
516 48093 48328 11 853
517 48134 49360 62 66564
518 48247 53176 96 153800
519 48280 55973 66 199906
520 48362 53873 43 84716
521 48637 57107 12 75038
522 48669 48952 132 42379
523 48738 49012 87 8866
524 48854 53254 16 41697
525 49130 73451 68 232068
526 49345 56994 8 20638
527 49414 51618 144 102590
528 49447 52957 37 51721
529 49550 59644 61 279618
530 49589 55599 112 154711
531 49673 53079 63 181452
532 49694 60833 7 36260
533 49866 54980 11 16468
534 49890 57733 29 37837
535 49930 50478 139 48338
536 49984 65838 30 146836
537 50065 51648 25 22576
538 50130 55967 142 440193
539 50561 60473 33 75384
540 50573 89820 7 31789
541 50576 50612 45 1233
542 50689 51583 30 13590
543 50765 50805 26 639
544 50832 75958 106 1759111
545 50844 55877 80 183296
546 50874 63432 74 352122
547 50956 58978 44 168975
548 50993 59335 11 57917
549 51346 64848 82 148009
550 51506 66625 12 51107
551 51537 52502 137 84158
552 51675 51829 120 22621
553 51737 62527 107 303763
554 51851 52820 22 14600
555 51882 56169 20 35278
556 51906 58660 9 56196
557 51955 67172 6 11467
558 52014 65260 40 304196
559 52063 60210 80 83184
560 52093 59956 102 220773
561 52111 62213 74 229436
562 52158 52566 107 11899
563 52230 53637 8 5527
564 52367 65249 126 1489643
565 52404 83635 123 1657626
566 52503 54827 94 110686
567 52515 72784 48 230771
568 52551 70931 16 181262
569 52581 54979 137 95290
570 52765 66761 22 147372
571 52809 57360 13 26569
572 52822 63482 21 130017
573 53029 78906 58 1321946
574 53049 85882 143 806025
575 53258 60819 98 141943
576 53432 57634 9 21917
577 53477 60125 76 135389
578 53710 57033 41 28681
579 53720 57706 55 97351
580 54232 60581 120 156033
581 54322 62597 67 222201
582 54337 57102 57 25119
583 54461 60506 120 165210
584 54541 58252 54 45003
585 54633 55583 29 9785
586 54762 79676 92 3737965
587 54885 75472 21 147404
588 54923 57317 32 40989
589 54975 70125 92 387639
590 54994 55853 51 22369
591 55015 63490 9 18721
592 55107 61127 22 108840
593 55239 61458 113 362323
594 55374 72644 25 273120
595 55465 62419 25 97779
596 55470 66470 111 582694
597 55471 60564 134 277826
598 55534 59282 67 103358
599 55681 58260 25 25557
600 55744 62986 8 49066
601 55773 62694 75 346489
602 55944 69002 68 982610
603 56366 64950 146 418136
604 56389 56682 53 7831
605 56524 61237 55 109130
606 56596 63146 17 65217
607 56657 67494 41 205241
608 56690 58390 12 9383
609 56720 62769 8 17690
610 56728 59857 27 20973
611 56850 66415 92 261328
612 56893 74209 66 577019
613 56902 58427 99 38614
614 57096 61404 132 128671
615 57146 59934 76 49658
616 57150 61414 44 60374
617 57172 66423 33 111922
618 57256 65239 9 141451
619 57386 71506 49 1733169
620 57401 58481 54 87567
621 57549 67257 74 172899
622 57660 58983 10 4991
623 57922 67274 10 60762
624 57940 73918 109 1125341
625 58002 84904 131 1042362
626 58031 62404 15 34148
627 58054 61726 8 10067
628 58057 59130 134 96426
629 58076 59339 45 51322
630 58349 65131 69 923260
631 58629 62314 95 100244
632 58633 69035 6 13365
633 58672 93912 51 859124
634 58760 62699 14 26208
635 58774 58834 64 3567
636 58850 79093 43 271566
637 59033 60414 118 48475
638 59102 69827 46 126665
639 59342 68716 34 234643
640 59351 77737 35 238880
641 59682 63635 56 118944
642 59709 80865 144 1580584
643 59850 65518 145 684747
644 59937 61858 29 23886
645 60017 64350 117 63998
646 60066 81898 84 571528
647 60082 68863 51 109142
648 60114 60935 78 41078
649 60217 69434 78 187641
650 60275 70525 44 138628
651 60339 65026 6 8745
652 60344 71258 5 28894
653 60461 64323 142 312021
654 60472 70444 10 64290
655 60661 69322 88 426285
656 60675 66375 61 126108
657 60779 61025 26 3885
658 60944 71195 103 239471
659 60990 61676 68 11313
660 61095 64403 7 8896
661 61132 64987 59 132962
662 61146 82115 34 340651
663 61162 72522 6 15767
664 61372 66555 41 35196
665 61551 71178 84 609818
666 61557 69616 81 200443
667 61558 62394 26 20288
668 61702 65522 104 307062
669 61770 91277 8 79046
670 61779 65001 51 56746
671 61890 62752 17 6529
672 61958 74885 5 25086
673 61983 68659 142 853780
674 61993 62861 103 113973
675 62241 68125 104 200822
676 62651 68914 16 38161
677 62709 78250 112 367992
678 62757 71348 10 91414
679 62793 73492 50 352999
680 62846 68864 110 324680
681 63014 78442 35 315091
682 63073 86180 11 63103
683 63234 63681 42 6240
684 63239 74754 24 140533
685 63301 65105 125 152379
686 63504 66870 127 210655
687 63603 64010 36 14470
688 63740 67208 143 323711
689 63929 63988 51 1955
690 63945 72397 10 14922
691 64115 66381 22 19902
692 64215 71557 135 125955
693 64228 65231 34 17705
694 64249 66025 9 5168
695 64279 69153 32 75031
696 64401 76876 50 126279
697 64450 67968 79 142546
698 64514 69357 10 25819
699 64524 65213 18 4112
700 64545 70723 36 74649
701 64727 66682 17 8572
702 64854 91858 8 75136
703 64863 78991 14 73329
704 65019 74832 80 388315
705 65029 65734 11 1788
706 65083 75504 36 103846
707 65142 67749 22 16846
708 65143 68801 113 104750
709 65324 66976 4 1932
710 65485 65537 108 2647
711 65495 66499 135 99458
712 65625 73086 80 379604
713 65713 69445 44 86049
714 65722 69437 40 142988
715 65764 71151 93 236168
716 65795 72377 85 233620
717 65945 65975 63 1293
718 65987 79674 56 536892
719 66146 72651 135 96987
720 66171 99992 30 194496
721 66311 72353 12 10342
722 66387 67485 116 132939
723 66658 85112 7 84440
724 66706 70813 8 13482
725 66720 68258 7 8618
726 66736 68808 28 22183
727 66893 76333 6 26485
728 66996 70371 16 16564
729 67131 67808 48 38210
730 67168 72789 5 10067
731 67223 75765 11 78033
732 67238 68235 25 18227
733 67256 76596 89 154602
734 67289 77929 149 216842
735 67438 80851 22 124116
736 67653 76595 145 1135967
737 67719 90871 91 1109909
738 67835 73291 106 346562
739 67912 76587 82 258154
740 68008 69326 13 3403
741 68146 68176 13 79
742 68153 85333 93 526646
743 68169 73343 20 28352
744 68282 90462 55 499715
745 68629 74454 15 21156
746 68648 69629 42 13882
747 68653 79404 5 21447
748 68745 76970 31 75341
749 68782 77026 48 137914
750 68847 76165 35 63952
751 69135 74340 50 119694
752 69173 75963 60 132369
753 69175 79489 116 969589
754 69285 87431 113 1163136
755 69352 85619 142 480214
756 69520 78470 42 171203
757 69647 71998 113 107636
758 69663 75078 36 54394
759 69677 85566 99 288126
760 69679 69834 22 1550
761 70036 70706 67 14339
762 70355 84771 128 654748
763 70360 74461 40 45565
764 70398 71653 39 10370
765 70654 72947 129 353594
766 70662 72807 22 14820
767 70720 81953 61 1067356
768 70799 72047 117 106129
769 70917 72530 134 82891
770 71014 72251 27 25790
771 71095 71965 118 69219
772 71102 90629 127 357444
773 71116 71662 13 6983
774 71123 86639 73 291581
775 71179 75607 76 246451
776 71283 72144 5 1867
777 71296 71452 6 377
778 71303 77845 20 356229
779 71340 75067 117 732915
780 71444 75068 114 230094
781 71631 73009 6 3695
782 71638 82056 57 333937
783 71728 72650 14 6810
784 71729 76078 11 10927
785 71752 81974 81 725703
786 71797 78224 14 40083
787 71819 75626 88 101403
788 71975 79216 9 41052
789 71985 72626 140 106171
790 72001 75903 122 131405
791 72031 75439 9 7179
792 72033 89124 17 145312
793 72111 80258 64 133275
794 72235 80084 41 306774
795 72289 81395 42 223110
796 72475 85152 65 202661
797 72544 75693 5 7672
798 72645 76600 24 35708
799 72713 72844 25 1888
800 72781 83437 96 874848
801 72825 74909 20 30423
802 72871 73829 43 13378
803 72925 76377 66 41150
804 72933 79314 11 30118
805 72938 74077 43 17700
806 72944 74837 64 43761
807 72950 77278 12 34750
808 73006 77285 34 79546
809 73065 74217 56 11599
810 73148 91112 79 235281
811 73267 79767 75 166993
812 73327 75340 13 22200
813 73372 79861 41 96859
814 73551 78798 79 209066
815 73654 74065 36 13889
816 74005 76304 13 25842
817 74055 76924 8 18805
818 74202 75221 76 42392
819 74262 78039 78 398521
820 74279 77220 42 46864
821 74357 84779 71 245964
822 74432 84235 6 13448
823 74464 75980 75 47809
824 74559 99800 9 96068
825 74711 86002 34 146119
826 74788 78784 29 215240
827 74801 90858 100 1504626
828 74805 94690 64 385793
829 74862 78362 12 4296
830 74913 76508 9 6769
831 74936 96385 38 479516
832 75166 76193 70 60317
833 75191 80321 31 80637
834 75452 79392 35 50190
835 75505 91127 15 50218
836 75513 85687 63 185629
837 75525 80427 47 90855
838 75606 97027 73 731620
839 75696 85447 57 338492
840 75739 86937 5 19083
841 75790 80185 93 150768
842 75929 84214 141 458930
843 76026 76455 32 3511
844 76093 90101 5 19937
845 76252 99940 130 839439
846 76260 86690 15 124659
847 76290 78954 45 30254
848 76420 76603 62 11464
849 76458 76715 45 10114
850 76935 98277 120 1325147
851 76977 79988 20 41195
852 77064 90988 104 418878
853 77068 83209 53 63286
854 77069 78444 17 11646
855 77276 80006 16 9454
856 77282 77722 54 6702
857 77297 78370 135 62811
858 77481 83556 24 51513
859 77659 83116 23 26493
860 77663 89600 7 16002
861 77675 88770 12 46089
862 77683 81408 34 41563
863 77948 78342 65 7965
864 78081 81343 105 288284
865 78206 87221 73 361263
866 78284 78881 52 14174
867 78315 81875 11 4004
868 78340 80921 72 71803
869 78358 79527 102 111546
870 78738 83227 9 22826
871 78970 79054 44 2836
872 79044 86087 46 191331
873 79046 80156 129 51971
874 79141 81837 119 171160
875 79154 81567 5 13299
876 79171 98172 72 680976
877 79263 82334 114 129901
878 79338 83409 5 14435
879 79450 85281 33 81894
880 79668 85107 144 361208
881 79701 82704 133 265787
882 79759 83022 32 29250
883 79901 86312 62 520522
884 80110 82550 50 120507
885 80131 80499 36 5296
886 80142 89970 26 66669
887 80228 89205 64 294816
888 80238 84688 30 126894
889 80283 82683 27 54147
890 80391 81944 138 451021
891 80736 84346 98 147399
892 81107 82459 7 6232
893 81199 99723 52 391462
894 81203 89714 29 106048
895 81249 84613 52 40595
896 81285 84789 9 8066
897 81564 89563 45 178810
898 81788 94426 44 44285
899 81796 85394 90 108308
900 81869 83229 142 43814
901 81891 82798 27 12910
902 82468 85110 98 35783
903 82536 96372 52 196505
904 82636 85368 89 94484
905 82661 83744 6 1661
906 82672 98169 27 238695
907 82677 82871 31 2738
908 82724 85518 68 106403
909 82982 84292 94 43278
910 83039 87549 53 163673
911 83061 89617 21 154663
912 83067 98263 11 75743
913 83077 92324 130 654006
914 83079 96032 34 88039
915 83127 88459 101 481364
916 83295 87480 111 341213
917 83387 97123 90 551979
918 83524 93643 62 333568
919 83530 86646 17 23636
920 83598 88009 20 112815
921 83871 90702 56 371237
922 84083 86928 34 39306
923 84123 91768 48 107649
924 84174 86637 5 15649
925 84378 86943 11 11562
926 84458 84869 57 21936
927 84463 87997 26 23953
928 84531 89727 135 255317
929 84897 92621 4 11841
930 85018 96646 15 87853
931 85042 88552 143 336199
932 85049 92126 52 458960
933 85065 89065 34 88413
934 85188 97695 4 29920
935 85314 85393 57 5604
936 85437 92953 11 18126
937 85558 87646 65 62825
938 85743 92541 8 15592
939 85800 89807 42 82321
940 86037 91757 110 150222
941 86049 89256 97 116864
942 86346 90966 97 109234
943 86360 86845 50 13154
944 86602 95421 53 54863
945 87018 87144 55 20242
946 87036 88206 9 10914
947 87070 87898 12 2413
948 87149 99223 48 295009
949 87486 90704 61 408089
950 87494 91213 17 14306
951 87503 89053 69 109698
952 87577 98078 50 72437
953 87593 92839 56 81976
954 87979 93955 35 211003
955 88012 89254 17 15593
956 88090 95026 67 72864
957 88284 90755 42 40127
958 88506 88852 55 15729
959 88603 95141 25 116255
960 88623 91147 148 334280
961 88795 98245 6 26859
962 89168 90526 20 12216
963 89543 89797 125 24573
964 89847 92604 118 107516
965 90122 90927 79 24474
966 90187 96393 17 32169
967 90688 93850 61 109057
968 91078 94300 149 255160
969 91111 91387 19 2070
970 91254 99995 69 477506
971 91315 93128 13 6421
972 91382 92476 132 62227
973 91603 91704 49 2902
974 92535 93031 9 1780
975 92578 95067 14 12838
976 92653 94932 39 29001
977 92784 98217 8 17756
978 92874 98793 150 603727
979 92941 93059 67 4986
980 93029 98748 19 30991
981 93443 99116 12 28133
982 94007 97088 104 179320
983 94065 97787 13 12688
984 94186 94696 86 23114
985 94259 98253 6 6433
986 94406 96260 105 275627
987 94435 98915 85 94147
988 94483 98255 89 31144
989 94754 95490 116 23889
990 95205 99988 5 24002
991 95481 99201 49 104441
992 95774 99742 99 106082
993 96289 97006 101 12649
994 96359 96381 5 133
995 96654 98019 87 58669
996 96990 97116 68 14185
997 97226 98774 58 83177
998 98480 99440 91 17622
999 98948 99999 67 70809
