50 1000 0.009
........#...............###.............##.##.....
.......###..............#...............##....#...
................#..#....#.....................#...
........#......#####.............#...###.####.#...
.......####....##....#....#......#....#..#.#..#...
.....##..#...........#....#.........#.#..##.......
..........#......#......###....##...##...#........
.........##....#.####....###...####..#............
....##.#......####.##....#.....##....#............
...##.##..#..#.#.#####............#........#..##..
..#..###.....#.#..#####.####.....##.......######.#
.##.####..................#.##.###............#.##
.....##.............##.......##.#..##.........#..#
......#.........#...##..........#..######..#.....#
....##.........###.............##...#####..#..##..
...###...........##.....##.......##...#...##..###.
...###.......##.##.....##...................##.###
...##.......###.........##.....#............#.###.
...###......#.................###...........#..#..
....###....#.#..................................##
..#..##.....###.#..........................#...###
.#...#........#.###............##..........#.....#
##..#.........#......#..........#.........##.....#
.##..................#................##..#......#
##........#..........#..........###....#..#.......
..........#.........###.###..#.###.....##.....#...
.........##...........##..####.####......#...##...
........###..........##..#...#.#..##.....#..####..
....#..........##........#........#....########...
.#..###........#................###...##.##.###...
##.##.###.....#.................###..###.#..###...
#.....#####..##..................##....#.##.##....
.......##.#...##.................#.....#.###.#....
....##..##.##.###................#.##......#.##...
...##...##..##...#....##........#......##...###...
#..##......##...##....#......###........###.####..
#...#.....####...#.##.####....##.........#...##...
##..#.....####..#.###..##...##.##..##....#...###..
....#.#####..#..##.#...####..####...####.....##...
......#####......#..........###....#..........##..
.......................#....##....###.............
.....##.....##...###........##.....#......#.#..###
...#..#......#..###................#.......##..###
...........##.....##.....................####...##
...........#.....####..........#...#....###......#
.#.........##......#.#..........##.####..##..##...
.#....##..#......#.#...........#.#.#..#...####....
.......#####....##.#...........#.###.........#....
##....##........##.#....#........#.#.........##...
...#.#.##........####.####.....##..#.........#....
0 81 7067 9 59600
1 210 367 148 8025
2 277 6908 119 319837
3 308 4863 78 217845
4 314 4179 100 273759
5 318 3410 21 13979
6 333 1362 82 13836
7 361 18002 122 1307419
8 675 4663 134 526021
9 722 1960 129 54846
10 1010 1213 18 1961
11 1128 2979 19 22124
12 1189 1257 70 3281
13 1368 3246 103 123413
14 1393 5236 134 99789
15 1620 9331 62 234840
16 1628 10716 130 685188
17 1641 4939 44 102342
18 1860 9195 76 403078
19 1886 3818 46 28234
20 1912 6332 140 437914
21 2023 8312 67 229116
22 2099 6928 82 279184
23 2155 21409 11 356567
24 2194 4480 100 218963
25 2282 3866 61 59063
26 2313 15973 55 308418
27 2356 10929 26 68713
28 2494 4864 123 152937
29 2527 2629 6 156
30 2768 6300 10 10457
31 2832 8485 13 17793
32 2917 3351 13 4321
33 2962 20295 122 348964
34 3215 6832 19 11972
35 3245 6588 70 175264
36 3324 5145 96 46726
37 3360 6075 60 31019
38 3389 3729 8 1077
39 3479 8660 77 122477
40 3602 12165 91 187628
41 3726 16315 13 41627
42 3728 8452 33 82197
43 3794 9013 50 199980
44 3941 4926 94 79416
45 4079 6860 7 8692
46 4184 19002 141 1091200
47 4287 8809 31 39070
48 4590 15153 118 755004
49 4640 11582 54 559644
50 4853 8882 11 21242
51 4875 5582 127 18347
52 5060 8068 65 41015
53 5210 19799 6 58069
54 5281 8618 7 11251
55 5301 6602 61 41877
56 5556 18155 10 44253
57 5736 15605 48 188752
58 5767 7692 80 41967
59 5886 10738 81 383691
60 5935 23800 114 686179
61 5940 11043 9 16564
62 5961 12497 58 392238
63 5972 16129 104 296292
64 5991 13599 147 870630
65 6024 8269 51 59437
66 6062 6585 110 26090
67 6130 7877 30 38809
68 6256 15475 138 431328
69 6327 12015 17 70331
70 6349 7286 117 17462
71 6568 18428 11 23538
72 6594 8164 134 180965
73 6611 9833 130 289660
74 6613 8280 5 8951
75 6703 11412 111 79839
76 6733 10666 6 10866
77 6990 12519 117 323893
78 7115 11509 20 27920
79 7150 7211 7 183
80 7317 12195 54 84521
81 7371 24405 85 297377
82 7425 15029 5 14458
83 7750 10176 15 6608
84 7776 8955 26 7592
85 7804 10950 24 32626
86 7837 27661 97 416290
87 7968 11747 50 75852
88 8045 11210 133 228365
89 8213 32207 64 647741
90 8417 12696 80 125226
91 8517 10234 12 20568
92 8518 8855 127 8404
93 8540 16522 128 637337
94 8561 10606 76 49311
95 8698 11113 87 95599
96 8734 9441 5 2279
97 8758 12394 13 40097
98 8810 17423 52 133555
99 8896 16488 20 61926
100 8942 10300 16 6477
101 8949 13427 136 100984
102 8983 11565 143 115475
103 8987 20112 11 53288
104 9292 16465 114 523142
105 9446 16958 4 22014
106 9682 18758 9 15791
107 9773 12794 12 18877
108 9843 10259 36 14324
109 9865 17094 32 71251
110 9880 16869 45 144279
111 9974 17049 50 134323
112 10223 15453 127 152554
113 10240 15959 24 90455
114 10347 19580 148 398983
115 10379 26421 7 47077
116 10417 12010 107 125010
117 10510 14506 15 37839
118 10514 23446 24 55691
119 10784 12115 38 36055
120 10808 14632 126 286472
121 10885 19391 143 600700
122 10953 12180 53 58265
123 10975 13458 24 54898
124 10976 18574 26 106679
125 11173 25345 147 390569
126 11317 11434 4 598
127 11459 26323 45 65757
128 11620 21833 26 418737
129 11758 14263 19 14571
130 11843 25396 42 215180
131 11852 13531 43 29241
132 11919 21433 68 206569
133 11961 23194 87 365017
134 12001 13718 13 19032
135 12116 13607 101 28501
136 12131 24098 22 302836
137 12133 12524 97 24106
138 12318 21543 93 510251
139 12408 18804 26 57261
140 12409 22992 32 79969
141 12441 19409 117 248326
142 12447 23641 30 291409
143 12455 13061 12 3312
144 12647 20147 80 150352
145 12661 17716 52 77207
146 12792 23995 68 93961
147 12804 15882 100 57283
148 13050 13107 131 7701
149 13135 21275 126 434758
150 13268 26986 5 16142
151 13270 14903 43 25613
152 13518 20940 126 539132
153 13586 25897 22 51836
154 13740 18774 16 41345
155 13789 17490 85 63575
156 13796 39968 66 1113773
157 13834 29916 4 14409
158 13900 14606 6 1021
159 14032 15947 82 111786
160 14074 20706 85 203897
161 14120 18500 8 21752
162 14273 14384 70 6706
163 14291 17303 109 326968
164 14334 26324 17 28058
165 14357 16279 29 10725
166 14358 14504 116 16528
167 14371 24200 52 258220
168 14465 22045 56 533434
169 14565 23266 17 22799
170 14648 17011 87 70452
171 14995 24846 5 43773
172 15069 25528 46 106773
173 15199 18660 25 33786
174 15287 21167 44 54227
175 15336 23379 34 159797
176 15613 25110 35 371261
177 15628 16537 4 2410
178 15756 16231 23 10209
179 15773 18921 6 4252
180 16042 18333 75 45030
181 16169 22420 53 78984
182 16178 23450 33 199191
183 16199 22077 30 32447
184 16264 17332 70 24979
185 16384 31316 135 797949
186 16675 20141 73 302670
187 16891 23152 84 137728
188 17029 22263 111 61246
189 17229 20309 45 18361
190 17343 19284 62 77463
191 17628 19195 11 8655
192 17684 20021 77 78906
193 17819 31885 12 96996
194 18205 26500 134 532380
195 18310 19273 29 12161
196 18342 23958 88 194317
197 18457 22510 61 129356
198 18486 30376 19 198156
199 18498 22522 27 38538
200 18635 26713 17 59464
201 18653 21449 77 42650
202 18698 24160 5 10923
203 18929 19668 148 109612
204 19006 30806 43 56879
205 19069 22166 130 136827
206 19172 39867 5 30811
207 19244 24701 60 263193
208 19297 21852 13 14586
209 19312 19356 119 7038
210 19389 28238 23 175119
211 19430 22318 101 180085
212 19441 44506 20 141399
213 19465 43145 122 1072827
214 19632 20764 18 10738
215 19652 23513 91 102766
216 19683 24599 88 143494
217 19746 23651 38 53954
218 19823 37342 36 281745
219 19982 22125 23 10181
220 20099 22403 36 38638
221 20280 23045 47 16119
222 20348 28626 122 360524
223 20383 28264 20 159134
224 20486 45268 8 86942
225 20594 27896 96 351134
226 20789 27561 16 53909
227 20839 26886 6 9314
228 20853 31725 9 50046
229 20888 31255 94 380954
230 20979 24907 96 121486
231 20986 29367 31 80845
232 21048 30270 69 248856
233 21090 23289 21 101648
234 21114 24439 36 22902
235 21175 30328 14 39022
236 21298 34132 8 47513
237 21511 32629 16 19479
238 21646 32482 14 86148
239 21777 28744 108 180663
240 21854 25446 20 31391
241 21928 36547 102 357602
242 22226 23471 123 55823
243 22340 24895 53 100944
244 22552 25357 7 28795
245 22717 26720 31 59126
246 22931 24688 113 180548
247 23103 26280 12 16485
248 23160 35711 65 367100
249 23196 25719 103 49882
250 23218 23224 7 23
251 23228 26130 25 51092
252 23300 26564 90 243543
253 23377 25256 147 104368
254 23511 25735 122 67356
255 23514 27838 16 15698
256 23518 38698 6 45154
257 23579 26528 40 52256
258 23673 25273 12 5901
259 23740 29099 147 247165
260 23752 25230 70 117900
261 23769 28697 137 187233
262 23816 30435 27 89236
263 23872 24004 95 5714
264 24017 37715 20 118581
265 24142 28400 139 110806
266 24231 37687 37 140377
267 24246 30550 26 144120
268 24259 30633 129 579989
269 24265 34596 18 86044
270 24339 25254 69 28190
271 24348 28161 10 35677
272 24357 27054 6 10310
273 24502 30279 138 235101
274 24505 29718 114 1052048
275 24510 28746 30 25021
276 24595 25315 147 45730
277 24657 34786 59 239723
278 24666 25689 51 26502
279 24716 25242 138 38578
280 24739 29358 30 30827
281 25125 28374 13 21020
282 25167 32752 76 366510
283 25252 31037 47 47590
284 25361 34503 15 49700
285 25417 40857 10 82337
286 25430 29184 42 50375
287 25439 26539 31 20373
288 25442 26306 138 70168
289 25478 36220 92 480479
290 25518 29513 128 172379
291 25696 28208 46 52916
292 25717 40346 6 50213
293 25723 41983 51 308989
294 25757 42824 44 315042
295 25836 25961 119 18684
296 25946 26388 13 1845
297 26035 30718 64 260675
298 26473 30552 134 91586
299 26555 26655 6 293
300 26566 31639 149 394427
301 26586 26838 41 9906
302 26624 26771 104 5541
303 26648 30110 101 190864
304 26658 37935 9 28993
305 26667 27124 124 18773
306 26782 31410 8 12392
307 26788 26878 133 3342
308 26958 28367 6 3874
309 26979 29625 25 119870
310 27112 34597 48 114351
311 27142 31854 31 11809
312 27188 29715 4 6670
313 27244 46299 107 657819
314 27257 31674 20 40460
315 27443 37961 101 300711
316 27708 32514 14 55432
317 27709 36415 6 14512
318 27734 38044 4 10179
319 27872 28702 60 30430
320 27886 37466 4 23381
321 27967 32476 142 235563
322 27982 37026 21 52023
323 28278 39011 10 69634
324 28426 31592 65 105118
325 28489 34159 43 55406
326 28492 36911 26 59895
327 28585 34340 26 100929
328 28692 34406 71 157464
329 28833 34788 146 493101
330 28852 28870 35 239
331 28883 31221 54 56412
332 29133 38225 17 34630
333 29528 33232 15 8233
334 29976 38193 18 82283
335 29990 33277 48 18101
336 30062 42889 31 190131
337 30273 33361 70 338627
338 30377 37959 40 213773
339 30392 30507 101 5172
340 30502 30867 38 3203
341 30576 39314 15 57799
342 30595 33746 122 501553
343 30888 54873 140 2227983
344 31030 32386 44 35052
345 31383 35710 123 155263
346 31535 49549 95 905054
347 31562 35421 11 12610
348 31599 32411 101 44061
349 31729 38570 17 28453
350 32028 42491 120 329809
351 32065 43115 12 98447
352 32103 50971 65 743144
353 32178 44434 31 204247
354 32183 38963 47 112462
355 32187 46712 6 56040
356 32213 37900 99 68274
357 32274 39581 38 281282
358 32354 40513 124 304481
359 32415 32557 27 1241
360 32432 39602 25 216089
361 32448 40248 80 113672
362 32562 38309 67 180890
363 32694 38350 77 99451
364 32878 40334 18 57230
365 32899 42866 8 33324
366 32975 37978 42 201636
367 33018 35180 144 46934
368 33121 42074 36 152406
369 33241 35919 6 9206
370 33332 47447 138 1247309
371 33356 37085 48 59146
372 33357 38101 18 12390
373 33486 37669 105 405244
374 33546 33876 21 16131
375 33599 34297 10 5444
376 33956 34721 146 36343
377 34017 35086 119 70836
378 34239 37835 18 43830
379 34321 50192 37 191009
380 34357 36679 24 9207
381 34360 36527 86 162316
382 34511 37763 46 128059
383 34517 45125 84 419286
384 34837 35167 66 16858
385 34867 50002 93 1257412
386 34963 41461 133 272518
387 35258 35653 30 1822
388 35323 47852 108 854917
389 35400 43908 113 522178
390 35474 47360 79 322964
391 35722 41469 9 34618
392 35892 37589 7 4241
393 35925 39385 16 11599
394 35934 43012 44 191364
395 36017 49239 117 424111
396 36160 37609 140 98859
397 36209 41257 62 219526
398 36212 37555 68 47454
399 36323 37048 71 6925
400 36368 42106 35 66212
401 36406 39018 86 73393
402 36515 42214 14 66709
403 36550 46379 90 251021
404 36970 45988 61 288364
405 37000 44474 105 268102
406 37036 45760 8 19687
407 37049 38382 100 125864
408 37102 50631 46 396179
409 37174 47950 95 278304
410 37248 39516 18 21460
411 37275 46739 6 19364
412 37328 65275 130 1553001
413 37489 39656 89 206292
414 37535 40442 132 250198
415 37638 43234 89 393792
416 37760 42641 12 14787
417 37818 38501 7 1550
418 37833 40298 76 129128
419 37836 38973 24 19052
420 38128 40018 7 4942
421 38218 38297 104 2397
422 38317 40487 31 32230
423 38328 39562 97 53777
424 38757 40504 100 53821
425 39020 41094 88 70603
426 39045 51111 109 2094517
427 39077 60638 46 703602
428 39117 40683 10 9039
429 39241 40843 80 115927
430 39448 44992 18 47400
431 39616 45567 31 89667
432 39668 58679 124 869564
433 39814 42884 13 6700
434 39972 43497 108 175572
435 40051 55050 23 272497
436 40080 49408 129 673990
437 40083 43757 148 266763
438 40091 45436 32 40379
439 40259 49597 4 14264
440 40356 41839 5 11324
441 40488 47169 121 289843
442 40503 44375 4 17692
443 40506 40748 8 908
444 40627 53629 5 59699
445 40824 45966 20 34296
446 40900 42154 57 72225
447 40977 42938 44 76631
448 40991 42004 5 2754
449 40994 41545 145 37854
450 41046 45571 4 19632
451 41210 49414 51 119086
452 41438 66008 9 137833
453 41775 52729 31 366931
454 41785 43544 29 30234
455 41841 44377 144 108221
456 41883 43000 5 1065
457 41904 42981 17 9005
458 42160 43193 48 32375
459 42423 44143 18 10676
460 42494 43841 25 6993
461 42500 44154 36 20566
462 42517 44189 11 7652
463 42700 60436 34 179431
464 42747 48189 142 184914
465 42775 48359 16 22866
466 42883 55432 28 40994
467 43028 45968 43 29696
468 43081 46365 13 20524
469 43126 53307 57 185424
470 43230 44764 13 10574
471 43245 54476 147 389133
472 43378 50182 24 110815
473 43434 44515 28 5594
474 43505 45255 126 59711
475 43535 43828 94 10074
476 43624 44048 101 10544
477 43633 55218 125 521585
478 43710 49918 82 114052
479 43930 44754 118 54756
480 44025 52044 141 411981
481 44115 46517 78 80672
482 44323 49874 53 133758
483 44741 55932 56 154760
484 44794 47786 113 83744
485 44938 54198 105 606965
486 45099 49583 137 487836
487 45132 51321 33 130753
488 45233 53506 23 89951
489 45274 45395 119 19198
490 45382 45995 113 113636
491 45406 46572 88 172481
492 45575 46418 31 8365
493 45627 48757 7 5463
494 45912 57799 88 671590
495 45917 46333 73 6663
496 45959 51108 83 136480
497 46054 47181 31 18311
498 46129 52696 17 90488
499 46229 51594 56 56855
500 46297 51256 130 202933
501 46359 54941 98 304589
502 46496 46769 20 2997
503 46513 57184 72 424557
504 46717 52733 14 19604
505 46801 48570 50 34900
506 46809 47683 31 13871
507 46910 61954 150 1077123
508 46913 62327 97 787603
509 46928 67674 89 758075
510 46935 72345 80 2780450
511 47061 50540 147 195446
512 47114 50944 75 31345
513 47404 55710 65 304254
514 47501 52198 47 138087
515 47507 61965 140 1857004
516 47569 54661 64 170098
517 47650 49221 63 14939
518 47692 58002 10 27417
519 47706 55104 128 374103
520 47804 51469 85 246503
521 47863 58528 89 271235
522 48061 58384 149 1102580
523 48188 50587 119 86048
524 48200 56019 4 13302
525 48435 54580 44 190558
526 48577 53626 69 76600
527 48594 52705 145 80024
528 48622 51847 101 39044
529 48648 53367 130 105401
530 48699 50332 7 5663
531 48749 65958 54 639594
532 48761 51911 88 127682
533 48795 52303 53 87994
534 48903 54150 9 20274
535 48974 65740 35 284111
536 49010 49974 111 52986
537 49021 52751 47 47058
538 49199 49216 23 213
539 49202 59533 26 87386
540 49205 50668 57 21247
541 49348 69897 83 672734
542 49477 49969 104 29667
543 49506 50426 55 28990
544 49517 57000 76 274199
545 49540 65622 5 49272
546 49541 50134 32 20369
547 49586 55699 117 467864
548 49609 51450 142 84819
549 49663 60737 44 140060
550 49755 55885 69 359028
551 49807 54282 22 41234
552 49923 56667 80 544801
553 50006 57106 111 634681
554 50027 52657 117 197228
555 50141 57186 62 161089
556 50434 53746 12 20279
557 50586 53343 70 279026
558 50669 56563 12 55107
559 50676 54625 59 50013
560 50681 56834 137 418756
561 50764 57317 41 167527
562 50799 51366 141 24411
563 50827 53683 76 122504
564 50842 59014 64 215251
565 50855 66914 14 36598
566 51155 52455 37 10722
567 51194 52384 43 38876
568 51203 55954 6 7421
569 51253 53310 76 60255
570 51353 52007 57 26830
571 51445 59597 24 191440
572 51617 53134 12 14347
573 51793 63004 76 253181
574 51886 56047 39 57594
575 52056 55412 68 46048
576 52111 55831 41 179991
577 52231 53081 120 20294
578 52291 57286 134 341468
579 52336 52917 7 2607
580 52346 57302 4 5328
581 52382 54081 149 182151
582 52386 59570 40 135221
583 52424 61218 139 1012685
584 52445 64361 4 15890
585 52549 53232 9 5902
586 52686 75517 19 122369
587 52724 69073 22 163478
588 52897 55158 96 233014
589 53047 57117 81 128633
590 53106 58830 41 65786
591 53325 63139 133 418765
592 53493 57404 70 94742
593 53545 55841 149 311182
594 53571 61371 48 144787
595 53572 55709 5 3891
596 53879 59289 59 139322
597 53917 76814 139 1692103
598 53996 55555 91 77040
599 54242 63713 146 658325
600 54410 55716 19 17232
601 54459 59392 10 22979
602 54492 57279 46 31377
603 54553 59928 37 284022
604 54575 69376 131 755882
605 54686 62314 27 30633
606 54844 58607 80 136542
607 55130 56528 23 13852
608 55205 55978 7 4252
609 55323 64950 11 35857
610 55487 61405 38 52511
611 55497 60838 124 157048
612 55681 60340 77 51196
613 55793 58310 139 158645
614 55798 56443 5 1864
615 55833 55987 8 759
616 56049 62428 117 469021
617 56349 62934 104 481069
618 56355 61215 139 1047070
619 56370 74006 44 87966
620 56507 61459 38 96866
621 56510 71977 7 23022
622 56590 69948 7 32639
623 56675 69347 5 17215
624 56792 77531 46 409437
625 56841 72782 4 23460
626 56884 61590 99 165861
627 56954 87630 58 406124
628 57030 57554 56 6005
629 57036 80235 60 597679
630 57071 59691 87 88905
631 57132 57771 33 9539
632 57175 63600 80 341194
633 57228 63103 114 577337
634 57504 60783 16 73717
635 57511 59796 86 104995
636 57514 70055 97 138019
637 57786 69650 85 395317
638 57787 61393 56 259670
639 57868 61918 143 228258
640 58167 58524 73 13490
641 58177 61759 11 15126
642 58288 59418 7 2700
643 58598 61160 58 78459
644 58710 66814 148 1119923
645 58724 71096 16 74009
646 58757 81463 46 938946
647 58787 61778 10 9346
648 58820 62647 31 34652
649 59066 60998 80 238943
650 59113 59606 28 9493
651 59130 65974 128 464838
652 59179 61769 75 106029
653 59180 60878 19 24480
654 59343 61510 88 49270
655 59664 67146 130 773161
656 59827 60183 5 4139
657 60076 61940 50 19086
658 60214 65534 21 81596
659 60215 62431 71 66286
660 60423 61949 54 24041
661 60472 66755 10 8104
662 60481 65147 44 122211
663 60615 62138 44 22049
664 60621 68084 129 650237
665 60688 61536 122 148240
666 60961 65887 116 263863
667 60963 73535 9 79807
668 61052 74341 146 401325
669 61080 62302 46 26135
670 61176 64163 75 20521
671 61214 68448 4 6604
672 61225 62602 11 5752
673 61294 64897 23 21252
674 61368 70178 26 73994
675 61402 73304 120 1608913
676 61440 63451 11 5447
677 61486 61758 8 1034
678 61551 65095 99 179874
679 61572 61886 18 3324
680 61751 62670 30 18888
681 61795 77657 10 97850
682 61814 72434 17 93093
683 61859 67458 17 40282
684 61932 63927 5 1929
685 62040 63495 14 8838
686 62625 64877 103 117833
687 62743 65571 16 7903
688 62756 80988 31 277179
689 62761 67570 6 17068
690 62784 66572 62 109595
691 62801 63134 41 5048
692 62861 63912 34 10498
693 62918 64535 139 103445
694 62922 64509 49 24004
695 63196 71073 7 32640
696 63230 81938 5 37004
697 63372 69426 25 45485
698 63555 72772 21 119613
699 63641 63756 10 632
700 63687 71235 41 158000
701 63695 71429 21 162292
702 63847 70661 4 14025
703 63969 65218 91 41384
704 64268 64924 15 5389
705 64367 65155 46 24203
706 64580 82073 101 503489
707 64581 72833 16 58599
708 64639 83044 150 384227
709 64660 94227 88 1420660
710 64802 66457 6 10287
711 64935 70972 5 5912
712 64993 79436 46 255033
713 65228 65364 22 2228
714 65257 67813 89 73320
715 65326 66483 44 17966
716 65370 72990 134 1507344
717 65403 75174 141 490974
718 65505 68385 75 163637
719 65827 70748 84 123598
720 65954 68957 104 252712
721 66164 67823 110 120304
722 66171 69535 100 296244
723 66277 69115 14 18388
724 66342 83793 13 47671
725 66370 74652 28 177538
726 66452 68140 25 20311
727 66764 76328 53 182640
728 66805 69461 28 52880
729 66957 67496 63 16402
730 67007 70530 24 17783
731 67083 87751 21 75910
732 67210 83326 89 259455
733 67226 67350 7 719
734 67266 75779 18 62017
735 67315 68437 41 24865
736 67355 75614 110 337959
737 67432 67603 16 2008
738 67453 76675 71 282671
739 67515 76874 36 123094
740 67560 73534 48 150934
741 67567 83946 13 55071
742 67594 68497 49 13554
743 67721 78428 12 107293
744 67957 76933 125 407873
745 68027 69560 12 9930
746 68086 70991 69 74716
747 68341 68370 64 1185
748 68432 69015 66 25975
749 68486 76006 112 193799
750 68629 70092 9 6044
751 68671 71444 93 165301
752 68683 93271 15 91240
753 68731 71969 67 104767
754 68818 71918 32 46344
755 68850 86946 8 182628
756 68869 77465 13 55254
757 69215 69593 5 1032
758 69536 69682 18 1033
759 69678 88523 110 675466
760 69742 94335 6 59189
761 69791 77101 5 12439
762 69796 70540 8 2342
763 69814 71021 145 74334
764 69885 70304 8 2201
765 69983 75521 85 115690
766 70009 76396 91 252443
767 70106 81075 138 614489
768 70144 78136 30 66373
769 70171 74961 112 113057
770 70232 79005 10 33245
771 70292 75099 113 359953
772 70349 70396 126 4274
773 70662 78619 6 53389
774 70702 73371 15 30495
775 70784 72167 24 56632
776 70837 77403 12 53924
777 70893 71034 5 395
778 70944 73979 10 8781
779 70984 76948 37 73387
780 71099 75485 15 21097
781 71117 76687 55 50606
782 71190 73404 148 111561
783 71338 77643 16 51857
784 71387 79541 47 117288
785 71427 72311 25 9435
786 71598 74091 11 10197
787 71729 72178 53 12530
788 71752 79074 71 180572
789 71930 73139 106 37248
790 72023 73347 14 14311
791 72033 72440 44 23360
792 72651 73339 109 62742
793 72671 84326 114 1623166
794 72750 73234 100 42293
795 72905 81332 24 114724
796 73131 77302 101 221182
797 73180 73826 112 47772
798 73191 76280 75 30204
799 73263 79869 5 8890
800 73283 74295 138 42328
801 73435 76564 12 14226
802 73436 74569 6 3793
803 73546 89787 9 73229
804 73659 74152 136 7274
805 73932 93401 104 456774
806 73997 78650 23 44384
807 74084 74556 54 15000
808 74128 74926 84 55819
809 74217 75928 45 39909
810 74377 76038 114 180344
811 74379 75680 83 59559
812 74407 77516 110 55228
813 74426 82207 126 459306
814 74427 74912 116 29938
815 74539 75100 30 16920
816 74555 78246 21 53333
817 74595 89557 113 1785852
818 74596 82646 57 135412
819 74638 77673 17 5583
820 74772 75929 39 11519
821 75006 78496 140 288153
822 75169 81797 82 49445
823 75299 79598 11 8698
824 75348 79646 11 17121
825 75366 81637 37 48379
826 75551 79656 22 54767
827 75713 79861 19 37725
828 75721 76844 51 27575
829 75776 77260 102 92989
830 75788 76626 133 70118
831 75837 79604 113 92404
832 76049 85177 11 75633
833 76186 76311 6 159
834 76260 87757 77 1205109
835 76339 76898 31 10181
836 76397 86398 27 29520
837 76468 88934 115 378195
838 76534 78701 7 6151
839 77006 81185 37 90881
840 77069 90779 62 320844
841 77190 80068 11 8636
842 77288 87754 117 640993
843 77523 88837 34 51317
844 77620 79737 16 24693
845 77758 90040 58 391107
846 78023 86652 131 506399
847 78054 81176 50 86004
848 78085 85015 17 38502
849 78100 90453 27 169377
850 78159 83027 82 145092
851 78222 81732 50 111178
852 78226 88573 63 121765
853 78294 85845 39 185519
854 78425 80168 58 40968
855 78442 86237 36 158907
856 78553 87255 33 126317
857 78724 78773 30 1789
858 78775 87140 10 55650
859 78873 87438 72 382512
860 78929 88129 87 282991
861 78939 92054 20 145709
862 78976 81053 36 49117
863 78991 79636 10 4583
864 79099 87004 53 405227
865 79262 91036 27 127618
866 79310 86115 105 346049
867 79978 86756 29 35738
868 80184 87008 10 14296
869 80300 84234 26 75795
870 80318 87824 32 222757
871 80372 82734 4 2191
872 80394 80517 31 3202
873 80419 82453 84 84342
874 80638 94171 25 198118
875 80745 81430 26 5338
876 80973 82967 59 63227
877 80975 88486 6 28792
878 81058 91059 23 144846
879 81153 85713 87 151706
880 81206 93955 30 53988
881 81313 86031 21 32554
882 81317 83096 9 10456
883 81484 82988 59 47298
884 81584 83718 59 92024
885 81621 83541 97 46342
886 81811 82260 105 16049
887 81862 84107 65 48146
888 81971 84603 4 6995
889 82230 82292 133 2686
890 82264 83993 86 50112
891 82556 94364 127 1193526
892 82566 85156 47 94099
893 82765 88558 11 15720
894 82807 88014 147 465447
895 83002 83504 9 6445
896 83010 90341 5 41708
897 83047 83575 110 27253
898 83147 86867 4 13708
899 83278 85365 17 10486
900 83567 95796 121 564797
901 83612 85023 4 2206
902 83649 95081 130 1519849
903 83705 85995 130 291003
904 83984 92719 142 734533
905 84044 90382 90 84000
906 84046 84748 23 6508
907 84081 86954 138 259056
908 84179 86014 61 48776
909 84220 89258 63 112187
910 84398 85448 58 23001
911 84405 85700 32 16168
912 84687 91439 90 194124
913 85125 85433 137 9852
914 85127 85856 72 60219
915 85187 87053 119 114427
916 85209 90068 7 16823
917 85334 89952 19 114536
918 85472 88753 94 298857
919 85648 96612 64 330259
920 85756 87415 135 187809
921 85765 86440 94 51574
922 85935 86102 59 9760
923 86091 87581 115 40301
924 86125 88608 22 54519
925 86199 87962 149 157388
926 86316 88414 31 41060
927 86340 96320 46 416832
928 86794 87690 22 11664
929 86903 93655 112 307230
930 86965 87265 7 1592
931 87027 98193 26 49341
932 87149 88164 81 41601
933 87342 92046 116 1009256
934 87362 91029 9 8495
935 87483 97618 23 65060
936 87500 89623 136 117508
937 87519 97329 133 294967
938 87670 90526 5 6004
939 87686 88773 9 6421
940 87926 92347 15 70129
941 87994 90551 40 54872
942 88087 92579 130 148873
943 88226 88507 19 931
944 88241 95686 23 154032
945 88379 90989 51 70442
946 88530 92418 59 150002
947 88548 90028 45 25197
948 88721 94663 60 55240
949 88874 94069 17 34875
950 89111 96307 84 176175
951 89173 90170 82 155925
952 89290 90636 30 12877
953 89678 91696 51 36999
954 89725 95784 73 257410
955 89802 90316 57 11440
956 90186 93372 12 20555
957 90196 94991 25 38627
958 90332 91015 22 11073
959 90360 93737 53 30771
960 90695 91025 24 8074
961 90982 97093 142 438364
962 91163 91955 42 11983
963 91355 94164 53 95615
964 91382 96704 8 16189
965 91426 92430 57 41963
966 92075 97718 75 209710
967 92240 96168 71 113159
968 92548 95091 45 56046
969 92576 93957 35 32330
970 92760 95030 28 49598
971 92791 93286 30 5599
972 92838 95507 54 75613
973 93236 98187 40 172468
974 93259 93337 41 840
975 93386 94720 19 10809
976 93705 98159 62 178312
977 93774 96151 51 51005
978 93851 96444 148 265610
979 94152 99941 44 80568
980 94285 95515 25 29096
981 94322 97603 77 50057
982 94615 95020 6 4005
983 94706 98679 5 9696
984 94750 99447 103 307033
985 94767 95605 17 8963
986 94775 95454 63 26945
987 94876 95413 69 10084
988 94923 97119 7 8078
989 94981 99541 132 156115
990 95084 98147 67 96560
991 95110 99069 4 4609
992 95766 95872 52 1288
993 96679 98074 57 65211
994 96752 97180 26 5415
995 96888 98615 39 21148
996 96971 99173 21 20834
997 97248 99482 16 12858
998 97688 98113 29 3503
999 98405 99360 141 81701
