50 1000 0.028
.....####..........###........###.....###...#.....
.....#.#.#.....##.#####..##..#.#........#.........
........##....##...#.....#.###....#...............
.#.....#####.....#.......#.#..###.###.............
###....##........#.......##...#....##.............
#......##........#......#####.......#.............
#...####.###.....#.......#####..##.###...#........
#....###.##...............#.##############.#.#....
###....#####....#..........##..#...###..#....###..
.........#...#.##...##......####.#..###.##...##...
....####.#...#.....###.........#.##....###.##.##..
#.......##..##.....#.#....#....##......#######....
#......##.###............##......#........########
###....#..##..###..######.......#####.......#..#..
.###.###......###..#.#......#.....##.....#..##....
######...#.##..####...####..###....#.....########.
#.#.....#####..##.######.##..#.....##.##..##..####
##......##.....#..#..###.##.#####..#.......#....#.
.##.....###.......#..#..###..#....###........#..##
..........#.......##.#...#.#.#....#.......##.###..
.###.............####.....####.....##...####...#..
...#.............#....####.##.....##..#.##....##.#
####............#.##..####.....................#.#
####..#.........###......##......#.....#.#..#..###
..#...#.#...#.#...##..####..##...#...#.###.###....
.......##...####.##.....#####..###...##########...
#........##..#.####...........###..#.###.#.#......
#.#.......###...#......#...........####.#####.....
#.#..#......##..##....##.......##..#.##..###.####.
####..##..##...####....#.......##..#.#.####...###.
......#.#..###...#..#.....##...###.##.........#...
..###.#.#...##..##..#.........#.#...#.###........#
...#.........#..#.............##..###..###.......#
.#.####......#.............#..........##.#....#..#
##.####....................####........#.#..#####.
...#.#.....................##....#.#####....####..
...#.............#.###......####.###......#.###...
.................###.#.#.....#.#.#..#....####.....
................#.######.....#.#.####.....#..#....
............##..#..##..#........#..#......####....
...##..####.#..########......#..##.....#...###....
#..##...#####...#.##.#...###...##...#..##...##....
#..#.#...###...#...####...###..#...##...#.........
.#..####.##...###...####...###.........#...#......
.###...#..##..##...#.#....#..##...#.#..##..#..##..
..............#...####....####....#.#...##.#......
..###...........#....##..##.##....#........#......
.............#.##.#......#........##.....##...##..
.............#..###..##.##...............#......#.
....##......###..#...#.##....................####.
0 56 2275 54 44616
1 74 1302 34 9995
2 201 5488 55 257522
3 273 3803 9 9536
4 440 8758 73 275017
5 472 6741 118 475752
6 504 4944 28 52595
7 570 4122 145 303723
8 645 4977 131 400763
9 708 13300 68 266833
10 742 2371 141 127982
11 764 4683 98 131919
12 794 3241 141 383247
13 1275 4336 4 4196
14 1358 8606 94 122151
15 1481 15955 51 641949
16 1580 23263 127 434086
17 1678 6451 99 267973
18 1712 23681 59 1511997
19 1989 12469 133 616465
20 2121 10538 5 17867
21 2313 17257 124 369235
22 2389 7032 28 45054
23 2436 7870 94 57533
24 2484 4945 9 6921
25 2565 2592 14 128
26 2741 3438 119 41220
27 2774 4345 35 17022
28 2981 3643 9 1947
29 3130 9252 8 60076
30 3186 8462 69 118618
31 3375 6035 116 137809
32 3417 15529 12 98226
33 3434 4330 15 15390
34 3468 9341 82 245520
35 3473 8875 26 191217
36 3474 9481 6 7556
37 3760 8458 116 448873
38 4049 10977 81 344657
39 4162 10096 67 58621
40 4446 6477 14 12124
41 4486 19690 48 313896
42 4543 6186 86 37132
43 4552 5048 47 28501
44 4572 8503 7 11804
45 4598 5793 19 14260
46 4614 4740 29 1713
47 4793 6077 38 12291
48 4835 13296 146 780601
49 4880 12897 16 30140
50 4913 7623 97 362620
51 5148 10475 107 212298
52 5341 5689 139 53811
53 5430 6019 102 6586
54 5503 6869 61 38513
55 5509 14890 36 138194
56 5548 18219 52 169126
57 5555 7815 85 130029
58 5627 8656 116 339065
59 5676 8799 116 143272
60 5726 14042 28 136992
61 5976 7362 49 29771
62 6125 9348 10 28472
63 6202 7165 110 94997
64 6230 6539 13 2906
65 6259 6449 28 1494
66 6668 9740 5 5788
67 6749 10776 31 36011
68 6881 11868 12 56422
69 7130 7456 64 6584
70 7163 12890 11 23217
71 7166 16851 132 316504
72 7167 8638 18 7632
73 7192 23460 97 429341
74 7219 13078 119 492425
75 7298 7960 123 28392
76 7403 15286 135 103449
77 7460 10940 14 21707
78 7465 8189 19 6352
79 7531 20917 27 360083
80 7681 21113 23 86959
81 8000 15910 33 113116
82 8043 15147 23 68883
83 8199 11059 90 74759
84 8228 13819 33 166310
85 8249 8679 53 13871
86 8414 14774 67 186653
87 8430 20132 129 272081
88 8440 8703 51 27626
89 8465 8889 54 13617
90 8575 8877 54 3119
91 8609 13938 53 48573
92 8726 12140 138 284456
93 8744 18770 86 483320
94 8749 16056 146 1408376
95 8814 11424 119 157004
96 8914 9164 9 666
97 8920 18583 88 552831
98 8936 17770 121 270667
99 8989 9347 135 40469
100 9082 14737 13 9243
101 9249 17701 146 418995
102 9278 9596 35 13690
103 9311 17228 95 338060
104 9315 17588 9 19506
105 9457 11105 139 145274
106 9490 9677 18 3808
107 9583 17181 120 430730
108 9632 10230 24 6693
109 9650 13907 73 93359
110 9674 9919 75 14409
111 9744 12598 5 12348
112 9837 13767 56 135272
113 9974 19238 28 95061
114 10221 11124 19 7675
115 10361 11827 28 10624
116 10441 19311 4 5006
117 10467 11026 4 2486
118 10514 13516 88 41555
119 10661 16720 19 53933
120 10666 16595 59 109773
121 10750 14686 17 23597
122 10787 12945 10 8122
123 10919 22764 24 137067
124 11108 19871 8 26267
125 11112 11386 12 2758
126 11122 15636 9 23910
127 11150 12197 55 26555
128 11207 12008 30 13591
129 11298 17446 72 393922
130 11312 12214 140 97418
131 11447 22189 4 11012
132 11600 12432 118 85648
133 11691 11842 79 14855
134 11699 17687 5 25400
135 11768 27329 81 300585
136 11818 18270 29 56581
137 12002 15337 8 7508
138 12133 16884 33 34167
139 12245 14815 8 4392
140 12529 13221 65 54149
141 12739 16887 135 237849
142 12990 17206 69 256396
143 13084 32101 40 159857
144 13112 23020 54 83079
145 13119 18659 18 50756
146 13210 15360 9 11066
147 13222 15549 99 175795
148 13293 15271 124 164772
149 13562 43121 80 683051
150 13584 14523 88 47402
151 13619 44090 61 655472
152 13762 17135 147 314699
153 14056 15734 55 147229
154 14111 21233 6 12402
155 14218 17965 28 27813
156 14371 17773 23 33158
157 14426 15738 4 4665
158 14477 16046 24 10196
159 14798 19666 64 373915
160 14961 19693 43 78079
161 14969 16699 149 76759
162 15016 19920 116 151438
163 15341 24098 24 66530
164 15440 17709 137 105390
165 15594 22139 17 40697
166 15826 20162 86 461918
167 15896 17816 25 11545
168 16143 31319 25 286600
169 16160 16419 7 1389
170 16410 19902 13 13429
171 16545 24065 53 63344
172 16552 18935 72 122574
173 16693 19987 61 112797
174 16895 17672 107 36139
175 16908 31488 112 757430
176 16918 18642 8 11580
177 16946 17780 31 4987
178 17056 18168 40 23969
179 17111 17931 14 3206
180 17162 17584 10 2608
181 17189 18297 128 143879
182 17403 20737 67 75059
183 17407 23072 59 126632
184 17582 17712 9 627
185 17668 33696 133 1003087
186 17812 17855 126 3940
187 17948 35488 83 474568
188 18032 21221 40 81373
189 18285 20120 20 14125
190 18362 23149 128 493731
191 18405 24205 50 95216
192 18622 21345 6 4282
193 18649 22024 98 129409
194 18788 42654 44 168828
195 18814 28755 46 121408
196 18947 26337 6 9554
197 18962 22332 128 132071
198 18969 21401 24 27067
199 19226 19360 38 3449
200 19390 22980 51 162963
201 19416 36849 84 1571565
202 19501 24423 82 165168
203 19540 34574 136 1389606
204 19601 30319 19 130974
205 19625 23520 36 94813
206 20079 21185 17 4813
207 20213 30850 21 103407
208 20257 22731 108 74093
209 20281 31457 69 467641
210 20335 38072 6 56692
211 20484 23799 110 291066
212 20494 26274 141 706674
213 20598 39341 27 47066
214 20675 26993 58 209748
215 20828 25123 19 44992
216 20848 31345 44 156390
217 20861 27019 47 63632
218 21071 35468 8 36642
219 21085 23122 29 58085
220 21158 23516 10 8958
221 21164 28143 25 46046
222 21193 24463 33 35226
223 21226 21893 36 21607
224 21252 22284 150 87513
225 21286 30271 10 15566
226 21371 23038 29 46209
227 21381 25049 131 167587
228 21503 26760 138 321880
229 21576 25478 85 63031
230 21693 22204 115 23564
231 21957 23417 28 5624
232 22099 31806 59 355060
233 22100 25024 15 16761
234 22136 25603 78 42975
235 22154 23856 60 103124
236 22316 27270 68 70072
237 22396 22410 109 1190
238 22461 24978 40 46765
239 22622 22663 11 1230
240 22660 24149 98 137283
241 22927 27697 9 18537
242 23057 36118 111 367567
243 23266 25055 44 27890
244 23281 27934 107 260065
245 23341 23495 99 11642
246 23883 26531 10 6213
247 23946 28026 7 5455
248 23968 42252 88 501645
249 23970 26137 56 79552
250 23999 28415 138 316717
251 24083 54436 7 267475
252 24092 27177 37 68255
253 24105 29335 37 58681
254 24108 32337 111 691569
255 24113 29440 52 123449
256 24218 29203 59 152414
257 24406 25828 46 36496
258 24499 27079 80 45410
259 24500 48714 99 1093632
260 24521 33993 105 261313
261 24527 31804 50 43879
262 24533 25848 64 53698
263 24832 27670 106 88146
264 24859 46308 11 222383
265 25026 25539 29 18173
266 25108 40162 148 950090
267 25146 29670 6 20603
268 25190 32628 44 96353
269 25216 27186 18 17187
270 25279 30709 87 215223
271 25330 29511 114 179726
272 25365 25754 10 3127
273 25370 25731 53 19530
274 25410 25809 34 4483
275 25419 29734 38 38912
276 25426 33186 119 273835
277 25486 31698 101 739446
278 25528 34171 140 474652
279 25581 33958 16 41425
280 25726 28158 28 21825
281 25736 28453 75 72808
282 25926 28916 115 135742
283 25965 44466 34 135961
284 26060 29680 81 126356
285 26095 31714 50 95552
286 26189 28169 88 57082
287 26406 32268 6 42251
288 26555 27240 92 48044
289 26557 31342 112 95675
290 26614 27963 52 26427
291 26671 28481 40 25922
292 26775 27394 38 12055
293 26995 28332 79 45150
294 27136 28322 26 17723
295 27204 39136 36 73992
296 27597 32121 11 15832
297 27659 34079 58 139008
298 27674 31347 78 63301
299 27763 29935 132 82816
300 27798 32906 60 90767
301 27855 29429 124 117244
302 27860 29088 85 66702
303 27863 30144 13 14728
304 27880 31540 36 34884
305 27983 28293 135 26998
306 28008 29317 29 13133
307 28096 31114 8 10281
308 28191 28658 6 1454
309 28398 38011 20 118829
310 28545 30721 91 68901
311 28575 31127 122 290497
312 28609 36928 145 463504
313 28683 29390 72 12956
314 28733 29183 102 9508
315 28740 29641 12 3900
316 29087 39400 13 38302
317 29237 30221 118 42909
318 29469 33967 6 13496
319 29516 30737 12 8430
320 29591 49569 16 57733
321 29711 36962 58 138769
322 29716 30735 95 33917
323 29832 45937 145 1627384
324 29973 39531 39 227825
325 30024 34904 47 104714
326 30082 35816 5 17787
327 30258 30986 69 39442
328 30310 34127 62 93821
329 30321 34884 7 20040
330 30417 32712 65 29889
331 30485 30983 6 816
332 30498 37914 105 261227
333 30640 34680 16 21496
334 30803 30816 8 117
335 31017 38148 10 19539
336 31091 43916 75 253101
337 31174 32638 71 92219
338 31259 49980 43 131785
339 31351 49738 29 322425
340 31360 40315 11 17176
341 31447 45003 83 674998
342 31464 44462 135 659083
343 31472 46981 135 1057341
344 31526 46370 87 485186
345 31537 40632 119 501256
346 31619 34354 147 184373
347 31886 35249 37 48351
348 32065 35138 7 12060
349 32086 36094 40 44909
350 32089 33856 67 99613
351 32350 33905 11 21531
352 32684 39968 94 264199
353 32690 35742 12 18921
354 32802 46732 51 230601
355 32856 37869 5 18229
356 32876 36065 115 142894
357 32922 37218 23 132938
358 32928 34909 16 26589
359 32972 35295 71 35811
360 32979 33994 52 27868
361 33030 37532 10 17181
362 33171 35275 114 83654
363 33192 33360 28 3547
364 33377 34025 33 14796
365 33388 35071 5 3863
366 33500 36525 96 106392
367 33607 35490 47 48422
368 33627 35852 29 22110
369 33699 36702 18 21202
370 34058 36587 39 18095
371 34080 42184 87 238308
372 34093 46977 41 140484
373 34343 39173 7 23439
374 34364 39405 20 25759
375 34433 35058 75 21812
376 34439 36281 61 39110
377 34540 36950 29 67855
378 34720 41179 73 292329
379 34812 67486 9 195492
380 34902 35457 49 9452
381 34990 38736 55 83561
382 35048 37057 105 148456
383 35125 36845 25 16811
384 35172 42134 6 35185
385 35181 40588 112 344480
386 35253 45248 19 104714
387 35262 42377 7 16628
388 35434 36046 70 27050
389 35438 36471 14 6525
390 35619 37438 10 7894
391 35636 45203 123 301809
392 35731 38576 80 56691
393 35921 35961 42 829
394 35989 37156 138 62427
395 36024 39928 88 88714
396 36091 37166 31 24150
397 36153 39607 71 115068
398 36180 62396 101 959171
399 36353 37229 36 11536
400 36408 45805 5 17963
401 36579 44095 70 314470
402 36630 38730 93 110024
403 36707 42221 17 115998
404 36711 52149 24 79921
405 36881 48704 139 216406
406 36934 40359 68 79614
407 37125 42670 53 171353
408 37274 41602 5 13199
409 37591 40427 129 150426
410 37750 38261 39 16527
411 37983 38934 139 90178
412 38026 43415 43 84812
413 38065 40750 45 44485
414 38126 39447 9 1968
415 38181 38320 125 5136
416 38520 47803 61 421991
417 38719 39283 6 1359
418 38869 41621 7 11535
419 39676 41308 34 53313
420 39781 45853 18 114873
421 39785 44888 116 254967
422 39874 42979 23 30417
423 39963 46104 107 149835
424 40229 42515 126 91294
425 40366 42733 67 111220
426 40415 52469 126 310561
427 40429 41268 116 46922
428 40460 44295 23 97945
429 40704 40845 21 2134
430 40805 43143 125 611298
431 41005 45533 145 234302
432 41130 42337 122 44862
433 41186 44493 123 290172
434 41440 43396 39 16849
435 41467 46141 75 95565
436 41502 42976 60 22332
437 41785 43371 28 13874
438 41792 45910 129 199756
439 42039 46256 74 204728
440 42304 51009 46 127138
441 42403 45461 26 51641
442 42572 45535 73 117581
443 42641 42696 106 2919
444 42793 49087 75 137573
445 42992 60033 69 1296830
446 43051 44848 86 53403
447 43080 50821 66 74794
448 43139 43933 85 43297
449 43202 51449 9 13612
450 43267 43390 8 391
451 43541 47416 59 47989
452 43566 72193 11 290995
453 43653 43696 24 1372
454 44036 44747 95 55845
455 44040 45513 46 46740
456 44098 44146 9 158
457 44204 63097 8 47725
458 44210 44300 109 8075
459 44297 52105 140 502804
460 44323 45276 109 51800
461 44340 45151 43 7902
462 44434 64184 45 467298
463 44441 47819 47 58533
464 44470 46143 39 30624
465 44601 44684 149 22031
466 44622 49272 93 399402
467 44653 53927 15 58205
468 44803 46060 80 41172
469 44804 48379 96 142399
470 44808 53642 41 119197
471 44854 51314 31 84805
472 44863 46283 86 63945
473 44884 45832 12 4089
474 45293 48210 109 135073
475 45310 54386 125 1058923
476 45432 49235 50 104934
477 45547 51991 18 56544
478 45624 50495 147 297217
479 45924 47249 55 51390
480 45930 46103 39 2277
481 45975 52098 4 15583
482 46074 50454 7 8248
483 46127 50048 72 143328
484 46132 57235 14 106727
485 46323 47505 141 44135
486 46352 50014 63 131469
487 46360 84760 108 2082500
488 46724 46951 138 10921
489 46827 49575 5 12236
490 46915 47272 41 6030
491 46930 51718 100 299735
492 46976 48968 134 66324
493 47107 50999 46 154452
494 47134 52300 27 35804
495 47168 48703 61 25911
496 47211 48237 142 47785
497 47294 48471 80 30500
498 47310 49591 125 175855
499 47385 49034 78 52737
500 47423 69780 20 117708
501 47469 47971 79 26668
502 47580 75332 96 212047
503 47595 47937 136 19644
504 47624 76494 84 1226242
505 47877 54618 22 30260
506 47949 51466 24 49202
507 48115 49879 102 93385
508 48626 57648 69 117464
509 48859 50176 19 71170
510 49136 49619 113 29140
511 49184 57779 8 18090
512 49243 54008 10 28666
513 49320 59657 80 513422
514 49327 58316 112 311692
515 49458 59491 10 32185
516 49503 51789 53 18504
517 49519 50149 118 42189
518 49586 49906 59 13649
519 49718 53102 27 42158
520 50069 50589 120 115716
521 50153 56698 92 386887
522 50281 51522 134 121231
523 50384 62053 118 514213
524 50494 56209 140 287164
525 50703 55704 106 196356
526 50771 53915 101 64150
527 50834 52723 8 2671
528 50950 53866 15 22482
529 50970 59873 22 78859
530 50990 58454 6 21416
531 51266 53618 14 19945
532 51326 53416 130 119524
533 51518 62645 9 46078
534 51613 54582 9 11721
535 51626 57594 43 68777
536 51671 74745 113 764168
537 51781 55946 78 228601
538 51819 52784 8 2380
539 51866 54647 18 91864
540 51941 52135 8 489
541 52035 65715 44 528750
542 52230 63796 67 467654
543 52366 55289 60 84856
544 52403 65752 119 611784
545 52956 54388 118 54760
546 53050 53994 63 71841
547 53105 54449 125 75372
548 53143 64041 9 11390
549 53378 56791 92 185984
550 53436 55204 134 361841
551 53466 70266 27 154912
552 53548 54866 115 53866
553 53617 59056 78 105653
554 53747 59298 114 141206
555 53776 55367 91 48392
556 53853 65519 116 371299
557 53984 57200 4 8465
558 54213 67783 106 336914
559 54241 58179 84 217962
560 54523 57860 9 6489
561 54589 60806 35 78579
562 54770 62883 30 184832
563 55003 56027 8 4883
564 55086 60771 9 38205
565 55146 56303 10 3654
566 55224 57012 63 83392
567 55465 68590 65 214532
568 55500 67149 100 336004
569 55555 59343 127 222599
570 55580 56730 112 71547
571 55753 72868 8 83809
572 55944 68594 75 507619
573 56032 57721 69 86140
574 56040 58564 7 11030
575 56093 67719 17 91971
576 56176 56448 124 11826
577 56184 56891 40 13957
578 56338 58017 6 3693
579 56424 59976 59 94838
580 56507 61481 122 223795
581 56602 57719 97 18914
582 56650 58192 61 26671
583 56728 62553 16 52979
584 56839 58419 22 11722
585 56842 61824 75 140429
586 57063 58421 19 10984
587 57078 57259 102 14042
588 57102 68487 9 32366
589 57137 57998 50 40917
590 57322 61906 7 26830
591 57328 57828 88 72234
592 57348 69218 79 865007
593 57359 84222 149 3115603
594 57547 63049 61 58365
595 57651 71367 127 994112
596 57722 59087 35 10070
597 57730 62154 62 39462
598 57760 61134 31 36298
599 57803 61489 104 222348
600 57905 60220 13 13746
601 57935 62370 70 155652
602 57997 59053 131 189638
603 58059 60612 9 8348
604 58161 64621 79 117078
605 58315 63354 38 84675
606 58396 60732 117 140853
607 58461 61244 143 431434
608 58567 66152 89 157326
609 58583 61194 33 25843
610 58669 61342 144 150397
611 58685 65021 137 394519
612 58814 61420 7 3421
613 58826 61743 25 32576
614 58834 64223 15 27824
615 58924 62139 28 17733
616 58943 62212 73 167229
617 58996 77199 75 718789
618 59045 62501 6 36867
619 59126 64169 77 124636
620 59144 59400 14 1591
621 59146 59753 103 55594
622 59194 60708 136 209166
623 59322 62247 9 7227
624 59331 71122 14 65601
625 59332 75195 61 826222
626 59437 61443 111 46969
627 59449 60118 7 613
628 59475 69257 69 438898
629 59659 71299 66 715720
630 59759 65154 136 213431
631 59785 62310 78 107865
632 59822 62624 58 44124
633 60018 60372 77 16755
634 60164 72880 35 295752
635 60195 66027 79 505916
636 60227 75414 8 12381
637 60328 62210 4 3710
638 60347 68699 17 38087
639 60376 63345 7 12804
640 60392 60828 43 4419
641 60543 71825 8 51407
642 60598 61165 33 13726
643 60647 65581 83 121816
644 60711 66693 52 96479
645 60792 62519 12 12574
646 60850 69109 131 171086
647 60863 63009 17 4754
648 60919 63165 136 184488
649 60935 73942 12 145946
650 61111 67224 7 2623
651 61164 65066 123 102137
652 61530 62630 143 47745
653 61559 71328 25 67466
654 61641 64233 130 152496
655 61691 65458 132 314736
656 61927 67918 8 11997
657 61989 62980 124 109841
658 62013 74656 19 146586
659 62078 64927 56 109670
660 62265 65684 94 213816
661 62274 87375 45 510617
662 62443 63078 78 37157
663 62773 70610 31 157907
664 62821 69913 16 15198
665 62853 66172 22 68827
666 62938 63847 17 5716
667 62985 63048 111 1655
668 63074 63285 132 18320
669 63161 67367 5 12790
670 63218 64809 92 72471
671 63224 72485 147 484464
672 63688 68810 16 18417
673 63708 64969 71 35746
674 63725 67137 8 8137
675 64048 68254 5 22817
676 64167 68648 23 35862
677 64192 69752 12 11383
678 64535 68390 44 41720
679 64635 71923 36 208032
680 64693 70936 50 121076
681 64699 67889 49 24666
682 64740 64962 114 14881
683 64743 68320 40 17624
684 64832 72130 25 63706
685 65125 68104 31 59889
686 65291 68150 5 5058
687 65481 66821 4 2429
688 65639 74548 16 55251
689 65994 67140 120 53062
690 66037 66925 41 17609
691 66105 75462 75 685844
692 66216 66545 31 7740
693 66239 77220 30 75055
694 66252 66316 41 4056
695 66375 78995 20 57430
696 66515 75336 104 484209
697 66599 77256 59 279092
698 66762 66787 9 332
699 66825 67560 30 28732
700 66845 73698 129 408053
701 67089 69448 94 226943
702 67236 78079 59 476188
703 67284 83514 138 1485940
704 67326 70187 89 113944
705 67339 71707 29 47743
706 67374 75866 24 184851
707 67536 69789 19 15367
708 67590 81586 23 171948
709 67734 67761 16 537
710 67837 71961 22 44098
711 68169 72580 146 255611
712 68388 70477 16 11859
713 68680 69591 50 52309
714 68693 70677 95 84631
715 68800 68846 58 887
716 68824 72374 142 270257
717 69031 69668 12 3387
718 69122 73866 81 128030
719 69221 76232 111 338745
720 69647 71520 111 219877
721 69804 78228 147 802525
722 69876 70038 101 12860
723 70041 80501 45 229691
724 70058 85349 77 782967
725 70068 70771 45 24334
726 70265 72909 76 55860
727 70289 77760 25 98440
728 70308 72744 26 16097
729 70361 73957 135 352775
730 70387 73362 44 21225
731 70440 74407 107 128787
732 70462 73326 21 14970
733 70551 71716 96 30315
734 70612 81452 37 133089
735 70658 76437 78 636305
736 70667 73257 143 344702
737 70811 75959 16 27119
738 70825 80861 6 21803
739 70891 84198 10 48295
740 70928 72780 85 34110
741 71210 71503 56 7151
742 71232 73066 75 108311
743 71261 72604 18 7175
744 71287 73148 147 392312
745 71461 73204 103 70913
746 71495 71813 22 2689
747 71735 74436 94 143653
748 71954 73327 64 84071
749 72050 76590 8 21907
750 72055 74387 37 36679
751 72148 79751 9 31139
752 72305 73450 48 43320
753 72549 74366 27 18050
754 72653 82306 115 180325
755 72668 74278 124 161966
756 72767 79931 10 34920
757 72768 78847 28 198218
758 72771 80729 40 222506
759 72778 84151 7 21883
760 72847 77439 15 39054
761 72885 76521 55 118568
762 72945 74007 122 26102
763 73031 73378 132 30520
764 73232 74049 5 2345
765 73267 78567 59 158466
766 73268 83069 106 363841
767 73315 79728 117 369372
768 73648 77116 14 16938
769 73696 73849 81 18073
770 73959 74879 75 59105
771 74042 76002 7 5148
772 74137 86993 130 897854
773 74282 77589 64 102465
774 74287 74524 10 2373
775 74370 94824 131 463400
776 74426 76730 31 52888
777 74438 76978 17 9815
778 74447 85321 100 201652
779 74489 74508 11 43
780 74513 79207 30 39324
781 74517 77886 131 256328
782 74561 81792 26 66081
783 74646 75624 100 92616
784 74747 78693 7 28347
785 74796 75792 9 16973
786 74859 77039 86 110456
787 74938 85764 125 269926
788 74973 78429 23 47921
789 75084 91318 47 161326
790 75113 85635 113 780482
791 75147 81151 8 29707
792 75257 97934 90 491046
793 75337 84396 47 277052
794 75369 84491 91 429953
795 75393 77800 100 176486
796 75714 76297 46 10577
797 75862 81544 6 10358
798 75894 77680 105 51842
799 76100 77025 148 55060
800 76218 80482 90 88680
801 76307 97039 45 352181
802 76474 78152 108 129817
803 76531 91723 7 57880
804 76648 80105 8 17754
805 76664 79537 10 7360
806 76889 77135 114 9198
807 77074 78286 78 70258
808 77139 87726 91 166020
809 77150 91216 128 546358
810 77237 82602 23 36964
811 77409 80224 102 105929
812 77420 80480 66 70385
813 77465 80646 111 134955
814 77507 83654 21 18639
815 77562 89376 60 272664
816 77668 79943 19 29209
817 77694 79880 72 46136
818 77756 78891 132 102690
819 77892 79015 15 12823
820 78045 78665 32 14257
821 78147 81762 57 113077
822 78236 83759 19 33213
823 78280 78723 22 6567
824 78415 80234 11 6188
825 78424 84178 21 62122
826 78573 89942 62 625105
827 78630 82116 66 54990
828 78783 79476 133 29806
829 78927 81849 85 38307
830 79074 87449 4 7539
831 79313 85743 11 35165
832 79316 81435 54 25463
833 79364 81373 30 27785
834 79486 82902 7 14037
835 79543 82811 12 10312
836 79904 91955 77 176355
837 80106 89049 118 190186
838 80236 98277 90 1113751
839 80270 85287 5 10347
840 80337 81359 11 5570
841 80377 82964 91 142639
842 80425 84486 146 66836
843 80438 83690 47 64126
844 80463 94281 104 313086
845 80477 83543 19 42482
846 80592 80596 32 84
847 80609 82845 22 20781
848 80674 80973 6 1741
849 80757 90362 11 45777
850 80881 81853 132 158604
851 81171 84568 133 142876
852 81242 98163 39 378496
853 81576 83662 141 83182
854 81607 84829 40 96467
855 81612 91427 37 155693
856 81624 83298 53 75475
857 81677 81712 149 4859
858 81735 86426 7 19772
859 81854 86102 41 113904
860 81855 85260 35 56916
861 82168 85518 78 85730
862 82829 85444 5 11376
863 82953 83700 26 41099
864 83268 91447 4 13984
865 83334 89025 121 414796
866 83344 85249 44 62571
867 83349 89962 105 271013
868 83484 90494 11 53502
869 83552 91485 125 360094
870 83573 88624 92 105480
871 83619 88000 8 31174
872 83703 93154 26 329792
873 83813 93100 91 553344
874 83853 87276 89 557406
875 84094 84573 35 11550
876 84101 84746 136 32923
877 84180 87282 62 50611
878 84234 86731 26 42549
879 84392 95755 145 281728
880 84430 85152 97 32361
881 84441 85346 78 60561
882 84499 87031 49 40545
883 84635 85080 6 2672
884 84669 87450 67 106904
885 84676 86487 59 32834
886 84756 86467 44 51004
887 84757 85694 21 8280
888 84830 91916 110 427681
889 84849 88861 24 17682
890 84863 89538 28 50463
891 84988 85564 8 2118
892 85018 99125 6 26077
893 85405 85826 7 1421
894 85588 86702 51 100552
895 85605 87878 96 76851
896 85621 94834 110 417932
897 85741 86495 35 6645
898 85796 88614 24 24683
899 85941 89247 75 84583
900 86117 98664 16 31712
901 86250 87463 140 123461
902 86254 90063 76 77067
903 86293 96171 10 31998
904 86366 87885 62 74449
905 86403 89727 7 6257
906 86412 88754 25 17734
907 86457 90493 51 53672
908 86761 93917 43 161674
909 86780 87037 36 4283
910 87054 88605 12 8152
911 87094 97304 15 40763
912 87130 88435 33 24005
913 87187 88200 92 98436
914 87198 92929 21 26153
915 87360 90009 7 4812
916 87687 87697 24 313
917 87717 90956 31 21525
918 87831 91616 33 350511
919 87942 98439 57 289934
920 87991 88661 17 5253
921 88072 89857 78 93427
922 88114 94003 18 51547
923 88123 90335 47 71957
924 88129 91873 133 163762
925 88181 90317 124 123816
926 88352 93630 27 65563
927 88355 96040 50 796862
928 88726 90151 54 11987
929 88814 92064 91 74214
930 88844 92550 31 82389
931 88876 95918 34 84473
932 89020 95850 29 93089
933 89104 93081 52 50054
934 89137 90411 11 7195
935 89160 91867 9 5340
936 89178 89368 82 10348
937 89220 90409 121 96311
938 89227 89531 119 16075
939 89359 92041 49 197952
940 89401 91659 14 23004
941 89578 92396 122 191604
942 89614 91170 49 26358
943 89711 93392 107 245872
944 89838 91269 53 32977
945 89912 92065 94 142079
946 89965 95004 120 195692
947 90047 97131 66 150686
948 90082 96118 100 99333
949 90111 95921 138 250015
950 90231 97765 85 139933
951 90363 92941 73 75675
952 90389 90588 18 1886
953 90471 96197 11 39758
954 90678 91173 26 7422
955 90740 90863 115 6035
956 90753 94289 12 8198
957 90761 92653 60 78636
958 90932 91640 126 98335
959 90961 92429 101 251900
960 91038 91893 37 15127
961 91044 95334 23 80202
962 91245 92288 68 38962
963 91455 92751 150 73692
964 91560 98872 103 87011
965 91709 92294 30 5900
966 91794 99388 101 458726
967 91818 92595 120 131007
968 91831 93211 91 35126
969 91834 95192 36 51958
970 91868 95353 149 370909
971 91991 98357 15 44871
972 92272 92534 51 10630
973 92776 96585 145 410897
974 92875 93809 81 20356
975 93052 93277 22 1857
976 93137 97152 29 65565
977 93202 93993 117 21319
978 93308 96042 37 40768
979 94343 94673 38 6840
980 94381 97493 92 132146
981 94395 95598 62 71554
982 94400 95096 139 150359
983 94427 95201 107 21693
984 94480 96140 137 39160
985 94794 96882 131 120233
986 94858 95949 5 3926
987 94951 95183 59 7100
988 95051 96782 64 67117
989 95466 95973 54 16455
990 95517 96809 40 24505
991 95687 96209 72 9053
992 95714 95794 130 4966
993 96065 97662 4 3132
994 96238 99420 63 140994
995 97334 99201 80 18625
996 97577 99705 12 13512
997 98170 99264 33 60813
998 98812 99048 97 11985
999 99126 99662 104 12129
