50 1000 0.036
..........#.#....###.#.............####..#........
..........#.#....####...............##..##.##.....
..........###.######.................####..#.#.#..
...........#...........................#...#######
##..#......#...............#.........##...#..##...
##..#......................##.........##.##.####..
##..#.............##........#.........####.....#..
...............######.......#.........###.....####
..............###..............###.##........#..##
..............###...#..........###.##......####...
#...............#.####..........######.....###....
#..........##......###.........##...##......#.....
..#........##.........#.............##............
..#......#####......####.....#..##................
.###...###.#.###.......##...###.####...#..........
###..........###.......####...######..###.........
.......##....###...#...##...#....#.....####.......
......##.......#####..###..##.........##..........
.....##.......########.#...#...........#..........
....##.........##.#.#.#######.....................
...#.##........#..##...#...###....................
.#.#..##.......#..##...#.....#....................
.####...#..#......##..............................
...#....#..##.......##............................
..###...##.#.#......###......................##...
..####......##.........................#.....##...
..#...###..###.......#...#...........#######.#....
#....######.###.....###.##...........####..##.....
#.....#...#..##......#....#..........#..#.........
#...####...........######.#.......................
......##...........##.####..................##....
.......#....#.......###..#.................#####..
............##........#.....................##.#..
...........####................................##.
..........####....................................
............#..............#......................
............##.............##........#....#.......
..........#.##......#.....###........##.#####.....
..........###......##.......#.........#####.......
.........###............................#.#.......
#..#....................................#.#.......
####.................#....................#.......
##...................##...........................
.#..................####.......##...........###...
###.......##.##...#####........##............###..
#.........##..##....##..........#.............#...
..........#.###.....#.............................
..........#.#..#.................#................
..............#####..............##.#.............
..............##.#..............#####.######......
0 4 5277 118 139099
1 124 2459 59 56355
2 165 309 62 4625
3 351 5248 5 16344
4 482 6267 17 51868
5 485 2511 48 28658
6 524 1196 40 29606
7 649 3478 8 8893
8 850 2620 57 86128
9 861 2181 81 133722
10 992 1961 63 34662
11 1138 6413 97 122554
12 1274 6640 70 228330
13 1386 2350 87 53365
14 1437 7132 4 20995
15 1441 10557 139 423599
16 1504 7146 7 12486
17 1590 3879 114 100280
18 1609 1765 20 3746
19 1617 5567 72 142403
20 1884 5080 113 160379
21 2000 6108 23 40914
22 2064 2501 46 8945
23 2279 7019 142 269965
24 2286 3318 29 10851
25 2388 5463 95 121976
26 2402 3932 147 57350
27 2600 8665 18 112405
28 2679 11667 28 57683
29 2697 5441 136 196934
30 2726 6190 15 24931
31 2789 11490 30 115352
32 3041 7504 101 261664
33 3073 4295 85 133794
34 3086 5140 121 93673
35 3131 7584 41 87292
36 3171 6682 61 81919
37 3181 5006 148 107652
38 3397 5849 6 12273
39 3443 5384 28 15161
40 3483 4268 147 85664
41 3546 10987 25 89884
42 3626 3731 29 1536
43 3941 5944 105 168782
44 3958 5398 5 3547
45 4087 7225 8 12011
46 4088 9777 95 249015
47 4246 5720 23 10665
48 4621 8255 63 34708
49 4659 13179 77 161689
50 4700 7237 122 42412
51 4761 5271 11 10735
52 4849 5895 16 3736
53 4859 14198 33 40993
54 4923 5876 104 97452
55 5073 10506 11 156492
56 5078 8810 59 203469
57 5174 5836 10 2254
58 5183 10488 89 115223
59 5237 8632 17 10805
60 5241 5629 135 17229
61 5411 8346 10 14674
62 5447 9574 49 60333
63 5451 11309 138 234637
64 5736 7857 15 15274
65 5764 8609 32 108675
66 5893 6915 44 41657
67 5901 6432 55 14988
68 6101 12485 10 49298
69 6115 12695 140 343362
70 6268 17186 108 465493
71 6284 7349 30 50636
72 6305 7352 57 33132
73 6365 6530 40 4962
74 6390 16554 144 1598273
75 6547 7700 51 43283
76 6559 10544 103 264664
77 6598 8151 122 68195
78 6605 9224 40 33676
79 6961 9992 72 73097
80 6999 8044 46 21624
81 7037 16654 78 718878
82 7069 7616 5 3229
83 7364 9103 25 23862
84 7403 8165 36 15232
85 7492 7837 149 29618
86 7591 7729 13 3121
87 7743 16372 39 157112
88 7744 8220 122 48150
89 7812 9412 81 96085
90 7840 8190 47 3856
91 7969 10212 81 59969
92 8060 10215 37 81462
93 8112 9759 11 23275
94 8181 8430 93 9611
95 8201 13461 4 21969
96 8209 8705 6 1187
97 8225 13494 50 97918
98 8328 10886 127 150321
99 8393 9184 70 26217
100 8485 19693 53 180046
101 8674 9990 68 23497
102 8695 13225 126 386979
103 8715 9616 11 7094
104 8831 10827 103 64426
105 8881 14957 14 47181
106 8887 9263 84 17515
107 8936 20767 54 162104
108 8974 15077 8 37664
109 9277 12065 104 215745
110 9436 17796 12 33644
111 9451 14140 23 20594
112 9491 11163 17 13938
113 9552 10123 150 57194
114 9598 10028 140 26451
115 9614 10026 148 25906
116 9618 12224 17 26514
117 9679 13009 12 19763
118 9714 15693 125 195566
119 9946 15146 114 214072
120 9954 10354 10 781
121 9986 10454 24 7539
122 10035 18583 50 115923
123 10236 11065 150 68093
124 10328 12837 12 15760
125 10433 16533 22 120596
126 10495 13243 18 29669
127 10780 12848 54 58578
128 10957 15310 102 124751
129 11116 11141 30 375
130 11162 14024 63 171436
131 11343 16021 115 378818
132 11361 12187 23 6634
133 11453 13070 41 32302
134 11470 17484 57 334792
135 11567 13943 60 48773
136 11791 17113 26 32527
137 12038 12140 6 442
138 12047 13964 43 27412
139 12599 16710 46 158143
140 12863 15066 4 7099
141 12935 19047 64 157676
142 13043 14119 131 59745
143 13080 18828 44 141911
144 13316 21260 114 380858
145 13375 19229 26 43389
146 13441 21551 71 100107
147 13549 16285 7 8378
148 13607 15939 92 83620
149 13743 14171 84 21980
150 13791 15679 12 37067
151 13834 15738 33 33289
152 14083 17935 140 181020
153 14263 17413 57 100021
154 14302 14412 42 4406
155 14325 15008 102 53016
156 14356 19733 14 46731
157 14428 15794 150 320440
158 14462 21121 20 36384
159 14556 16784 108 103659
160 14612 16349 35 68730
161 14654 15389 113 27298
162 14689 14974 99 12143
163 14802 16732 85 72643
164 14827 20641 94 286504
165 14834 32199 57 401222
166 15135 17566 5 9903
167 15168 16783 43 24235
168 15371 16081 71 27926
169 15459 16645 121 26323
170 15607 17748 143 163641
171 15752 21670 75 54898
172 15775 16804 112 30835
173 15815 17741 89 82688
174 15876 16908 96 17238
175 15886 16482 86 23605
176 15938 20980 40 62128
177 16181 19396 9 6685
178 16414 20504 39 156004
179 16420 19025 31 19789
180 16476 16955 70 8059
181 16544 20196 17 83586
182 16682 17722 18 9290
183 16882 20308 46 59103
184 17321 24603 10 26716
185 17411 20456 52 164469
186 17453 22153 121 266574
187 17481 26221 112 375158
188 17580 22102 11 13890
189 17803 28257 68 296931
190 18232 19826 104 87963
191 18275 21023 6 9260
192 18304 19945 64 39776
193 18338 18721 5 869
194 18737 20089 118 105583
195 18738 25516 85 195689
196 18777 19018 100 9186
197 18825 27007 80 276849
198 18839 19190 96 26946
199 18850 21567 34 23847
200 18852 25254 6 16152
201 18991 19092 105 11482
202 18999 21149 108 107651
203 19087 24385 11 20620
204 19088 19151 107 2364
205 19195 22438 116 127991
206 19317 21037 4 2361
207 19358 26467 31 204466
208 19388 20182 18 8361
209 19394 23425 109 201352
210 19671 19825 109 16264
211 19704 20366 149 188424
212 19843 21097 74 63407
213 20074 20713 19 5717
214 20104 20258 31 2476
215 20111 20698 14 4957
216 20120 24761 29 18945
217 20210 24838 18 29625
218 20280 25636 27 53978
219 20289 21539 19 27351
220 20398 22119 66 77458
221 20458 26181 65 76833
222 20479 22133 36 27598
223 20495 21348 83 29968
224 20506 34748 94 384996
225 20556 21292 22 7863
226 20721 25507 96 160422
227 20752 21864 20 8749
228 20834 26083 88 210691
229 20878 22358 22 54669
230 20972 29153 149 411587
231 21229 25248 82 294294
232 21458 26016 5 12790
233 21518 43253 4 25754
234 21527 26182 13 36547
235 21652 28108 19 101347
236 21732 22830 83 53554
237 21741 21749 38 261
238 21889 22098 37 2767
239 22213 23642 82 68568
240 22327 24833 31 47765
241 22422 31388 15 43993
242 22497 22599 26 1299
243 22555 29076 84 248535
244 22697 25569 52 137515
245 22883 23835 44 50899
246 23003 26713 38 117048
247 23013 23287 49 4713
248 23171 26284 29 18563
249 23193 26354 8 22799
250 23290 27954 102 88023
251 23516 26295 60 197451
252 23667 24412 79 21602
253 23715 24034 51 8481
254 23744 23862 113 5772
255 23798 25090 125 97323
256 23925 38751 27 144486
257 24043 27772 60 49511
258 24069 37405 24 175220
259 24214 25618 24 46218
260 24371 27094 113 142010
261 24420 25296 21 3992
262 25022 29050 125 172627
263 25408 30688 12 31350
264 25434 26723 54 18165
265 25696 29028 81 220174
266 25780 26184 6 1197
267 25966 27201 139 72039
268 26006 27189 9 7004
269 26022 31570 134 263889
270 26065 33999 80 396866
271 26122 27611 80 74407
272 26381 26574 12 1565
273 26523 32439 133 267012
274 26726 34647 141 444813
275 26972 31712 65 154481
276 27035 32971 19 27188
277 27046 32789 85 326829
278 27065 45896 87 528527
279 27083 29235 60 112413
280 27127 35848 113 375563
281 27141 32525 83 339837
282 27160 31272 75 294761
283 27419 27894 77 22302
284 27434 31642 109 192582
285 27511 27538 142 4563
286 27605 28547 75 27823
287 27636 28855 42 35519
288 27674 31555 88 121911
289 27736 29791 60 55846
290 27780 31150 5 7326
291 27791 29316 129 104295
292 27828 28216 27 4707
293 27874 27895 45 434
294 27940 34304 114 580398
295 27981 30077 4 5669
296 28093 29969 19 11581
297 28155 31654 86 226706
298 28233 28597 81 23389
299 28455 29277 97 19104
300 28466 30561 91 135938
301 28812 31824 11 15552
302 28918 30443 25 24315
303 28954 33690 78 136467
304 29031 39224 8 29799
305 29122 29604 44 5504
306 29201 31666 73 63241
307 29203 33227 35 32917
308 29284 30775 8 1909
309 29724 29823 99 7164
310 29729 30169 47 7598
311 29789 32144 115 203811
312 29861 36794 21 54185
313 29915 31383 92 63042
314 29987 32031 7 6628
315 30115 30670 113 14018
316 30157 33714 95 62926
317 30408 53302 6 81484
318 30469 32556 30 37074
319 30533 30648 49 2847
320 30686 33746 140 94318
321 30704 33005 31 22226
322 30788 33094 86 99451
323 30866 35203 7 24197
324 30892 34119 135 145870
325 30914 31682 16 7918
326 30975 34798 68 58881
327 31234 37684 47 146287
328 31342 47019 33 209012
329 31523 35269 8 7412
330 31544 32591 71 21510
331 31588 33756 87 72928
332 31637 31683 82 1494
333 31710 34587 11 9370
334 31718 39632 7 13388
335 31723 34793 19 19840
336 32032 33493 8 4986
337 32125 34777 37 61057
338 32266 33021 35 18350
339 32402 40892 62 333775
340 32512 33890 89 88614
341 32532 32721 56 22539
342 32614 39360 54 142645
343 32871 35807 90 71251
344 33013 41583 6 81928
345 33166 33954 7 4420
346 33267 42161 45 389380
347 33360 36554 114 99867
348 33388 36728 145 128273
349 33501 37272 7 5166
350 33531 34124 80 30654
351 33579 40128 23 28175
352 33688 37782 74 119252
353 33751 34471 112 32236
354 33947 34784 21 10433
355 34059 37400 50 63681
356 34141 34430 46 34311
357 34195 35511 21 26744
358 34534 41129 137 289918
359 34575 38947 115 230452
360 34660 34750 134 4803
361 34851 35372 92 10488
362 35027 35697 9 3682
363 35110 42213 64 212285
364 35179 36123 135 58222
365 35391 41031 8 11903
366 35657 36882 64 23629
367 35688 35751 49 1986
368 35794 36035 24 8668
369 35867 36481 35 10624
370 35920 36410 31 8273
371 36032 38858 21 83817
372 36255 45402 21 21052
373 36289 38305 31 88954
374 36346 38419 29 13521
375 36348 36845 79 39332
376 36408 41541 34 307447
377 36504 36540 10 316
378 36506 39903 4 7097
379 36514 38401 13 12650
380 36552 37764 5 2396
381 36583 38041 118 271349
382 36602 37139 137 35939
383 36662 41712 10 30592
384 36841 41890 11 12161
385 36936 40179 30 44514
386 37169 37914 109 17247
387 37175 40022 16 16592
388 37217 40831 60 56667
389 37351 37923 70 22458
390 37415 37607 28 2831
391 37509 47878 67 226478
392 37640 43269 95 329779
393 37748 41932 5 7446
394 37896 38776 10 3226
395 38215 42171 127 308294
396 38246 43224 43 104980
397 38304 39473 41 21092
398 38385 44046 23 65936
399 38512 53123 70 278471
400 38590 40731 116 86503
401 39055 46627 54 121032
402 39141 47904 65 294027
403 39144 48960 42 100339
404 39161 43454 115 163822
405 39323 45872 7 11511
406 39340 46571 93 103993
407 39442 41089 37 56335
408 39460 41754 60 70759
409 39599 44091 42 104790
410 39666 41381 30 12191
411 39740 45852 57 140299
412 40148 40241 120 5973
413 40233 43047 24 32838
414 40416 40743 5 782
415 40670 40863 90 3390
416 40758 42080 5 3366
417 40764 41829 92 133456
418 40785 48996 17 209869
419 40878 44283 109 140478
420 40980 44014 93 104838
421 41032 41672 124 40004
422 41043 41790 37 28764
423 41051 42809 6 6305
424 41068 42092 39 5861
425 41162 42027 42 13914
426 41334 43359 112 89797
427 41481 43630 124 80483
428 41707 48830 8 12750
429 41738 42292 8 2637
430 41824 42035 18 2854
431 41858 43733 21 28152
432 42058 42652 143 19742
433 42206 42986 115 35663
434 42207 43189 13 4337
435 42504 46447 6 11564
436 42561 43381 5 1481
437 43026 45761 83 200862
438 43263 44261 145 347383
439 43412 45501 10 23703
440 43624 44352 56 18323
441 43785 45123 100 137135
442 44010 51416 26 50885
443 44032 52270 51 150022
444 44340 44476 86 2002
445 44364 46281 24 22385
446 44410 46669 112 187933
447 44427 44785 122 34913
448 44468 44535 67 1687
449 44663 48446 126 248167
450 44706 50017 115 246643
451 44759 47595 90 334522
452 44789 46660 23 6407
453 44794 46779 21 42245
454 44823 46866 6 4267
455 44918 52398 32 88549
456 44926 48308 72 70848
457 45014 47458 16 24150
458 45105 45242 54 2356
459 45120 47721 96 137186
460 45154 48150 6 4352
461 45199 46182 24 15886
462 45288 45676 135 16561
463 45368 45410 7 133
464 45382 47570 62 36674
465 45441 50026 140 281984
466 45486 46981 90 81871
467 45500 46589 36 68497
468 45537 46291 115 37278
469 45580 52882 12 25053
470 45728 50060 33 118814
471 45764 52441 124 451882
472 45802 50907 42 49723
473 45848 46195 105 18562
474 45930 47418 69 38796
475 45971 48381 18 19603
476 46014 48722 74 70322
477 46109 46164 14 897
478 46129 54929 60 365513
479 46208 46337 73 7588
480 46236 48709 86 80103
481 46280 52706 110 497456
482 46283 49365 73 167141
483 46340 46446 53 8502
484 46805 50846 90 151171
485 46891 53282 4 12451
486 46992 48742 16 12505
487 47034 50183 42 165547
488 47176 49050 9 8639
489 47201 49420 95 115948
490 47250 47859 5 835
491 47333 48236 124 49701
492 47356 49386 27 21580
493 47406 50415 17 18184
494 47511 54602 38 297284
495 47559 58525 61 271317
496 47676 49131 98 169584
497 47778 48291 147 91259
498 47816 52107 33 61325
499 47862 51248 135 113050
500 47888 48581 78 27223
501 48129 49473 143 97706
502 48203 55567 131 496224
503 48239 51586 101 107427
504 48367 54182 114 905173
505 48379 49312 23 13181
506 48398 54041 59 262055
507 48805 49331 28 7878
508 48895 50221 37 38935
509 48979 52337 142 486861
510 49114 50445 145 102515
511 49216 63434 14 78204
512 49255 49514 136 20700
513 49354 49523 7 2082
514 49451 52996 128 179352
515 49465 51821 65 147433
516 49513 50422 37 17269
517 49566 50452 116 34738
518 49782 55452 9 20781
519 49930 53657 24 83306
520 50002 51686 43 73802
521 50036 52768 91 359799
522 50057 50235 11 895
523 50073 51329 34 26693
524 50124 54629 15 39539
525 50136 52875 89 98614
526 50144 54003 60 63737
527 50236 51263 145 68585
528 50464 53110 96 94771
529 50511 52941 138 97159
530 50531 56139 68 154748
531 50561 52951 5 4734
532 51196 51364 9 2233
533 51291 51976 14 17171
534 51409 56232 27 49341
535 51724 51765 86 4527
536 51945 52461 39 17368
537 52062 55819 77 125514
538 52563 54665 33 40949
539 52574 56887 36 27213
540 52803 54967 126 172007
541 52977 55525 142 134024
542 53096 57647 76 164974
543 53274 53448 15 1711
544 53495 62904 75 91323
545 53644 62361 37 199568
546 53766 55447 87 67986
547 53887 60555 139 354650
548 53975 55800 87 74416
549 54065 59711 28 53221
550 54103 61084 97 269583
551 54239 56412 109 107359
552 54298 62087 46 178944
553 54378 54814 74 21389
554 54448 58021 62 301008
555 54660 57838 22 17558
556 54780 62803 66 153680
557 54790 57169 13 18018
558 54791 55529 65 26585
559 54870 54949 101 14951
560 55143 55477 22 7542
561 55376 56246 8 2898
562 55540 64528 35 118084
563 55593 65939 38 187080
564 55610 55659 69 983
565 55783 59036 39 38486
566 55938 56113 39 2184
567 56182 57684 27 20697
568 56219 57270 20 8577
569 56234 62859 14 40829
570 56298 59202 16 22149
571 56418 59263 138 230295
572 56568 59223 121 80921
573 56706 57337 60 38001
574 56832 57174 17 1332
575 57096 59572 7 4169
576 57097 60582 51 32048
577 57127 58268 32 15704
578 57192 62343 145 231144
579 57299 58666 43 21500
580 57330 58137 72 13111
581 57352 60353 12 11130
582 57369 66273 132 333367
583 57399 58709 14 16630
584 57408 64101 8 9526
585 57489 57668 122 15191
586 57497 59810 144 242594
587 58105 65180 73 466686
588 58131 60838 5 3880
589 58134 60781 143 162806
590 58202 72474 18 111696
591 58283 58760 75 20934
592 58378 61662 6 4059
593 58448 59306 150 60263
594 58596 59675 129 86938
595 58620 62873 83 95111
596 58779 60477 53 48101
597 58852 59267 84 25783
598 58951 61453 125 304637
599 58954 60073 7 2387
600 58980 60446 70 22290
601 58981 59827 46 26239
602 59062 64526 86 299410
603 59130 68455 96 872407
604 59291 66152 13 20310
605 59424 61607 22 52849
606 59514 59719 8 417
607 59665 68220 93 340655
608 59706 62061 20 24310
609 59819 60516 103 80418
610 59907 59968 7 425
611 59999 62320 31 19408
612 60076 69946 135 733168
613 60199 61387 33 46941
614 60371 63781 104 179539
615 60529 62287 56 16473
616 61039 64059 17 12383
617 61052 68741 94 2932887
618 61197 64153 122 173526
619 61255 62292 66 30700
620 61282 64693 43 35708
621 61480 61499 113 2247
622 61673 71978 148 377094
623 61688 62116 25 1927
624 61868 66626 24 45015
625 61889 62541 75 34745
626 61950 66083 146 307461
627 62036 62664 145 34696
628 62038 63365 131 62246
629 62122 64870 69 74949
630 62187 68120 9 35740
631 62331 63929 72 58910
632 62371 63135 110 32712
633 62522 65313 127 247545
634 62702 68111 83 464228
635 62704 65521 72 60454
636 62901 65965 89 284817
637 62923 63962 130 86568
638 63239 63800 5 2571
639 63240 68996 62 137111
640 63413 87178 105 341018
641 63431 64928 87 109194
642 63470 66506 38 89591
643 63514 64378 42 24203
644 63605 66044 15 11075
645 63633 67899 19 65699
646 63667 70384 123 459306
647 63944 71713 12 63793
648 64029 68526 139 403785
649 64115 68416 109 307581
650 64258 65455 79 95186
651 64399 73472 38 89697
652 64479 65619 76 14698
653 64543 66105 41 19195
654 64544 67172 113 147874
655 64553 64963 24 11747
656 64583 71924 131 271220
657 64748 66655 7 1919
658 65016 72492 31 54934
659 65217 68595 35 80849
660 65351 66213 16 11299
661 65490 69559 46 57663
662 65497 69531 17 40465
663 65901 67346 27 17879
664 65923 67585 103 43986
665 66047 66356 14 3410
666 66142 67364 86 38397
667 66191 70103 31 28552
668 66252 68709 106 117601
669 66472 69354 34 36875
670 66635 73541 82 356513
671 66703 66840 48 2358
672 66819 68380 13 7680
673 67015 68627 29 11841
674 67018 67391 57 6515
675 67089 71235 32 34079
676 67260 67628 13 3523
677 67531 69997 35 185812
678 67737 70410 120 98533
679 67775 71344 43 74798
680 68146 76877 130 494148
681 68310 71069 37 64512
682 68317 70697 20 14486
683 68411 72016 9 22183
684 68679 73475 4 10228
685 68724 76044 29 56122
686 68928 73716 17 55223
687 68944 69272 134 15961
688 69025 69109 13 604
689 69129 69131 10 19
690 69328 69583 4 258
691 69440 76344 48 163540
692 69442 69558 5 511
693 69576 72532 44 36622
694 69658 71691 24 45475
695 69683 71301 7 5770
696 69896 76349 88 366274
697 69953 73662 36 113100
698 70085 74425 65 15614
699 70192 82545 39 152529
700 70348 71311 8 3017
701 70406 73073 61 43020
702 70443 79832 87 476936
703 70655 71613 5 4070
704 70662 71791 10 14006
705 70706 74814 58 121770
706 70742 75243 98 188365
707 70882 72275 51 57650
708 70914 74983 8 19888
709 70945 74446 20 34004
710 71334 71338 26 50
711 71355 71364 4 34
712 71434 75223 21 43164
713 71469 78028 85 605939
714 71580 73028 56 19917
715 71618 74114 119 124611
716 71622 72365 41 6179
717 71738 72109 81 15403
718 71802 75474 141 337794
719 71821 73172 36 39904
720 71876 75775 106 154548
721 71954 72913 37 28315
722 71960 73555 109 66979
723 72053 72550 69 8706
724 72095 75910 71 112827
725 72113 72882 66 23362
726 72196 90396 10 15638
727 72236 75766 136 228366
728 72352 77680 38 41523
729 72484 75568 13 18458
730 72603 76030 72 66332
731 72617 75890 18 34523
732 72723 78422 110 387476
733 72902 82070 7 21377
734 73008 78446 138 371263
735 73033 79775 19 38399
736 73058 75511 47 67114
737 73103 76261 75 176900
738 73190 85575 139 1722566
739 73493 74341 59 42682
740 73589 73847 72 8040
741 73613 74978 37 64732
742 73828 83769 39 120335
743 73872 74406 27 3828
744 73874 74058 23 2898
745 73880 74407 16 20918
746 74147 77938 22 16999
747 74308 74456 17 2127
748 74390 82886 4 18958
749 74439 76019 119 42176
750 74473 76431 77 157607
751 74868 76175 43 22874
752 74975 76904 10 5639
753 75021 79454 23 39995
754 75117 81987 67 96767
755 75257 78777 8 3624
756 75267 75485 56 13214
757 75806 81618 71 258168
758 75901 77023 84 58943
759 76099 76982 29 13629
760 76166 78011 20 18272
761 76302 76425 138 8565
762 76370 77366 114 119258
763 76387 78974 58 30102
764 76498 83928 31 112490
765 76620 83963 41 100758
766 76658 80703 147 230932
767 76686 76840 8 484
768 76910 79563 146 181515
769 76981 79754 60 97894
770 76990 77471 10 5040
771 77067 84536 30 53540
772 77095 78242 43 9023
773 77329 79352 112 23429
774 77401 78209 31 12402
775 77442 77878 34 6031
776 77615 79178 4 586
777 77622 79536 52 92397
778 77714 78147 5 600
779 78023 78772 29 16852
780 78034 81010 134 223553
781 78093 79137 77 20720
782 78114 82582 94 347408
783 78222 79284 123 53218
784 78312 79242 89 34594
785 78552 81603 130 111712
786 78596 79315 104 16834
787 78613 79595 27 21826
788 78766 84635 48 181884
789 78902 79887 21 8418
790 78953 80460 9 13809
791 78957 79664 23 11819
792 78969 80336 105 83833
793 79030 79093 58 5160
794 79050 79706 40 8175
795 79098 79944 54 46659
796 79104 80171 47 11220
797 79117 80610 8 7357
798 79201 80279 9 1699
799 79399 80152 10 2711
800 79652 81342 89 54580
801 79683 80840 81 28826
802 79725 82718 99 138594
803 79728 80237 7 5493
804 79753 82762 20 36400
805 79789 87447 131 251320
806 79888 85458 63 68804
807 79894 87646 27 126153
808 80074 81086 24 11330
809 80121 85434 93 120166
810 80179 83208 13 22250
811 80199 80388 150 12344
812 80337 82323 18 54007
813 80413 85867 24 73892
814 80477 81080 88 71665
815 80517 87598 8 24122
816 80541 82727 97 80320
817 80694 83426 21 71223
818 80766 81954 11 7418
819 80963 87041 16 58301
820 81077 81085 34 170
821 81095 86697 116 728061
822 81100 84972 139 253731
823 81129 84210 76 64801
824 81173 81955 9 6918
825 81299 81460 8 1219
826 81481 96829 49 206449
827 81584 84511 31 22743
828 81676 82508 9 2878
829 81860 84528 8 5616
830 81962 82876 72 11947
831 82316 85983 7 20973
832 82356 82408 25 946
833 82413 87287 28 32885
834 82563 88967 50 116036
835 82654 88307 5 12801
836 82767 83847 7 3181
837 82782 83997 112 135989
838 82826 90645 110 793500
839 82994 88429 133 221602
840 83119 85073 10 4961
841 83127 83180 25 1540
842 83132 83792 22 8114
843 83183 84459 33 14224
844 83191 84840 107 63863
845 83247 84401 62 52305
846 83267 90084 46 159578
847 83318 83974 28 4890
848 83329 84744 31 23985
849 83333 85676 17 10160
850 83343 88877 24 39557
851 83344 87920 70 265799
852 83459 83595 130 16181
853 83491 91554 32 111718
854 83584 85153 34 33266
855 83864 83888 5 91
856 83889 84638 68 20544
857 84182 85123 107 49928
858 84202 84575 85 15131
859 84239 89345 46 96114
860 84322 85588 99 27529
861 84509 86531 30 31897
862 84685 87298 23 14091
863 85121 87629 144 170474
864 85199 87912 69 37291
865 85286 90155 72 171994
866 85373 86941 6 6389
867 85424 87186 134 77753
868 85436 86712 124 35995
869 85554 87525 140 130098
870 85564 86828 55 20360
871 85764 86741 5 1730
872 85902 85929 84 2067
873 86068 87423 61 34555
874 86090 93866 51 106589
875 86143 88696 6 5859
876 86277 89741 112 353914
877 86556 89447 5 11220
878 86579 86820 51 3476
879 86595 88255 26 16150
880 86703 92333 63 98760
881 86732 88185 59 22862
882 87389 97581 42 102855
883 87430 95742 119 914425
884 87450 90240 121 92848
885 87485 90190 58 53681
886 87581 93447 43 103596
887 87593 88756 116 73419
888 87659 87969 128 52981
889 87810 89625 10 4412
890 87818 91129 134 362829
891 87881 88020 67 4173
892 88115 93969 132 280540
893 88195 89140 30 12371
894 88350 95927 146 356667
895 88371 91734 68 66258
896 88484 89841 127 89743
897 88535 89913 135 57340
898 88644 96151 118 438819
899 88791 92273 17 24289
900 88818 91969 40 36037
901 88847 97338 10 35698
902 88968 90199 6 6477
903 89031 89122 137 11823
904 89091 91364 100 45508
905 89131 92902 24 15978
906 89181 92964 120 325897
907 89430 95402 21 27933
908 89436 93403 105 150566
909 89440 90165 90 27510
910 89481 91272 140 172287
911 89615 93409 107 162028
912 89689 90160 93 17682
913 89719 93310 59 71758
914 89797 91104 37 13432
915 89891 90362 23 8638
916 89922 94394 5 9134
917 89948 98153 11 69503
918 90097 93232 8 10194
919 90251 90705 61 23523
920 90334 90432 9 605
921 90444 92977 23 12533
922 90531 91416 149 43386
923 90574 94958 32 110626
924 90689 94283 58 72706
925 90725 95231 39 97709
926 90751 93583 27 21647
927 90818 91299 27 6179
928 90927 93204 29 16294
929 90999 91335 24 2465
930 91009 94792 114 165344
931 91234 96101 76 155567
932 91387 91652 21 3849
933 91398 96677 24 67080
934 91799 92258 11 3698
935 91887 95507 109 415547
936 91970 93341 150 109056
937 91990 95287 119 249582
938 92183 94110 34 40106
939 92222 93779 9 4477
940 92228 95488 69 67845
941 92277 93463 29 13303
942 92346 99625 58 211390
943 92494 95923 50 64729
944 92539 97097 16 51321
945 92540 94027 50 78903
946 92805 93393 15 5745
947 92912 99983 76 596431
948 93068 95862 40 75028
949 93073 94748 26 19162
950 93101 96460 38 78041
951 93146 94279 12 8173
952 93171 99068 74 135866
953 93200 96555 4 4556
954 93462 94121 32 13060
955 93531 94203 6 2530
956 93594 94700 80 29522
957 93629 97385 86 175646
958 93704 96489 10 21153
959 93799 94827 115 64723
960 94020 94155 37 4675
961 94048 94396 12 4189
962 94067 94985 19 2328
963 94077 95995 13 7413
964 94246 94882 9 4406
965 94616 97636 117 111538
966 94634 95719 64 120229
967 94764 94866 26 1202
968 94980 97294 109 125650
969 95013 95712 101 28168
970 95066 96316 34 25790
971 95162 97041 71 67278
972 95213 96571 60 13965
973 95424 95578 140 10344
974 95486 96003 38 6106
975 95776 95928 12 2188
976 95794 98170 10 9048
977 95926 98890 39 70682
978 95980 96120 107 6372
979 95985 96643 137 59587
980 96042 96528 60 27394
981 96119 96273 26 2595
982 96215 98321 35 23970
983 96622 98818 141 213963
984 96799 96883 63 1424
985 96872 98247 75 38601
986 96900 99995 94 80626
987 97136 99298 94 296847
988 97145 98582 32 5922
989 97455 97860 92 19131
990 97947 99943 30 14459
991 97976 98379 78 24736
992 97982 99543 122 52051
993 98071 99115 69 71621
994 98254 99870 7 5187
995 98326 98452 75 4010
996 98478 99256 60 26201
997 98816 98982 35 6580
998 98968 99994 21 32826
999 99157 99648 21 7392
