50 1000 0.088
....##............###..........##.............####
...###............#####.......####............####
....##.............#.#....##...###.............#..
....##....#.........##...#####..#...............##
.........##..........##..#####..................#.
.....................##.###.#..................##.
.#......................#.#...................###.
##.....##.............#####...................####
.##....#................####..................###.
###...##.##...............##...................###
###...#####............#..###...###.............##
###......#...#.......###...#.#.#####...........###
........#######.....####...###.#.#.......##...####
......#...######....####...#####.#.......###....##
.....##...#............##.#...##.#.....##.##...##.
......#................#####............###.....##
....####.###............###.#.####........##....##
...#####.###...##........####..####......###..#.##
.....#######.............#####..###....#########.#
.#....##.###.............##....#..#....#..########
.#.#...##.###............##....####..####.#######.
#######...##...........###......###.#####...##.##.
###...#.....................##..#..##.###..#.#####
##...#............##.........##.....#########.####
.....##..#........##.........##.....########......
....########......###.......####.....##.##.##.....
......######......###........###......#..#........
........####..######.........####...#.............
.......##.#..##...#.........#...#####.............
#..##.######.##..........####....#####.##.........
#..#.##..#.##.#.........#####......######.........
####.###.##.#.#..####..######....######.#...##....
###############.....#####...#....##.###..#..##....
##...####....###......#.....###.....##..#######...
####...#.....#...........#######....#.#..#.##.....
#####.##................######......###.###...##..
####...#...........##...#####.#......#######.###..
####................##.#...#########.####.######..
....................####.#.##..#.##.##..#.###.....
.....................###.####.....#..##....###....
.....................#####.#####.....#......####.#
....................#######.###............####.##
....................#####.####.......#......##.##.
......................##..........#####......#..##
....###................#...........#.#............
.....##..##..#..#........................###..#...
.....###..##.#.###...................###.####.##.#
.....#...#####...#...................#############
.....##....#####.#....................#..##...####
..........######.........................#....###.
0 2 12702 90 370507
1 69 18691 19 83829
2 90 4521 9 15787
3 126 8960 147 227352
4 192 20722 19 241462
5 209 10919 68 248786
6 294 8635 6 17386
7 313 2313 65 132227
8 420 422 48 55
9 447 3529 136 73054
10 477 2279 23 58010
11 505 4653 134 436273
12 589 16846 20 123530
13 683 11961 11 51011
14 715 6586 19 23217
15 831 6311 52 168785
16 1062 11143 60 302244
17 1216 26049 96 383220
18 1316 3558 20 42711
19 1622 75410 31 1016316
20 1999 3830 137 82860
21 2001 2606 43 41017
22 2220 7609 31 41477
23 2375 3954 16 6815
24 2402 11176 58 156452
25 2462 12613 84 506944
26 2467 8906 60 84819
27 2670 2850 11 1643
28 2745 15342 83 635137
29 2760 25668 124 1325511
30 2800 16182 116 890463
31 2873 6021 15 31546
32 3162 27846 46 683351
33 3216 11789 55 358528
34 3245 4841 36 26423
35 3252 19380 33 283877
36 3391 36351 49 1605246
37 3744 5073 18 7016
38 3834 15977 89 325502
39 4070 9616 113 228666
40 4272 25474 72 495431
41 4327 10373 21 81878
42 4439 6166 122 53904
43 4483 15449 111 841030
44 4485 5216 67 25359
45 4593 9157 15 23487
46 4631 5707 24 18130
47 4647 5027 126 24121
48 4688 4955 71 7698
49 4900 5815 10 5641
50 5088 26935 69 594136
51 5370 33042 48 302823
52 5401 8876 47 34918
53 5406 15607 47 216920
54 5494 6881 9 6560
55 5949 10366 120 519391
56 5954 12781 97 281568
57 5960 11607 31 23488
58 5969 22812 49 504590
59 6078 22270 131 412020
60 6205 6385 12 1028
61 6254 8269 47 51311
62 6499 8238 80 88931
63 6510 16381 35 58821
64 6593 13978 134 359439
65 6691 9689 13 39044
66 6813 9667 5 3863
67 6869 16536 9 63704
68 6974 17531 118 445573
69 7369 17819 65 163051
70 7421 10042 98 174554
71 7470 18027 14 97347
72 7504 8841 18 6953
73 7524 7598 6 133
74 7571 12235 107 106446
75 7773 22317 136 819271
76 7830 8624 64 18942
77 7876 14658 61 275608
78 8186 8216 21 802
79 8211 29152 25 337480
80 8232 26870 62 326225
81 8252 11441 12 116220
82 8366 21345 18 50096
83 8492 24827 108 1738437
84 8606 22997 100 596927
85 8838 12009 29 86075
86 8996 17983 55 225417
87 9097 23529 134 534568
88 9130 10091 22 14868
89 9192 33122 75 1125936
90 9253 12836 70 43029
91 9286 32739 105 1539478
92 9446 24164 14 142197
93 9655 21354 114 277075
94 9761 16756 42 134727
95 9770 9860 126 5467
96 10019 12082 27 19558
97 10170 11432 30 31022
98 10185 16866 108 299137
99 10263 16335 72 225193
100 10268 12816 112 161921
101 10304 25354 128 966160
102 10390 16676 33 117728
103 10431 24487 148 481861
104 10495 37722 110 681829
105 10546 16163 90 135115
106 10661 11159 28 4583
107 10740 14924 92 116417
108 10848 61272 21 397384
109 11231 25625 89 275826
110 11256 23832 27 184586
111 11283 20626 13 28087
112 11333 27510 120 1155563
113 11364 22004 6 16819
114 11465 14171 11 10656
115 11524 12948 94 17315
116 11572 38896 61 1080725
117 11631 44049 5 38419
118 11731 19069 13 49567
119 11862 30839 12 64700
120 11864 27824 58 195811
121 11933 30186 20 215848
122 11989 20824 137 407103
123 12350 16994 76 177437
124 12366 13396 48 6253
125 12704 15743 97 59054
126 12771 16025 51 99194
127 12812 13995 9 11280
128 12917 13609 63 15930
129 13119 38158 130 885027
130 13130 26342 42 147239
131 13304 13562 46 20969
132 13316 17070 42 57683
133 13453 14973 95 38346
134 13460 13813 127 16132
135 13582 19586 14 46434
136 13624 29856 10 28373
137 13661 14456 9 3044
138 13749 15775 13 6902
139 13807 14640 6 1540
140 14011 19400 18 11758
141 14035 27194 11 57549
142 14072 14101 55 2480
143 14121 15957 106 46401
144 14126 14395 46 7788
145 14221 21285 69 256771
146 14290 16252 55 122579
147 14314 28008 26 54211
148 14369 19123 6 6128
149 14625 40164 134 942799
150 14639 23554 16 74998
151 14661 16582 110 106921
152 14684 29053 132 2807536
153 14699 16298 33 27211
154 14786 19523 17 24591
155 14824 15075 10 2554
156 14843 21921 43 80662
157 14850 58211 88 2738149
158 15043 15742 125 108700
159 15154 16996 42 27032
160 15199 25186 106 937899
161 15313 19969 41 45412
162 15366 19300 85 48425
163 15438 17428 75 69062
164 15565 20519 42 65932
165 15733 20452 10 24604
166 16083 22715 90 295611
167 16282 24048 38 62093
168 16337 24849 34 336889
169 16341 26189 46 75721
170 16401 24573 118 820873
171 16559 16743 40 2966
172 16673 20281 135 221918
173 16695 22206 31 83432
174 16724 21973 50 69972
175 16761 82848 26 1239266
176 16772 20752 95 196904
177 16788 20275 138 370253
178 16868 28251 119 190199
179 16898 25316 62 527419
180 17065 22874 79 68402
181 17257 17820 63 9142
182 17266 17433 149 26032
183 17267 32187 52 172730
184 17343 25595 10 14115
185 17510 34838 15 67432
186 17577 24276 20 12032
187 17600 22355 68 169059
188 17631 26847 27 120167
189 17731 20354 120 127457
190 17762 52485 139 2697917
191 17788 23478 5 3563
192 17856 29044 127 521043
193 18215 22281 144 467120
194 18281 18820 35 15230
195 18304 19516 4 4588
196 18424 18623 89 13189
197 18464 18934 135 59816
198 18465 25928 31 73694
199 18498 24160 63 110573
200 18509 30555 67 259653
201 18735 20617 6 2138
202 18894 20902 33 23764
203 18930 40482 45 506138
204 18949 33648 118 444458
205 19090 33874 89 1288432
206 19125 40072 83 589195
207 19201 22929 139 270424
208 19277 22537 148 504192
209 19326 40453 94 738871
210 19429 50205 53 434023
211 19558 24446 11 20573
212 19594 41334 25 708855
213 19616 22142 44 147425
214 19830 31511 53 351212
215 19833 22121 87 71194
216 19872 35099 60 618349
217 20090 27907 48 167973
218 20179 27572 84 844679
219 20236 29367 6 24396
220 20518 30118 67 149814
221 20542 42377 92 1397022
222 20571 30840 88 219472
223 20579 47673 20 212928
224 20687 31006 111 470053
225 20706 22057 61 30084
226 20757 22149 73 29260
227 20813 23816 18 49352
228 21248 37498 6 62936
229 21500 36149 31 186554
230 21602 36801 54 200806
231 21612 36074 127 850239
232 21637 27403 41 132943
233 21660 48701 42 291384
234 21775 22742 8 3098
235 21799 35629 20 117613
236 21819 42571 80 364944
237 21843 25827 8 16146
238 21863 30349 59 81712
239 22003 39324 82 733642
240 22031 27178 6 17923
241 22082 28839 132 345121
242 22226 42094 14 169033
243 22321 24664 23 15509
244 22459 36791 82 913442
245 22497 30253 139 284365
246 22501 26397 6 10858
247 22518 56303 17 135843
248 22533 24934 107 246056
249 22570 34444 48 101539
250 22576 25966 15 28287
251 22580 23668 71 49076
252 22583 36738 6 14789
253 22635 63708 6 63150
254 22667 30279 117 166744
255 22771 23064 46 10584
256 22840 26595 5 10430
257 22906 30210 4 11266
258 22928 23352 4 1090
259 23029 25211 74 65579
260 23100 25174 145 285329
261 23113 29261 5 23405
262 23127 23440 140 13680
263 23160 50870 15 250129
264 23268 31123 131 165882
265 23273 28760 67 103639
266 23382 24601 75 89752
267 23600 29499 38 61262
268 23863 28016 48 42175
269 23987 25640 78 60186
270 24163 27002 21 54832
271 24457 44359 10 99394
272 24972 27290 64 113634
273 25002 37671 87 581139
274 25077 26912 122 79646
275 25353 30637 140 488087
276 25396 30887 76 180908
277 25688 48397 29 143852
278 25773 33070 18 52678
279 25779 55403 63 932197
280 25805 29098 13 25677
281 25899 28546 139 251633
282 26155 44399 8 58302
283 26274 32150 63 214866
284 26436 33637 6 12944
285 26459 31939 29 34436
286 26558 39622 11 16295
287 26645 28799 150 223870
288 26662 36848 44 142602
289 27057 54688 69 305982
290 27075 43569 94 380400
291 27168 31359 27 97002
292 27214 28907 25 27972
293 27380 32716 5 14173
294 27413 31898 136 447352
295 27491 43799 123 833870
296 27591 27784 147 19552
297 27600 43045 34 340414
298 28041 39494 24 193037
299 28137 45034 30 130731
300 28273 31949 35 91993
301 28290 28967 31 22348
302 28292 51292 85 763434
303 28308 37911 4 48772
304 28425 35257 149 294712
305 28524 37932 40 278397
306 28533 43726 24 95582
307 28631 41814 44 169978
308 28819 33969 146 281846
309 28921 29067 12 651
310 29006 33240 72 235994
311 29050 33907 7 9341
312 29215 59979 7 101959
313 29242 42005 40 240538
314 29454 31009 130 47937
315 29491 40020 136 1229406
316 29551 46925 102 1133460
317 29678 34426 5 7390
318 29817 33868 117 135269
319 30033 34848 69 103676
320 30041 35105 81 179322
321 30094 32788 9 5984
322 30095 31047 139 106601
323 30128 35901 89 318718
324 30306 40753 35 90900
325 30408 45235 37 80522
326 30439 33799 117 46280
327 30455 40334 35 71159
328 30475 31768 47 21389
329 30497 30969 13 2554
330 30528 33936 86 82133
331 30598 47077 89 437160
332 30958 37985 36 50692
333 30968 33662 56 118973
334 30973 36302 18 36166
335 30986 33934 98 72582
336 30988 31985 6 3040
337 31102 56997 69 532007
338 31209 46139 12 45263
339 31322 39376 20 41758
340 31432 34395 70 241196
341 31437 46136 30 325136
342 31461 38775 14 41037
343 31545 35719 103 155344
344 31576 38316 113 137497
345 31692 33213 16 20374
346 31930 39024 31 65882
347 32021 57559 11 176899
348 32227 44972 25 136073
349 32237 72219 24 239761
350 32248 33829 137 113204
351 32258 45849 14 132773
352 32261 36470 34 72545
353 32355 33047 29 6612
354 32392 35599 49 171117
355 32438 38431 90 579498
356 32449 35329 39 149740
357 32510 51084 18 79036
358 32525 42027 90 203941
359 32688 42641 107 880293
360 32749 33273 96 23677
361 32802 40997 9 25365
362 32857 42988 25 41455
363 33131 42374 4 9406
364 33271 43414 9 43231
365 33389 34960 11 7190
366 33441 40927 25 131251
367 33621 42800 56 240012
368 33746 56610 8 80121
369 33810 42697 79 356960
370 33913 42851 106 222663
371 33946 38867 8 11053
372 33973 38245 49 163923
373 34080 36343 26 6361
374 34089 44354 4 13267
375 34487 42774 72 322190
376 34503 52903 81 2294585
377 34699 40933 18 96079
378 34762 36654 30 20151
379 34780 35491 60 13524
380 34831 48544 51 150423
381 34841 43739 17 94570
382 34993 47007 84 193622
383 35005 48461 50 140642
384 35192 41137 121 255240
385 35260 40930 40 126781
386 35294 39382 138 495716
387 35344 70251 40 1014922
388 35394 44288 127 275751
389 35430 42205 140 380975
390 35507 37190 14 16586
391 35623 46345 55 141110
392 35664 39734 94 134434
393 35747 45826 4 26361
394 35752 37928 50 47327
395 35938 39602 9 13334
396 36010 51297 54 258106
397 36171 58347 8 80569
398 36248 41233 100 497757
399 36502 41197 45 85243
400 36534 61719 101 1730238
401 36836 46994 145 949035
402 36918 40053 118 268627
403 37042 47179 19 56123
404 37061 53800 13 91043
405 37104 42173 112 94079
406 37121 52046 5 25532
407 37161 38535 127 108009
408 37219 54687 94 354543
409 37319 48493 20 59379
410 37333 47221 23 74434
411 37351 61784 13 212863
412 37368 38370 21 30561
413 37427 45270 84 106301
414 37458 38116 65 28075
415 37658 47916 31 192706
416 37662 37940 26 2172
417 37663 42972 63 187371
418 37700 49305 12 112674
419 37805 39205 42 34928
420 37883 43778 51 139668
421 37886 49232 137 738735
422 37913 38166 60 5917
423 37934 46737 11 49557
424 38006 54808 44 197709
425 38023 38284 56 5701
426 38180 47255 13 61899
427 38366 40532 55 92492
428 38389 53065 50 547829
429 38425 50954 11 91082
430 38614 50862 111 1088039
431 38615 47592 12 55284
432 38845 56664 47 367340
433 38993 41787 6 4686
434 39010 40193 33 10159
435 39068 40999 8 5056
436 39083 45284 16 25931
437 39096 48912 143 771760
438 39203 46485 76 125488
439 39312 56832 123 1588979
440 39337 57686 71 568000
441 39369 40094 104 38385
442 39525 65642 43 893156
443 39584 43675 7 7537
444 39678 49543 4 9411
445 39865 42957 42 68885
446 39972 57369 5 71644
447 39991 43526 4 1680
448 40172 48289 63 221589
449 40242 44236 10 10467
450 40315 51138 15 181781
451 40333 61987 116 1174277
452 40355 67371 104 1461641
453 40480 45986 49 107646
454 40923 51222 137 542760
455 41113 42039 82 24751
456 41143 46357 30 28465
457 41151 53626 80 140984
458 41288 44615 31 52640
459 41291 44322 7 23132
460 41324 48718 50 141556
461 41402 52115 33 93630
462 41457 64807 105 1175753
463 41841 52996 129 522306
464 41875 93550 44 539010
465 42197 64977 14 47417
466 42295 58804 19 41171
467 42461 51682 16 56000
468 42555 49985 98 240557
469 42618 44199 96 29585
470 42725 56663 6 35383
471 42780 45459 93 217455
472 42890 48539 12 13751
473 42917 48376 20 95127
474 43025 44906 101 87008
475 43169 69567 29 681392
476 43275 45325 111 74639
477 43279 47740 58 180188
478 43328 46019 7 7616
479 43347 43752 11 3458
480 43498 44603 8 11017
481 43593 43991 55 9252
482 43615 44738 48 80429
483 43699 44141 7 981
484 43794 43980 55 7823
485 43861 57001 100 371509
486 44048 46153 58 33068
487 44126 59059 31 368609
488 44404 60008 110 613639
489 44440 44655 49 10677
490 44665 54428 121 659617
491 44676 47100 27 77356
492 44770 50794 61 371761
493 44892 79092 18 187268
494 44898 49550 36 53146
495 44917 53385 11 116452
496 44930 49067 61 228920
497 45301 50179 19 25679
498 45423 55030 109 273348
499 45431 45557 14 978
500 45463 57221 21 41011
501 45528 53159 130 354179
502 45535 64481 77 250193
503 45792 56884 17 35191
504 45863 46580 148 58344
505 45992 57735 84 481811
506 46021 62684 12 114591
507 46057 54576 146 287922
508 46104 47440 17 11954
509 46126 46242 99 10101
510 46232 49246 31 31073
511 46306 51676 24 29450
512 46411 51980 123 194909
513 46497 53004 24 57262
514 46774 48578 55 54015
515 46935 48484 18 11543
516 47061 52553 16 91271
517 47156 49897 17 15311
518 47228 47369 14 427
519 47235 48963 4 3122
520 47333 51761 29 28803
521 47364 61144 118 333305
522 47467 53865 97 330236
523 47660 56216 103 589993
524 47661 48260 101 30698
525 47788 48178 9 3726
526 47816 48572 76 42168
527 48124 63826 56 297095
528 48248 61761 39 302344
529 48280 50368 12 19610
530 48339 54676 9 14448
531 48354 70213 9 161933
532 48724 58816 121 186310
533 48824 82776 78 370508
534 48840 87933 59 321193
535 48868 50106 46 56419
536 48896 52686 45 69750
537 49011 60136 84 205381
538 49134 52838 96 106166
539 49238 63539 93 468953
540 49386 53931 49 131407
541 49457 54737 77 112870
542 49665 58587 18 37842
543 49674 63344 42 336730
544 50184 59230 109 286368
545 50234 57302 14 91230
546 50495 51763 21 27140
547 50552 76720 124 1806093
548 50601 52011 22 12746
549 50768 64154 18 121982
550 50823 57036 58 103957
551 51104 55312 25 32785
552 51209 54914 44 22366
553 51250 56609 120 253200
554 51390 54943 10 15385
555 51944 54327 22 15183
556 52123 89437 11 241292
557 52287 58902 46 100169
558 52528 52795 16 2130
559 52825 53046 10 911
560 52936 53768 36 10648
561 52987 61696 45 41896
562 53035 57477 88 206603
563 53128 77400 4 39958
564 53262 54462 10 8940
565 53267 69906 129 1229613
566 53321 62922 32 260153
567 53359 59973 127 582904
568 53399 72341 148 260404
569 53543 62412 95 265991
570 53829 59506 21 24866
571 53860 57921 109 250888
572 53882 64485 73 182328
573 53898 54912 71 42121
574 53968 77273 74 293776
575 53977 60305 75 104057
576 54226 76506 131 792552
577 54307 55655 51 29612
578 54581 56209 38 20827
579 54662 61332 91 179416
580 54714 54777 128 1302
581 54815 57924 100 639892
582 54862 56808 65 34505
583 54868 59887 31 77112
584 54873 60881 115 235799
585 54907 58210 52 112301
586 54958 56929 31 20208
587 55235 56092 106 52987
588 55266 59677 54 74561
589 55338 62033 149 1180172
590 55350 59760 97 186932
591 55554 68905 24 202677
592 55634 55978 37 11731
593 55703 61874 17 52724
594 55733 58997 5 7735
595 56045 56229 52 3269
596 56126 59118 136 64111
597 56132 70682 7 69773
598 56180 72031 14 131549
599 56272 77217 139 1852342
600 56480 60176 123 462714
601 56633 62979 56 313806
602 56682 58686 93 67615
603 56923 61254 89 135963
604 57093 88570 12 52351
605 57103 64925 92 390447
606 57129 69966 53 365614
607 57201 58774 113 83058
608 57217 58985 83 124319
609 57282 73017 27 163591
610 57359 88365 20 194462
611 57676 96737 54 270620
612 57858 63481 21 51018
613 57907 68703 37 62940
614 58049 62725 140 395589
615 58064 64537 29 66231
616 58089 65714 71 496704
617 58093 58758 75 37734
618 58118 63157 133 211795
619 58157 65804 96 778214
620 58198 62015 133 225772
621 58370 81886 76 798590
622 58551 63489 83 177685
623 58588 68016 7 41593
624 58749 59183 10 3592
625 58770 71952 93 451190
626 58918 61475 15 27172
627 58936 66109 5 40077
628 59023 83869 10 176498
629 59038 65697 12 31080
630 59042 62919 13 24737
631 59085 62044 31 31880
632 59218 63438 81 88542
633 59257 68256 111 1568669
634 59269 65353 8 35597
635 59305 59482 51 3503
636 59330 64791 112 571441
637 59365 61785 60 134942
638 59443 68139 135 388635
639 59533 67046 107 613443
640 59537 76177 114 1152691
641 59538 61687 33 19579
642 59660 79526 47 225633
643 60027 61902 56 22928
644 60065 94990 4 27916
645 60177 63013 74 114435
646 60322 62121 81 85438
647 60418 66251 44 357068
648 60468 65441 135 179760
649 60734 63329 66 190981
650 60755 71514 17 166915
651 60806 69556 25 52871
652 60900 66433 141 216912
653 60913 61162 11 1429
654 60957 88220 44 721696
655 61005 61363 103 14846
656 61035 67411 6 15572
657 61062 78809 46 256186
658 61112 74382 23 76497
659 61209 85429 15 105949
660 61229 63261 40 37570
661 61315 62104 14 13238
662 61436 70663 129 481395
663 61474 74679 81 320519
664 61502 65940 96 221454
665 61525 83818 20 131774
666 61526 70765 111 370210
667 61583 62787 93 133006
668 61615 72147 58 513907
669 61986 65974 77 75826
670 62024 67950 101 585959
671 62055 64397 85 60990
672 62073 63003 54 15049
673 62110 69625 99 260441
674 62139 70793 59 128751
675 62355 63062 5 3149
676 62553 69518 86 184205
677 62639 67415 111 233416
678 62721 71990 100 174784
679 62743 64100 47 35473
680 62866 73148 134 1123848
681 62980 91279 77 1271857
682 63067 66240 93 112203
683 63332 68040 93 239420
684 63415 64325 48 16199
685 63433 65244 86 99189
686 63439 75322 7 26572
687 63631 95557 53 1482605
688 63801 75075 60 654760
689 63945 71088 15 46437
690 63962 69761 6 8559
691 63983 70743 16 11994
692 64022 68926 131 315256
693 64115 65571 47 36457
694 64227 74764 86 85000
695 64405 69366 25 47498
696 64543 65758 5 1761
697 64558 66043 9 6739
698 64583 68952 128 251774
699 64795 74616 15 97338
700 64829 69178 7 21059
701 64935 68405 93 150839
702 64964 79430 58 440874
703 65008 88315 117 1045573
704 65017 75133 57 172175
705 65046 65278 55 6796
706 65067 65977 131 102484
707 65098 83865 61 495531
708 65386 75339 114 502422
709 65527 78510 104 230101
710 65672 66165 137 31261
711 65721 68011 29 41531
712 65740 67442 62 60991
713 65849 82609 86 1126246
714 66068 66586 129 68859
715 66216 71304 79 360155
716 66423 80547 95 1000735
717 66595 75167 89 499500
718 66630 70815 23 35232
719 66642 74063 50 176345
720 66717 67606 68 30799
721 66841 68646 54 67390
722 66848 78801 76 472854
723 66866 72191 27 50928
724 66936 82849 32 383463
725 66975 89268 126 505814
726 67225 67764 16 5665
727 67494 67708 35 5644
728 67681 75297 48 118240
729 67698 80093 8 13199
730 67862 68200 14 2881
731 67968 71591 94 107004
732 68026 69041 28 6722
733 68052 72093 64 115422
734 68078 77423 67 176189
735 68170 69791 118 72311
736 68413 70424 14 6734
737 68431 77037 27 96781
738 68449 73197 116 268308
739 68459 70436 145 139828
740 68661 75273 17 22684
741 68788 76142 65 309835
742 68789 84093 12 42428
743 68809 75037 10 44664
744 68835 72193 45 50004
745 68969 69002 125 4388
746 68970 72477 51 72250
747 69019 76835 104 992109
748 69182 73847 52 118274
749 69226 74042 148 232923
750 69268 82923 129 963892
751 69305 87067 22 92422
752 69314 71798 46 86439
753 69427 89217 50 320946
754 69429 69459 7 246
755 69537 77336 17 36139
756 69649 70038 116 30628
757 69676 71477 81 154046
758 69678 72878 6 21659
759 69756 75667 107 175460
760 69938 96577 35 224979
761 69939 71459 51 50676
762 70066 70177 4 89
763 70497 72617 32 49209
764 70556 84593 95 488611
765 70628 80604 36 90170
766 70697 86719 99 1925538
767 70882 75989 17 27870
768 70885 73369 11 24246
769 70920 95680 15 35135
770 70964 72996 14 72046
771 70965 74942 36 28445
772 71114 78139 7 55144
773 71210 72212 51 19425
774 71457 81564 131 967428
775 71520 75537 43 128005
776 71628 74593 68 121712
777 71726 72823 125 79176
778 71968 81766 38 603798
779 72064 76612 57 28051
780 72282 79479 112 565312
781 72343 74085 106 255185
782 72408 77882 50 142622
783 72573 74496 35 33200
784 72804 80280 83 404848
785 72953 98100 137 912073
786 73127 75502 123 38633
787 73198 78140 46 100243
788 73201 77248 44 189762
789 73209 90151 53 280504
790 73319 88563 122 444267
791 73378 87030 20 58843
792 73422 84533 128 1307494
793 73438 88093 24 59686
794 73477 73652 17 1174
795 73707 74756 143 119974
796 73903 80228 14 66784
797 73916 89064 8 22979
798 73957 81746 24 94595
799 74020 76250 49 51887
800 74124 77657 76 298940
801 74428 89248 147 1513730
802 74469 79122 9 10810
803 74537 86714 37 167640
804 74656 75846 15 6325
805 74688 76992 13 14080
806 74725 77957 101 51158
807 74786 81369 111 395994
808 74868 88254 23 274547
809 74870 83232 14 74781
810 74881 97668 66 414736
811 75022 80230 29 61395
812 75218 77537 97 276475
813 75254 75617 133 20925
814 75477 91842 76 911172
815 75486 97459 33 152533
816 75610 92982 90 488523
817 75655 83136 11 69104
818 75899 81200 148 440304
819 75918 84741 13 39542
820 76026 80179 46 31526
821 76327 90638 71 644638
822 76469 84944 11 13644
823 76681 77218 4 637
824 76850 78888 6 4992
825 76887 79970 14 30798
826 77052 94984 55 407943
827 77080 82435 10 22259
828 77087 93626 42 355362
829 77200 82360 52 63561
830 77227 78805 145 134800
831 77284 80576 58 133181
832 77310 81661 45 138325
833 77314 91151 77 331278
834 77384 80631 73 265812
835 77466 84888 92 301628
836 77599 89010 32 57228
837 77836 78513 145 19378
838 78101 79630 57 54159
839 78102 80192 103 133975
840 78485 89507 141 797063
841 78524 80531 20 25718
842 78621 79668 25 31352
843 78740 94450 20 167081
844 78918 80455 50 29688
845 78929 81193 88 41114
846 79096 83045 38 102133
847 79124 89916 19 122167
848 79273 87609 6 19183
849 79322 79507 142 15141
850 79406 84630 140 283117
851 79500 82003 105 124505
852 79517 80357 40 11200
853 79808 94904 15 41360
854 79810 89517 32 230522
855 80006 81630 30 11859
856 80106 88891 6 10701
857 80268 85938 26 54379
858 80545 81243 68 28620
859 80589 83042 24 31126
860 80748 97060 43 394486
861 80793 82201 13 7550
862 80954 96503 28 217912
863 81000 83708 134 208310
864 81063 90186 77 328301
865 81064 94419 130 905746
866 81084 96735 121 1053064
867 81089 87978 106 200657
868 81222 93057 34 148168
869 81308 88463 58 219888
870 81544 83503 38 26723
871 81760 89450 144 612245
872 81865 82555 74 36655
873 82030 89650 127 192337
874 82042 86199 109 202775
875 82141 91742 4 11851
876 82271 83630 81 47026
877 82316 93766 20 159469
878 82409 84773 25 22360
879 82418 84239 22 26863
880 82471 82747 139 29961
881 82550 88580 122 351020
882 82556 90601 7 25653
883 82947 97295 11 53093
884 82965 83530 17 6753
885 83027 85471 8 6034
886 83044 84736 15 8363
887 83067 98026 146 1389107
888 83204 87411 23 43690
889 83216 84945 19 12671
890 83225 83258 125 3860
891 83400 97868 17 120042
892 83403 91388 134 514586
893 83434 92231 55 155754
894 83519 89773 33 51020
895 83692 91325 39 65554
896 83800 92047 21 73507
897 83916 88899 130 150450
898 83976 95117 5 16854
899 83987 99161 42 236018
900 84134 89368 33 62806
901 84165 85785 65 27734
902 84223 93421 53 83079
903 84245 87724 74 152160
904 84321 91596 10 43825
905 84344 86165 11 4187
906 84463 91478 108 489826
907 84546 87146 78 57664
908 84652 85275 10 3621
909 84843 90825 21 48761
910 84853 84905 28 1155
911 85329 89561 135 249635
912 85372 97886 141 882600
913 85414 95588 18 59760
914 85542 88635 126 97808
915 85622 90495 94 1030508
916 86030 92273 15 29408
917 86160 97986 7 11327
918 86177 90372 7 10156
919 86350 91937 94 126775
920 86354 98864 8 20066
921 86426 86892 74 6600
922 86592 88380 33 28879
923 86738 98887 114 357375
924 87090 94059 13 10244
925 87092 92598 17 45219
926 87201 89162 20 9281
927 87731 90039 15 13182
928 87959 89367 24 74739
929 87961 89240 76 131499
930 88018 91070 68 98749
931 88269 98241 6 14011
932 88308 88452 19 725
933 88322 94992 62 395192
934 88569 93950 142 141922
935 88736 90461 104 57356
936 88766 97141 83 873802
937 88864 90508 8 8299
938 88954 97801 77 348757
939 89037 93408 7 13860
940 89040 96686 7 14159
941 89329 89467 123 12070
942 89428 91717 41 84207
943 89480 97357 25 72244
944 89497 99318 125 739769
945 89698 91078 15 7274
946 89786 91105 6 2692
947 89940 94818 78 46109
948 89953 91003 67 28711
949 90253 94936 14 16724
950 90300 93615 91 310160
951 90307 91293 74 45965
952 90491 99663 73 580170
953 91013 97664 14 21123
954 91164 92735 118 81905
955 91212 92017 130 29906
956 91312 93537 99 53994
957 91408 99760 36 151847
958 91776 95209 23 21860
959 91906 93112 71 35587
960 92080 95501 14 18304
961 92240 95442 59 118386
962 92344 98156 124 562338
963 92548 94628 107 27735
964 92707 95040 147 69944
965 92797 99980 6 25891
966 92803 94018 145 112737
967 92806 96396 130 363736
968 92893 92916 120 2778
969 92937 93772 24 6792
970 93086 95687 121 133933
971 93087 99059 99 231484
972 93109 97779 70 206788
973 93149 95711 74 89160
974 93155 97351 8 16808
975 93240 98097 112 236607
976 93241 96714 128 160988
977 93488 97042 20 25590
978 93566 94714 67 37953
979 93755 96439 42 18006
980 94096 96711 49 106743
981 94150 98511 109 390887
982 94169 95726 149 118945
983 94247 95554 137 177146
984 94248 96717 85 56920
985 94294 98906 25 18956
986 94339 95689 15 5612
987 94343 98443 9 20500
988 94373 95649 54 24109
989 94838 95511 33 20653
990 94854 97640 115 397193
991 95495 96045 120 43096
992 95580 95886 111 9249
993 95602 97702 9 3075
994 96212 97517 8 13508
995 96302 99494 140 360141
996 97059 98848 100 42740
997 98761 98873 23 1685
998 99010 99847 131 73621
999 99447 99942 89 20581
