50 1000 0.100
..................#...............................
..................#...............................
.................##...............................
.................#................................
..................................................
..................................................
..................................................
..................................................
......##..........................................
.......#..........................................
.......#..........................................
..................................................
.........#........................................
........##........................................
.......##.........................................
..................................................
..................................................
..................................................
.........#........................................
.........#........................................
.........#.........####...........................
...................##.............................
...................#..............................
..................................................
..................................................
..................................................
..................................................
..................................................
..................................................
..................................................
..................................................
..................................................
..................................................
.......................................##.........
..................................................
..##..............................................
...###..................................##........
.......................................##.........
........................................#.........
..................................................
..................................................
...........................###....................
............................###...................
..................................................
..................................................
..................................................
..................................................
..................................................
..................................................
..................................................
0 75 11138 25 74711
1 173 411 36 3254
2 188 2902 37 155225
3 216 1605 5 21279
4 218 7891 103 214464
5 335 3106 55 61311
6 495 1928 42 90113
7 613 3283 34 42253
8 790 16916 149 772164
9 800 1925 29 3874
10 992 2315 147 72866
11 1016 4426 50 41574
12 1038 1636 17 4011
13 1123 9919 32 38971
14 1347 2205 25 46191
15 1349 2323 33 34808
16 1367 10861 92 470537
17 1459 4521 21 33869
18 1461 6047 101 58956
19 1645 2115 24 11909
20 1754 2447 94 60167
21 1756 10810 7 36790
22 1814 10522 120 258141
23 1950 2338 58 26425
24 2410 15359 92 1113637
25 2658 30841 61 575156
26 2696 9417 74 90082
27 2736 6647 67 149746
28 2805 4787 43 9671
29 2895 8905 74 265099
30 2998 10759 70 174268
31 3064 5195 55 61513
32 3210 5666 6 10482
33 3523 7575 49 80061
34 3588 6123 127 198525
35 3624 6732 9 10109
36 3703 21649 66 382191
37 3821 13749 20 104709
38 4040 6165 145 79905
39 4252 14640 70 301483
40 4272 4371 55 2465
41 4401 13572 93 320012
42 4434 7056 41 70312
43 4451 24240 130 928370
44 4477 23867 15 82518
45 4576 9633 12 25616
46 4579 22779 125 633667
47 4649 6531 63 86714
48 4780 12725 121 229749
49 4820 22592 35 222957
50 4884 21354 95 1218259
51 5052 10028 52 81794
52 5228 5354 135 11983
53 5413 7259 31 20680
54 5568 14027 134 249372
55 5581 5762 19 884
56 5601 14223 134 751937
57 5652 17801 16 74868
58 5803 11478 87 642016
59 5923 6031 31 2113
60 5973 9738 4 9610
61 6030 9048 27 19091
62 6098 17410 18 38618
63 6114 11777 7 13147
64 6188 7162 28 18594
65 6315 6508 46 5515
66 6351 6694 117 18251
67 6443 8358 39 14936
68 6480 9355 27 28905
69 6551 6878 116 31980
70 6554 12474 98 175654
71 6556 10768 43 120399
72 6628 12758 41 162495
73 6651 20562 63 174979
74 6779 10363 14 43000
75 7094 14450 12 51510
76 7096 12025 5 8059
77 7172 30684 56 132447
78 7215 19514 25 104127
79 7274 13247 11 17969
80 7321 8013 38 15526
81 7394 11845 142 296794
82 7584 19410 10 23430
83 7617 17947 135 1938991
84 7675 13549 89 224137
85 7693 8878 18 8790
86 7818 13045 6 12581
87 7829 8523 39 15644
88 7840 8642 55 12807
89 7854 11516 56 97990
90 7856 8329 11 2753
91 7916 28574 7 112393
92 7938 8063 120 34288
93 7984 8373 4 5563
94 8030 20454 9 74241
95 8158 12214 5 10550
96 8170 13528 31 42328
97 8256 19263 97 274296
98 8413 10030 20 15631
99 8427 22951 45 425206
100 8502 18386 89 789505
101 8536 15585 60 180267
102 8695 8751 49 834
103 9174 13477 148 189228
104 9203 10181 134 32378
105 9515 15473 39 188520
106 9611 12649 86 111400
107 9659 12077 26 36991
108 9787 20519 92 361501
109 9836 14269 142 181334
110 9942 25665 97 1240777
111 9951 10755 54 19709
112 9976 11418 39 7988
113 10058 10843 10 9958
114 10189 25659 73 736035
115 10375 14552 80 57347
116 10462 20140 105 140685
117 10494 12257 42 33718
118 10524 20551 133 637205
119 10801 22407 64 328115
120 10870 14888 105 187855
121 10942 12069 110 69327
122 11007 16736 127 88472
123 11049 11750 8 4256
124 11091 15935 102 203270
125 11109 12128 32 20682
126 11154 21421 124 223767
127 11486 12337 15 4447
128 11717 15528 123 292846
129 11834 16183 70 71327
130 11898 15430 25 11879
131 12193 15266 63 69964
132 12240 20553 66 172312
133 12302 32365 8 197473
134 12317 26363 40 286673
135 12492 21286 11 49453
136 12544 16379 9 9485
137 12628 17557 132 220198
138 12750 15432 25 33963
139 12864 17025 109 250473
140 12877 22849 9 29835
141 13033 16491 22 25539
142 13147 18921 59 114541
143 13160 14417 14 9787
144 13179 22267 67 228442
145 13185 15730 18 13218
146 13259 13476 21 1201
147 13392 20424 38 59499
148 13750 19325 148 229922
149 13799 13884 24 606
150 13823 16770 113 96369
151 13844 21045 31 79841
152 13978 17867 114 235631
153 14000 18377 101 159303
154 14354 17908 134 219898
155 14373 15923 104 51013
156 14416 22117 31 63814
157 14478 17320 85 155100
158 14595 17633 26 31186
159 14691 24436 39 114630
160 15119 18450 32 61172
161 15195 17371 97 84384
162 15208 17872 43 37058
163 15301 18651 138 183309
164 15458 17787 41 103839
165 15480 17673 11 13102
166 15806 16738 14 8240
167 15811 24234 77 161597
168 15902 19470 90 177490
169 16427 52495 135 311963
170 16448 19982 50 61410
171 16553 23330 106 235086
172 16709 24107 64 198706
173 16809 22665 35 91258
174 16810 18055 9 11288
175 16813 42562 47 225856
176 16816 21782 149 245637
177 16856 18794 46 56816
178 16926 24200 79 155835
179 16934 45086 35 317209
180 16980 21407 107 173633
181 17194 29826 5 22375
182 17509 24488 66 143184
183 17680 34121 28 86924
184 17836 24902 70 480719
185 18023 36339 5 40077
186 18075 19936 64 91559
187 18077 18220 57 5754
188 18087 19670 48 24730
189 18102 18946 147 52507
190 18206 21801 10 41440
191 18244 22684 13 10659
192 18285 18589 85 17699
193 18454 27425 28 77916
194 18459 29763 27 64679
195 18619 28456 35 110323
196 18627 20441 52 38313
197 18669 24791 6 7440
198 18825 38179 87 347684
199 18834 43213 42 510461
200 18858 23372 40 62915
201 19326 19797 18 11101
202 19370 19506 16 783
203 19421 25397 21 16216
204 19455 20427 16 6705
205 19532 33207 12 94053
206 19556 30718 137 703800
207 19568 19944 142 7742
208 19609 27632 150 647737
209 19728 37350 146 588658
210 19738 22768 119 138094
211 19838 29082 19 40714
212 19853 21529 95 67784
213 19925 21059 48 76876
214 20019 22500 93 70563
215 20050 24038 53 94697
216 20068 20648 6 2095
217 20378 25145 16 50547
218 20745 30578 12 63184
219 20821 29676 108 243578
220 20888 23509 120 330987
221 20943 24441 74 216396
222 21083 23638 37 56901
223 21223 25055 16 33174
224 21310 28687 66 99883
225 21429 32682 5 21258
226 21554 24843 9 14918
227 21559 25677 110 164225
228 21574 26822 119 158301
229 21660 22977 28 11067
230 21764 23912 109 39694
231 21957 27030 45 62324
232 22048 28123 102 87462
233 22058 31538 58 198768
234 22152 26903 13 26499
235 22288 30979 34 103491
236 22297 28724 125 207658
237 22327 26815 64 132582
238 22375 23221 9 6644
239 22426 27137 65 66067
240 22612 39783 80 299724
241 22845 28510 117 40015
242 22969 23450 8 1660
243 23023 27044 30 47887
244 23148 23416 10 1752
245 23211 25568 18 20596
246 23241 50178 75 702150
247 23315 25368 24 13130
248 23383 25676 32 19572
249 23782 31824 48 119639
250 23870 30077 116 176324
251 23915 26672 60 21554
252 24128 27448 100 240627
253 24244 25070 8 3210
254 24408 25025 132 58245
255 24435 30214 87 271594
256 24610 32316 141 444487
257 24765 25282 21 8576
258 24824 31805 15 25960
259 24918 46924 61 517632
260 24969 37869 16 46539
261 25127 26842 60 57448
262 25147 25796 143 96584
263 25385 26979 27 17367
264 25417 37005 11 83371
265 25591 30857 126 190180
266 25691 37879 140 474801
267 25729 27312 27 6841
268 25779 27288 10 7134
269 25862 38603 8 37346
270 25903 30301 24 41592
271 25997 32735 86 368617
272 26165 32286 97 364306
273 26260 59247 128 814313
274 26349 39478 5 41662
275 26359 28117 59 105694
276 26388 38660 17 73515
277 26416 33639 7 47543
278 26450 50845 36 168541
279 26493 36593 133 418434
280 26622 34032 58 118025
281 26638 30143 18 53361
282 26660 27385 124 30317
283 26729 31456 25 45214
284 26782 36680 77 261118
285 26803 39724 15 92273
286 26845 40597 64 451194
287 26961 33379 33 139616
288 26993 28470 122 84864
289 27006 33110 26 60532
290 27086 30296 11 45883
291 27090 35932 27 167864
292 27111 31074 86 169633
293 27154 27852 106 13279
294 27203 28158 69 38418
295 27261 28818 29 17470
296 27319 41470 12 77674
297 27605 28682 112 46253
298 27694 38387 13 44638
299 27699 37632 106 263350
300 28004 32790 10 20131
301 28019 34595 109 209138
302 28081 32288 12 9078
303 28178 52418 105 1612078
304 28274 29226 48 24645
305 28290 44075 56 431780
306 28378 30398 5 6094
307 28382 42111 22 184707
308 28452 31191 117 188670
309 28706 60469 113 1122891
310 28729 30606 123 49119
311 28737 31061 37 53166
312 28794 32262 56 258768
313 28933 32385 29 82503
314 28999 36832 124 237284
315 29013 39956 61 382847
316 29176 30291 86 57594
317 29223 30651 102 73926
318 29302 38632 11 31863
319 29448 35200 44 63619
320 29558 42067 100 544028
321 29650 34994 117 185482
322 29681 33039 150 152932
323 29713 53035 37 426067
324 29757 33570 5 11815
325 29968 39590 124 267043
326 30084 41921 79 397868
327 30157 30839 109 26006
328 30161 35745 16 34026
329 30165 35604 71 275348
330 30187 33787 61 94141
331 30191 43589 16 105840
332 30239 47284 16 211728
333 30267 34628 95 221248
334 30320 44886 17 127591
335 30599 31637 104 40243
336 30773 44725 9 72752
337 30856 38589 40 137821
338 30940 33679 43 36974
339 31029 32586 105 44186
340 31129 37542 148 393852
341 31190 32750 91 98075
342 31258 32503 45 30540
343 31688 35768 7 22486
344 31731 31866 24 976
345 31816 47110 4 16202
346 31908 35237 55 59632
347 32038 33660 149 67354
348 32079 41034 12 92274
349 32135 38181 7 16812
350 32173 36906 112 276408
351 32180 46041 5 30124
352 32373 38089 38 88712
353 32396 40422 45 45962
354 32643 37716 102 183857
355 32720 43058 15 35069
356 32985 48460 103 566266
357 33050 35758 10 20368
358 33075 34784 95 49851
359 33139 39374 24 39046
360 33574 40942 57 179319
361 33640 34034 21 4888
362 33782 53094 92 556758
363 33831 44326 51 403574
364 33868 40473 25 51373
365 33881 36263 96 125178
366 34014 40209 93 304687
367 34031 44053 21 155490
368 34083 47455 102 964009
369 34341 52266 75 1109454
370 34398 38767 49 32116
371 34510 43171 8 74855
372 34630 34713 5 83
373 34761 42357 19 37178
374 34763 42337 124 233816
375 34838 47157 121 261030
376 34905 38124 129 125828
377 35018 52953 9 20519
378 35025 44955 90 179977
379 35078 47737 137 577631
380 35100 51223 132 1598903
381 35196 41607 6 20507
382 35201 49761 82 518493
383 35245 35385 134 12851
384 35274 37831 9 9770
385 35481 48030 65 287534
386 35547 43203 71 580869
387 35574 38462 36 24775
388 35613 36531 91 58174
389 35680 36498 100 78816
390 35805 35998 11 1237
391 35893 38323 121 53391
392 35934 59091 89 387363
393 36069 36924 13 9425
394 36093 44586 81 290217
395 36112 49344 22 90249
396 36243 38866 10 22938
397 36298 41029 14 20907
398 36418 39559 21 21411
399 36645 51731 59 868022
400 36678 38019 96 51665
401 36723 37425 94 39501
402 36756 38689 116 64918
403 37067 54204 61 224851
404 37073 41434 44 152292
405 37085 41213 9 31485
406 37155 37312 26 1300
407 37428 41578 68 60522
408 37437 40684 37 67759
409 37647 39073 49 40506
410 37737 48376 105 633022
411 37772 39311 6 2292
412 37948 42992 91 112576
413 37997 39496 111 54051
414 38043 46367 7 18384
415 38097 40449 20 50346
416 38303 50894 67 157428
417 38389 38511 22 1841
418 38403 39074 84 11649
419 38459 39488 126 21406
420 38621 42078 33 50280
421 38658 39865 97 46108
422 39205 40149 95 58134
423 39233 41414 47 65281
424 39314 40727 37 18912
425 39325 49455 17 50047
426 39328 41923 94 111483
427 39329 39528 24 2650
428 39433 39578 75 11284
429 39589 44141 36 42816
430 39602 42071 5 8898
431 39603 65400 21 152111
432 39624 43995 138 232715
433 39869 41674 83 158503
434 39919 40217 32 9278
435 39925 48258 94 939091
436 40020 45329 35 84410
437 40097 55540 33 226004
438 40118 44182 53 190240
439 40199 67453 6 48896
440 40219 52832 8 39093
441 40425 41042 26 13280
442 40446 40532 128 8239
443 40491 49098 114 335237
444 40543 41453 6 1012
445 40553 42000 9 8564
446 40577 51497 90 266819
447 40595 59165 54 909767
448 40652 47074 79 435217
449 40851 45565 11 12334
450 41016 53705 74 532655
451 41103 44711 10 11154
452 41407 42810 11 11519
453 41743 43357 76 96845
454 41809 43113 39 19136
455 41999 50983 30 77371
456 42145 58800 119 620353
457 42268 48333 136 116434
458 42344 65077 4 22402
459 42433 45026 103 97806
460 42558 60754 138 881470
461 42651 43978 99 33260
462 42740 66979 132 482929
463 42956 45612 36 38394
464 43133 43560 9 1756
465 43475 60528 81 551570
466 43582 47871 89 135192
467 43707 46303 98 207128
468 43791 47068 29 63907
469 43905 49314 73 95206
470 44033 65722 18 117658
471 44037 54847 139 929341
472 44090 44097 117 269
473 44312 45697 20 7253
474 44383 44620 49 5881
475 44406 44646 15 1412
476 44461 50226 37 96092
477 44596 48796 12 22980
478 44682 45731 4 876
479 44683 48234 128 338362
480 44695 53482 87 321007
481 44832 46425 19 22666
482 44959 53937 29 75564
483 45099 45706 60 26983
484 45139 51697 29 75033
485 45151 62239 8 47088
486 45417 53641 96 197326
487 45541 54755 16 145803
488 45648 47815 122 225518
489 45812 75476 4 47944
490 45873 45884 148 1726
491 45876 45893 8 43
492 46000 51883 72 193422
493 46075 57430 39 372923
494 46298 49407 13 8789
495 46427 48129 71 56631
496 46433 47851 138 247185
497 46626 51744 62 61156
498 46647 49144 29 54921
499 46682 68093 137 692732
500 46750 58503 97 285356
501 46815 58569 63 1167551
502 47001 47346 30 10527
503 47150 47949 48 15962
504 47194 50659 9 14513
505 47207 56321 145 498528
506 47301 48255 9 12514
507 47350 49759 9 8196
508 47354 52146 149 289845
509 47392 48809 26 33094
510 47404 48983 62 43063
511 47549 49316 58 52222
512 47566 47788 77 16857
513 47653 53289 109 192259
514 47678 57231 98 235365
515 47688 64090 7 84706
516 47806 50560 45 65624
517 47878 53247 128 283424
518 47939 47944 27 242
519 47966 50172 40 48213
520 48083 58670 16 30521
521 48118 49569 103 97858
522 48133 49327 60 37900
523 48166 59859 114 919604
524 48174 52662 69 133031
525 48244 51831 87 208242
526 48325 57601 120 258038
527 48471 51354 146 153441
528 48476 52153 40 39402
529 48495 49162 88 11943
530 48507 51340 109 161403
531 48510 55480 140 285088
532 48738 49789 120 78004
533 48924 60661 136 705141
534 49198 71385 39 482482
535 49292 59787 38 203174
536 49302 62752 12 56623
537 49362 53131 35 55459
538 49401 77805 119 766180
539 49411 50680 38 11705
540 49429 50458 45 14584
541 49473 54823 34 78565
542 49503 80844 6 87227
543 49506 61684 10 28206
544 49514 60950 81 234232
545 49638 64314 39 246699
546 50056 52572 5 7424
547 50084 50593 66 6016
548 50120 65256 37 177187
549 50232 54609 95 297252
550 50307 56586 5 13062
551 50513 51290 5 5258
552 50577 59666 43 416583
553 50617 61640 23 55441
554 50712 58243 12 50177
555 50865 52167 20 8783
556 51073 56239 68 121969
557 51093 57223 17 53051
558 51128 54439 81 116804
559 51195 54335 43 51167
560 51221 56129 145 140652
561 51363 51466 26 1370
562 51646 52506 9 4229
563 51766 56706 86 345848
564 51777 62190 131 561113
565 51801 61312 91 784173
566 51824 59140 105 314067
567 51858 54420 143 91136
568 51863 60548 39 280930
569 51872 64575 93 607588
570 51900 75733 33 158145
571 51952 52972 37 33300
572 51954 52158 130 17450
573 51972 59775 29 35219
574 52238 55054 92 192804
575 52496 56830 42 31173
576 52735 62137 10 73323
577 52898 57251 38 136024
578 52912 58638 90 244598
579 53026 63508 44 152810
580 53101 61980 57 549860
581 53109 55262 109 149551
582 53144 66182 49 385457
583 53152 54695 139 105788
584 53225 58589 137 196016
585 53311 69072 56 494188
586 53479 55383 95 110175
587 53542 56873 121 97601
588 53680 57290 68 60202
589 53692 54931 13 9097
590 53699 53745 33 942
591 53766 56562 62 342517
592 53777 54448 17 12077
593 53837 55105 41 8436
594 53883 77272 76 993043
595 53893 69292 61 453260
596 54043 57174 17 22909
597 54211 73766 51 182419
598 54290 54721 21 9452
599 54309 63640 9 31236
600 54566 56870 146 136724
601 54592 57057 19 30879
602 54910 76315 114 526577
603 54997 64753 28 270998
604 55013 55289 71 24156
605 55106 62851 54 140405
606 55220 60762 10 12143
607 55340 62708 66 127965
608 55779 57370 16 5005
609 55956 74935 18 90735
610 56105 70258 104 634888
611 56119 58128 5 4094
612 56328 61909 108 165884
613 56344 56439 27 1864
614 56449 59370 41 47223
615 56538 63277 138 247697
616 56801 58197 121 101234
617 56854 71835 125 780829
618 56924 61428 30 26234
619 56997 57024 110 1388
620 57140 60347 10 45301
621 57312 63827 11 42951
622 57366 60285 127 189376
623 57367 60893 148 172089
624 57425 58581 15 13524
625 57559 71616 49 88318
626 57648 60834 52 75589
627 57663 69467 40 87226
628 57677 61832 28 25535
629 57825 65205 21 94274
630 57877 61778 24 25222
631 58017 76682 31 194660
632 58274 68590 92 427167
633 58389 58680 116 74571
634 58393 73908 26 470980
635 58429 60470 38 38280
636 58614 63145 36 75689
637 58678 60788 80 142720
638 58751 62593 109 75113
639 58880 60447 96 52870
640 58995 79416 15 92594
641 59497 68763 62 182528
642 59510 67126 13 23507
643 59587 61425 91 171581
644 59648 66903 139 235959
645 59716 72390 95 623023
646 59732 75003 54 431326
647 59752 69350 6 16211
648 59809 63861 131 431068
649 59927 61538 108 41419
650 59932 68119 19 79498
651 59982 60270 25 1797
652 60108 68342 39 70756
653 60143 60524 111 44417
654 60201 60962 12 5803
655 60226 61513 64 25069
656 60421 83945 34 248900
657 60510 64898 9 4736
658 60529 62341 75 55999
659 60537 61122 26 13604
660 60557 61376 86 46855
661 60625 72087 30 147863
662 60633 69886 56 454386
663 60787 65298 142 246533
664 60959 62245 75 36529
665 61048 69388 140 585369
666 61163 61229 41 1112
667 61314 64909 49 94522
668 61357 62154 107 41828
669 61430 70044 9 34927
670 61437 66896 7 33408
671 61472 64855 74 78399
672 61807 65041 22 29731
673 61911 62456 18 4793
674 61967 62525 105 14471
675 61986 68316 23 34764
676 62125 65582 46 47910
677 62128 66235 25 67686
678 62325 67340 61 172339
679 62569 65173 78 105549
680 62586 71321 7 12431
681 62868 65984 120 57985
682 62976 63698 12 7577
683 63272 77643 65 180163
684 63317 65763 102 103207
685 63507 69089 70 189741
686 63541 73677 57 76630
687 63577 66866 51 123171
688 63719 65482 21 9749
689 63736 78961 8 52346
690 63748 64958 143 97482
691 63762 67521 135 171199
692 63796 73962 136 391341
693 63883 70776 66 150895
694 63897 78546 36 206802
695 63917 74333 33 85839
696 63929 68429 8 15378
697 64082 70665 135 322832
698 64088 66397 41 21286
699 64122 67934 22 71972
700 64163 66840 142 98053
701 64287 77189 58 211567
702 64384 70312 72 251138
703 64525 68363 31 65704
704 64540 73360 136 542428
705 64580 64722 98 11687
706 64615 65358 131 139021
707 64689 66261 5 4936
708 64744 74761 42 172445
709 64748 71733 75 279918
710 64921 91130 120 642241
711 64980 65663 60 12409
712 65015 66634 78 51290
713 65051 77632 6 54575
714 65412 67844 77 80004
715 65424 66695 21 25336
716 65625 78222 124 673574
717 66273 69721 12 18050
718 66282 71308 122 183834
719 66455 74235 25 115316
720 66763 67295 16 6663
721 66822 67559 28 7332
722 66948 70036 60 57536
723 67200 73774 48 80471
724 67202 79109 66 469031
725 67310 69860 43 46100
726 67408 73573 15 63723
727 67418 68034 23 3504
728 67554 74742 28 35393
729 67600 68509 139 17040
730 67661 74959 8 14241
731 67677 79796 68 190596
732 68015 74521 28 90795
733 68226 74309 10 21442
734 68264 70013 18 34590
735 68569 69123 10 4090
736 68744 82093 27 110919
737 68767 69338 124 14083
738 68777 87266 27 259040
739 68839 70105 57 113394
740 68924 69282 6 663
741 69090 78342 12 63329
742 69244 69699 84 9432
743 69405 72382 14 70674
744 69532 71218 5 1411
745 69670 70543 29 8998
746 69810 78226 10 44456
747 69873 82275 96 1250885
748 70046 82755 29 436816
749 70203 83288 141 1297203
750 70374 86956 105 1757036
751 70669 72447 9 7976
752 70814 73767 40 56362
753 71013 73828 87 79361
754 71140 86415 108 2329628
755 71425 73761 11 6421
756 71481 75192 33 63176
757 71488 71605 41 2470
758 71499 73954 7 11910
759 71844 76036 22 63361
760 71907 77212 111 306332
761 72030 73859 37 53295
762 72103 74101 135 54195
763 72140 80532 93 155831
764 72283 73199 122 45640
765 72387 74814 53 64582
766 72405 77267 6 26942
767 72427 76512 6 13154
768 72532 77656 14 12360
769 72600 90441 10 200856
770 72640 79322 20 89397
771 72686 91769 66 472007
772 72780 74537 42 112559
773 73074 73858 17 6640
774 73105 86022 111 1092830
775 73129 73865 21 3947
776 73188 83201 15 58277
777 73195 77539 57 99526
778 73406 85850 49 222562
779 73483 78712 132 270936
780 73504 73721 57 5333
781 73521 73722 18 1574
782 73565 91733 105 1847167
783 73642 85544 4 11058
784 74083 75689 31 15717
785 74085 78166 79 136914
786 74202 74656 122 28767
787 74203 85429 70 451209
788 74314 77809 10 14832
789 74331 78385 57 240852
790 74379 79500 84 311449
791 74504 80461 120 279459
792 74650 75635 6 2675
793 74657 86596 17 68340
794 74823 78608 44 79423
795 74872 89529 45 115805
796 74928 83593 21 31727
797 75167 78856 40 40776
798 75229 78447 43 57581
799 75307 81191 70 216785
800 75351 80450 10 39964
801 75385 89152 112 1903154
802 75526 77040 26 6963
803 75697 78197 14 14064
804 75890 79764 48 105280
805 75915 80938 149 159493
806 76059 92003 23 138482
807 76222 77096 112 79746
808 76227 78039 144 89147
809 76342 85525 60 278691
810 76422 97553 143 3553339
811 76443 89318 33 656546
812 76559 83344 77 159882
813 76687 77116 109 16837
814 76776 91743 137 416761
815 76796 77147 68 8501
816 76932 82376 6 7947
817 77086 89960 57 323395
818 77158 96446 10 133035
819 77176 80402 39 74173
820 77210 79864 50 73012
821 77260 80500 74 216281
822 77391 78618 13 1907
823 77424 77465 70 1020
824 77459 78252 17 3791
825 77471 82541 135 205789
826 77651 83394 30 158293
827 77681 80422 65 78617
828 77696 82315 6 16988
829 77791 84561 107 209912
830 77860 82837 127 418752
831 77919 99887 137 3933367
832 78152 78284 5 768
833 78174 85190 68 292960
834 78501 82977 35 105127
835 78538 79025 19 3744
836 78764 80560 150 108968
837 78778 82249 7 2671
838 78804 85990 15 96326
839 78844 90716 143 492303
840 78869 96441 17 370636
841 79120 83433 13 34588
842 79157 83154 72 167411
843 79235 86867 71 113846
844 79295 79336 49 706
845 79365 93348 18 101837
846 79404 93377 72 602009
847 79488 87103 80 296817
848 79489 84358 5 5570
849 79502 85443 43 102821
850 79645 81026 12 3010
851 79747 80338 47 21437
852 79908 83961 21 6104
853 79935 88435 12 122108
854 80022 94160 18 122881
855 80294 91654 16 82075
856 80339 80942 8 655
857 80340 88077 72 698181
858 80342 84725 10 16764
859 80525 89893 45 81527
860 80570 80639 84 3553
861 80613 85723 77 92292
862 80629 82510 101 46984
863 80683 87249 21 45759
864 80710 89198 5 21972
865 80791 90941 119 276157
866 81015 81064 120 5698
867 81202 89400 6 9581
868 81334 83910 34 29462
869 81471 87262 99 869799
870 81483 81845 8 755
871 81584 81923 136 60127
872 81617 84531 21 34808
873 81686 82196 70 10125
874 81703 88909 96 306558
875 81704 88412 105 236654
876 81772 85651 24 22978
877 81793 87804 68 120311
878 81823 84059 144 135161
879 81945 86768 27 38694
880 82050 83156 141 49253
881 82061 82435 131 84961
882 82400 83659 56 33447
883 82569 88178 119 178222
884 82607 83974 27 10130
885 82632 83363 5 2305
886 82634 88395 119 469756
887 82635 82729 6 282
888 82712 85080 135 108326
889 82818 84071 93 41547
890 82912 83382 33 4721
891 82941 85775 85 54442
892 82976 84296 52 36597
893 82990 88696 123 627080
894 83114 84323 23 10063
895 83126 93096 12 46964
896 83271 98119 5 24600
897 83285 84530 33 37946
898 83325 95674 80 529144
899 83329 83828 46 16813
900 83458 87297 32 36014
901 83564 83727 125 16071
902 83572 85836 11 11563
903 83691 88701 91 140663
904 84126 85916 141 128145
905 84158 84263 34 3838
906 84164 97137 69 402408
907 84190 85440 35 17778
908 84300 86430 122 92321
909 84411 91636 142 138174
910 84660 87853 139 136564
911 84703 96313 29 187551
912 84876 97019 15 147275
913 84901 87752 14 25780
914 85103 85178 42 659
915 85137 86429 31 11186
916 85237 86776 128 224813
917 85274 87277 79 58755
918 85327 86641 109 35246
919 85491 87665 11 18464
920 85628 96297 115 412243
921 85676 99243 67 364804
922 85852 89648 21 51429
923 85904 88545 114 154709
924 86062 89421 5 4299
925 86066 87776 142 89370
926 86099 86375 34 5984
927 86245 87197 10 5622
928 86251 95104 5 21906
929 86258 92941 6 14290
930 86266 88912 30 39167
931 86389 86482 46 3214
932 86611 87807 34 32692
933 86643 87589 95 63572
934 86660 87014 79 11547
935 87113 89991 12 27618
936 87227 99637 10 22685
937 87404 88947 97 34049
938 87745 89004 35 8637
939 88196 97816 87 420484
940 88271 92067 25 112972
941 88288 90491 79 122249
942 88362 88860 149 55459
943 88388 95935 92 285839
944 88476 93714 140 289660
945 88707 93172 86 319075
946 89009 95134 47 98782
947 89045 90627 9 11536
948 89150 95334 120 251414
949 89162 90395 22 55395
950 89343 97462 25 62519
951 89468 90365 52 29743
952 89607 98212 62 387396
953 89884 97470 38 63364
954 89913 90886 98 40301
955 90115 92594 36 53786
956 90486 94123 117 249148
957 90537 91689 146 54882
958 90644 91447 52 33876
959 90912 93522 99 61242
960 91099 92444 97 122504
961 91604 98169 7 82551
962 91995 95305 7 5503
963 92193 99172 123 211784
964 92207 96466 73 322172
965 92241 99417 43 334966
966 92385 95418 53 89102
967 92788 93744 147 51941
968 92794 96065 121 172501
969 93071 97377 47 181267
970 93502 99654 9 30244
971 93557 97624 74 79046
972 93755 95435 105 63643
973 93770 99171 95 277091
974 93847 94818 34 11957
975 94619 98973 73 30881
976 94795 97357 124 127900
977 94911 98833 33 63075
978 95062 97811 112 349040
979 95475 95840 68 11010
980 95524 98403 116 181348
981 95714 98129 98 102413
982 95771 95798 13 449
983 95797 98825 18 24399
984 95875 99718 53 84555
985 95918 96049 66 3211
986 96042 97498 77 50929
987 96164 97318 42 46196
988 96253 99555 66 61591
989 96266 97567 62 50982
990 96434 99071 55 19093
991 96975 97154 4 494
992 97167 97617 35 5382
993 97276 98424 12 5474
994 97708 99546 103 153794
995 97909 99474 73 27523
996 98117 99144 47 7966
997 98196 99701 119 89334
998 98513 98643 23 1010
999 98541 98692 6 1767
