50 1000 0.022
.#................................................
........................................#.........
........................#.........................
#.................................................
#.................................................
..................................................
....#.............................................
....###.....##....................................
......###....#....................................
......#....###...........#........................
.....##..................#...##...........#.......
....##................#####...##..................
..................................................
.....................................#............
..................................................
..............................#...................
...........................##.##.........#........
............................#..........###........
.......................................#..........
......#...........##..............#...............
.....##...........#...............##.....#......##
......#...........................#.............#.
......#..................##.....#.................
......#...................#....##.................
........................##.#......................
.........................###.#....................
...........#..............####....................
.........###..............#...............#.......
.........#........#......................##.......
..................##..............................
.....#.............#..............................
....###......................##...................
..#..#.............##........#....................
..##.....#........###.............................
.##............................................###
...........................####...................
..................................................
.....................#..............#.............
.....................#..........###...............
....##...............#..........#.................
..................................................
.....................##...........................
......................#...........................
..................................................
..................................................
.........................#........................
.........................##.......................
..................................................
...........#......................................
...........#......................................
0 53 2627 32 44333
1 109 1337 107 293854
2 135 526 68 9026
3 237 2417 112 129820
4 400 1091 48 26260
5 458 9029 58 127387
6 524 18900 120 790860
7 955 7152 4 12715
8 999 3076 7 5220
9 1093 13899 5 28341
10 1120 3566 6 9252
11 1137 3507 48 34933
12 1322 9491 39 96241
13 1366 18591 140 689693
14 1384 3940 125 152888
15 1798 22239 29 309756
16 1856 6470 85 125367
17 1878 16445 65 252859
18 1969 3247 31 16128
19 1984 6289 15 32671
20 2230 4435 37 69722
21 2289 27837 19 154397
22 2315 4858 87 112737
23 2397 10904 27 123726
24 2595 10585 70 298293
25 2735 9619 106 348453
26 2743 14430 71 707018
27 2781 20460 135 814052
28 2867 14339 40 489284
29 2877 5617 48 34081
30 3094 6163 96 262429
31 3129 5652 86 182916
32 3271 3546 6 421
33 3583 10953 8 34810
34 3584 12256 17 77461
35 3623 12929 5 23115
36 3653 4056 136 36895
37 3767 9131 61 105589
38 3848 10526 53 41376
39 3863 23997 12 158097
40 3901 5690 26 63842
41 3946 12294 12 91290
42 4019 19703 11 33428
43 4181 11269 141 526459
44 4199 4643 20 5120
45 4211 7104 45 50035
46 4424 5035 26 11554
47 4601 18714 20 224938
48 4630 28238 28 191476
49 4659 18683 89 1145682
50 4994 22459 9 44147
51 5144 7638 134 204659
52 5249 23822 96 1514679
53 5308 8355 30 44249
54 5314 14052 129 285061
55 5346 14755 114 555661
56 5479 12500 103 236326
57 5558 10555 113 207728
58 5609 6715 82 38682
59 5634 11992 18 110333
60 5708 9669 41 34193
61 5713 7773 21 46156
62 5835 12347 17 51056
63 5902 28858 37 323829
64 5910 8959 120 121678
65 5914 7996 8 7592
66 6093 9163 11 16504
67 6156 17268 11 45197
68 6179 7797 55 36160
69 6201 11797 78 177864
70 6223 13416 19 41012
71 6484 7258 134 20685
72 6576 18981 62 190547
73 6708 7231 92 48574
74 6767 29073 10 166473
75 6770 14457 74 158414
76 6871 12913 65 132477
77 7257 7453 37 1311
78 7424 9900 97 233146
79 7555 7666 54 4311
80 7556 9571 148 87832
81 7882 12312 141 212991
82 7952 38204 45 669965
83 8088 9883 26 26563
84 8146 12232 109 91237
85 8293 13328 147 429712
86 8322 9276 11 6755
87 8365 24175 42 240956
88 8380 12342 110 202385
89 8450 13422 85 289843
90 8458 14806 10 50924
91 8614 9609 92 40957
92 8621 18026 125 1892743
93 8662 20499 64 229983
94 8842 13615 15 42431
95 9044 16375 68 190171
96 9118 10864 17 11671
97 9279 10710 26 33998
98 9302 12752 6 3426
99 9307 12677 28 26323
100 9516 15406 130 440539
101 9601 10415 30 15134
102 9614 22977 34 233571
103 9624 16108 123 425843
104 10046 15010 10 22111
105 10181 26212 24 65299
106 10285 11309 27 13174
107 10376 10621 28 2879
108 10433 11827 11 3001
109 10651 14920 94 284638
110 11229 12194 17 4025
111 11306 14111 11 13609
112 11373 13625 24 18579
113 11528 14131 127 307393
114 11566 32973 17 81117
115 11598 13534 52 41455
116 11700 22940 72 302407
117 11798 33845 22 134047
118 11825 28694 103 1003979
119 11829 15017 148 242361
120 11871 14487 131 127035
121 12077 13471 73 58472
122 12120 17308 56 74490
123 12159 14209 22 29298
124 12252 18357 135 296341
125 12381 15273 25 38794
126 12394 14152 21 24306
127 12400 15627 26 46807
128 12495 13181 37 32472
129 12533 33342 112 401861
130 12656 16865 109 294366
131 12723 24843 140 234907
132 12887 13847 54 63148
133 13078 21860 131 369871
134 13161 29097 130 479679
135 13189 34714 5 21879
136 13372 17011 7 12457
137 13425 14042 28 20755
138 13473 23474 46 220593
139 13639 14547 110 48183
140 13855 19233 143 278282
141 13897 21832 131 293235
142 13941 14592 49 22961
143 14067 19834 149 988961
144 14112 16498 44 82173
145 14150 16648 73 169396
146 14197 32935 44 292507
147 14402 24797 32 86716
148 14465 16928 15 25647
149 14500 25402 119 276813
150 14734 16749 142 208401
151 14747 14791 46 876
152 14782 17142 5 6680
153 14833 15188 50 14679
154 14835 48272 11 95283
155 14871 37677 28 351947
156 14907 15687 28 13078
157 14910 39837 90 759455
158 14960 15579 58 20936
159 15116 19378 28 49011
160 15178 21180 82 88490
161 15184 17756 16 21072
162 15203 18129 29 77957
163 15251 17898 36 58217
164 15402 34504 108 587451
165 15430 18101 18 27236
166 15443 15902 5 1376
167 15451 33606 87 843060
168 15454 30898 29 72696
169 15544 28655 10 17838
170 15561 20740 57 78433
171 15648 19740 31 38032
172 15685 18286 24 61223
173 15704 23752 33 113132
174 15790 24353 123 322732
175 15861 29279 31 425069
176 15911 21836 14 25268
177 15977 19533 21 55191
178 16226 26646 14 77315
179 16259 22350 57 175226
180 16331 17009 10 12332
181 16384 18466 35 22413
182 16508 23298 76 230628
183 16610 19657 32 21312
184 16679 16863 137 10802
185 16750 20890 52 115600
186 16985 27941 116 737553
187 17232 29366 16 207418
188 17272 19608 32 32719
189 17333 28330 66 258401
190 17486 23775 32 104407
191 17506 34597 27 126648
192 17700 18010 88 34996
193 18248 20458 106 267570
194 18366 28311 56 454768
195 18400 25526 58 244150
196 18434 19193 33 7546
197 18554 18806 6 1573
198 18579 44531 7 82313
199 18602 24809 78 268135
200 18737 32771 114 852865
201 18824 22500 140 418667
202 18838 20006 84 52898
203 18918 22843 53 76039
204 18936 29662 86 474383
205 19134 23621 8 10112
206 19145 29717 114 269694
207 19155 21781 33 105536
208 19633 28647 57 376894
209 19848 39991 70 502430
210 20078 21536 28 8565
211 20080 29000 32 642581
212 20160 42741 64 534234
213 20312 29605 51 710769
214 20392 26109 93 204203
215 20418 43376 132 866047
216 20421 20727 116 21571
217 20483 48332 7 50879
218 20576 26159 12 35859
219 20611 38883 113 461777
220 20709 42074 16 118510
221 20851 38595 11 199804
222 20919 24398 127 243547
223 21155 30915 42 186392
224 21177 24592 38 54063
225 21248 31221 6 6156
226 21347 28946 72 960848
227 21528 45949 9 37355
228 21607 22705 6 1579
229 21729 34168 51 233522
230 21823 37231 9 70040
231 21853 39101 43 143234
232 21881 25420 10 12807
233 21935 46642 89 1141831
234 22452 27767 19 31929
235 22465 30859 4 8122
236 22517 22578 53 2240
237 22526 30516 17 62504
238 22546 25190 27 27007
239 22612 25510 5 5823
240 22699 23677 39 33226
241 22702 25136 10 15983
242 22912 28071 126 370288
243 22963 23595 11 4782
244 23095 31508 5 11078
245 23166 44286 43 452609
246 23172 42491 36 74406
247 23197 23468 45 4622
248 23388 25283 36 62794
249 23555 33450 82 483169
250 23608 26410 79 70217
251 23954 31090 110 316518
252 24143 31208 66 72766
253 24242 26266 50 53465
254 24318 24517 141 13444
255 24508 27701 4 18538
256 24511 31880 94 207645
257 24519 32530 27 94300
258 24539 28557 68 63380
259 24559 43207 60 806211
260 24604 26179 70 25225
261 24694 25668 123 119154
262 24752 28740 98 242906
263 24756 51762 10 141008
264 24920 31893 122 238781
265 25056 27366 67 33761
266 25145 32506 108 499731
267 25176 32940 15 68497
268 25304 39281 81 372715
269 25364 42120 146 247051
270 25470 34662 23 67789
271 25576 27750 6 2577
272 25579 62133 113 725603
273 25782 58736 61 815255
274 25955 28346 7 9892
275 26168 30256 112 127384
276 26180 31030 134 393616
277 26203 35320 68 178610
278 26324 26395 93 3021
279 26352 44161 17 90424
280 26391 30219 89 189431
281 26540 29668 35 44970
282 26565 33598 19 93093
283 26819 28788 98 87909
284 26905 27343 145 47142
285 26973 36945 83 406420
286 27078 29410 91 54418
287 27158 27362 122 11157
288 27211 31618 42 53352
289 27301 30494 15 12914
290 27397 46417 116 316226
291 27439 37030 95 330262
292 27472 41387 10 62318
293 27725 35245 38 125211
294 27851 33296 38 283995
295 27929 32295 48 27966
296 28275 45100 116 173242
297 28369 29112 15 5758
298 28393 33886 46 170550
299 28405 32438 99 354125
300 28486 41654 11 64172
301 29009 29042 25 1871
302 29145 32634 54 103848
303 29302 35752 39 149533
304 29370 43581 50 316940
305 29420 30215 102 68648
306 29476 35208 27 24604
307 29530 35857 126 255513
308 29775 31460 132 147147
309 29838 32324 13 30356
310 30320 30945 93 30747
311 30813 46802 31 179256
312 30970 33666 98 118887
313 31001 35306 41 41303
314 31024 48536 92 472864
315 31053 37495 28 37216
316 31071 39138 30 103058
317 31114 34225 117 223083
318 31133 36305 25 27495
319 31135 48626 4 43065
320 31350 34215 67 91206
321 31411 33967 101 57458
322 31446 34943 24 25120
323 31449 38640 44 132430
324 31549 37178 147 154776
325 31577 34050 68 84313
326 31604 32729 14 4982
327 31741 34829 77 183674
328 31767 35516 47 64050
329 31781 49646 140 402212
330 31821 33102 103 61865
331 31903 32673 49 8622
332 32122 41030 89 488507
333 32158 35600 116 301120
334 32189 35078 144 144827
335 32243 36639 20 71995
336 32355 33098 46 42599
337 32522 48576 31 124669
338 32966 43223 73 144785
339 33036 44653 72 364902
340 33089 33740 145 38037
341 33124 38111 9 29089
342 33153 40305 14 33610
343 33167 43563 27 440491
344 33400 36672 36 74360
345 33418 39913 142 161295
346 33440 39925 38 164725
347 33507 43379 19 80134
348 33772 44673 24 228000
349 33864 41479 14 20618
350 33907 47808 92 622086
351 34061 38559 135 364382
352 34065 47469 48 1046771
353 34229 40389 31 137127
354 34328 38223 70 155370
355 34333 65624 12 126360
356 34497 44408 28 113237
357 34584 40124 75 237103
358 34674 37661 40 44745
359 34738 52414 31 103916
360 34761 35921 67 49444
361 34830 35080 15 2426
362 34847 52149 35 111063
363 34967 42187 19 43516
364 34978 35051 53 2336
365 34996 40196 54 100030
366 35212 39181 50 261307
367 35257 35624 10 2383
368 35270 46271 64 238092
369 35282 44221 74 738093
370 35391 36307 10 4650
371 35418 36086 6 3955
372 35526 38952 94 423647
373 35550 67234 112 720877
374 35701 37168 63 17003
375 35722 38720 48 106235
376 35876 52933 33 43081
377 35903 47010 112 274247
378 36007 40089 5 8862
379 36281 39341 103 170805
380 36440 41141 31 44721
381 36668 39308 9 8128
382 36816 37542 53 17128
383 36911 37249 136 22276
384 36966 38267 29 121287
385 37071 38594 93 84743
386 37108 38348 18 16771
387 37137 50628 29 38821
388 37246 39463 10 5189
389 37275 40687 31 32182
390 37314 43299 141 341527
391 37421 47140 53 72367
392 37490 55293 41 198556
393 37600 48376 97 576474
394 37626 37751 7 352
395 37892 47095 43 251571
396 37919 38301 115 15967
397 37945 40683 107 199036
398 37961 41772 74 232823
399 37992 41678 22 47659
400 38100 38502 36 2906
401 38357 43842 149 288449
402 38565 46015 107 397223
403 38617 38972 45 5495
404 38669 41469 76 75937
405 38672 51869 12 54528
406 38877 39037 91 11093
407 39002 42623 23 17619
408 39009 43224 22 79008
409 39179 42706 35 106902
410 39350 72636 63 1841072
411 39538 40751 51 28788
412 39582 43262 6 30425
413 39649 45900 9 12487
414 39736 49265 6 20168
415 39777 43968 14 15294
416 39829 41153 145 62995
417 39924 86252 18 250792
418 39963 50138 74 291764
419 40192 45078 51 83706
420 40498 47470 18 44123
421 40629 49716 93 389028
422 40745 43805 24 39907
423 40810 48248 121 955235
424 40854 49730 59 545236
425 40889 44481 82 84258
426 40935 84725 15 98413
427 41189 65352 104 1608874
428 41253 68850 7 176909
429 41254 44061 62 231966
430 41335 41681 122 31825
431 41477 45400 22 24762
432 41730 46087 77 75418
433 41856 43856 43 55116
434 41962 56284 119 380903
435 42171 47013 109 262114
436 42246 52198 30 152893
437 42282 56430 58 359924
438 42295 50500 92 147067
439 42374 42408 122 1451
440 42554 66237 17 191182
441 42682 49580 124 232727
442 42727 45575 62 97943
443 42760 47836 53 63019
444 42837 48178 91 95729
445 42898 62787 10 89932
446 43193 46490 5 4524
447 43608 54187 94 241466
448 43714 51202 33 75861
449 43803 48896 101 454833
450 43829 45769 25 14231
451 43864 82297 37 493727
452 43971 53213 105 153863
453 44092 63031 69 569692
454 44126 55100 90 595794
455 44397 47046 60 56151
456 44560 47190 41 61369
457 44705 51287 81 135981
458 44833 47616 23 54719
459 44851 66236 128 1010930
460 44895 56100 87 982898
461 44952 62401 18 104177
462 44954 54294 46 26256
463 45035 53954 53 309538
464 45077 46090 30 26520
465 45097 59580 102 689786
466 45136 49088 85 76724
467 45152 48176 108 152671
468 45219 50372 106 186438
469 45295 47763 70 66827
470 45344 50446 119 161401
471 45364 47265 128 107280
472 45745 46809 21 13333
473 45806 46545 109 25105
474 45876 54609 24 88213
475 45915 47565 46 14727
476 45932 50325 93 370251
477 45942 63642 63 244481
478 46053 54087 13 32065
479 46375 47335 28 20992
480 46474 70065 115 1066276
481 46491 49246 32 60480
482 46605 49199 16 16216
483 46693 48981 15 20238
484 46757 56947 67 192447
485 46799 49616 92 157612
486 46824 52747 16 62748
487 46863 51143 14 27768
488 46937 52623 10 11639
489 47036 50191 106 261204
490 47101 63181 104 384133
491 47132 48983 70 51789
492 47188 51471 12 41907
493 47298 55739 74 261296
494 47308 47810 26 5826
495 47323 49497 98 101486
496 47417 58284 67 732063
497 47681 53707 141 224065
498 47688 51442 121 366067
499 47770 55212 148 660060
500 47902 85225 8 54229
501 47913 48661 71 26828
502 48014 63180 36 782386
503 48152 64883 12 31158
504 48193 60973 53 121349
505 48337 58390 103 573862
506 48449 62287 22 167964
507 48584 50292 111 92450
508 48653 48880 35 2492
509 48725 79576 18 372840
510 48761 51279 38 49586
511 48791 54067 67 201685
512 48903 53024 19 12089
513 49210 51430 6 2946
514 49238 56035 115 180680
515 49252 51663 45 59704
516 49421 55265 10 13480
517 49715 50311 44 11186
518 49723 50766 27 19896
519 49892 49974 49 6235
520 49904 50946 125 74074
521 49971 51129 11 8009
522 50046 56371 57 64122
523 50083 51774 4 3240
524 50128 51924 21 26781
525 50289 53582 14 21698
526 50423 52234 56 76829
527 50426 70183 12 29976
528 50439 51332 65 30831
529 50564 58537 41 111326
530 50662 51722 5 3458
531 50752 58528 34 121115
532 50768 58917 37 264899
533 50788 56907 149 350538
534 50873 53933 128 588616
535 50977 52050 57 29136
536 50980 51533 29 26206
537 50988 54068 20 18297
538 50994 53227 80 32241
539 51581 54164 41 84286
540 51887 58835 77 95706
541 51927 60236 86 249337
542 51979 52287 141 33188
543 52022 67784 99 633744
544 52085 81995 88 2129542
545 52158 77280 27 506130
546 52311 56151 133 86478
547 52382 62405 10 29565
548 52487 58727 19 33468
549 52665 78793 76 679142
550 52705 60965 107 452527
551 52847 53578 102 61364
552 52984 53376 48 10739
553 53022 53498 52 12386
554 53088 54281 63 55185
555 53185 72153 144 1529392
556 53191 62965 62 573598
557 53302 55463 143 431370
558 53337 63158 78 610053
559 53371 59144 71 48460
560 53457 55802 53 41357
561 53563 61070 64 180694
562 53626 55335 28 17060
563 53695 57054 58 129481
564 53939 55127 59 22815
565 53987 64695 58 271651
566 54162 66136 93 378838
567 54218 57318 13 24682
568 54270 64460 11 22291
569 54320 57714 43 51625
570 54386 74861 55 167341
571 54473 57036 150 252170
572 54523 66524 122 980343
573 54537 82682 56 182936
574 54833 59301 65 331925
575 55071 59722 4 7699
576 55231 65507 93 259827
577 55465 61418 16 54436
578 55527 57852 48 27624
579 55774 64425 14 36372
580 55841 58500 14 13600
581 55939 57991 94 94142
582 56085 65895 138 445748
583 56105 56129 33 350
584 56186 62970 124 391319
585 56252 73197 51 222354
586 56289 63564 16 99540
587 56396 59462 83 118045
588 56420 57337 96 81448
589 56433 56667 34 10177
590 56585 65655 19 27937
591 56714 57142 65 13070
592 56734 69422 85 410028
593 57026 57656 58 31501
594 57081 68515 97 402491
595 57121 60943 84 80337
596 57365 57944 122 39426
597 57378 65794 122 887920
598 57399 65363 26 17936
599 57463 78030 15 111409
600 57469 61371 13 22284
601 57488 91809 137 1895295
602 57555 58065 7 4246
603 57857 77419 14 76790
604 57879 60759 5 5045
605 58061 62368 25 37763
606 58199 59934 13 6479
607 58586 68182 73 241334
608 58694 59204 147 34169
609 58744 68976 144 322676
610 58783 80959 19 230445
611 58978 70049 36 180387
612 59032 64304 32 189867
613 59106 62136 78 90872
614 59178 65737 143 468346
615 59182 65445 10 50564
616 59258 89347 143 989237
617 59317 60569 25 24068
618 59419 60780 51 66956
619 59451 62650 18 22594
620 59463 60288 14 4075
621 59598 60176 25 8561
622 59651 60053 110 27023
623 59685 72507 101 435712
624 59721 65918 59 408615
625 59836 64944 104 84692
626 59884 59986 44 1232
627 59903 60392 120 21213
628 59914 65272 7 8560
629 59970 64528 43 133591
630 60033 60949 110 37012
631 60213 62072 98 263266
632 60310 63571 5 9628
633 60448 68330 35 75566
634 60470 72687 97 358718
635 60499 67034 9 47661
636 60628 63199 49 81576
637 60652 62034 27 6475
638 60814 69699 52 121264
639 60866 72964 73 304777
640 60889 66142 107 107888
641 61052 72402 83 372767
642 61105 72577 35 56558
643 61168 68618 19 27585
644 61188 62923 61 35686
645 61348 72104 15 51961
646 61430 69069 48 223187
647 61446 77312 142 1458383
648 61473 67009 18 79773
649 61490 61847 21 3383
650 61535 67007 33 96073
651 61590 63902 70 42280
652 61596 74731 45 655021
653 61638 63249 50 31657
654 61828 67424 120 218924
655 61835 63395 17 13160
656 61845 75259 81 588933
657 61978 82802 26 101098
658 62100 62407 10 1613
659 62109 65917 89 88345
660 62202 83771 70 931462
661 62277 67362 52 56166
662 62288 62395 6 1007
663 62348 64338 104 92031
664 62403 63903 41 68557
665 62626 70809 49 92637
666 62735 66888 29 42900
667 62767 62919 43 1940
668 62772 69530 18 28717
669 62776 72039 5 31976
670 62780 71811 113 352600
671 62903 67726 19 20925
672 62997 73787 105 852832
673 63045 69128 112 106618
674 63054 65085 11 12563
675 63064 76896 53 409814
676 63094 70200 49 246608
677 63179 71490 15 55037
678 63232 66231 82 83499
679 63292 63893 10 2377
680 63335 69915 11 21268
681 63454 74192 118 345075
682 63501 67253 103 116535
683 63506 66486 23 16139
684 63511 75315 20 70636
685 63597 74821 67 730177
686 63602 71443 65 279970
687 63628 65199 13 4809
688 63740 66937 115 159506
689 63813 72559 50 266999
690 63854 91978 74 474019
691 63939 69745 149 665977
692 63948 67821 134 110267
693 64092 72784 81 283488
694 64114 67394 28 71821
695 64318 65513 92 77562
696 64320 73218 68 228181
697 64376 65994 107 156061
698 64592 78835 31 46778
699 64599 90303 67 390724
700 64697 76964 77 655198
701 64923 65110 67 6546
702 65002 78080 46 236602
703 65060 74633 36 52779
704 65066 65607 9 1996
705 65339 92506 147 1653820
706 65411 66081 64 33570
707 65500 72901 106 268038
708 65505 75183 5 8634
709 65556 78182 6 40893
710 65664 82614 14 114623
711 65698 70243 51 63179
712 66066 74446 80 777853
713 66414 84511 33 333756
714 66467 75171 38 126661
715 66482 80217 133 470097
716 66519 68325 64 36757
717 66649 81862 24 130934
718 66653 72401 7 36319
719 66729 71231 11 23516
720 66743 76509 13 47267
721 66752 67053 138 27907
722 66834 74445 26 152222
723 66969 68377 15 10409
724 67019 68592 42 38554
725 67092 86712 25 119529
726 67159 68459 14 5124
727 67462 71609 119 370119
728 67599 76439 64 342765
729 67614 80517 16 92994
730 67616 88970 40 247915
731 67883 77220 89 670729
732 67885 74875 76 495199
733 67915 69668 44 37232
734 67935 79704 6 17073
735 68010 70040 78 138191
736 68254 68856 94 16262
737 68264 76842 19 107036
738 68365 74034 131 578835
739 68399 81941 105 831237
740 68499 91276 21 193358
741 68968 75709 60 112906
742 69036 80112 118 553317
743 69042 73095 60 175172
744 69110 78183 110 364690
745 69113 91367 23 372743
746 69215 77120 78 255546
747 69444 70203 114 52930
748 69466 69762 52 9707
749 69514 77738 56 172298
750 69594 70336 20 9653
751 69627 98280 127 2076347
752 69634 75104 43 53970
753 69656 72212 10 11862
754 69707 89172 111 199676
755 69771 71922 41 48131
756 70044 71062 95 42158
757 70060 89093 97 1126646
758 70111 73715 78 107199
759 70168 87814 131 1941573
760 70187 75953 51 170543
761 70226 77869 12 11941
762 70291 79711 10 27336
763 70326 76280 95 185546
764 70515 76242 36 197639
765 70624 72234 36 40307
766 70753 73880 16 15332
767 70853 72429 112 175099
768 70859 88637 92 390600
769 70958 71414 92 16945
770 70999 72043 18 6313
771 71072 72884 16 7077
772 71365 74101 126 86834
773 71374 78422 98 215447
774 71645 76083 63 118009
775 71837 75987 6 5032
776 71901 75863 113 216458
777 71948 81195 31 82371
778 72044 83536 61 734957
779 72062 90866 101 486970
780 72125 73512 83 50223
781 72230 75580 13 77627
782 72281 82951 70 370890
783 72349 73051 73 26257
784 72396 74579 9 3907
785 72397 86183 18 73379
786 72562 78327 59 226658
787 72706 95844 19 314822
788 72846 77362 5 8690
789 72987 75095 126 87337
790 73003 76391 108 211994
791 73057 83787 82 106745
792 73178 77227 87 428197
793 73253 80846 65 144763
794 73287 87958 70 355639
795 73587 80867 71 234440
796 73606 78331 32 242657
797 73661 76120 114 131837
798 73741 77251 73 447457
799 73961 87878 24 132580
800 73965 84732 48 123391
801 74066 78436 109 282585
802 74096 85326 15 67431
803 74154 90199 35 509567
804 74293 88675 147 742473
805 74419 86925 145 824796
806 74479 84769 79 129550
807 74503 76458 80 94944
808 74626 74946 45 10940
809 74794 91901 13 92151
810 74838 74881 141 2837
811 74851 76236 5 3964
812 75045 86729 61 264420
813 75074 83509 5 12960
814 75192 81207 62 161965
815 75290 80163 10 15168
816 75431 77266 86 104582
817 75435 92790 24 182126
818 75743 77283 116 109211
819 75867 84356 32 64340
820 75870 94990 72 471411
821 75889 84658 12 23177
822 76026 83031 5 5138
823 76042 76409 13 2824
824 76108 76802 17 9622
825 76180 77176 20 8264
826 76312 81065 123 278596
827 76431 82215 6 12698
828 76600 78413 54 35111
829 76798 92280 43 214419
830 77172 80385 12 16436
831 77279 83959 22 147196
832 77418 77635 119 7817
833 77499 83144 66 134205
834 77586 87894 10 14615
835 77652 81398 130 449290
836 77659 81399 12 21418
837 77768 83084 6 11236
838 77862 89992 6 13265
839 77870 85704 26 186217
840 78135 80281 36 39263
841 78205 83649 30 133738
842 78240 79437 35 53071
843 78373 79301 128 38930
844 78468 80701 99 164611
845 78512 78931 12 2897
846 78549 81631 48 30621
847 78553 79097 26 6217
848 78561 80044 7 1787
849 78707 94430 31 133507
850 78845 82632 20 11203
851 79022 85337 40 90656
852 79175 79483 66 8865
853 79348 90835 110 513035
854 79363 79617 9 711
855 79524 85031 28 27722
856 79756 79973 28 4407
857 79851 80289 5 767
858 79982 90889 12 33867
859 80100 93567 18 62502
860 80146 85257 75 162595
861 80177 83328 58 86393
862 80181 95377 53 347964
863 80269 93810 26 277055
864 80433 92571 30 181763
865 80454 85077 117 125387
866 80583 83320 54 36624
867 80660 90332 28 250941
868 80738 82079 4 1570
869 81009 87863 69 189447
870 81068 89687 39 107372
871 81100 92584 12 57466
872 81141 83439 25 18014
873 81230 89644 126 664265
874 81338 94241 23 85302
875 81364 88156 6 14130
876 81619 93091 97 82146
877 81943 83337 5 4444
878 82014 83924 20 10639
879 82076 89176 19 39144
880 82223 84621 88 176401
881 82226 82585 77 16299
882 82391 88756 27 81380
883 82602 90083 24 242382
884 82629 85836 134 317354
885 82781 87630 18 158984
886 82839 88650 134 110551
887 82927 89182 69 356316
888 82934 94845 24 218029
889 83363 84961 29 5076
890 83444 85868 39 43363
891 83600 85473 98 51508
892 83757 85117 31 22045
893 83801 85468 44 48903
894 83803 86457 57 97723
895 83891 87266 28 72020
896 83968 87194 95 118685
897 84143 96523 20 174487
898 84161 85004 133 66135
899 84176 85413 14 1349
900 84318 96976 35 173689
901 84394 91063 97 399511
902 84492 88829 5 4598
903 84557 92383 8 5616
904 84692 90179 18 59934
905 84702 87422 9 9315
906 84726 86433 18 20245
907 84754 92315 8 8621
908 84791 88170 73 44803
909 85655 87621 143 120781
910 85800 87656 9 2821
911 85907 93458 21 55433
912 86027 86482 87 36272
913 86187 95548 122 197048
914 86211 97824 131 323118
915 86213 87564 21 12230
916 86456 93106 8 51694
917 86685 89142 6 25754
918 86770 88055 32 12279
919 86970 96418 54 96577
920 87061 99249 28 106233
921 87096 87452 28 4646
922 87101 90669 9 23757
923 87127 89245 59 94411
924 87173 96079 109 133562
925 87337 90849 39 92369
926 87384 98015 64 433050
927 87444 87837 20 4450
928 87690 89940 96 145775
929 87781 87841 98 2228
930 87852 91842 28 161148
931 87854 95368 131 119457
932 87858 91869 126 183043
933 87932 90573 11 16654
934 87979 90888 50 23291
935 88024 94392 96 245417
936 88284 88540 14 1241
937 88471 89202 147 40991
938 88795 96808 35 53474
939 89096 91783 10 6004
940 89222 89686 84 23509
941 89300 91636 5 3702
942 89302 90494 72 28953
943 89465 90372 11 7476
944 89515 92039 74 33464
945 89517 91164 35 31676
946 89588 97706 51 204864
947 89637 89752 48 2023
948 89671 92378 92 112599
949 89950 93760 88 116066
950 90059 93012 64 45659
951 90203 91459 21 6156
952 90326 91550 108 27947
953 90675 92556 69 71512
954 90755 90837 15 647
955 90872 93829 61 40438
956 90937 97330 125 728498
957 91113 98462 60 265340
958 91172 94020 98 127446
959 91296 93346 12 40495
960 91353 97065 79 193641
961 91362 98040 61 290914
962 91599 92298 123 52589
963 91733 94367 8 5145
964 91851 92513 13 2951
965 91899 93282 18 32940
966 92227 96496 129 197765
967 92707 93670 20 5117
968 92815 95176 21 15213
969 93015 93126 103 5099
970 93034 93988 58 11576
971 93062 96924 38 54920
972 93209 97651 30 76730
973 93252 98833 38 135752
974 93308 96320 52 37836
975 93556 95723 18 12253
976 93669 93720 5 190
977 93815 95851 134 55193
978 94063 94692 112 48743
979 94082 95322 5 2841
980 94145 99515 38 81981
981 94183 97539 73 67964
982 94225 95095 42 4745
983 94245 95701 48 61006
984 94504 99440 12 24911
985 94947 96004 12 8898
986 94954 96600 16 4146
987 95726 96653 16 12551
988 95807 98894 97 216222
989 95815 95943 13 736
990 96048 98482 11 44959
991 96696 97921 28 12206
992 96856 99139 11 13682
993 97282 98589 143 78016
994 97470 99568 21 22116
995 97825 98885 78 47367
996 98037 98628 94 40798
997 98404 98468 120 12769
998 98669 99196 4 1434
999 98836 99630 32 15866
