50 1000 0.076
..................................................
.......................#..........................
...........#.....###..##..........................
...........#...#.#######..........................
........#####..########...................#.#.....
.......#.###...###..####................#####.....
.....########....#######................#####.....
......#..#.#......########.............#.####.....
...#...######.....##.#.#.#.............######.....
.###.#.##.#.##.......######.......##.####.#####...
.###.##....####.......#.#........#######..####....
#########............#######.##.#########..##.....
####.##..........############.##.#######.###......
..#...###........####..#####..#######.##.##.......
..#....####....############.###########.#####.....
.......#..#...#.#######.##.#########.#....####....
..........#..#############.######.##....#####.....
##............#.##.##########....######..###......
..............#.#####.#######..######.....#.......
..............#..####.##.####..####.#.##....#.....
..................###..##.##.....##.#.##.####.....
...................#............###..#########....
#.#..............................###.############.
#####.............................##..#..#####.#..
#####.................................########....
#.#.#....................#.............#######....
..#......................##...........##.###......
.......................#.#.##..........#.###......
...................#..######.#...##.....#.#.##....
.................###..#########.####....######....
..................####.##.##.###.####...#...###...
..................###..#.#####..##..........####..
................####.......###.###........########
..........#......####......#######.....#.#######..
........####...#######.#.....##..#....##...#.####.
.........###..#######..##.............#####.####..
.........###...##########............#####...##...
........####...#.########...........#######.......
........###....#####..##................##........
......#####.......###.................######......
.................###...#.............########.....
......................###.............######......
........##.............#.#............###.#.......
......####...........######............#####......
........##...........####.............###.#.......
......######........####...............#..........
......#.##.#.......#####...............#..........
......#######.........#................#..........
........###...........#...........................
.........#........................................
0 52 17256 24 129738
1 84 13370 11 43842
2 89 3297 49 52843
3 301 1515 83 81722
4 391 4927 64 195943
5 395 4292 31 24477
6 522 2564 18 9890
7 618 1703 39 15257
8 702 2902 30 69060
9 707 9327 29 105086
10 753 10752 78 285277
11 761 17013 32 319461
12 767 1657 58 15810
13 770 7574 57 75136
14 798 1345 75 14919
15 1376 3694 8 16442
16 1415 3260 121 181373
17 1429 6376 73 126135
18 1499 2341 10 3543
19 1674 2948 14 9919
20 1710 5194 30 125437
21 1976 3573 17 8918
22 1977 29254 5 28452
23 2019 2668 13 4467
24 2160 2259 13 1068
25 2221 7065 74 115459
26 2314 10206 19 69139
27 2448 21812 90 802453
28 2501 5754 19 29123
29 2959 3106 92 14044
30 3016 9917 50 182760
31 3098 7548 54 48548
32 3166 9191 35 76009
33 3259 5707 10 14846
34 3422 6065 77 50657
35 3454 3978 14 3334
36 3554 4056 73 32754
37 3865 6028 107 73405
38 3905 4802 4 2229
39 4243 9186 146 616951
40 4295 7120 83 110417
41 4349 6119 11 13409
42 4468 6061 38 43223
43 4485 4816 47 15094
44 4634 6373 10 8519
45 4673 6894 36 30730
46 4791 5793 73 52745
47 4796 11096 90 265036
48 4894 6649 142 234587
49 4944 17309 148 853572
50 5008 6454 40 81813
51 5026 5702 14 5480
52 5134 5419 111 8663
53 5358 6129 145 72636
54 5375 6776 133 76912
55 5543 9030 90 97698
56 5747 11353 120 183831
57 5838 16379 30 62494
58 5863 15600 131 319465
59 6071 6880 12 5082
60 6167 8243 24 9904
61 6238 10969 10 23543
62 6266 14127 6 24345
63 6485 7716 99 33475
64 6562 13399 10 19468
65 6574 6898 60 20532
66 6660 7785 63 28707
67 6743 8136 136 60293
68 6803 9051 48 50746
69 6909 7322 27 9531
70 6939 8496 67 36292
71 6980 10517 84 144272
72 7006 7415 39 8153
73 7087 11407 130 303879
74 7144 11492 85 221970
75 7168 10397 63 73522
76 7428 7969 18 6740
77 7479 13451 101 104473
78 7526 12210 17 57771
79 7563 10524 113 84248
80 7617 8741 62 27153
81 7684 10937 104 216636
82 7818 8830 43 7962
83 8182 14603 128 413815
84 8250 9375 57 49774
85 8254 11762 36 37385
86 8321 13030 28 37246
87 8476 8738 49 4396
88 8553 8816 4 330
89 8557 8814 27 3940
90 8580 12071 43 51966
91 8746 13873 103 241027
92 8789 13730 7 15912
93 8807 33354 51 578109
94 8903 11229 58 88956
95 8965 9738 27 3067
96 9115 13709 118 276676
97 9126 9839 19 2538
98 9132 16693 116 453969
99 9272 9360 115 5386
100 9298 11017 68 70067
101 9325 12178 24 45686
102 9475 13442 31 68751
103 9491 19129 58 124323
104 9536 20527 38 175098
105 9706 9873 142 25395
106 9735 11422 17 11894
107 9759 11359 96 83344
108 9786 10387 113 65646
109 9851 13185 26 90950
110 9852 10963 12 6494
111 9882 18103 112 430835
112 10322 13734 126 206366
113 10542 11648 112 68482
114 10730 14100 56 67303
115 10760 13266 81 63571
116 10851 12316 16 11208
117 11117 11379 48 9758
118 11267 13009 105 127599
119 11303 21653 13 45311
120 11435 11925 89 29929
121 11562 12103 118 49402
122 11592 14248 106 44330
123 11875 24674 60 370554
124 11881 18078 81 165463
125 11886 23828 100 399413
126 11981 12205 100 12575
127 11984 24835 15 162477
128 12020 18921 101 421077
129 12121 13464 92 46914
130 12132 24001 35 194737
131 12148 12551 147 20125
132 12177 12957 54 19637
133 12345 13878 19 15502
134 12466 16404 39 127298
135 12558 14742 14 10569
136 12641 13520 9 5659
137 12699 14351 113 166903
138 12786 17366 21 57107
139 12815 12994 31 2674
140 13034 15048 13 3117
141 13099 13618 146 20359
142 13177 19998 101 255898
143 13213 15897 89 217197
144 13332 23625 85 975234
145 13343 16406 87 121139
146 13432 13889 7 1470
147 13727 19094 135 390308
148 13736 17338 87 104730
149 13787 20962 135 415123
150 13957 17799 123 275763
151 14288 22457 52 293227
152 14430 20489 108 214787
153 14519 16143 20 15027
154 14522 16045 23 22576
155 14555 16505 6 6072
156 14700 15477 105 30915
157 14778 24363 119 308788
158 14803 25904 12 34364
159 14837 18429 113 355487
160 14845 16251 11 14768
161 14849 20667 19 50600
162 14959 20026 17 57930
163 15111 26214 30 242282
164 15177 15209 116 4365
165 15421 17279 61 62660
166 15464 26051 97 298937
167 15623 23240 19 35539
168 15652 16396 111 61312
169 15720 17065 17 9334
170 15833 31059 121 1127300
171 15914 16388 27 8839
172 15985 21979 33 202014
173 16067 20733 14 27672
174 16137 18077 133 59552
175 16343 20383 137 324077
176 16373 26831 8 49086
177 16432 44578 149 1724825
178 16593 27354 24 64083
179 16699 20147 33 37027
180 16705 18145 66 35444
181 16831 17041 71 4326
182 17109 18668 5 2036
183 17259 20173 115 89356
184 17432 24497 26 58393
185 17578 18773 135 53251
186 17610 21105 142 151317
187 17612 20510 128 88174
188 17684 19632 72 120424
189 17747 17959 34 5330
190 17909 21341 25 40322
191 18119 18560 41 11081
192 18134 19495 22 25545
193 18292 19878 57 12921
194 18361 28303 18 75646
195 18460 19578 10 4743
196 18633 19086 78 17588
197 18683 25239 138 269222
198 18892 28364 90 498954
199 19405 23194 32 18404
200 19415 20270 10 1501
201 19534 25884 101 234330
202 19557 23074 6 4742
203 19600 20656 17 14277
204 19607 20015 86 17874
205 19650 21133 8 13669
206 19658 20556 101 59536
207 19918 24950 47 115573
208 19966 25214 26 149125
209 19968 20376 6 2680
210 19969 35872 99 537258
211 19979 34176 10 137105
212 20049 21361 122 71822
213 20055 28163 33 76316
214 20094 20169 138 4994
215 20134 26710 12 40557
216 20211 26182 26 117191
217 20219 22219 5 5269
218 20285 21666 8 4577
219 20296 22239 105 135602
220 20325 31966 80 156471
221 20366 24198 64 46957
222 20386 23553 132 193786
223 20540 28257 20 94482
224 20681 25228 132 236677
225 20713 23230 70 111639
226 20855 21135 17 2652
227 20874 29674 86 273744
228 21062 41500 23 198718
229 21127 22862 112 171290
230 21132 32016 138 522508
231 21202 23562 7 11858
232 21232 22407 11 8131
233 21674 23642 22 23266
234 21767 26229 70 123991
235 21860 22408 27 8993
236 21903 27875 19 8468
237 21950 22410 145 48191
238 21961 34720 121 369184
239 22073 28066 65 565087
240 22255 22447 76 7158
241 22435 25868 15 33992
242 22579 30968 19 43131
243 22590 24136 5 3427
244 22915 25405 128 98521
245 23059 26377 21 43281
246 23139 25015 51 20075
247 23147 27234 4 4858
248 23163 26379 6 6270
249 23206 27181 148 96951
250 23257 25381 26 32243
251 23501 25455 10 3488
252 23657 23710 141 5334
253 23730 25980 78 87847
254 23805 28374 34 24156
255 23892 31395 70 348680
256 23943 28057 121 104579
257 24174 29996 16 30088
258 24390 32543 8 38571
259 24441 28196 17 22851
260 24776 31176 41 40475
261 24864 30048 124 531474
262 24886 46058 85 1229400
263 24895 26861 37 12693
264 24915 27516 55 43101
265 25034 30363 50 39506
266 25047 34108 11 70093
267 25066 28032 78 153200
268 25103 30689 68 115330
269 25112 29441 7 14050
270 25138 33282 142 628918
271 25153 32790 118 372419
272 25304 31040 67 95430
273 25426 27583 49 71465
274 25439 26754 74 56124
275 25445 55138 9 158702
276 25502 44457 7 47849
277 25616 27401 8 6326
278 25639 27443 10 12658
279 25926 29507 43 80657
280 26019 28213 14 34926
281 26046 36555 86 1175369
282 26409 36772 103 270957
283 26501 30046 139 158182
284 26586 37963 36 345327
285 26598 28863 61 78494
286 26666 59988 33 271220
287 26726 48910 63 872280
288 26755 30599 68 87680
289 26789 28543 95 59608
290 26834 29472 85 109903
291 26857 28116 29 11622
292 27050 31356 120 156980
293 27170 31287 101 184954
294 27180 30195 13 9502
295 27533 33017 52 226989
296 27567 28953 128 72830
297 27708 30892 66 161271
298 27798 50221 20 210604
299 27858 30653 54 142070
300 27883 29248 106 58759
301 28167 32429 73 117910
302 28781 32799 51 83905
303 28864 31246 95 123067
304 29202 36241 93 117636
305 29206 32552 70 104511
306 29219 32668 125 142431
307 29256 31937 99 27736
308 29288 32348 29 79470
309 29536 39736 63 157526
310 29590 31737 63 64975
311 29599 30489 60 68932
312 29644 32268 23 12814
313 29684 29789 9 778
314 29906 47725 70 1675853
315 29919 33185 51 48090
316 30043 36483 98 151133
317 30138 30186 70 5941
318 30204 30965 61 26007
319 30456 33194 8 6111
320 30496 33741 54 52723
321 30573 31087 5 2328
322 30790 34946 22 15539
323 30866 35525 92 280020
324 30872 32924 72 116349
325 31161 42026 132 586006
326 31198 32221 137 87873
327 31205 34950 35 78766
328 31219 39055 4 8909
329 31261 39632 39 159038
330 31324 38656 9 30284
331 31354 34868 134 307162
332 31508 37347 150 283926
333 31540 36561 7 10572
334 31644 32235 149 13979
335 31719 34370 54 59280
336 31734 35156 13 8880
337 31880 33255 42 30664
338 31954 33160 99 30932
339 32099 43312 31 450751
340 32185 32559 33 11932
341 32199 43117 10 58658
342 32293 40798 10 21090
343 32535 34388 22 28669
344 32568 33260 16 3059
345 32627 43772 23 135336
346 32650 43198 43 198543
347 32852 41457 75 320190
348 32901 34680 81 51630
349 32963 35048 27 29236
350 33048 33578 110 22010
351 33476 34529 101 40429
352 33532 35627 77 207310
353 33550 49836 141 358737
354 33612 34374 4 1506
355 33921 39233 45 116851
356 34207 39396 70 208509
357 34258 42607 84 626282
358 34367 35576 32 19357
359 34497 45793 94 722907
360 34674 35978 49 17651
361 34830 38770 91 237967
362 35025 35291 145 36938
363 35146 36455 18 13789
364 35154 37706 67 80596
365 35302 39855 80 107371
366 35408 36701 4 3650
367 35465 35950 7 1364
368 35492 37602 10 9835
369 35647 35908 88 8522
370 35659 36065 87 11160
371 35716 43609 57 265885
372 35814 39046 70 96247
373 35992 39002 138 169960
374 36077 39206 9 10997
375 36353 37664 86 60361
376 36437 38039 110 67558
377 36472 36883 83 10307
378 36788 40353 121 156335
379 36797 36850 70 5149
380 36880 40108 6 6740
381 37181 44526 11 24464
382 37422 38949 44 72586
383 37480 53541 137 1140567
384 37529 38325 84 40968
385 37586 41776 32 55841
386 37810 43039 27 104408
387 37825 41810 133 181857
388 37855 40502 113 130298
389 37866 40458 34 27860
390 37897 44398 91 241937
391 37954 38015 95 2770
392 38019 44782 70 308812
393 38055 41797 49 41943
394 38166 41904 6 3970
395 38227 57494 121 1017374
396 38369 38774 149 39850
397 38395 56769 21 110970
398 38427 40793 63 26054
399 38494 41697 15 31154
400 38569 39474 143 26500
401 38578 41814 16 7288
402 38585 39288 83 44821
403 38599 42765 46 34661
404 38614 44119 116 321647
405 38624 50162 99 285182
406 38641 43546 74 59949
407 38705 43297 103 342952
408 38772 46997 48 364580
409 38833 39105 51 2430
410 38856 43846 132 535027
411 38908 44312 145 1233010
412 39128 42310 92 220105
413 39367 44571 39 208592
414 39391 49806 56 212795
415 39464 43823 111 158225
416 39531 43313 94 518423
417 39567 43385 107 129817
418 39995 43746 70 159352
419 40040 45924 18 51511
420 40137 40905 4 1005
421 40140 41092 95 81431
422 40179 41364 12 8555
423 40219 55965 67 798065
424 40361 41984 136 159628
425 40368 41509 7 2296
426 40451 43267 40 38784
427 40554 40638 83 2782
428 40677 41584 106 94626
429 40697 44798 8 28674
430 40734 49720 131 354621
431 40750 69893 37 338654
432 40974 43123 141 95979
433 40979 50908 105 534478
434 41044 44846 88 116749
435 41140 47200 111 293859
436 41423 42308 34 21508
437 41438 42448 36 45823
438 41502 42866 24 11002
439 41562 44145 140 111128
440 41578 44517 19 11361
441 41631 43568 16 17637
442 42015 43879 46 38620
443 42074 50343 23 124934
444 42118 43538 20 9442
445 42160 46351 56 149575
446 42172 54860 11 32373
447 42201 44089 84 50036
448 42218 49091 60 177025
449 42239 50658 47 312339
450 42263 44254 29 9308
451 42267 42473 59 4990
452 42383 52756 61 183624
453 42427 42884 67 22735
454 42524 53239 74 285029
455 42769 45739 18 30040
456 42810 45308 19 24276
457 42940 45479 14 7955
458 42942 43180 138 22807
459 43003 44605 75 165848
460 43024 44258 133 68646
461 43035 45642 11 12956
462 43072 44878 5 3319
463 43164 43911 5 900
464 43191 45213 105 64069
465 43193 47668 147 192581
466 43339 47218 75 66261
467 43428 64311 30 99709
468 43521 45374 69 117001
469 43528 45467 20 9697
470 43705 48183 133 98010
471 43858 51291 46 204409
472 43908 59378 59 332485
473 44212 46156 129 83043
474 44292 62162 60 359350
475 44384 44564 86 5008
476 44477 46492 117 96434
477 44540 53181 35 218629
478 44566 45561 25 13978
479 44588 50637 43 284338
480 44606 47990 68 57708
481 44723 49565 4 10581
482 44754 61869 43 298244
483 44763 50689 53 191857
484 44765 47872 34 80616
485 44913 54917 8 13288
486 44954 45441 41 44477
487 45075 47248 83 76322
488 45259 49345 95 193671
489 45390 53299 132 1126583
490 45427 46172 11 1402
491 45489 67764 75 1117840
492 45560 47425 111 82279
493 45618 48369 105 98491
494 45862 49643 74 104205
495 45921 46441 109 26992
496 45941 53335 5 14316
497 46020 61382 36 246223
498 46095 52306 10 5964
499 46180 46935 141 32182
500 46342 50033 74 126982
501 46648 51719 5 10740
502 46736 48748 42 41482
503 46799 51521 71 49081
504 46913 53704 90 373115
505 46940 55875 73 506624
506 47012 81870 23 167724
507 47013 53085 16 29868
508 47021 47745 5 3958
509 47023 47180 87 6159
510 47121 55086 69 236651
511 47129 48937 28 40720
512 47400 50103 28 29707
513 47472 48538 61 61591
514 47479 49769 31 31381
515 47512 57694 4 5204
516 47521 48519 17 4916
517 47524 51440 12 15530
518 47560 49917 59 37731
519 47581 49634 143 161210
520 47642 48261 5 1434
521 47688 47850 9 1558
522 47743 48973 4 1421
523 47853 51686 46 97871
524 47865 53383 48 56933
525 47906 48554 124 57523
526 47910 55434 132 422281
527 47928 53746 79 97144
528 48016 54969 14 23079
529 48333 50161 35 12980
530 48628 63731 40 288908
531 48652 55792 116 827319
532 48691 50247 7 4437
533 48692 51801 45 56125
534 48695 49695 89 58295
535 48762 59816 69 862911
536 48833 49219 18 3656
537 48876 51679 7 11588
538 48949 52121 15 19683
539 49036 50773 44 20560
540 49222 55674 66 89993
541 49230 51672 122 113182
542 49250 57609 146 645817
543 49298 53290 142 240030
544 49299 69448 118 1406838
545 49344 50099 149 57287
546 49782 50986 4 2232
547 50004 59476 12 22639
548 50328 66791 113 726289
549 50347 58451 34 109131
550 50456 53966 125 512414
551 50527 57329 45 103862
552 50596 50994 79 13027
553 50968 51926 94 28984
554 50976 52726 50 22151
555 51402 53429 39 33998
556 51414 52394 58 37137
557 51475 53247 134 315607
558 51510 52180 44 19477
559 51737 54421 63 137245
560 51804 52449 118 19852
561 51851 55907 48 52709
562 51862 54106 94 230209
563 51876 53156 14 10052
564 51925 55712 20 86559
565 52060 54836 20 29690
566 52068 65284 6 57532
567 52119 54202 75 35311
568 52443 53165 39 23566
569 52465 53370 122 76553
570 52485 52988 128 23212
571 52839 70551 93 946230
572 52846 62977 93 537112
573 52921 54167 16 11101
574 52934 54845 70 70575
575 52950 63726 6 50701
576 53071 54732 66 48607
577 53162 69966 141 891860
578 53173 54846 137 119147
579 53284 53613 10 1587
580 53286 56506 97 269741
581 53622 54892 6 3040
582 53822 54497 54 20673
583 53886 62079 31 115713
584 54050 69691 27 166741
585 54064 55957 141 306904
586 54098 61522 90 161500
587 54260 63697 13 83852
588 54381 60786 36 99605
589 54558 59783 113 188958
590 54604 54810 34 3090
591 54610 59262 110 213608
592 55075 57506 72 77471
593 55192 55732 50 14043
594 55316 57434 15 21117
595 55338 56258 23 6024
596 55391 57638 6 9743
597 55467 57453 30 38203
598 55612 57800 43 31112
599 55754 60860 25 84577
600 55836 66054 33 90371
601 55845 58360 25 31159
602 55877 59549 11 24866
603 55974 61550 46 219252
604 56002 62661 95 369515
605 56013 61273 61 95288
606 56058 56430 7 697
607 56096 59499 6 10624
608 56105 63221 22 99637
609 56138 58121 45 37493
610 56142 72466 55 973211
611 56300 69209 33 103219
612 56421 60835 49 179648
613 56546 61184 109 95993
614 56768 58495 132 94890
615 57043 63638 72 188552
616 57065 58538 24 38840
617 57121 57488 5 754
618 57150 69064 94 216359
619 57228 66788 14 40306
620 57408 58062 15 6039
621 57458 66175 96 250730
622 57660 58056 45 10122
623 57686 61369 15 13737
624 57738 66537 23 135353
625 57765 68697 94 312997
626 57849 62285 13 22491
627 57977 67120 131 315016
628 58115 65352 28 18651
629 58304 71896 38 536148
630 58471 59324 18 6032
631 58690 60912 32 40981
632 58938 63086 147 148936
633 58940 65522 14 55543
634 58956 61443 44 41772
635 58975 59791 30 12759
636 58976 61693 50 45054
637 58990 60370 36 35175
638 59027 62878 54 68030
639 59137 61400 26 57419
640 59199 65356 98 124224
641 59202 59597 97 14797
642 59253 60453 13 10984
643 59338 68245 10 15812
644 59619 62367 75 52867
645 59886 60427 135 23855
646 60261 64706 144 264505
647 60424 64205 24 29133
648 60633 64455 28 111766
649 60677 64020 4 25220
650 60678 70114 8 18104
651 60756 60963 135 9689
652 60847 63619 20 13511
653 60855 65047 11 15107
654 60895 67351 27 183883
655 60950 61564 62 15889
656 60952 63844 142 203295
657 61095 63154 144 65183
658 61102 68000 89 129366
659 61147 66181 60 186626
660 61671 62684 14 9190
661 61771 66179 6 7715
662 61958 61998 11 218
663 62042 69713 116 258579
664 62190 64297 45 60407
665 62395 66659 94 176266
666 62760 64949 13 40688
667 62803 67302 46 110536
668 62804 68420 28 88660
669 62849 65101 49 78463
670 63088 65211 6 11911
671 63099 66669 57 205700
672 63238 63327 34 3613
673 63253 65726 4 7184
674 63363 65015 4 3922
675 63633 72881 13 57060
676 63853 74841 7 10805
677 63891 71120 67 411176
678 64016 64208 99 4320
679 64113 74505 35 123146
680 64135 66023 9 3814
681 64313 71873 96 384640
682 64323 73100 98 239195
683 64383 66817 21 57138
684 64541 72330 79 171590
685 64544 66887 6 4642
686 64633 67080 20 25129
687 64757 66857 86 123385
688 64762 69841 32 41048
689 64797 70090 82 152993
690 65262 69802 72 153655
691 65275 75300 81 231533
692 65450 74386 126 139888
693 65527 74112 31 57177
694 65628 69864 65 90160
695 65795 74833 77 174873
696 65847 70769 106 239933
697 65849 66831 9 4116
698 65939 67832 34 27856
699 65951 75462 19 26115
700 66007 66720 31 18415
701 66056 68529 108 233388
702 66192 72320 32 63639
703 66230 72161 107 213138
704 66254 69565 28 50263
705 66304 68011 63 93933
706 66336 72354 138 304880
707 66383 82529 26 60712
708 66689 70900 61 61140
709 66727 66909 35 3476
710 66858 67758 47 6925
711 67051 72331 4 11089
712 67287 68698 13 9791
713 67396 70209 32 56577
714 67435 69652 52 32988
715 67528 69083 115 129883
716 67631 67749 17 589
717 67632 69574 5 3484
718 68140 69880 80 68807
719 68160 74477 5 10534
720 68275 71242 6 7588
721 68299 69655 121 59013
722 68388 69539 138 83973
723 68391 68744 15 3273
724 68470 74938 13 13449
725 68540 75179 108 670183
726 68589 70208 42 19093
727 68630 68773 38 2955
728 68807 77542 112 143623
729 68898 77616 39 59394
730 68927 75248 20 28007
731 68969 73012 6 6882
732 69030 71874 8 10694
733 69073 69429 42 14683
734 69247 74475 85 116561
735 69343 73988 25 44689
736 69571 76905 49 146719
737 69651 73030 34 62427
738 69668 75731 125 555121
739 69981 78396 77 139843
740 70039 75764 93 140924
741 70159 71286 104 32489
742 70160 76690 43 27888
743 70315 72588 70 105872
744 70397 72353 5 2168
745 70410 76468 82 162443
746 70425 82890 34 243662
747 70442 76605 27 343038
748 70524 73749 13 15015
749 70598 73234 44 158019
750 70622 91970 93 529847
751 70756 71680 14 5821
752 70775 75608 25 53551
753 70803 74178 12 10610
754 70849 71533 75 27959
755 70894 71558 27 35349
756 71210 80027 149 607917
757 71423 73275 105 106317
758 71509 76847 32 79215
759 71713 76497 76 272544
760 71908 75227 28 17867
761 72017 73765 7 5148
762 72067 77907 141 254309
763 72126 75594 30 41775
764 72244 90644 64 552946
765 72250 75823 100 202048
766 72617 72968 22 3926
767 72650 75666 8 7323
768 72662 86234 97 314516
769 72677 74350 21 19134
770 73136 73313 65 15346
771 73145 77295 13 30393
772 73191 77632 13 9024
773 73238 73444 20 3151
774 73271 87599 11 42769
775 73459 76175 32 11853
776 73471 75158 51 62170
777 73490 74105 7 2804
778 73535 74397 5 3123
779 73536 75540 48 34498
780 73592 79905 142 425603
781 73603 78926 38 125983
782 73624 75405 7 7327
783 73670 77699 48 54383
784 73699 76020 5 4692
785 73797 76310 97 185706
786 73853 75252 104 125492
787 74072 84686 44 218645
788 74077 75743 74 89847
789 74283 86862 125 846785
790 74323 76305 19 19331
791 74617 74771 130 7114
792 74652 79217 58 94281
793 74685 78796 126 252960
794 74707 76231 14 15903
795 74727 75378 6 3657
796 74831 76451 18 23261
797 74898 80275 83 111931
798 75519 77114 8 4549
799 75592 75706 58 5655
800 75642 78141 6 9075
801 75727 77204 80 79712
802 75733 82487 100 503920
803 75740 83066 103 253504
804 75786 79991 42 66088
805 75801 83387 51 185695
806 75943 79963 26 100571
807 76176 90801 118 1314673
808 76195 77374 23 6422
809 76262 80011 59 193730
810 76527 78182 128 157198
811 76590 77342 118 16649
812 76659 83346 107 154006
813 76678 79125 17 26676
814 76767 80419 43 313251
815 76959 76992 14 387
816 76998 83324 12 50411
817 77078 79395 46 73205
818 77318 77967 136 24607
819 77320 77614 95 23828
820 77440 81643 54 140984
821 77462 82662 64 779159
822 77508 81276 96 88898
823 77804 80525 5 11443
824 78069 78699 60 12180
825 78293 88459 19 35405
826 78297 83922 6 18088
827 78528 79891 31 26926
828 78532 83808 122 299845
829 78693 81802 8 16436
830 78774 84117 145 574162
831 78802 79478 15 6682
832 78852 79590 52 10390
833 78979 93956 101 730656
834 79001 88350 74 336089
835 79045 82867 70 93518
836 79102 80026 18 6359
837 79118 81657 97 135069
838 79203 82313 5 9134
839 79310 81960 68 144547
840 79676 86612 135 262159
841 79772 79860 8 288
842 79837 89652 45 125260
843 79911 85732 146 332634
844 79939 83156 80 108067
845 80110 87371 16 64207
846 80154 80798 72 12116
847 80265 80386 86 4879
848 80269 82480 60 80136
849 80272 85888 63 86863
850 80315 87143 7 16331
851 80317 82504 5 6327
852 80330 86705 106 633787
853 80461 81502 103 45632
854 81008 83077 14 8398
855 81087 81833 32 5703
856 81093 86473 26 43214
857 81144 90678 51 467832
858 81169 97199 22 297695
859 81179 83729 56 64412
860 81387 82932 41 45608
861 81429 87658 59 235357
862 81468 85946 8 14017
863 81481 81712 65 14895
864 81689 87240 62 86691
865 81796 83652 95 91618
866 81896 98256 59 726074
867 81928 82321 17 4466
868 82113 83309 25 19754
869 82160 82832 131 43302
870 82226 85943 24 41792
871 82274 84140 55 86805
872 82315 85120 5 3987
873 82414 83414 15 12254
874 82614 88538 13 32654
875 82831 83162 68 9853
876 82851 88948 39 378669
877 82993 83168 8 3593
878 83213 88332 109 185416
879 83304 83792 134 59730
880 83393 83459 8 193
881 83875 97303 46 309447
882 84230 85833 148 70432
883 84232 86791 28 31571
884 84301 85369 116 47588
885 84472 85548 112 31741
886 84520 91899 5 9766
887 84533 86549 39 43201
888 84602 89482 89 142777
889 84813 89025 61 212990
890 84852 86043 13 9480
891 84939 86904 88 69463
892 84986 85744 74 32311
893 85002 90185 40 101611
894 85196 86327 102 46478
895 85204 87621 25 40088
896 85245 86190 70 52644
897 85372 89979 17 61670
898 85956 92190 38 198956
899 86000 88574 49 100825
900 86007 88339 9 7084
901 86162 88975 63 85422
902 86399 88672 28 17392
903 86648 87125 23 10577
904 86787 87414 4 767
905 86912 88921 60 93466
906 86990 88847 53 37217
907 87164 95164 14 13755
908 87165 88781 16 9839
909 87300 95235 63 182168
910 87454 90200 20 13922
911 87505 92252 10 58962
912 87576 94396 87 339081
913 87583 91469 33 55101
914 87624 89679 97 194012
915 87756 89283 6 5610
916 87844 87995 10 844
917 87926 90165 92 91648
918 88036 94334 27 34469
919 88106 92069 62 59149
920 88256 88641 109 14319
921 88330 90899 12 12830
922 88483 88737 125 19422
923 88565 89705 11 4619
924 88722 91425 4 13741
925 88789 97317 89 160435
926 88795 93043 25 90660
927 89072 96251 104 183059
928 89218 97729 73 449112
929 89313 89416 127 17378
930 89404 90307 64 30418
931 89680 95187 39 45628
932 89682 92254 51 82884
933 89747 94361 14 74668
934 90009 90308 98 43643
935 90038 91967 68 45079
936 90139 92026 47 114923
937 90153 91812 10 13592
938 90208 92445 5 6235
939 90333 94528 91 110460
940 90393 98247 83 151634
941 90748 93483 5 11107
942 90817 96959 119 609343
943 91002 96106 58 38710
944 91117 93115 33 47351
945 91132 95769 29 61303
946 91201 92533 130 134628
947 91321 92683 84 34922
948 91371 94917 101 64523
949 91405 91733 75 9118
950 91417 92478 145 116214
951 91717 93013 48 30562
952 91768 92717 114 23848
953 91936 92591 21 13333
954 91963 99395 99 433747
955 91977 95730 59 75846
956 92214 93377 10 9820
957 92265 93462 138 66782
958 92395 94161 126 53126
959 92480 99314 26 59042
960 92950 93541 32 11778
961 92974 93029 16 677
962 93001 94978 86 35434
963 93233 93975 138 87781
964 93266 95745 6 9215
965 93323 96441 9 22674
966 93342 94037 35 17456
967 93370 94133 68 8142
968 93636 95775 11 5781
969 93677 94984 37 17644
970 93737 94973 86 39481
971 94053 98544 37 123081
972 94212 97859 11 40408
973 94281 94452 149 5795
974 94306 95986 16 5913
975 94397 98166 10 8392
976 95062 95870 95 17052
977 95562 99825 102 210522
978 95706 99734 97 472411
979 95815 97525 42 36713
980 95837 96844 14 8477
981 96005 96268 44 4520
982 96319 96694 7 900
983 96457 97100 17 5734
984 96644 98704 31 15795
985 96662 96752 107 3048
986 96751 98337 28 14942
987 96795 98699 44 20217
988 96902 98026 111 112255
989 97028 99287 96 120657
990 97195 97554 78 10608
991 97222 98301 135 95835
992 97228 99352 140 131027
993 97365 99411 20 15790
994 97798 99718 5 2452
995 98013 98463 6 1845
996 98044 98290 137 31786
997 98048 98585 60 21350
998 98191 99261 110 58587
999 98540 99793 145 161993
