50 1000 0.071
............................####..................
..........................#####...................
..........................#####..#................
.....................###..####.#.#................
..................###.############................
..................########.#########..............
.................#################................
.................##..############.#...............
.................##################.#.............
..............#######################.............
.................###################..............
..................################................
.................#####.###.#####..................
................##########.#####..................
................############.#.###................
................#...###........###................
................#....##.......####................
.................................#................
..................................................
..................................................
..................................................
..................................................
....................##.....#.#....................
..................####..##.######.................
...................####..#..###.................##
.................######..##.#####.#.......##.##.#.
..................##########.######..#....##.##.##
................##..#.##.##############...########
................#.##################.#.##.########
................###################.#####.########
...............###################################
...............#..###############.################
................#################.####.###########
...............##.#########.###.##################
................#.##############..################
.................################.#####.##########
.................#.##################.############
........................#.........###.#..#########
........................#.........#.#...######.###
........................####..............########
.......................####.............####.#####
......................####..............######.##.
.....................###.#..............##.###.##.
.........................................#####.#..
.........................................####..#..
........................................###.##....
........................................####......
..........................................##......
...........................................#......
..................................................
0 45 2805 11 21843
1 75 7884 38 147865
2 108 2459 149 128685
3 151 2812 82 116115
4 473 4406 5 7921
5 513 4722 70 86707
6 515 4342 83 81245
7 528 25378 13 67106
8 653 4532 38 142485
9 697 16210 64 1359789
10 831 2404 99 70986
11 1028 4183 116 220572
12 1104 9123 94 312570
13 1115 2686 91 27494
14 1117 3279 10 15353
15 1170 21192 8 73613
16 1216 3763 17 24956
17 1432 3936 13 25978
18 1497 5242 116 259199
19 1552 6395 9 52798
20 1779 5331 141 156634
21 2046 12372 61 241292
22 2098 12620 60 274541
23 2470 4338 100 115939
24 2531 5867 19 21778
25 2618 9973 18 86218
26 2749 5216 126 184368
27 2818 13610 112 191252
28 3114 4471 124 72957
29 3442 8873 37 66246
30 3445 10781 51 155655
31 3478 4509 18 18331
32 3828 31843 14 84291
33 3839 11912 146 693146
34 3947 6749 29 51576
35 3962 12585 46 41459
36 4059 5558 143 112187
37 4082 10380 37 22741
38 4173 17056 14 57805
39 4269 16398 20 72037
40 4407 7333 143 254994
41 4797 5142 35 11959
42 4894 8391 16 9460
43 5032 6620 30 12022
44 5068 13084 136 269098
45 5168 6851 118 149402
46 5221 6516 65 29978
47 5337 12771 139 436764
48 5417 8486 65 121355
49 5463 9067 82 95627
50 5524 7054 25 12276
51 5588 8050 79 32195
52 5622 5711 7 987
53 5650 7337 27 33063
54 5677 6495 43 15021
55 5707 7677 42 28254
56 5805 14574 103 497724
57 5835 9845 47 260266
58 5916 8698 128 105896
59 6061 10647 124 201036
60 6174 8656 27 67172
61 6246 14363 5 30667
62 6256 8764 17 32168
63 6361 11073 32 61395
64 6413 14962 6 76011
65 6432 17493 56 177056
66 6513 7233 35 8390
67 6563 7697 132 61976
68 6995 29554 78 1447866
69 7118 12514 107 69990
70 7223 18257 4 21312
71 7301 7305 4 38
72 7408 9847 92 103230
73 7442 7726 24 1824
74 7453 17618 12 48551
75 7488 7776 12 966
76 7732 19375 61 198354
77 8272 11074 22 88603
78 8273 8762 113 11607
79 8291 23461 94 443567
80 8333 11281 12 22896
81 8343 12383 112 186302
82 8414 9120 36 13837
83 8519 10353 116 81259
84 8561 12793 21 9527
85 8567 27200 83 436802
86 8769 14446 28 75623
87 9233 12916 128 108523
88 9257 10066 101 21932
89 9309 18402 129 316902
90 9492 17784 73 328017
91 9500 12470 37 60001
92 9516 14708 100 343845
93 9578 9824 90 24877
94 9628 16190 8 38577
95 9662 14497 18 58492
96 9751 12970 50 45151
97 9827 18972 32 130669
98 10002 26121 15 79087
99 10044 13107 24 81579
100 10088 10650 52 6891
101 10262 13356 7 9170
102 10379 15553 17 36073
103 10430 10996 67 8368
104 10575 13219 24 41661
105 10616 11685 90 74113
106 10745 14691 35 98176
107 10880 12796 92 127757
108 10994 14788 20 32327
109 11089 15314 4 11481
110 11125 22310 17 77436
111 11144 11979 60 25993
112 11209 21104 49 215001
113 11218 36900 69 409799
114 11282 28471 6 63263
115 11627 13025 69 24744
116 11720 19593 43 114486
117 11776 21050 93 218686
118 11878 13554 128 88568
119 11967 13301 104 85199
120 12010 19060 67 90554
121 12126 22591 6 33357
122 12128 13148 69 50739
123 12288 14782 114 207653
124 12296 14452 5 2845
125 12386 19360 90 390048
126 12710 12852 20 1456
127 12817 26661 92 1101637
128 12994 16937 24 38883
129 13269 13834 24 2471
130 13362 13522 114 6934
131 13471 14447 87 30764
132 13493 14951 117 15285
133 13498 16535 44 121729
134 13695 16644 21 32731
135 13799 21505 87 384414
136 13966 14947 70 18908
137 14203 26197 66 178747
138 14403 28349 90 800742
139 14493 15270 123 46340
140 14764 18357 69 27766
141 14834 18685 19 34296
142 14924 19168 11 82163
143 14944 17775 25 23810
144 14980 17236 44 96628
145 15146 27081 50 179170
146 15162 19946 107 92398
147 15183 29323 10 15255
148 15195 16567 18 20499
149 15297 17602 14 16705
150 15309 34544 19 140751
151 15393 16326 22 10201
152 15472 18393 21 29834
153 15615 16117 123 32393
154 15661 15844 26 5923
155 15755 25430 9 68989
156 15790 25852 35 154544
157 15808 23144 98 378363
158 15816 20593 13 29565
159 15858 16940 39 8988
160 15868 19356 74 90047
161 16038 20749 42 55658
162 16196 16955 10 2941
163 16204 32718 5 127630
164 16329 19965 73 180679
165 16368 26597 16 74227
166 16381 22673 84 509008
167 16405 17260 20 7703
168 16503 29389 42 451178
169 16528 17555 43 8324
170 16596 23815 94 243825
171 16902 19242 5 8652
172 16928 25407 41 132000
173 17072 20711 49 184722
174 17120 17412 96 20632
175 17303 32952 33 347340
176 17332 17773 93 7363
177 17728 27741 91 231647
178 17910 18811 75 24677
179 17954 31231 74 156644
180 18171 24494 121 150220
181 18276 22101 16 20537
182 18389 27974 137 688595
183 18512 18992 112 21558
184 18695 23956 5 20802
185 18796 19465 28 25791
186 18961 24898 12 84751
187 19031 22105 61 74914
188 19209 25334 59 159916
189 19263 21825 117 178136
190 19314 42949 128 1582617
191 19367 20924 53 40467
192 19398 21842 66 33888
193 19399 22774 24 63088
194 19625 22056 143 230176
195 19728 21415 50 59680
196 19945 26675 11 28324
197 20019 25099 8 12306
198 20116 21439 4 5227
199 20196 28972 123 254885
200 20216 30567 17 43222
201 20220 24392 142 201709
202 20228 25537 103 280718
203 20245 25803 6 14644
204 20279 20507 34 3722
205 20551 34328 37 366473
206 20650 21067 7 2729
207 20779 20804 94 554
208 20811 21953 6 7460
209 20972 36554 51 352807
210 21125 21250 35 2032
211 21223 28880 93 445084
212 21255 31080 36 144928
213 21274 23699 81 51498
214 21429 22207 108 34302
215 21538 25122 77 34284
216 21549 25793 33 52142
217 21616 28743 109 391333
218 21645 25071 115 132217
219 21655 24183 65 41549
220 21676 24208 75 66894
221 21694 23051 73 90900
222 21874 23156 38 15351
223 21994 27869 22 74362
224 22102 24343 88 182017
225 22143 28116 120 546877
226 22174 32500 29 145779
227 22285 34124 11 81234
228 22298 22743 59 11251
229 22371 37560 23 66388
230 22386 23139 50 24338
231 22612 34117 52 420259
232 22632 24362 65 74532
233 22679 38775 52 328349
234 22770 24667 119 122079
235 22908 28028 13 41934
236 23019 27651 5 20159
237 23193 28066 114 280503
238 23236 27229 45 95862
239 23262 31470 15 39548
240 23463 23728 72 21871
241 23709 23823 27 2092
242 23876 25955 43 87584
243 23966 53042 140 2329077
244 24029 31816 7 68671
245 24137 24520 6 1291
246 24227 24460 60 5080
247 24348 48724 30 240984
248 24453 29943 21 92936
249 24691 31302 22 49589
250 24773 27650 52 89447
251 24820 26416 47 19552
252 24909 30533 20 107149
253 24972 31032 72 188183
254 25022 44912 68 581121
255 25141 25836 8 1356
256 25167 29447 97 116759
257 25341 28488 6 6329
258 25400 30146 61 116383
259 25405 31341 103 295176
260 25443 30460 93 107214
261 25448 42345 16 112927
262 25533 25611 34 3320
263 25605 30970 133 504594
264 25630 31389 27 125331
265 25682 32402 78 389009
266 25710 27975 69 42887
267 25712 28729 65 55864
268 25802 26287 8 1200
269 25807 31622 9 25055
270 25837 39643 72 528520
271 26035 28279 95 43091
272 26036 26247 9 1491
273 26148 35781 18 25091
274 26178 28960 46 28951
275 26342 31313 80 124051
276 26434 33154 81 1027008
277 26443 26693 68 10243
278 26496 33968 11 55953
279 26602 29193 137 111839
280 26605 35301 34 218537
281 26718 39100 9 38773
282 26772 31333 35 61631
283 26945 30185 98 147487
284 27230 29462 44 32698
285 27247 28207 20 5420
286 27395 37888 9 46875
287 27484 28548 19 20904
288 27527 30849 97 268752
289 27590 30556 33 68820
290 27644 69041 46 1354274
291 27649 37507 5 18142
292 27757 34087 6 14928
293 27819 31211 7 12840
294 27828 29154 90 33933
295 27939 30538 92 260836
296 27972 30346 114 111644
297 27998 29901 145 48556
298 28195 37641 99 268059
299 28350 32275 22 43659
300 28425 35885 35 222769
301 28550 32211 47 103761
302 28580 29521 114 60347
303 28593 32904 65 68204
304 28667 32484 7 9786
305 28851 30081 59 31799
306 28859 29209 88 11139
307 28927 29094 42 3349
308 29018 38131 140 306565
309 29045 30736 14 13459
310 29108 36167 77 189754
311 29141 33959 24 29403
312 29184 37152 27 157152
313 29315 42800 23 91860
314 29477 46922 48 808912
315 29584 35458 102 142171
316 29620 38209 28 135377
317 29675 29899 29 4234
318 29694 43390 60 690859
319 29716 32185 108 87609
320 29888 42126 79 261484
321 29995 33338 58 97577
322 30015 32525 140 143687
323 30114 36039 33 26095
324 30223 49931 4 28430
325 30352 35887 26 73683
326 30449 33297 43 45561
327 30465 37981 120 262405
328 30484 47451 9 138045
329 30518 33997 36 44064
330 30598 31914 16 19550
331 30734 37813 19 32908
332 30775 32151 58 29121
333 30788 32921 113 50823
334 30879 36546 16 49113
335 30934 39938 7 17808
336 31195 31792 109 60675
337 31256 32098 17 5685
338 31262 37486 94 276538
339 31369 35134 144 186291
340 31550 32870 34 25547
341 31610 33718 116 142819
342 31691 34982 11 19729
343 31760 36299 72 88731
344 31894 36298 42 73876
345 32155 34634 143 88710
346 32241 33705 13 10488
347 32492 33529 134 93040
348 32712 34645 5 4717
349 32919 36925 15 22679
350 32953 54216 8 59512
351 32961 33397 6 1953
352 32992 33290 120 88299
353 33058 34560 48 13677
354 33138 40203 129 297324
355 33236 34313 34 17572
356 33299 36249 137 416266
357 33361 34101 99 15951
358 33379 41657 7 26359
359 33472 35374 115 69205
360 33668 42868 118 275316
361 33684 35006 144 110001
362 33763 38315 26 51426
363 33983 37673 20 35541
364 34079 52100 132 336759
365 34126 43820 14 48600
366 34194 36659 78 61123
367 34198 38323 17 45026
368 34204 50889 26 127445
369 34258 54358 24 291199
370 34271 34505 78 12042
371 34383 40928 33 115756
372 34492 38911 45 193369
373 34496 37867 7 5250
374 34535 38847 44 58993
375 34687 47526 148 3238958
376 34865 44667 120 557111
377 35029 35593 8 2917
378 35078 37925 75 66147
379 35120 41470 123 232985
380 35213 35961 4 736
381 35214 40946 34 153159
382 35227 37470 114 88572
383 35394 37393 69 46498
384 35449 36677 12 9335
385 35461 46942 66 287257
386 35496 39277 54 70345
387 35638 36751 35 27274
388 35687 41957 60 195351
389 35761 37354 20 13627
390 35796 40968 54 85102
391 35831 44002 7 112000
392 35846 46076 94 235327
393 35949 38334 86 70424
394 36082 40937 23 21929
395 36210 39097 44 117356
396 36214 38167 52 59165
397 36308 41326 26 52924
398 36371 44185 31 126178
399 36433 39575 16 19058
400 36492 42229 7 13828
401 36533 37726 12 8845
402 36609 38271 10 4288
403 36776 43871 120 134212
404 36882 40794 28 45153
405 37154 42007 54 347582
406 37161 43163 5 13095
407 37334 47636 10 48411
408 37356 42322 37 85128
409 37435 38614 24 16655
410 37456 40891 141 270161
411 37608 40762 10 28435
412 37631 39437 107 37845
413 37771 38956 29 18601
414 37854 38470 143 16237
415 37884 39791 8 8275
416 38062 42132 55 75424
417 38070 41352 79 218862
418 38089 50394 43 237295
419 38183 49251 147 892759
420 38330 42559 22 92671
421 38491 39116 19 16850
422 38493 57986 12 74501
423 38531 43289 13 21359
424 38587 39384 37 19336
425 38773 41516 87 89905
426 38860 43765 40 50150
427 38872 49059 56 309879
428 38927 42577 31 59712
429 38929 46966 143 517668
430 39146 46883 73 324025
431 39152 53859 102 1324164
432 39563 40018 63 11946
433 39569 45196 123 544580
434 39736 39766 17 198
435 39763 58960 76 723814
436 40050 41299 8 10091
437 40160 46535 8 13805
438 40281 43134 40 80356
439 40335 45641 107 416637
440 40380 48709 19 38095
441 40439 44813 39 46040
442 40493 44064 131 224554
443 40528 50585 49 282468
444 40601 45755 10 11887
445 40682 45753 84 268415
446 40701 42869 44 21123
447 40706 42891 101 90981
448 40791 43315 44 65440
449 40839 43819 34 17385
450 40922 61087 53 457071
451 41078 45533 82 175348
452 41235 41443 21 1348
453 41261 42235 104 69628
454 41268 41504 25 5739
455 41413 42283 35 23410
456 41604 54348 90 483242
457 41672 45567 145 138623
458 41729 43256 6 4917
459 41891 47570 53 178178
460 41991 44465 108 160440
461 42033 48790 149 284975
462 42135 42979 8 3903
463 42277 42994 5 2311
464 42299 42451 35 1866
465 42311 50648 80 518003
466 42367 50610 132 369991
467 42386 44243 23 37078
468 42417 47266 5 19986
469 42435 49222 139 137260
470 42561 43345 18 6961
471 42688 51864 16 36267
472 42788 46004 135 356454
473 42838 44907 20 10792
474 42851 46356 27 133238
475 42876 47849 29 37857
476 42922 43061 6 307
477 42969 44919 36 47092
478 43038 55988 103 644890
479 43262 44367 118 48146
480 43504 44454 7 1332
481 43541 59693 61 564137
482 43561 48033 73 125443
483 43602 48562 44 43220
484 43657 45928 11 10169
485 43809 52860 141 749945
486 43839 54162 10 22363
487 43909 47963 32 48352
488 43939 53854 12 72250
489 44257 46177 92 58628
490 44341 45379 112 97228
491 44356 44658 14 2102
492 44415 49188 73 106580
493 44444 47692 87 258280
494 44534 51109 116 219614
495 44688 45667 144 79170
496 44884 50480 5 21973
497 45057 46250 13 6652
498 45078 49005 50 108953
499 45099 48713 5 4447
500 45100 46162 6 2794
501 45120 46827 8 6331
502 45147 48584 137 260300
503 45355 45409 55 2613
504 45652 54016 39 232767
505 45695 49386 121 235414
506 45876 47443 44 42121
507 45990 48616 114 149536
508 45998 47885 22 14032
509 46251 52552 26 30822
510 46267 47588 145 129167
511 46337 48582 62 64518
512 46561 54219 20 41112
513 46702 49061 126 189891
514 46898 51911 96 90243
515 46937 47737 39 19445
516 46967 51043 11 19567
517 47059 48170 19 19796
518 47165 48347 18 9748
519 47211 52045 80 528373
520 47253 49439 20 12734
521 47414 50938 148 231182
522 47657 49634 74 86667
523 47696 52356 18 30183
524 48292 48515 41 7905
525 48354 48798 15 11107
526 48414 50907 22 29191
527 48434 50581 40 19127
528 48643 49897 38 8370
529 48842 53375 77 115991
530 48855 58893 26 110279
531 48869 49269 13 887
532 48890 55037 12 32201
533 49185 51324 123 67919
534 49581 55445 51 123582
535 49802 50675 131 52824
536 49838 50439 79 43022
537 50028 52206 113 135933
538 50110 56874 128 134081
539 50164 54676 93 148679
540 50235 51771 40 9983
541 50338 50576 41 1573
542 50468 50949 106 36347
543 50537 52306 9 7583
544 50580 51710 24 24810
545 50824 52772 25 14023
546 50921 55071 16 108476
547 50951 51821 32 16428
548 51083 69454 10 44304
549 51162 54053 77 96647
550 51194 54764 49 190840
551 51300 58012 5 16224
552 51345 52683 85 43970
553 51364 52547 35 19939
554 51488 53432 7 8365
555 51574 54585 52 43535
556 51636 53493 81 89268
557 51657 53792 5 4333
558 51685 54934 29 64230
559 51704 62563 56 231567
560 51748 51825 105 4707
561 51873 57948 68 545995
562 52309 70943 21 77313
563 52333 54394 141 177921
564 52448 54124 47 45756
565 52605 56876 26 18993
566 52636 56136 104 142194
567 52712 56126 40 109936
568 52758 53440 80 31900
569 52811 56222 7 10679
570 52941 53876 108 85563
571 53058 59930 70 418630
572 53147 69638 14 32517
573 53299 56736 90 48868
574 53325 53781 94 30078
575 53326 56058 19 27205
576 53444 54123 76 34795
577 53544 55061 29 18317
578 53565 57266 73 121017
579 53742 54717 86 31361
580 53985 64652 5 15923
581 54111 71220 66 521365
582 54180 57354 46 40160
583 54204 58073 13 33967
584 54292 57783 16 16409
585 54336 70351 38 320343
586 54393 72181 7 36782
587 54478 57868 110 268086
588 54607 57116 66 41526
589 54633 55411 139 50651
590 55114 57475 91 77895
591 55237 58620 18 25639
592 55267 56586 108 44553
593 55296 65652 51 363933
594 55323 56170 12 5056
595 55348 57499 78 77456
596 55382 58283 125 129880
597 55452 63351 45 85324
598 55511 66258 109 704875
599 55580 59548 115 307687
600 55815 56933 101 30012
601 55846 60007 11 31466
602 55848 56436 43 3579
603 55892 64048 52 157229
604 55910 57627 15 14291
605 56202 59754 82 94193
606 56223 58821 8 1784
607 56357 61344 6 16133
608 56883 59393 44 34980
609 57047 62129 40 97812
610 57050 68876 7 79202
611 57062 58361 30 40831
612 57089 62714 74 163728
613 57127 59782 42 85163
614 57610 62599 28 62372
615 57710 60644 23 36783
616 57728 66623 76 386194
617 58009 61616 16 18833
618 58023 61131 137 118476
619 58111 58185 125 3614
620 58113 67591 138 695540
621 58114 63970 7 21995
622 58220 63667 7 24592
623 58261 63690 69 217796
624 58337 60462 94 50126
625 58374 65609 90 357089
626 58461 64078 72 143947
627 58500 59597 15 15051
628 58565 58910 123 25550
629 58692 59034 89 8463
630 58777 60444 20 14505
631 58792 58999 145 26034
632 59013 65235 51 338053
633 59349 65940 130 107951
634 59428 64283 22 199825
635 59637 61062 82 55533
636 59675 77529 75 632609
637 59697 64500 97 341438
638 59784 61410 87 144913
639 60104 61360 14 10526
640 60137 60306 56 4107
641 60190 60905 46 26741
642 60359 62745 14 12351
643 60392 86520 19 332959
644 60398 68478 100 312567
645 60508 65219 97 47999
646 60540 66300 87 152478
647 60555 61428 111 70415
648 60726 62319 19 6564
649 60998 76419 23 133455
650 61023 62540 142 146699
651 61231 73167 8 33620
652 61266 62501 10 11725
653 61357 62521 78 47556
654 61383 69259 94 211830
655 61671 71749 57 152530
656 61790 66530 30 76851
657 61926 69971 28 213980
658 61978 63121 9 2977
659 62025 75084 20 146149
660 62066 68448 10 34764
661 62162 65335 9 19005
662 62168 64911 17 22179
663 62220 70449 47 161542
664 62271 67162 42 152124
665 62436 69902 72 299072
666 62475 70674 81 415700
667 62615 65793 149 203085
668 62749 63851 15 10005
669 62874 67918 130 268749
670 62923 71252 81 218659
671 62997 67590 11 10644
672 63026 64443 10 23228
673 63081 63759 12 6940
674 63083 69501 117 531541
675 63086 72026 10 32205
676 63156 65611 34 49821
677 63168 71353 16 53584
678 63298 75294 56 350902
679 63324 67600 40 102577
680 63429 69426 15 27596
681 63566 68535 147 286715
682 63624 93939 98 1664679
683 63679 66469 4 7573
684 63790 77153 52 449247
685 63809 71798 14 48123
686 63821 73099 10 73338
687 63899 72830 54 90918
688 64194 65006 17 6650
689 64242 65118 64 14487
690 64348 65216 137 140092
691 64409 65515 132 32491
692 64574 69954 56 100816
693 64580 66106 54 45238
694 64599 66495 9 12575
695 64633 68002 100 59329
696 64693 72910 74 174832
697 64697 68273 126 197381
698 64921 65575 60 16093
699 65011 65533 135 30286
700 65042 66480 7 6470
701 65211 67312 67 107260
702 65442 65809 92 8402
703 65545 75193 63 336893
704 65565 74335 66 77998
705 65633 70312 86 148039
706 65710 69461 5 5353
707 65738 69498 30 29341
708 65765 75265 83 512202
709 66068 73019 114 519519
710 66121 74271 51 497055
711 66219 79300 143 752923
712 66302 78783 29 267029
713 66309 70562 58 121796
714 66416 78475 7 24355
715 66538 73278 108 159421
716 66632 66731 132 3052
717 66682 71999 82 208826
718 66698 71277 91 312942
719 66820 69424 97 95898
720 66871 67289 102 53152
721 66990 71180 102 250756
722 67094 74332 44 138784
723 67133 70176 26 71550
724 67281 76165 7 35831
725 67387 72589 113 578670
726 67436 70807 24 32316
727 67487 72920 5 9568
728 67553 74896 6 14402
729 67653 67697 44 1909
730 67807 70496 51 91160
731 68001 77769 104 953945
732 68025 70603 27 24977
733 68082 72194 107 130389
734 68091 78622 133 663206
735 68201 77167 47 155352
736 68217 70001 5 948
737 68287 69806 101 122450
738 68348 69881 46 31964
739 68437 81820 62 932255
740 68617 75728 31 103105
741 68916 85029 96 515312
742 69143 71625 112 151848
743 69208 70871 14 17015
744 69366 76924 14 33087
745 69531 70006 41 23463
746 69566 70450 92 25387
747 69597 73080 96 240394
748 69735 79995 19 95085
749 69841 70073 12 2835
750 69844 73963 7 37563
751 69901 76665 35 50112
752 69943 73197 23 33884
753 70164 83641 21 68194
754 70238 71777 9 8894
755 70264 84409 45 478146
756 70492 80167 22 111821
757 70540 76772 117 188756
758 70570 72258 51 16343
759 70722 73130 52 100510
760 70770 75004 49 48140
761 70874 72965 95 61389
762 70986 77920 5 8728
763 71129 71199 48 1530
764 71504 79705 24 50932
765 71648 73227 9 3186
766 71756 81151 129 814167
767 71768 73947 57 162158
768 71803 73589 7 7890
769 72003 88696 87 445662
770 72052 72311 136 36125
771 72347 73162 80 22833
772 72357 78000 41 31481
773 72419 79530 33 115235
774 72689 73726 10 3194
775 72695 74922 22 45092
776 72758 95457 149 1154004
777 72821 75382 38 52990
778 73001 80452 132 2567254
779 73037 74915 125 33271
780 73061 75655 32 91591
781 73087 75762 134 208172
782 73213 76788 41 72335
783 73262 89330 40 182284
784 73358 74756 29 24312
785 73472 76371 20 18066
786 73499 74978 53 56151
787 73644 87050 11 75272
788 73823 95119 24 50254
789 73946 76003 54 25837
790 74007 80294 41 104767
791 74377 75775 131 98323
792 74391 89167 24 422965
793 74536 83213 103 290273
794 74581 76060 32 52623
795 74615 77323 43 40806
796 74736 78547 50 30959
797 74861 75666 13 8101
798 74874 78965 58 164224
799 75178 78924 20 80987
800 75303 84088 104 556485
801 75420 85672 106 122462
802 75475 84831 7 40975
803 76094 76265 30 4485
804 76153 79108 106 96779
805 76247 78068 73 69116
806 76307 76476 30 4020
807 76351 77190 114 48077
808 76363 78296 86 34041
809 76422 76562 74 10215
810 76432 82830 42 434235
811 76582 85093 79 183977
812 76650 82836 10 25692
813 76686 78294 131 418446
814 76719 79136 88 49893
815 76724 81851 48 44042
816 76725 87352 19 273791
817 77164 79424 17 16996
818 77225 78701 13 10204
819 77268 94633 68 212773
820 77345 87933 21 113899
821 77357 91104 70 406425
822 77521 89554 86 419532
823 77534 87028 10 53466
824 77694 79427 89 78265
825 77717 90033 77 399211
826 77732 86797 84 578698
827 77889 89502 58 230810
828 77896 78561 26 6652
829 77935 80430 24 38442
830 78064 79429 54 11925
831 78117 84426 19 17678
832 78127 79270 38 58140
833 78217 79648 14 27319
834 78313 93703 92 675850
835 78334 96220 19 184377
836 78424 82070 69 54431
837 78425 85532 104 568524
838 78514 89014 4 17902
839 78518 78534 7 129
840 79291 81198 25 61186
841 79331 86104 6 24951
842 79406 86505 130 502795
843 79447 82953 12 22058
844 79507 88056 87 419720
845 79558 80795 46 22366
846 79573 89706 79 523163
847 79574 80511 143 173687
848 79601 84374 16 11001
849 79811 80503 69 22902
850 79812 95647 114 253751
851 79860 83937 101 250322
852 79861 82267 13 13306
853 79879 84308 115 358404
854 80043 81545 63 18968
855 80107 81864 96 47219
856 80163 80492 17 2771
857 80175 81710 34 17703
858 80480 80972 110 57825
859 80550 80654 17 1146
860 80882 82626 13 7489
861 80942 91453 18 63491
862 80953 84287 51 70444
863 80974 83930 18 25903
864 81173 81182 9 35
865 81231 81262 143 7112
866 81371 87215 143 245144
867 81532 83732 5 2108
868 81928 90313 70 134588
869 81929 87679 71 82773
870 82156 89054 76 95854
871 82188 87155 135 290802
872 82217 83475 92 52823
873 82256 82594 37 4144
874 82400 95828 139 596437
875 82403 85574 82 79423
876 82464 83287 40 27860
877 82531 83355 96 40932
878 82544 85868 81 140446
879 82570 84351 129 135247
880 82631 88385 12 98653
881 82804 87380 8 20957
882 82909 89517 65 102131
883 83128 88171 81 150468
884 83239 96895 37 133471
885 83352 86093 20 25337
886 83395 91457 22 47643
887 83465 84313 140 32682
888 83695 88170 35 31398
889 83794 89124 70 26087
890 83824 87310 8 4252
891 83931 85843 45 50500
892 83944 94416 19 96815
893 84036 90172 9 14171
894 84066 87067 8 5854
895 84238 91886 112 293990
896 84782 85727 11 6774
897 84848 85582 29 8033
898 84928 92791 13 35546
899 84995 87079 23 13946
900 85015 86489 34 27122
901 85198 85943 25 8986
902 85326 85783 99 14849
903 85370 94564 64 753073
904 85374 94006 101 283356
905 85484 87994 51 126857
906 85528 88261 141 191943
907 85659 86193 144 32045
908 85817 90680 26 31290
909 85823 92058 10 18551
910 85867 88421 47 17792
911 86073 87785 4 1796
912 86212 88017 12 10498
913 86296 87063 26 8665
914 86755 86816 101 4893
915 86795 91829 35 59823
916 86817 92132 25 44277
917 87144 90075 69 41970
918 87587 90406 34 66839
919 87603 95228 10 20738
920 87784 87860 7 228
921 87863 93820 86 181388
922 88023 99785 49 144530
923 88331 96292 9 45583
924 88392 88783 23 12454
925 88440 91129 28 27084
926 88463 93926 101 586813
927 88494 90347 60 60281
928 88512 89827 43 68644
929 88588 94357 108 238646
930 88652 92268 30 34584
931 88757 93274 8 24649
932 88932 97379 92 276584
933 88939 98125 11 19193
934 88942 98735 15 120840
935 89006 90138 4 3780
936 89146 92923 44 66782
937 89293 91530 106 170015
938 89304 90223 14 9670
939 89419 89908 4 384
940 89458 98919 59 328425
941 89527 96068 35 91667
942 89532 89638 4 838
943 89753 92942 44 73148
944 89814 98855 25 118455
945 90052 91670 33 36485
946 90065 95503 86 282413
947 90066 91859 65 53768
948 90072 95610 10 25759
949 90294 93600 43 33257
950 90316 92728 150 215283
951 90474 91442 14 7286
952 90675 91820 23 18455
953 91103 92565 25 27054
954 91183 91379 103 20709
955 91232 92650 29 20500
956 91254 91809 128 30585
957 91255 93645 36 44392
958 91481 99784 88 227271
959 91560 92203 25 9133
960 91568 96461 88 413199
961 91759 94403 48 29524
962 92441 94495 31 44972
963 92449 95379 39 145547
964 92453 92917 101 27774
965 92480 95803 49 51016
966 92608 95195 122 244674
967 92966 95566 60 74691
968 93012 96981 40 77125
969 93121 95408 150 128294
970 93198 93218 102 1055
971 93327 96055 16 16566
972 93463 94824 48 19962
973 93526 94293 83 22103
974 93625 97903 40 25610
975 93694 99654 77 131310
976 93772 93972 117 14029
977 94366 99298 145 139225
978 94609 95396 36 44615
979 94673 99081 88 141738
980 94833 97616 100 270906
981 94969 97133 132 349615
982 95142 97928 20 26246
983 95216 97638 35 20602
984 95233 97593 130 85311
985 95349 95652 134 29989
986 95368 95509 35 4001
987 95529 95865 77 15719
988 95533 96112 32 8966
989 95670 96852 15 4675
990 96017 96840 8 4002
991 96076 97716 79 76844
992 96418 97081 20 1856
993 96598 97172 5 1246
994 96923 97347 54 20314
995 97005 98722 37 33863
996 97468 97518 85 2980
997 97568 98224 14 2801
998 97585 99545 10 4937
999 98061 99832 108 93281
