50 1000 0.074
...##......................##########.######......
...#.#...#..................########.########.....
.#########.................##.#########.######....
########....................#..######.#########...
...####.........................######.##########.
..###...........................#####.#.######....
..#.#.........................#####.#.#######.....
....##.....................#.####.##..#######.....
...........................########.#.#######.....
.........................########################.
..........................###.######.###..##.#.#..
............................#####.##..#..##.......
...........................##.####.......#........
...........................#...####...............
...........................#...#####..............
................................#.................
................................#.................
..................................................
..................................................
..................................................
..................................................
..................................................
...........................##.....................
..........................##......................
......................######......................
........................#####.....................
......................#########...................
...#..#.............########.#....................
.###.#####............#..#####.#..................
...#######............###########....#............
..#########...........####.###......####..........
..#####..#.............#.###.##....####....#......
.###.#####..........#..#####..#.....####.####.....
.#.#.####...........#####..#..#.....#.######......
...................#########..#....#########......
....................#####.##.......##.###.##......
..................#######.#...........#...........
............#......##########.....................
...........#####.############.....................
..........##########.######.#.....................
..........########.########.......................
........###########.#.###.##......................
........##..####.##....#####..###.................
.##..###########.......##.##...#..................
###.####.#...##........##...#####.#...............
###..#####............####..#####.#...............
..#######.................##########..............
...######...................#########.............
...######..................###.#.####.............
....##.##................######...#...............
0 114 6827 126 296849
1 501 7224 146 277589
2 583 1999 89 30166
3 597 5533 6 6345
4 674 1582 107 47456
5 911 9895 69 373671
6 920 6792 43 182585
7 973 3091 85 117689
8 1143 3422 113 81709
9 1191 2513 15 35213
10 1202 6247 24 55051
11 1273 4863 31 80557
12 1378 9853 59 395402
13 1513 5838 19 37318
14 1725 3890 67 59370
15 1865 21003 78 609649
16 2023 5050 93 63256
17 2076 7747 143 535873
18 2142 6101 13 15597
19 2236 2988 107 80973
20 2375 3466 27 52782
21 2416 5684 58 86765
22 2485 2788 85 12511
23 2543 5948 24 24039
24 2567 6936 16 62348
25 2582 5881 82 71879
26 2660 8008 20 64884
27 2739 11343 53 87200
28 2741 20786 28 253546
29 2769 7572 7 6230
30 3113 4032 24 21029
31 3258 13534 115 194310
32 3303 11180 72 122579
33 3456 3781 66 13376
34 3561 7178 111 116190
35 3681 4591 140 163241
36 3730 4094 36 8721
37 3761 6970 16 29237
38 4101 4265 35 2361
39 4118 7168 11 19981
40 4202 6195 17 20953
41 4247 5330 26 32155
42 4262 5947 12 16551
43 4338 4419 39 1806
44 4543 12114 29 76382
45 4676 6412 10 3525
46 4725 20647 88 887882
47 4735 5201 14 3150
48 4736 5884 94 53018
49 4884 14147 19 53834
50 4921 9033 103 74160
51 4925 8205 90 169564
52 5306 10721 91 271298
53 5322 6774 102 77044
54 5390 15635 9 109338
55 5503 6270 22 7000
56 5630 6244 150 30832
57 5785 8064 35 33527
58 5912 39240 10 336314
59 5987 7723 17 58364
60 6001 13510 43 217844
61 6022 7532 88 58964
62 6066 16352 62 186186
63 6150 16072 142 256940
64 6151 16134 22 63545
65 6264 21386 96 1164302
66 6318 7564 138 56386
67 6430 9360 39 72697
68 6440 7482 88 27982
69 6457 11849 54 160150
70 6480 16543 46 104976
71 6588 9364 49 107305
72 6589 11431 77 185843
73 6631 8011 9 10293
74 6895 25819 6 57756
75 6994 9526 5 11395
76 7200 9680 92 192793
77 7335 11911 124 271270
78 7371 9751 36 142931
79 7400 8956 13 13646
80 7477 7754 5 1325
81 7478 9890 118 135789
82 7481 7829 13 5150
83 7514 7866 25 4263
84 7534 19132 8 26792
85 7622 11063 28 42015
86 7670 7970 111 18862
87 7678 8568 79 78421
88 7709 8967 100 59813
89 7785 23466 17 85214
90 7843 16046 90 460100
91 8099 10055 17 13809
92 8144 17636 138 867421
93 8260 19304 141 812399
94 8366 8839 100 17946
95 8451 9946 117 121376
96 8614 9073 111 35289
97 8627 9089 112 20421
98 8701 9077 92 13056
99 8731 11326 14 30753
100 8736 21493 68 458222
101 8770 21784 22 117598
102 8854 9712 35 9322
103 9102 14208 10 21567
104 9150 11332 124 68725
105 9172 14346 79 107119
106 9431 18251 59 126353
107 9455 11154 17 9569
108 9487 11210 84 149924
109 9571 9681 36 2251
110 9624 10754 33 15745
111 9728 11374 63 38886
112 10010 10376 72 20674
113 10125 10474 50 11986
114 10302 24155 7 43445
115 10310 11052 20 8187
116 10318 17876 99 253552
117 10393 12236 74 248287
118 10584 25625 124 439101
119 10791 13137 92 130964
120 10796 15118 26 37184
121 10815 24403 26 207736
122 10839 16263 61 114317
123 10846 20396 74 208253
124 11028 13328 107 32857
125 11040 15972 74 402463
126 11126 26125 77 734497
127 11160 14324 119 152188
128 11197 12828 13 7509
129 11250 12972 14 15248
130 11401 13934 139 166374
131 11443 21605 93 508838
132 11465 17142 14 90052
133 11472 18426 106 262163
134 11538 14210 10 11905
135 11605 12509 123 55937
136 11744 13422 96 103622
137 12012 12886 8 11124
138 12103 32613 10 14682
139 12113 20517 56 271704
140 12183 18685 4 32098
141 12302 15275 110 181763
142 12394 17103 141 446986
143 12514 13037 120 28944
144 12541 21263 21 39842
145 12593 15456 40 33918
146 12710 15700 26 47753
147 12778 17622 64 297442
148 12781 15970 80 72221
149 12940 14953 6 4748
150 13086 16402 6 3212
151 13386 16304 59 111041
152 13999 23572 62 40278
153 14071 17217 122 180778
154 14076 21751 100 214435
155 14139 22029 19 57514
156 14170 24522 15 48245
157 14270 28004 13 101629
158 14299 21148 63 163054
159 14380 15097 6 5501
160 14416 15371 35 6702
161 14576 14771 100 62588
162 14586 29198 128 1184686
163 14620 18161 15 12078
164 14887 16078 8 4705
165 14909 21062 86 95066
166 14916 20312 92 377082
167 15011 15106 145 11404
168 15254 15522 92 15713
169 15261 16444 9 4906
170 15376 25792 41 158361
171 15417 15779 4 909
172 15453 20510 13 61711
173 15465 16478 85 49256
174 15722 20211 36 59717
175 15872 19586 148 166512
176 15911 23969 50 152910
177 15935 16885 52 21681
178 15968 17575 86 53849
179 16115 23905 32 164868
180 16348 19212 142 86159
181 16367 16566 62 9689
182 16386 33638 117 263382
183 16421 28185 23 107164
184 16499 24309 32 39244
185 16511 45492 102 841858
186 16595 16675 61 3385
187 16672 18154 58 58556
188 16722 26256 61 338011
189 17203 19980 115 157212
190 17226 20723 12 16572
191 17531 17780 141 35454
192 17540 22447 116 214122
193 17660 18824 7 1441
194 17817 30361 9 31903
195 17917 34129 36 522091
196 18010 30069 87 312998
197 18048 18125 63 6736
198 18079 23861 146 269339
199 18126 24356 32 132330
200 18300 40096 52 189998
201 18540 27350 60 131847
202 18550 19705 10 8569
203 18660 24328 144 356024
204 18716 22631 16 66361
205 18809 20124 5 1303
206 18843 29779 36 135012
207 18868 19876 8 3910
208 19048 25959 77 232287
209 19210 23743 36 137782
210 19229 28251 98 125995
211 19368 25082 48 105989
212 19518 36893 64 509122
213 19643 21689 99 106938
214 19670 21101 113 47788
215 19723 19886 46 4634
216 19864 22054 5 5818
217 20339 36268 34 492194
218 20353 30751 54 253535
219 20631 23187 12 16066
220 20719 32912 71 283599
221 20855 23725 136 171613
222 20987 48977 16 173965
223 21099 21961 60 32003
224 21119 37255 135 346818
225 21162 23473 23 32576
226 21215 23898 85 308969
227 21217 31061 106 466836
228 21354 32722 22 61907
229 21372 21839 14 5273
230 21379 21380 11 13
231 21536 29992 135 325027
232 21618 31526 28 127294
233 21666 23085 24 46471
234 21684 31177 123 1044836
235 21692 21957 33 4225
236 21701 27777 105 290648
237 21767 23583 129 69674
238 22057 28934 6 14536
239 22116 23362 45 27309
240 22150 29022 33 294475
241 22186 28917 7 29518
242 22198 23139 71 25142
243 22228 24909 15 7446
244 22257 26778 7 31055
245 22296 24741 92 188596
246 22342 26829 25 155323
247 22600 25464 32 93712
248 22721 24640 12 7408
249 22899 33953 36 131270
250 23039 30927 73 182787
251 23509 25671 56 52553
252 23681 24659 138 137194
253 24103 34514 89 658134
254 24270 27936 6 3801
255 24630 30712 7 14342
256 24777 25907 103 35561
257 24811 27076 34 30742
258 24928 36363 52 536315
259 24951 32069 35 69835
260 25014 37404 12 77311
261 25155 29410 103 169821
262 25421 26560 100 45673
263 25483 30519 45 128237
264 25555 30340 107 119348
265 25606 27523 55 21294
266 25723 26266 30 8670
267 25816 30972 49 82475
268 25941 26906 21 9262
269 25998 26942 60 29940
270 26023 33811 11 46286
271 26073 33057 7 25344
272 26259 29121 22 28463
273 26262 31817 108 187735
274 26306 32104 4 23472
275 26312 29884 41 52023
276 26357 57841 53 553693
277 26420 28516 9 6239
278 26468 27931 46 59665
279 26490 29267 33 57570
280 26616 31364 17 50111
281 26679 35335 133 252968
282 26742 28053 127 92060
283 26804 26813 94 509
284 26895 28784 20 14551
285 26901 37183 125 373879
286 26999 29318 38 28799
287 27140 28785 13 13177
288 27222 47193 109 1031893
289 27267 30862 96 160693
290 27326 34311 96 176900
291 27399 39914 78 367990
292 27468 43115 33 148513
293 27510 28989 8 3199
294 27753 34380 21 57849
295 27842 34230 76 322924
296 27943 29648 82 44010
297 28121 39622 60 417845
298 28564 30184 142 76324
299 28583 33650 51 123027
300 28588 33947 9 20424
301 28768 33253 145 860031
302 29059 30710 38 21401
303 29086 30521 137 136143
304 29199 30308 100 51216
305 29212 30482 138 166314
306 29272 30773 11 20865
307 29643 57459 29 482350
308 29666 34585 48 44796
309 29845 32979 36 34081
310 29848 30911 53 51809
311 29864 31208 60 78332
312 29886 31063 32 30179
313 29919 31933 93 98754
314 30006 32765 29 38905
315 30195 48965 74 576959
316 30284 38455 109 179815
317 30312 30856 74 7000
318 30351 30935 5 808
319 30454 34452 76 305689
320 30464 31580 9 5692
321 30524 31440 19 10036
322 30534 30563 5 63
323 30547 32802 134 198661
324 30733 31540 142 87540
325 30775 44389 59 284233
326 30787 35262 11 15140
327 31060 32296 38 15250
328 31327 36746 22 55574
329 31450 36102 37 198842
330 31463 34957 98 131797
331 31634 38476 12 23496
332 31846 38016 47 80844
333 32008 33615 78 115630
334 32015 36812 57 131725
335 32058 38905 49 67790
336 32275 32592 32 6424
337 32394 54545 8 169250
338 32395 35824 70 50545
339 32450 43718 107 381733
340 32563 32798 36 23281
341 32702 36846 119 205922
342 32811 48691 114 1843517
343 32832 46426 117 635808
344 33014 35859 50 83577
345 33244 34313 52 37094
346 33291 37110 133 241761
347 33300 34173 61 50105
348 33305 35623 11 16829
349 33412 34138 48 6011
350 33477 34130 46 10364
351 33620 35887 102 35104
352 33621 38125 146 139234
353 33693 35365 115 116589
354 33798 64801 4 33159
355 33890 40752 81 121754
356 34078 36071 66 51122
357 34117 44899 114 289073
358 34188 34307 47 5555
359 34212 39315 108 142853
360 34271 36072 65 97548
361 34316 35776 11 22036
362 34401 42527 20 37418
363 34547 38940 108 138143
364 34700 38166 48 87671
365 34714 37642 18 18154
366 34767 37614 72 115660
367 34778 35183 23 4584
368 34921 43660 11 76211
369 35170 37163 64 112004
370 35281 44610 85 343733
371 35382 43662 90 216695
372 35464 52340 121 783065
373 35479 39082 72 139401
374 35612 38717 9 14337
375 35979 41210 5 3996
376 36024 41205 5 5385
377 36046 45762 145 865956
378 36047 41747 107 308669
379 36137 39969 150 250888
380 36469 36639 112 4182
381 36546 39850 82 44688
382 36830 40438 124 154038
383 37146 38945 101 45014
384 37148 39089 17 30551
385 37166 40270 10 12567
386 37223 38844 117 56806
387 37270 46068 50 188938
388 37303 43264 98 224782
389 37388 40747 126 395689
390 37409 42705 63 180607
391 37413 40933 11 14725
392 37468 42503 8 31775
393 37491 40077 64 75501
394 37883 44324 91 343107
395 37931 38836 139 72387
396 37938 37941 101 1162
397 37943 53267 5 56433
398 37999 38761 64 29003
399 38177 42100 44 85478
400 38192 44481 74 218423
401 38350 39182 140 24043
402 38377 59035 7 54836
403 38416 42521 89 82901
404 38454 42403 47 79606
405 38525 45812 49 110225
406 38587 53970 37 116200
407 38602 38705 17 5012
408 38697 39948 50 34681
409 38740 40595 14 9855
410 38828 38999 121 9554
411 38889 67123 38 510835
412 38924 39894 70 23866
413 38950 55967 105 977613
414 38979 45603 70 152144
415 39027 44084 38 74218
416 39231 40464 144 53640
417 39408 46107 32 54869
418 39540 41413 72 88079
419 39570 40845 52 58897
420 39698 39811 24 2508
421 39786 40480 42 10911
422 39789 43052 102 75657
423 39829 42264 32 33024
424 39858 48513 27 274152
425 39917 42110 31 26904
426 40014 41784 51 109405
427 40218 47488 109 1129508
428 40274 44834 150 322899
429 40323 50005 61 184080
430 40392 47288 81 308498
431 40423 43414 35 13475
432 40594 45533 95 73983
433 40596 50142 17 34542
434 40656 41572 72 25110
435 40686 51822 24 180846
436 41016 44300 22 29467
437 41232 60387 128 2136577
438 41314 43097 73 62448
439 41399 41535 49 3366
440 41523 43503 8 8502
441 41565 43775 6 5055
442 41586 43250 95 216919
443 41686 43577 75 117550
444 41721 45791 21 133588
445 41760 47058 25 18685
446 41815 44584 6 12522
447 41825 47500 39 70544
448 41829 42427 28 12841
449 41872 42670 37 20264
450 41978 48624 134 642602
451 42003 56673 100 651231
452 42067 47580 43 256923
453 42134 44146 95 38915
454 42187 50907 35 109968
455 42268 47533 26 39604
456 42382 45860 74 36747
457 42576 52590 56 130115
458 42600 51190 41 54918
459 42626 54428 140 1126651
460 42692 43031 5 1225
461 42841 46373 55 49270
462 42852 43009 37 6207
463 43013 46742 6 6991
464 43029 50452 15 30579
465 43121 44339 124 86827
466 43313 61290 68 668730
467 43432 47729 5 17773
468 43471 43985 36 9815
469 43602 44856 21 10866
470 43633 44414 132 33209
471 43682 44775 89 83298
472 43735 46224 102 55100
473 43926 44868 6 1667
474 44153 49468 96 199822
475 44290 45258 22 9605
476 44531 45158 126 61764
477 44852 49917 117 264397
478 44903 47043 72 179409
479 44977 46847 101 29624
480 45014 49466 110 476612
481 45194 49566 17 37646
482 45250 47393 87 61642
483 45278 49637 44 110474
484 45412 49684 133 176141
485 45464 49616 23 19694
486 45569 46407 111 131585
487 45628 54224 7 25370
488 45703 48823 30 58332
489 45919 50305 121 163680
490 46045 47496 67 84961
491 46159 54796 18 94870
492 46354 46514 55 1624
493 46381 48280 103 118030
494 46530 50473 24 93001
495 46700 49344 13 13691
496 46956 55952 16 42620
497 47103 54880 30 98431
498 47275 52144 63 225914
499 47527 48353 5 2241
500 47588 57131 28 50819
501 47591 47818 123 7047
502 47732 54869 6 14223
503 47853 49792 69 46867
504 47887 48358 50 17405
505 47963 55025 107 169447
506 48056 52033 140 198866
507 48361 51421 35 79208
508 48421 52391 46 60516
509 48689 48756 109 1626
510 48709 49612 9 4207
511 48904 52451 7 14547
512 48973 49458 130 53369
513 49066 49515 7 2394
514 49087 54136 39 50629
515 49137 55502 33 183016
516 49222 52902 19 20455
517 49394 57262 6 55198
518 49431 49683 113 9609
519 50044 56095 112 155305
520 50316 54038 23 102442
521 50423 69121 9 161165
522 50443 57942 139 375954
523 50564 53431 19 18445
524 50599 68125 129 703127
525 50687 52053 79 42862
526 50709 55300 138 173402
527 50815 53052 29 17851
528 51086 52352 130 141393
529 51168 55666 21 78373
530 51387 53979 55 60599
531 51418 56986 87 91512
532 51621 59077 41 395090
533 51707 51875 36 7357
534 51920 54556 66 64865
535 51924 52100 79 12272
536 52008 57299 32 72516
537 52209 58904 57 328051
538 52272 55223 48 21827
539 52461 52526 27 859
540 52510 55401 70 137396
541 52528 55926 93 176866
542 52604 53628 29 26077
543 52622 59220 25 80810
544 52862 53238 38 9340
545 52906 53014 25 2679
546 52908 56028 89 81089
547 52927 68882 47 555882
548 52945 56082 29 21250
549 52953 54182 87 40645
550 52966 54665 56 53389
551 53137 59569 10 16188
552 53171 53496 147 33380
553 53246 55941 8 8828
554 53337 56206 126 215049
555 53397 55327 9 7084
556 53420 72406 116 782128
557 53427 61100 12 11196
558 53493 60572 43 75301
559 53501 59282 45 62919
560 53546 58534 5 11802
561 53563 59933 74 158769
562 53601 57856 119 97885
563 53733 59474 133 463065
564 53820 55969 64 107768
565 53945 54525 14 5920
566 54104 65576 92 229748
567 54123 58594 20 51408
568 54301 58757 84 282762
569 54422 57112 145 186711
570 54426 82969 7 74811
571 54523 57761 59 172614
572 54524 54756 102 13061
573 54567 57352 20 10905
574 54776 58532 102 222195
575 54824 64459 144 479113
576 54958 63894 18 49292
577 54966 59026 148 1377813
578 55244 75714 72 571501
579 55245 66628 121 620782
580 55317 64081 14 52858
581 55478 59000 11 11135
582 55625 61971 60 79679
583 55637 63351 32 55012
584 55673 65798 6 21839
585 55760 59704 131 293941
586 55787 61355 51 172533
587 55820 57195 44 17060
588 55916 59753 94 197752
589 55951 68500 116 386221
590 56129 66071 83 214406
591 56136 64191 45 185871
592 56324 59137 62 146040
593 56366 63459 112 112574
594 56601 65974 74 206285
595 56614 65631 50 121871
596 56652 56864 8 952
597 56689 59024 93 110413
598 56730 63923 36 130144
599 56739 57932 36 21033
600 56823 82579 5 91509
601 56910 60309 50 175744
602 57027 71167 25 275845
603 57031 58511 75 72139
604 57090 61482 82 84080
605 57192 59086 4 2329
606 57421 64623 82 187245
607 57580 60561 69 131182
608 57606 57901 72 8859
609 57873 61981 10 9280
610 57895 67248 68 394559
611 57948 58334 19 5797
612 58034 63893 119 431571
613 58112 63375 99 165128
614 58148 61185 45 71796
615 58436 68974 108 548968
616 58479 60575 94 100083
617 58737 64545 145 179483
618 59250 59587 15 1996
619 59260 60417 17 10350
620 59309 73565 101 526568
621 59499 63569 9 52628
622 59604 62490 5 6013
623 59795 61706 13 9933
624 59932 59992 12 800
625 59951 64195 89 299340
626 59962 66647 122 526858
627 60011 61106 102 56797
628 60053 64272 73 183276
629 60071 69468 9 23035
630 60371 60882 115 25778
631 60398 67650 88 189793
632 60407 62875 82 251941
633 60516 71262 4 26038
634 60693 70837 46 130229
635 60823 62612 142 121462
636 60849 60883 26 275
637 60967 63416 20 50829
638 60968 61325 25 5592
639 61013 61371 32 6387
640 61058 61548 65 19607
641 61244 66213 36 83664
642 61334 61535 117 20996
643 61506 68541 82 166940
644 61668 64133 147 228033
645 61743 73036 37 164396
646 61801 71252 102 699478
647 61877 65876 117 334954
648 61951 64453 38 43735
649 62175 63079 8 6259
650 62182 62780 95 32746
651 62326 62526 68 8824
652 62335 67364 37 77977
653 62450 65239 83 105377
654 62682 67536 122 304492
655 62794 64323 89 44977
656 62911 70576 16 43118
657 62982 66049 133 166782
658 63027 68350 57 142357
659 63055 63589 125 43391
660 63131 63619 35 13435
661 63249 74711 121 1154203
662 63301 68423 17 39755
663 63392 67029 38 49184
664 63496 66521 19 76965
665 63520 64557 24 8171
666 63529 65126 5 6435
667 63540 71084 91 189366
668 63933 71077 16 42835
669 64048 69353 46 97184
670 64159 68359 4 5896
671 64198 66372 22 15544
672 64268 67025 109 132086
673 64409 71180 137 279988
674 64477 70834 16 64899
675 64566 64820 48 4875
676 64584 70280 14 73077
677 64973 65545 38 8363
678 65018 66730 28 31702
679 65218 65494 38 6587
680 65302 65655 52 10190
681 65404 65585 135 31621
682 65422 72548 121 644162
683 65479 70814 19 20148
684 65541 69307 6 14361
685 65880 70731 98 365257
686 65883 66064 7 809
687 65975 68276 7 8346
688 66038 68363 48 91421
689 66086 69331 31 31249
690 66097 70173 79 229608
691 66114 72628 45 106796
692 66127 68040 121 61614
693 66137 66796 66 23385
694 66163 66693 50 12711
695 66277 67801 137 25288
696 66410 68599 10 11459
697 66438 71709 44 60732
698 66448 66460 27 522
699 66541 76253 137 599817
700 66574 66753 6 1243
701 66769 77482 18 110851
702 66904 74185 26 33740
703 66972 67185 28 3914
704 67012 69838 71 188568
705 67113 67570 31 3902
706 67140 67199 103 2515
707 67415 68867 8 11116
708 67433 78260 76 502115
709 67550 80334 77 244474
710 67641 72506 138 402786
711 67660 71318 129 428957
712 67713 69702 20 13901
713 67735 73037 12 31251
714 67740 70733 15 13522
715 67789 84190 78 641584
716 67828 68364 91 30365
717 67831 75575 64 172665
718 67840 76924 98 234031
719 67890 68018 5 587
720 67935 71258 92 132738
721 67957 68242 114 50850
722 68110 68493 33 10656
723 68205 71855 64 148063
724 68481 74068 62 430696
725 68531 90445 44 152196
726 68592 71706 17 51649
727 68627 69676 90 42626
728 68880 69038 6 211
729 68928 70806 73 74142
730 68951 71028 27 25507
731 69338 75199 36 93418
732 69513 71131 27 11538
733 69805 69997 77 4528
734 69879 75180 43 59966
735 69980 76173 29 68651
736 70079 76409 29 42339
737 70085 81087 112 771475
738 70117 85256 27 61281
739 70191 71194 85 37561
740 70371 80555 53 436427
741 70420 83782 16 62774
742 70467 75100 34 84680
743 70534 71657 54 16877
744 70564 71433 24 53690
745 70601 70777 9 1152
746 70614 73852 146 370558
747 70707 77632 11 55558
748 70761 74837 33 45967
749 70821 74025 8 12483
750 70870 71873 127 83526
751 70927 78923 75 132464
752 71153 74906 114 125865
753 71334 75694 140 326318
754 71431 77754 5 24144
755 71435 76239 56 90602
756 71533 74704 49 83518
757 71572 75425 49 87488
758 71660 74004 14 9586
759 71704 71871 124 13463
760 71843 81668 115 371198
761 71889 73876 33 48396
762 71984 76816 26 42995
763 72016 72661 84 45235
764 72095 73191 98 63669
765 72367 78632 62 212276
766 72388 72458 89 1735
767 72397 73396 104 52738
768 72432 74766 33 59422
769 72634 76987 40 74787
770 72721 79621 57 27965
771 72766 77640 130 659304
772 72926 76458 149 313158
773 73055 74291 8 7961
774 73213 76528 4 6996
775 73491 74187 39 6328
776 73607 77260 58 60830
777 73682 75070 19 16153
778 73705 80363 28 156693
779 73758 77915 48 65295
780 73913 76133 140 214426
781 73931 74513 23 3443
782 73943 80532 68 242777
783 73954 83942 16 43485
784 73964 76068 15 4321
785 73988 74813 117 111834
786 74396 78369 100 434566
787 74399 75868 109 85272
788 74537 75790 32 22916
789 74665 87912 58 213809
790 74764 80587 148 241623
791 74799 77462 42 33842
792 74833 79430 86 95603
793 74844 78145 124 145165
794 74958 75796 5 2330
795 74992 81107 24 33944
796 75154 76193 31 8172
797 75290 78077 11 15688
798 75301 76953 103 112170
799 75333 92166 127 848991
800 75365 76821 132 165889
801 75374 77507 48 69502
802 75418 78668 79 128795
803 75556 82074 96 166113
804 75560 79626 100 80431
805 75813 78322 102 249939
806 75838 87433 95 544066
807 75895 85275 27 85197
808 76083 93967 100 531262
809 76085 83355 8 25991
810 76182 81990 18 42602
811 76225 77393 21 3861
812 76575 81210 63 136745
813 76667 80749 31 145031
814 76890 84499 87 315708
815 76892 78300 8 3861
816 76927 82045 11 48343
817 76978 91523 65 261969
818 76982 99854 130 1057024
819 77035 89451 121 1420943
820 77138 87451 54 360229
821 77205 78233 4 598
822 77206 78705 16 24668
823 77413 80261 149 158222
824 77568 86903 46 116397
825 77621 79093 13 7102
826 77901 87958 132 1012144
827 78009 87972 148 580016
828 78044 86231 72 194160
829 78122 81278 35 77839
830 78157 94421 56 231363
831 78374 85216 129 225593
832 78626 79023 102 34057
833 78716 87320 15 26183
834 78747 81695 31 42314
835 78865 94137 20 158647
836 78951 81514 35 33709
837 78980 87879 21 100350
838 79106 82524 40 28383
839 79232 81136 45 29254
840 79290 89158 36 172593
841 79336 84150 59 117176
842 79340 83042 123 428334
843 79500 84938 5 16710
844 79535 88273 6 12691
845 79684 80715 11 2332
846 79921 82981 140 230477
847 80037 93277 26 72400
848 80239 86368 136 358689
849 80258 87356 75 420120
850 80259 80622 26 4716
851 80523 80812 22 5864
852 80908 82061 24 15257
853 80989 81954 11 4074
854 81081 81917 20 13893
855 81147 86515 92 320449
856 81229 87038 33 36007
857 81257 84590 91 61853
858 81280 93367 6 39670
859 81402 83289 9 14730
860 81579 81626 40 7620
861 81684 85020 115 192105
862 81755 88763 29 41202
863 82114 94569 14 65188
864 82126 84189 8 23697
865 82215 83678 68 63159
866 82553 83142 68 28471
867 82591 87516 131 824393
868 82614 96472 19 298477
869 82788 83649 101 41701
870 82866 83553 14 8589
871 83063 83849 4 2333
872 83207 86752 45 50895
873 83241 84605 99 68717
874 83252 89194 67 86209
875 83576 84354 110 34532
876 83585 93876 115 347837
877 83742 84390 79 24169
878 83768 84932 81 28102
879 83968 85028 5 2425
880 84107 88954 19 46289
881 84165 98038 76 236072
882 84174 84845 118 33339
883 84219 91829 128 990338
884 84233 99462 34 158821
885 84238 84298 7 386
886 84296 87667 64 67301
887 84331 95505 19 152276
888 84450 84700 54 3979
889 84457 86901 78 131873
890 84704 87045 26 26367
891 84934 91120 48 40968
892 84973 85302 68 26558
893 84977 86123 23 15854
894 84980 86490 108 119284
895 85253 85720 24 8681
896 85429 86671 19 13240
897 85667 87189 9 7390
898 85734 86202 101 64752
899 85840 95309 143 299872
900 85946 87395 122 116086
901 86026 94920 15 73561
902 86302 96805 64 207642
903 86361 93380 146 166382
904 86370 88331 23 60613
905 86371 90809 28 39185
906 86392 89017 64 29683
907 86521 89912 7 5591
908 86600 99064 63 142423
909 86636 90331 45 97996
910 87003 92419 6 10522
911 87114 98278 23 105117
912 87124 92196 6 13332
913 87415 90654 131 302349
914 87439 88636 17 6836
915 87603 93783 9 28499
916 87616 90463 122 337697
917 87668 92744 136 172603
918 87693 89949 6 2318
919 87884 96007 141 161077
920 88010 98817 148 466448
921 88357 93460 45 180293
922 88465 90733 57 61964
923 88586 91259 134 201913
924 88603 90377 32 15014
925 88714 91059 141 152483
926 88740 92003 6 17623
927 89014 90655 102 278135
928 89032 89134 27 4418
929 89062 91336 8 2913
930 89102 90471 10 4592
931 89112 98534 53 234681
932 89208 95752 114 374308
933 89459 91041 112 49387
934 89523 94750 146 371676
935 89555 94398 58 145753
936 89572 91233 89 57828
937 89592 89698 110 6061
938 89600 94742 8 12907
939 89659 93407 22 39823
940 89660 90410 117 72730
941 89731 92731 76 141950
942 89759 92647 16 45768
943 89878 90800 21 8962
944 90232 91066 90 23897
945 90266 93134 70 133416
946 90294 93948 21 18475
947 90312 91508 115 24023
948 90329 90376 19 250
949 90357 90855 91 21803
950 90548 94163 17 5391
951 90688 94880 81 200574
952 90773 92857 9 7646
953 90858 95310 43 126400
954 91016 95695 97 64173
955 91047 95418 71 234054
956 91084 93604 9 13551
957 91111 94330 92 50495
958 91124 91697 97 87915
959 91168 91315 28 2622
960 91205 91635 118 86739
961 91359 98067 50 119219
962 91428 91889 137 18741
963 91442 93858 6 3536
964 91484 94635 35 30218
965 91837 92632 122 68533
966 91864 96928 15 47296
967 91894 95604 17 37867
968 91959 99227 22 86513
969 91997 93027 7 2877
970 92058 98897 17 42464
971 92650 94071 7 3706
972 92850 94343 8 2892
973 92902 97178 32 21271
974 93059 96438 145 367411
975 93065 95186 21 27511
976 93233 95721 58 126738
977 93355 99966 10 33519
978 93709 93718 60 1366
979 93720 94894 42 16771
980 93789 96279 9 3228
981 93860 95129 66 16449
982 94439 94785 110 8103
983 95287 95335 9 219
984 95478 96096 48 8628
985 95603 96589 19 16887
986 95850 97218 50 14655
987 96089 97047 20 8282
988 96110 98728 21 15992
989 96142 99325 53 97842
990 96198 98960 139 61375
991 96216 98274 26 25284
992 96386 97347 12 7402
993 96766 97063 83 16268
994 97040 98820 99 109809
995 97325 97818 7 1408
996 97564 99446 5 4682
997 98634 99174 37 22615
998 98809 99349 23 5246
999 99484 99661 117 29748
