50 1000 0.044
...............######........#.######.#.#.........
............###.##.#........####.#########........
........###.##.#####......#####.####.####.........
........#######.###.......########.##.#...........
.........############.........###...#.............
..#.........###.####........#####.................
..#.#......###.######.....######..................
.######........######.......#####.................
..###..........#.##.......#####.##................
######...#.......###.......##.#...................
.#######.####......#........###...................
.#.#..#..###..#.............###...................
.......###.#.##...................................
........######..........................#.........
........#.#####.........................#....##...
.........#######.....................#.####..#....
..........####.......................#...##.###...
..........#..........................###########..
.........##..........................###.#.###.#..
...........#.........................##..#######..
...........#....##..............#..############...
...........#.#####.#............########.######...
......############.##.........##########.##...####
.........####..###.####...#..##.#.######.......###
.........##.#.########....####...###..####....####
..........#.##.#.###........##.....#..###....#####
............###########....###.#...#...###......##
.................#........######....#####........#
.................#......###.####......###.........
......................##.#.#####......###.........
....................#.##.###.##.......##..........
....................#####.##.##...................
............##.......###########..................
...........####.#..##########.###.................
............######.###.##.#...###.................
...........###########.#.....#####................
.............#####...#.....#.######...............
...........####.####....###############...........
............##..###.....##############............
...............##........##########.#.............
.........................#########..#.............
.........................##########...............
..........................#####.#.................
..........................####....................
..........................###.....................
..................................................
..................................................
..................................................
..................................................
..................................................
0 113 3465 50 51105
1 134 717 25 5766
2 144 8354 130 308022
3 162 4659 97 134273
4 242 24153 102 575722
5 267 3710 38 33596
6 312 19835 10 39355
7 327 6196 44 65872
8 470 23324 8 144415
9 510 6919 9 32680
10 554 4166 83 119697
11 589 830 134 23174
12 593 8011 123 268725
13 598 3888 109 136038
14 628 9009 7 14595
15 770 10702 40 166203
16 947 11155 16 41540
17 986 24452 13 151024
18 1052 3062 101 98296
19 1083 7209 5 8510
20 1218 4629 19 18478
21 1275 3046 114 54477
22 1361 1568 65 7971
23 1485 3840 4 2208
24 1795 6705 7 4917
25 1849 2431 38 6120
26 1972 6590 10 42459
27 2036 5602 35 164843
28 2056 8810 39 95318
29 2255 6058 46 74441
30 2388 10317 13 32443
31 2509 6267 94 88788
32 2552 6757 19 27799
33 2848 19128 76 1157332
34 3097 3552 6 3964
35 3132 5732 29 14469
36 3227 5148 18 11796
37 3240 6067 25 46167
38 3266 12220 49 357293
39 3433 14084 120 429416
40 3454 17627 31 484293
41 3779 7696 16 13371
42 3952 5653 101 66220
43 4049 6311 144 156311
44 4120 6329 67 77759
45 4171 4498 74 7804
46 4309 8521 108 171168
47 4455 7041 21 11390
48 4549 9206 17 82002
49 4612 5292 23 2695
50 4727 6894 142 291178
51 4970 8657 19 27614
52 5009 5488 6 1058
53 5100 17480 140 892826
54 5302 8612 44 66957
55 5361 8337 77 41577
56 5459 8549 62 74491
57 5487 9045 4 5907
58 5527 9241 41 51306
59 5529 6681 20 35041
60 5584 13980 124 430474
61 5627 12636 92 221731
62 5637 7998 27 16061
63 5716 8889 7 7294
64 5736 10825 66 134055
65 5771 5884 32 1889
66 5833 17791 106 574150
67 6024 8209 9 33716
68 6030 6182 8 429
69 6062 15797 6 58563
70 6073 9636 21 52055
71 6100 7164 57 9973
72 6126 12179 56 93623
73 6208 7932 6 5115
74 6217 7249 5 1319
75 6289 7015 7 1532
76 6425 9525 6 4728
77 6571 17826 101 301021
78 6660 8365 10 7387
79 6666 6941 17 2005
80 6689 9707 87 65794
81 6785 11074 110 78279
82 6837 7931 11 4208
83 7123 14663 95 336736
84 7158 16948 117 1008416
85 7205 8926 6 7504
86 7351 10342 48 84673
87 7352 8095 105 44823
88 7374 7660 13 3536
89 7494 11506 100 119407
90 7627 17072 36 233482
91 7649 16088 16 18718
92 7665 13740 9 44111
93 7824 11261 139 508543
94 7839 12487 128 200121
95 7855 16655 107 335420
96 7953 9831 99 166694
97 7963 13946 8 11629
98 8036 8275 31 4422
99 8056 12794 97 110139
100 8073 11433 93 128044
101 8128 9820 51 53947
102 8164 22488 14 50073
103 8305 18072 61 323835
104 8361 15727 113 381276
105 8400 14989 29 103801
106 8428 8827 51 22025
107 8436 19380 9 76470
108 8449 14781 14 24077
109 8470 13211 149 132344
110 8525 15104 84 225581
111 8541 11877 14 33379
112 8567 15402 135 879943
113 8746 14501 6 51195
114 8939 9181 52 26007
115 8999 17964 121 274364
116 9108 10458 134 76313
117 9192 11482 31 11337
118 9307 14401 26 90782
119 9329 17359 109 383484
120 9399 20485 31 76366
121 9449 11492 66 46562
122 9668 15118 77 681886
123 9733 12286 19 28311
124 9852 11652 9 1853
125 9897 12645 4 6161
126 10169 13645 37 56861
127 10211 15472 24 41328
128 10270 22683 8 14986
129 10287 11684 26 24597
130 10319 12239 22 7469
131 10411 13593 7 10662
132 10511 15569 28 30260
133 10557 12655 79 74681
134 10568 11736 108 143493
135 10588 11095 112 17517
136 10661 11752 19 9994
137 11061 12410 12 9672
138 11147 15482 139 299592
139 11222 11596 135 141583
140 11246 13368 148 304406
141 11257 15163 16 22757
142 11293 16044 45 237477
143 11391 11438 53 4522
144 11566 13871 27 47838
145 11687 21789 84 309258
146 11729 14339 89 64579
147 11781 13731 44 55532
148 11927 16278 47 86957
149 11943 14717 79 156827
150 12009 19497 12 32105
151 12045 24635 122 356617
152 12126 25262 34 179123
153 12167 13610 139 403229
154 12180 12205 78 986
155 12269 18343 85 433184
156 12343 16341 11 18735
157 12361 13607 149 99365
158 12525 13512 104 28644
159 12530 17211 140 946952
160 12640 13107 132 54542
161 12688 15161 21 22731
162 12855 20711 51 321386
163 12887 13117 23 5189
164 12892 14648 43 31973
165 13161 14644 5 2653
166 13322 21056 78 412252
167 13336 23376 131 388854
168 13340 14822 62 74521
169 13486 13634 102 8737
170 13496 16949 46 85554
171 13515 14491 64 24126
172 13592 16798 50 74723
173 13764 17830 20 30795
174 13791 17865 85 104760
175 13878 16915 136 153754
176 13891 15838 6 3970
177 13989 14834 74 20527
178 14052 21076 4 3498
179 14303 14852 64 13593
180 14328 15141 5 2212
181 14515 25428 9 34851
182 14708 24179 124 333526
183 14753 21843 98 578323
184 14835 17237 69 102423
185 14853 15829 138 83717
186 14925 15859 60 66083
187 14938 16695 46 44778
188 15011 16194 118 68203
189 15016 25482 47 297031
190 15076 29993 24 282330
191 15110 15611 46 9985
192 15177 17376 37 29926
193 15190 19415 122 323814
194 15601 18094 7 11051
195 15654 16756 47 35658
196 15778 16271 14 7268
197 16077 17769 104 116680
198 16086 23946 34 186315
199 16142 21484 10 9758
200 16207 28753 59 178683
201 16296 21180 23 36381
202 16298 22941 52 73517
203 16392 26036 66 401758
204 16442 19292 125 136427
205 16579 20157 106 151809
206 16716 18907 38 29051
207 16790 17402 111 32223
208 16810 17498 8 1524
209 16909 18875 56 46906
210 16970 19532 46 54341
211 17261 18885 47 72746
212 17364 24734 29 89214
213 17384 18804 83 25986
214 17414 25085 51 107184
215 17457 19251 7 3142
216 17615 18696 15 8417
217 17687 23638 101 118693
218 17729 29310 73 342248
219 17731 20058 4 5825
220 17948 31292 106 1085258
221 17976 21002 106 84208
222 18085 21393 47 213987
223 18196 20018 23 19654
224 18206 23147 9 26563
225 18367 20951 54 113361
226 18399 19592 39 10430
227 18410 22144 20 26062
228 18573 34447 43 119677
229 18613 24301 55 64286
230 19154 25494 45 144428
231 19355 22319 28 36401
232 19437 34274 36 68335
233 19504 27548 45 143918
234 19528 20436 64 14932
235 19638 21040 62 25372
236 19729 30784 85 377588
237 19769 24213 24 38711
238 19816 22126 50 24758
239 19951 28886 120 193249
240 20042 24949 64 156546
241 20131 27401 89 396425
242 20204 20386 140 7939
243 20221 21001 32 4354
244 20299 21034 102 18601
245 20344 21626 4 1259
246 20461 25308 82 141910
247 20567 24666 107 188355
248 20573 25836 17 17406
249 20613 23850 69 83426
250 20669 28520 52 142175
251 20687 22870 87 138240
252 20695 26566 6 17384
253 20730 27854 88 239543
254 21115 24494 47 95046
255 21306 21739 20 4425
256 21370 22402 113 60776
257 21441 25890 28 28856
258 21579 45338 83 1211308
259 21637 26554 107 125984
260 21661 21950 111 8133
261 21665 25763 37 23263
262 21828 22108 53 18616
263 21880 23787 134 183519
264 22288 26150 105 221628
265 22368 26809 16 17605
266 22519 24988 83 59309
267 22538 34344 7 23465
268 22646 29050 45 125758
269 22677 27615 53 90102
270 22693 28866 109 154421
271 22730 29165 44 160010
272 22755 26679 109 209940
273 22778 22822 49 809
274 22942 26062 98 206765
275 23298 40418 13 114228
276 23613 28961 97 177974
277 23674 25803 73 71193
278 23855 26860 57 288956
279 23979 24503 5 1332
280 24028 26646 14 6986
281 24049 28071 22 26660
282 24056 29283 133 433878
283 24133 24975 5 5112
284 24152 37700 50 80563
285 24450 31237 72 252142
286 24475 28373 50 50216
287 24683 27070 123 642354
288 24760 25152 89 30823
289 24814 26772 103 90359
290 24849 28834 143 114083
291 24875 33950 13 20253
292 25044 25795 26 3060
293 25074 38393 5 16839
294 25101 32950 95 352708
295 25449 31298 47 63845
296 25889 29108 43 75508
297 26155 28960 7 7691
298 26171 29927 27 33950
299 26206 30437 57 123265
300 26246 36724 47 94256
301 26285 33140 59 173049
302 26302 26449 70 8067
303 26463 39205 39 261163
304 26497 28715 58 148457
305 26568 32353 62 118990
306 26686 38681 77 201081
307 26935 36421 28 65463
308 26992 27444 9 3081
309 27089 29420 46 37514
310 27103 34305 4 10387
311 27160 28484 5 1637
312 27420 28375 14 18709
313 27440 29044 71 89415
314 27464 29893 77 109557
315 27485 27631 107 8070
316 27582 35976 99 437015
317 27612 28531 137 46117
318 27673 41101 47 185838
319 27678 30638 45 45584
320 27709 29485 83 17825
321 27736 29086 29 36462
322 27765 30754 92 92164
323 27820 32553 145 198959
324 28082 30604 44 120200
325 28085 36446 49 200913
326 28102 31252 11 15584
327 28237 31392 33 47240
328 28381 31753 94 177220
329 28482 28701 77 10729
330 28727 31455 41 70754
331 28799 31868 41 69125
332 28811 58298 142 1407431
333 28918 30469 17 12682
334 29066 34950 54 184620
335 29265 30683 77 100047
336 29371 32747 13 14162
337 29427 31957 99 47972
338 29456 32666 57 61051
339 29501 33303 66 71212
340 29718 30036 33 6994
341 29774 32511 41 35930
342 29902 30948 4 2293
343 30010 41303 70 306160
344 30080 30553 89 9906
345 30174 30782 104 28367
346 30205 44278 24 165897
347 30561 39608 21 26753
348 30598 47045 56 436970
349 30632 35297 143 274425
350 30650 33596 51 61879
351 30725 32359 42 49080
352 30907 50750 12 84969
353 30967 34424 8 12446
354 31079 32673 24 51749
355 31265 49986 123 1079917
356 31563 39720 134 355223
357 31690 45668 99 435791
358 31705 33557 44 19426
359 31999 32891 26 3904
360 32123 33144 8 2521
361 32183 35620 29 45983
362 32223 36234 126 351364
363 32252 63875 116 3442485
364 32484 36725 61 170145
365 32524 32887 10 1698
366 32640 33707 4 749
367 32697 33949 119 38249
368 32750 38707 11 40372
369 32791 36405 145 248802
370 32796 35063 55 27691
371 32839 43470 10 55755
372 32845 33485 29 14630
373 32897 35734 33 39505
374 32978 48542 120 580645
375 33175 36971 88 93441
376 33419 37020 5 5872
377 33430 34714 132 85022
378 33456 41203 11 18266
379 33541 42118 49 156511
380 33835 36928 64 52200
381 33852 35341 6 10066
382 33859 37213 125 119523
383 33861 38078 33 57207
384 33903 35840 59 45591
385 33916 33955 24 307
386 34178 34972 9 3079
387 34270 39121 39 33887
388 34404 35861 38 33143
389 34640 36441 119 183265
390 34652 35270 7 3250
391 34654 37535 40 48809
392 34734 37824 17 26444
393 34931 42598 16 91996
394 34985 37480 38 70466
395 35062 42905 116 379193
396 35144 35902 20 1874
397 35160 35872 18 5501
398 35355 36402 12 4613
399 35505 37641 39 65118
400 35536 37754 57 36139
401 35598 39223 137 121972
402 35852 57811 33 360575
403 35992 40316 35 115699
404 36046 37904 24 13666
405 36073 37915 77 29603
406 36094 36432 13 2082
407 36153 43887 86 690182
408 36171 43116 13 34090
409 36207 38665 112 140995
410 36356 40333 111 122013
411 36410 38121 40 32604
412 36443 36770 71 6411
413 36568 43896 36 99774
414 36647 37229 27 3791
415 36678 41758 43 45243
416 36702 41922 13 39083
417 36704 38146 24 21724
418 36729 38580 48 29910
419 36822 50664 145 391209
420 36834 37040 72 3173
421 37044 51204 10 58264
422 37179 40960 9 18120
423 37230 38157 25 13407
424 37443 42160 24 38152
425 37482 41233 65 41127
426 37540 38206 22 14358
427 38070 41777 68 267721
428 38181 40438 50 74948
429 38212 40337 121 149238
430 38236 38834 28 6799
431 38347 40562 39 38535
432 38401 39102 115 29021
433 38403 38559 70 3977
434 38941 41322 95 129612
435 38958 39237 54 6688
436 39081 41200 92 209586
437 39394 39732 54 7312
438 39466 54521 27 81893
439 39566 41524 8 16085
440 39708 40937 20 4502
441 39712 40224 131 68644
442 39837 47034 33 143226
443 39890 47300 60 254583
444 40039 43844 130 124145
445 40174 40196 114 1291
446 40199 41817 61 118005
447 40205 41432 19 6737
448 40310 42078 122 107862
449 40378 51244 91 134960
450 40470 47968 77 523710
451 40636 51500 21 59864
452 40742 44357 15 46223
453 40747 43651 27 72363
454 40900 44591 57 61732
455 40929 41106 47 5192
456 40957 45324 4 14686
457 40984 41666 18 9886
458 41055 41372 85 21733
459 41112 45682 12 20615
460 41186 42689 11 4771
461 41400 41506 31 2290
462 41446 42163 27 11511
463 41519 45827 143 346981
464 41675 44698 124 193883
465 41686 46224 90 41951
466 41751 47844 119 686178
467 41856 42799 27 18530
468 41929 42423 11 4928
469 42029 45529 7 11725
470 42046 46008 74 232664
471 42072 43608 8 8082
472 42258 43860 38 21997
473 42414 46060 22 15169
474 42517 48355 80 192887
475 42652 56430 56 234238
476 42750 47731 105 97053
477 42800 47545 16 47176
478 42986 51682 56 199011
479 43065 46453 136 246245
480 43172 51475 116 262104
481 43235 67233 35 387078
482 43289 54959 6 13906
483 43556 47547 11 33291
484 43609 47779 40 88936
485 43824 50313 11 13149
486 43984 46647 16 22861
487 44026 52835 86 1344901
488 44048 47713 56 97810
489 44116 46479 56 40763
490 44161 51788 110 519381
491 44188 47372 12 14294
492 44219 50571 148 1079322
493 44272 45727 15 6349
494 44339 48037 65 105738
495 44476 66550 101 620357
496 44496 45920 17 4183
497 44637 46066 39 30970
498 44986 52371 99 1251917
499 45070 47701 31 25684
500 45094 52931 72 290026
501 45107 49503 9 31678
502 45301 47220 30 43828
503 45462 53524 8 40962
504 45493 50458 27 161367
505 45577 47446 14 10423
506 45656 51711 85 166055
507 45751 46148 23 3537
508 45758 56881 101 634096
509 45777 46154 61 21262
510 45840 48108 103 65166
511 45859 54967 31 111082
512 45866 55285 26 81979
513 45964 52412 43 223366
514 46048 55309 55 212011
515 46158 50864 143 194291
516 46213 48528 11 17523
517 46230 49569 130 166439
518 46346 46682 31 5150
519 46388 50294 39 58649
520 46404 55463 6 34564
521 46456 46458 22 54
522 46486 46773 8 2100
523 46641 47371 21 10260
524 46665 52603 116 597097
525 46744 57476 99 378944
526 46759 46989 31 1817
527 46785 47427 74 59941
528 46889 50172 89 51334
529 46954 47886 21 30308
530 46986 48963 5 4323
531 47237 53209 20 93491
532 47261 56675 15 73156
533 47266 50076 18 33501
534 47368 48176 97 16734
535 47395 49236 33 50068
536 47904 50188 149 101956
537 47909 66940 26 264739
538 47913 52223 110 555904
539 48377 55238 4 18875
540 48401 58153 78 742788
541 48596 52190 39 66523
542 48667 52796 29 28790
543 48879 48899 126 3480
544 48896 63761 23 107794
545 49062 58139 22 45750
546 49104 52887 146 285753
547 49403 49931 131 19902
548 49677 50171 96 28195
549 49787 53934 115 110693
550 49903 49984 20 437
551 50318 56049 4 8002
552 50353 57898 27 54157
553 50672 59157 39 251769
554 50724 56558 4 20494
555 50780 52186 42 19754
556 50939 51764 56 20414
557 50962 50970 14 106
558 51115 51171 15 576
559 51314 53304 105 76267
560 51468 52995 69 24037
561 51520 51742 11 577
562 51659 52917 140 207890
563 51813 52954 62 73449
564 51864 52204 52 11913
565 52008 56832 71 90095
566 52036 53248 23 33146
567 52132 52682 108 47535
568 52191 58899 23 69586
569 52271 53588 5 2209
570 52300 52614 17 11334
571 52514 55813 37 17135
572 52582 56897 94 160493
573 52611 54222 46 148270
574 52646 56865 124 198205
575 52695 56708 94 490914
576 52715 63599 44 219132
577 52762 56143 147 103439
578 52993 69160 130 399313
579 53094 66398 146 544697
580 53127 60448 33 162312
581 53153 60511 123 326363
582 53178 55836 124 61528
583 53366 54953 7 3469
584 53526 54690 11 5103
585 53676 55109 12 8946
586 53740 54932 36 10743
587 53748 69788 37 163496
588 53858 55116 56 12320
589 54124 72618 13 220715
590 54180 60969 60 111797
591 54322 56211 106 70057
592 54342 55512 24 6440
593 54467 59108 139 136570
594 54477 76407 7 30572
595 54557 59663 7 12979
596 54591 65927 40 145474
597 54621 56721 23 9871
598 54625 56154 8 4697
599 54677 61690 45 67395
600 54712 61004 10 76664
601 54794 65736 75 1490691
602 54805 56446 19 23338
603 54872 58589 116 191182
604 54892 56535 71 60802
605 55142 55270 140 11058
606 55162 61613 85 118895
607 55178 60310 50 66216
608 55214 69877 19 41436
609 55475 66511 78 271296
610 55612 67177 111 560084
611 55917 67039 5 38585
612 55941 62086 43 65428
613 56080 61194 86 198245
614 56208 60011 132 183209
615 56223 59400 61 35601
616 56240 58694 115 228674
617 56472 66682 118 388802
618 56478 59034 5 9088
619 56805 58272 95 156547
620 56815 58562 131 300170
621 57030 57962 6 1471
622 57155 57376 128 14887
623 57209 59579 53 63587
624 57375 58582 40 23846
625 57389 71210 71 306726
626 57445 73267 94 1215421
627 57470 59287 125 86343
628 57782 58646 22 12010
629 57829 63228 35 140241
630 58193 60887 97 155893
631 58251 65966 132 216390
632 58357 60574 13 15670
633 58521 65350 52 124743
634 58533 68352 5 23738
635 58586 58724 70 4035
636 58869 61459 45 11494
637 59037 61097 37 16691
638 59095 63421 104 418286
639 59123 61763 96 110538
640 59166 59548 21 4241
641 59183 63933 118 232989
642 59225 60836 115 343437
643 59395 63605 21 21246
644 59402 60402 24 11307
645 59518 61073 7 5819
646 59610 66790 7 24798
647 59739 59980 127 20178
648 59816 60781 5 1527
649 59819 61168 6 3448
650 59883 61267 115 49418
651 59962 61095 20 8484
652 60077 63427 33 49058
653 60359 67906 49 353093
654 60473 66012 63 227441
655 60481 62787 92 255369
656 60504 64043 15 7709
657 60570 63741 78 175744
658 60621 66539 120 267132
659 60685 65217 84 538145
660 60995 61695 33 9229
661 61026 67186 9 29961
662 61220 69576 125 1324441
663 61338 62682 27 8565
664 61359 73582 6 22858
665 61367 61730 12 4066
666 61374 73188 16 18154
667 61479 61862 49 16465
668 61567 69436 5 9382
669 61570 62472 71 27052
670 61594 65083 130 106240
671 61614 64835 142 552040
672 61672 62388 28 9336
673 61729 66467 22 162401
674 61811 84922 70 486839
675 61877 61914 135 2358
676 61913 64091 59 18108
677 62002 67580 58 125578
678 62005 75968 105 901585
679 62188 68198 59 105625
680 62241 64064 97 185536
681 62271 75167 27 105144
682 62449 65154 75 128829
683 62555 73871 146 617303
684 62716 69299 31 27874
685 62798 63312 56 7630
686 62810 63645 65 42664
687 63001 64493 14 15351
688 63112 67824 91 178002
689 63342 64646 6 2137
690 63355 63511 5 873
691 63506 63562 106 4420
692 63517 79019 141 593532
693 63553 68412 84 282670
694 63744 64338 101 19900
695 63791 67821 137 233426
696 63941 64345 8 3200
697 64086 64541 68 25574
698 64196 66125 105 108917
699 64395 67777 37 67334
700 64419 66292 6 5661
701 64470 66534 137 132456
702 64718 65229 6 3591
703 64748 65012 120 23624
704 64761 65503 45 16828
705 64990 68061 141 198089
706 65127 67849 6 6402
707 65435 67011 96 85226
708 65710 90862 64 817826
709 65726 68497 20 56326
710 65729 68658 7 13470
711 65818 75158 6 51461
712 65891 66736 48 36133
713 65923 67194 44 19111
714 65945 75253 5 23864
715 65963 69474 119 78573
716 66141 69180 26 91667
717 66274 68107 5 4450
718 66284 69454 14 25840
719 66409 66560 24 1144
720 66419 74552 12 35041
721 66435 69242 131 105582
722 66638 70778 6 6483
723 67092 77334 78 516173
724 67137 69639 32 27493
725 67271 70506 30 117038
726 67299 67959 8 4041
727 67372 82896 121 455283
728 67587 77829 46 150899
729 67763 72266 66 105708
730 67929 70040 9 6199
731 68266 70947 76 78550
732 68318 76570 130 603707
733 68493 69846 92 28282
734 68506 75698 8 19117
735 68519 69835 26 11765
736 68529 70216 94 127363
737 68542 68796 16 1366
738 68683 71850 6 2883
739 68685 68994 124 15862
740 68710 70932 17 11935
741 68965 70478 8 2910
742 69093 74485 25 92744
743 69185 81609 28 143402
744 69401 73488 6 20539
745 69510 71147 28 32638
746 69528 70978 78 36140
747 69544 71076 54 37166
748 69907 97252 101 2544669
749 69947 74997 42 49774
750 70123 70913 47 63988
751 70531 80586 131 435374
752 70538 77299 122 195272
753 70728 72125 95 50328
754 70768 71372 63 10849
755 70803 72072 90 89994
756 71005 73795 20 14714
757 71343 74274 119 75008
758 71482 77785 65 109150
759 71516 83340 11 24521
760 71699 75021 55 46360
761 71742 72433 64 12240
762 71864 71929 50 2407
763 72228 76238 69 209582
764 72261 80514 66 172184
765 72404 77690 11 21829
766 72502 76674 54 113145
767 72522 73501 32 21777
768 72609 73610 110 62069
769 72660 73269 38 8694
770 73033 78350 8 15196
771 73121 75243 146 187866
772 73177 75355 7 7844
773 73379 81093 115 282059
774 73481 75082 40 15589
775 73512 80733 38 66397
776 73534 75434 86 56351
777 73573 75034 86 63157
778 73592 73697 96 5013
779 73777 77986 124 420676
780 73910 74387 26 11906
781 73936 75534 76 26845
782 73937 74281 8 3231
783 74059 74228 41 12674
784 74122 74435 52 34551
785 74145 76714 23 42487
786 74178 76042 107 54013
787 74503 75447 70 73010
788 74604 79820 14 48984
789 74995 76312 45 17094
790 75040 84320 12 31118
791 75155 75365 16 3243
792 75208 75310 78 6826
793 75319 78503 6 5047
794 75473 77467 34 66718
795 75593 78419 5 6984
796 75615 81394 111 423433
797 75663 77586 4 5589
798 75730 78725 112 195159
799 76026 85594 82 203294
800 76111 78097 134 271396
801 76634 84532 104 518039
802 76635 83255 66 174736
803 76857 83478 30 42916
804 76870 88345 21 52514
805 76993 79865 108 235905
806 77004 78991 31 11760
807 77005 84788 75 330749
808 77225 80762 7 7808
809 77239 78387 12 12264
810 77321 79492 43 139099
811 77326 80453 16 20660
812 77478 84448 12 20077
813 77681 84697 62 151590
814 77706 78932 67 69991
815 77728 78841 149 112903
816 77810 85695 138 589742
817 77825 80967 43 127843
818 77844 80386 56 135957
819 77896 77933 117 4370
820 77968 81993 74 263569
821 78013 83985 46 178078
822 78217 78308 96 7483
823 78263 98082 50 372467
824 78279 79122 42 8243
825 78281 79034 22 7435
826 78382 80492 89 71771
827 78422 80635 92 53805
828 78424 90652 7 40462
829 78501 79486 9 3101
830 78556 81304 5 5676
831 78969 84726 21 48444
832 79049 83943 135 162534
833 79080 84408 16 28408
834 79252 87989 20 60695
835 79482 79936 7 1686
836 79709 79743 121 2700
837 79797 80256 24 11912
838 80017 80517 8 1905
839 80112 85317 25 9138
840 80273 81097 48 7336
841 80410 83954 16 88770
842 80451 81938 38 39555
843 80540 84106 106 93823
844 80630 81037 143 45360
845 80789 86246 65 142955
846 80996 83798 112 100415
847 81073 81346 138 45260
848 81398 84917 14 8465
849 81574 82293 80 17785
850 81665 89646 125 269260
851 81684 84926 81 105949
852 81755 91463 30 183799
853 81756 83427 63 20662
854 81904 82012 28 746
855 81953 83006 29 10039
856 82058 85949 129 102713
857 82104 91040 121 2034430
858 82224 89859 103 401789
859 82241 89180 8 13344
860 82367 82529 61 9187
861 82382 84280 29 35747
862 82425 88830 26 59223
863 82456 84650 112 113974
864 82649 84022 136 68542
865 82706 85605 16 13757
866 82744 91806 87 258724
867 82749 83017 9 1886
868 82793 88374 18 30736
869 82816 89696 96 799253
870 82829 90563 127 689199
871 82831 83061 60 4871
872 82885 85135 80 38967
873 83000 87440 10 16629
874 83010 85419 140 436539
875 83053 84801 149 82680
876 83215 84564 27 20067
877 83449 87966 45 190772
878 83564 87085 7 6525
879 83584 84396 101 52246
880 83605 96115 148 1598533
881 83708 88803 4 3937
882 83746 87195 38 27264
883 83850 84589 34 17934
884 84017 84911 55 15794
885 84091 85243 78 22613
886 84107 85131 121 80883
887 84110 86801 14 8398
888 84258 88422 34 50594
889 84397 89388 73 331861
890 84413 87665 31 57427
891 84426 85529 13 16847
892 84623 86616 83 119757
893 84644 85248 33 6525
894 84661 86602 29 23164
895 84684 88951 25 20433
896 85009 85601 14 5068
897 85188 99271 57 1259121
898 85218 86803 64 35287
899 85352 91142 40 156397
900 85535 87805 14 20505
901 85563 91140 11 37467
902 85637 85895 65 9023
903 85717 86807 14 5830
904 85773 86206 51 10523
905 85827 86345 11 3564
906 86008 92683 120 509917
907 86524 90788 36 103168
908 86567 89080 87 30929
909 86722 91349 19 34882
910 86757 88228 63 18854
911 86775 90369 142 303330
912 86808 94641 67 699732
913 87046 90166 17 32433
914 87255 92577 18 151658
915 87429 91447 105 70076
916 87557 89035 69 163205
917 87578 98741 24 123637
918 87811 88853 74 24636
919 87846 87926 65 2733
920 88102 91800 12 42657
921 88208 89319 4 1277
922 88214 93180 79 124297
923 88215 89478 38 15065
924 88248 91830 113 98429
925 88409 90756 24 21263
926 88456 93219 15 33227
927 88467 90327 40 53051
928 88498 92013 110 81403
929 88529 88836 18 2393
930 88694 89854 37 31608
931 88715 90420 11 13710
932 88886 89339 5 1086
933 89109 90522 27 22758
934 89152 90411 15 6100
935 89428 90271 84 24934
936 89706 97777 49 294215
937 90160 99535 95 910148
938 90212 91787 13 24497
939 90249 94820 98 338642
940 90291 91993 111 43555
941 90542 91449 37 26598
942 90723 91863 10 10638
943 90946 91780 37 27123
944 91016 91820 8 3221
945 91110 93017 29 30468
946 91231 92292 108 30448
947 91252 99518 27 45485
948 91442 97229 138 318410
949 91546 94513 57 46477
950 91574 92152 42 11284
951 91593 92431 108 58503
952 91597 92058 15 5134
953 91639 93102 140 123745
954 92079 95050 75 101277
955 92311 93744 123 63902
956 92415 93842 142 339217
957 92574 93240 18 2911
958 92757 97429 140 681816
959 92762 97192 40 48328
960 92842 93839 96 23379
961 93069 95816 119 79740
962 93134 93330 98 3218
963 93181 95484 148 284548
964 93467 95005 15 17805
965 93567 96230 56 89675
966 93604 95845 136 142980
967 93737 94980 39 17858
968 93874 96992 88 137404
969 93918 96519 77 78608
970 94287 97261 127 373969
971 94305 97460 94 111500
972 94446 95408 18 30197
973 94465 95391 96 34945
974 94602 94785 94 6762
975 94699 97811 12 21301
976 94793 97502 31 21291
977 94843 95608 52 36462
978 94902 97594 8 10605
979 95219 95892 47 17660
980 95250 97204 47 60186
981 95292 97259 131 190360
982 95466 96360 77 30574
983 95548 99174 104 178455
984 95687 97665 28 24284
985 95718 97291 18 23475
986 95914 96594 76 13163
987 95988 96184 39 5500
988 95998 96170 23 2838
989 96296 97479 123 60314
990 96333 98546 39 85610
991 96669 97695 43 41737
992 96676 97583 41 33492
993 96783 99421 24 37452
994 96965 98218 5 1787
995 97554 97896 13 4588
996 97808 98335 43 7059
997 98283 98424 17 360
998 98748 99192 83 17406
999 99028 99083 48 1638
