50 1000 0.071
............#.................#...................
#...........##................###...#....#....#...
#..........###.##............##.....##...#..###...
#............####.............#..#####...#..####..
#..#.......###.##...............##.####.####.##...
#..#.......###.#.................##..###.##..#....
#..#......####.................#.###.##...........
#..##.#...#####...............##..#.#.##..........
..#####.....####...............##########.........
..######.......#..............##.####.##..........
..#..###.....#####..............##########........
..####....#####....#.............##..####.........
..#.##.....####...##..................####..##....
...#####.....#.......................##..####.##..
....###.............................###########...
....####..........................#.###..#.#.#....
...###...........................##########.......
..###...................................##........
...###..............................#.#.##........
...###.....##.....................##########......
..##........##....................#..##.####......
.........#..#...............###.####.####.##......
.........####..............#.#######...###........
..........####.............#########.#............
..........##.##...........#####.######.#..........
.......#..#...#...........######..######...#......
.......####...#.............###...######.###......
..####..##.#..#...........###.#....#####..#.......
...#########...............##.##........###....#.#
....#####.#...............#.##.#........###...####
....####.................#########......##.....###
.#######.............##..#..#####.....###........#
.#.###.##...........###.....##.###.....##.........
....#..#..........####.......#.###.....###........
..........#........#####.........#.....##.........
......#######......##.##................###.......
..........#####....#......................#.......
......##.##.#.....................................
.....#.####.................####..................
....###.##...................###..................
...#####.##..................####.............##..
...###.#.##....................##..#...........##.
...##.####....#...................###.........##..
..###.##.....##...................#............#..
..#####.......#.................####..............
..#####.......#...................#...............
.#..##.......####.......................###.......
####.#......###.#.......................###.......
####........####.........................#........
####........####..............................##..
0 13 7537 12 11767
1 328 19660 18 398093
2 617 1498 34 36486
3 653 1056 5 1196
4 811 5904 128 154586
5 814 6036 6 7573
6 865 7985 94 260987
7 923 1565 31 13299
8 1016 20560 46 332131
9 1090 9773 61 140940
10 1095 2173 30 31263
11 1134 16147 42 198355
12 1254 4063 23 25637
13 1280 3858 7 7531
14 1290 9898 46 116171
15 1494 23365 4 66724
16 1576 5346 56 115194
17 1624 4397 48 42283
18 1731 10267 5 11660
19 1739 2316 54 32317
20 1789 2794 19 10114
21 1837 9155 40 90016
22 1898 3291 80 36962
23 2029 17046 98 1069973
24 2286 4535 50 156525
25 2346 2438 53 2364
26 2366 7774 9 11320
27 2436 9634 134 172573
28 2643 5009 5 4187
29 2683 12391 9 37532
30 2694 14295 4 15571
31 2805 2852 15 376
32 2899 7483 58 75261
33 2925 17989 39 80545
34 3087 9712 45 120239
35 3397 5423 73 148876
36 3479 12838 89 404218
37 3527 10148 18 61307
38 3716 12200 25 153637
39 3842 6555 46 97928
40 3885 23950 18 157138
41 3981 17293 18 73755
42 4038 4303 46 8440
43 4061 7484 64 226920
44 4242 17050 15 54172
45 4426 10666 85 129902
46 4490 13821 99 337389
47 4512 11086 111 780885
48 4614 19155 98 531445
49 4668 11772 31 143569
50 4807 5001 65 2339
51 4864 7862 8 7691
52 4910 8414 50 65387
53 4976 7959 127 303046
54 5100 12730 98 590485
55 5114 5240 12 1355
56 5122 13229 104 428252
57 5276 9531 67 64157
58 5452 6125 6 3252
59 5517 8175 25 47595
60 5730 28660 36 233188
61 6123 28271 132 1355506
62 6175 10506 23 34414
63 6242 11031 5 9261
64 6304 18384 46 517743
65 6501 14344 45 159993
66 6520 14149 31 103490
67 6541 14418 96 408131
68 6614 11732 54 147564
69 6648 17350 54 307432
70 6892 9895 138 125494
71 6977 7452 35 13793
72 6999 14358 39 130391
73 7059 12575 79 89023
74 7063 8090 19 6517
75 7254 20387 66 163015
76 7346 15061 16 37793
77 7415 7659 10 1919
78 7456 15734 26 89651
79 7567 9737 101 453102
80 7598 14454 25 73627
81 7698 10269 143 198251
82 7759 17719 7 53051
83 7799 14018 113 684456
84 7857 9588 129 35270
85 7867 11168 23 58597
86 7896 18565 23 66108
87 8222 12339 50 72352
88 8273 10864 86 84502
89 8338 42802 60 639786
90 8370 13062 14 79873
91 8420 8914 36 19970
92 8457 15462 10 105890
93 8493 19952 8 21224
94 8594 17415 36 145665
95 8955 9443 94 15894
96 9060 9749 91 31563
97 9101 15877 24 43201
98 9134 12128 64 75310
99 9169 19690 138 590195
100 9422 18002 99 391909
101 9680 13835 7 4130
102 9684 10825 48 18138
103 9745 10318 25 3761
104 9765 19098 35 108917
105 9909 15805 57 104190
106 9970 11512 46 134028
107 10015 12001 70 23532
108 10032 13401 127 170188
109 10044 19623 20 215999
110 10052 13508 18 22710
111 10084 10544 72 7952
112 10237 20201 127 747224
113 10360 11724 61 75764
114 10363 12082 34 44498
115 10380 12745 50 76398
116 10777 20069 36 248223
117 10869 11784 8 6417
118 10913 29127 33 350312
119 10949 13801 110 78152
120 11097 16911 143 346705
121 11222 16948 11 38488
122 11257 11969 77 13646
123 11478 15027 74 184382
124 11534 18388 80 123561
125 11554 13120 17 7864
126 11804 16031 36 96268
127 11866 18672 82 588573
128 11876 29540 47 624561
129 12132 46199 8 150923
130 12265 12742 37 6388
131 12328 12359 118 2166
132 12361 21258 149 268216
133 12407 20391 34 87425
134 12546 16876 127 300196
135 12622 16043 9 20635
136 12675 13822 11 4438
137 13233 18786 30 66673
138 13282 13520 39 6587
139 13437 18905 5 17343
140 13466 19427 112 308702
141 14043 15861 123 112729
142 14054 27903 16 62631
143 14096 15329 34 10720
144 14475 24087 106 227541
145 14536 15007 143 31618
146 14582 16543 147 409188
147 14589 17882 23 52249
148 14595 22022 4 15029
149 14615 18884 146 288635
150 14645 20654 22 110532
151 14764 16062 5 2631
152 14784 14813 120 3274
153 14811 17171 90 160542
154 14836 15928 7 3757
155 14851 22610 117 308233
156 14881 20807 68 95114
157 14891 28290 84 367446
158 14898 19496 28 49049
159 15003 28183 85 651060
160 15085 38433 7 72732
161 15109 16119 124 110886
162 15195 20349 31 96840
163 15442 16306 31 13838
164 15466 21086 19 27907
165 15510 22144 92 183206
166 15551 22104 85 288371
167 15553 18069 25 11910
168 15564 23478 149 656697
169 15731 29546 46 167629
170 15766 29071 25 179710
171 15833 18395 8 10702
172 15851 16984 12 6158
173 16009 18347 80 121982
174 16014 16652 18 3306
175 16262 17189 42 16256
176 16288 22360 121 253742
177 16304 17286 85 62211
178 16425 22620 130 488161
179 16452 20824 31 30266
180 16573 18638 100 109353
181 16777 18277 51 62266
182 16897 17339 27 7750
183 16986 26957 62 97787
184 17007 18372 121 73726
185 17015 19703 108 121346
186 17017 22131 24 61834
187 17166 17585 115 57550
188 17211 26569 109 337470
189 17233 26868 14 39314
190 17260 22042 142 817310
191 17362 20995 121 214176
192 17545 19856 146 62213
193 17651 32970 10 92417
194 17726 22233 124 185987
195 17959 19714 27 69374
196 18099 26496 134 1410398
197 18512 27793 62 118935
198 18577 35155 36 264019
199 18621 25860 7 34261
200 18655 30695 13 298743
201 18796 28071 147 616882
202 18807 20308 5 2687
203 18815 21851 23 40845
204 18819 25171 57 72389
205 18937 19192 117 45589
206 19084 45704 105 633357
207 19125 20833 27 12027
208 19184 22494 15 31253
209 19188 20676 85 32724
210 19215 25256 106 267543
211 19323 20794 23 27924
212 19367 26545 118 178110
213 19523 24898 19 53154
214 19594 20456 63 57738
215 19679 20646 11 4318
216 19748 20050 124 18190
217 19755 20489 144 125526
218 19793 27969 77 412715
219 19857 23651 5 3035
220 19879 32385 30 101676
221 19881 25397 144 584821
222 20191 22578 23 12034
223 20562 20689 150 3595
224 20679 28779 118 1266963
225 20813 26082 8 18574
226 21053 29763 12 74953
227 21131 25315 132 158784
228 21191 22372 32 15317
229 21206 21922 43 11608
230 21329 22857 143 98184
231 21379 21584 22 3240
232 21386 23497 53 61390
233 21428 25859 99 114436
234 21583 31770 84 237308
235 21589 21845 73 9154
236 21615 29494 33 201404
237 21779 26639 18 33604
238 21935 26018 83 151228
239 22054 40956 7 27165
240 22167 23235 63 24760
241 22198 23367 139 42564
242 22228 22888 54 7496
243 22301 32008 127 791237
244 22308 41095 117 692666
245 22311 34584 18 95409
246 22324 28364 106 467725
247 22326 24442 115 184194
248 22409 22694 121 49622
249 22431 26699 132 411215
250 22518 25004 18 25281
251 22625 26297 5 13132
252 22635 36040 60 216123
253 22896 31645 98 583277
254 22962 26377 7 10261
255 22968 24712 14 21167
256 22993 27996 74 80406
257 23134 28224 70 146817
258 23164 23589 126 36093
259 23317 34132 12 46657
260 23476 24114 11 4288
261 23494 24336 23 8640
262 23660 29841 41 95717
263 23690 26684 105 79134
264 23808 47111 20 144702
265 23919 34391 69 163076
266 24162 33573 40 127189
267 24262 24980 56 23526
268 24281 34114 92 370855
269 24300 25668 6 4023
270 24451 30522 7 7425
271 24519 28666 12 27299
272 24563 33747 25 171643
273 24610 31936 150 800855
274 24791 25355 14 1870
275 24874 25122 42 5630
276 25069 38675 75 392924
277 25364 25375 109 893
278 25443 38661 5 32169
279 25463 30413 100 119231
280 25537 26077 92 41989
281 26016 27091 6 4750
282 26023 33440 12 41336
283 26029 29138 39 33110
284 26067 31211 66 73285
285 26403 32202 106 781426
286 26482 27983 64 23921
287 26551 28362 49 37506
288 26694 40508 20 95251
289 26737 30026 41 75773
290 26745 26871 56 2075
291 26779 33449 31 58103
292 26800 40544 11 67127
293 27182 37013 12 32068
294 27217 37028 127 488067
295 27232 29021 34 24960
296 27593 44007 81 417548
297 27642 35121 29 126691
298 27679 29449 10 3976
299 27707 31288 51 62060
300 28408 36885 15 41151
301 28452 29581 54 57532
302 28593 34582 21 60660
303 28651 33341 41 108907
304 28705 37514 35 147216
305 28718 30774 29 53032
306 29017 34661 116 253703
307 29064 29415 120 44286
308 29097 42121 18 254506
309 29344 39902 27 104926
310 29486 30018 52 43713
311 29537 32469 6 6558
312 29637 34605 12 30118
313 29656 38932 76 177442
314 29786 33775 144 286374
315 29972 42156 28 310698
316 30210 31997 41 40853
317 30237 34112 51 55350
318 30255 33944 146 512030
319 30355 37094 56 98959
320 30463 31960 78 52767
321 30556 33144 104 64734
322 30615 39322 58 102511
323 30625 31501 77 34843
324 30705 39057 30 123122
325 30795 31027 98 40527
326 30805 31364 40 7364
327 30885 31746 141 37089
328 30983 35959 141 196699
329 31031 37609 76 257852
330 31113 36072 50 119634
331 31137 31185 18 729
332 31286 32506 71 118237
333 31328 36685 74 115919
334 31331 41006 7 23586
335 31360 41159 117 278980
336 31481 31670 35 4329
337 31556 36033 45 186193
338 31691 38758 14 43437
339 31773 33261 57 72373
340 31903 41288 97 628288
341 32019 37800 51 188263
342 32032 36570 62 212364
343 32112 33672 44 18429
344 32125 36403 25 22102
345 32276 47129 10 21795
346 32296 39782 54 151157
347 32472 41528 30 62377
348 32578 40478 4 27563
349 32701 35930 111 82038
350 32816 34218 48 9000
351 32825 37739 52 97899
352 32863 37622 15 37018
353 33205 33618 118 13293
354 33287 46915 10 22490
355 33453 39990 92 261624
356 33505 38474 14 29692
357 33550 36614 8 16982
358 33711 47088 10 42415
359 33959 42209 116 639674
360 33992 34993 71 21303
361 34010 43887 88 227976
362 34149 40499 45 133439
363 34339 42478 66 435780
364 34458 39357 67 251758
365 34557 47518 18 54699
366 34591 45555 82 105581
367 34678 53758 54 1121534
368 34865 38114 143 196829
369 34931 39941 81 254079
370 35007 56398 47 1072127
371 35024 38103 100 94848
372 35067 45343 148 343394
373 35069 38123 97 202758
374 35088 42753 53 133555
375 35200 46136 15 96910
376 35209 41804 118 186969
377 35268 36139 48 14121
378 35332 45715 29 166585
379 35474 44215 42 160555
380 35536 39983 16 41827
381 35613 38586 62 19743
382 35713 38556 116 43398
383 35736 49122 96 457389
384 35839 44360 91 360495
385 36154 40862 108 299894
386 36183 39384 57 89923
387 36262 36876 19 8964
388 36366 40734 7 8412
389 36370 40713 24 28084
390 36397 41982 136 786823
391 36482 38064 110 64812
392 36724 37790 75 18761
393 36810 51273 9 67782
394 37070 37916 56 9339
395 37253 41134 18 55673
396 37256 59531 116 1703722
397 37373 42610 56 85350
398 37519 39705 98 89225
399 37682 39074 19 22566
400 38063 44907 65 166023
401 38110 49770 86 896539
402 38162 52194 10 87183
403 38189 40772 21 24566
404 38218 40137 115 82159
405 38246 51959 136 392890
406 38291 38698 34 8014
407 38302 40306 107 102128
408 38496 41799 120 90324
409 38890 40453 74 85987
410 38951 48233 54 81349
411 39058 39083 21 266
412 39096 40411 12 8571
413 39103 43102 132 394160
414 39123 40745 38 22501
415 39192 41269 141 310624
416 39290 46406 130 458722
417 39355 40813 4 4123
418 39486 47739 23 64478
419 39676 39863 134 17622
420 39754 42692 140 85403
421 39890 42206 29 31462
422 39997 41684 121 116302
423 40089 44140 138 195544
424 40114 84998 100 1144469
425 40229 40343 103 10029
426 40242 46456 5 9911
427 40279 40739 98 30786
428 40322 40594 28 8326
429 40406 48032 139 72265
430 40413 67641 42 284279
431 40427 45010 142 465502
432 40559 43108 136 126365
433 40686 57400 92 606925
434 40785 50383 62 461989
435 40809 41003 24 2659
436 40821 43988 13 10513
437 40905 56868 122 692357
438 41027 50667 99 551656
439 41282 42690 135 137840
440 41392 50111 20 49310
441 41440 46881 143 302193
442 41472 56557 112 960539
443 41706 44585 12 10084
444 41777 60286 139 1228939
445 41809 51013 129 1337244
446 41897 43350 110 157621
447 42087 48912 16 34550
448 42090 42764 44 9997
449 42194 57328 5 27332
450 42347 54612 8 21724
451 42470 47590 6 4069
452 42471 51047 14 41072
453 42495 45260 48 74881
454 42527 55086 22 89859
455 42597 45523 130 74013
456 42815 45052 55 51405
457 43179 44848 4 2369
458 43331 52825 15 150804
459 43379 52223 126 528125
460 43386 45616 116 78823
461 43507 43982 150 26089
462 43609 50113 41 203776
463 43630 48600 33 23295
464 43644 53923 8 37966
465 43996 44144 107 9875
466 44012 46835 33 122284
467 44294 47351 98 59928
468 44470 45497 50 16367
469 44568 45570 26 19718
470 44613 47046 137 101875
471 44830 50193 55 200311
472 44865 61215 93 513532
473 44880 45705 50 23772
474 44953 47701 87 122625
475 45099 50323 28 71658
476 45115 49371 129 52833
477 45118 53682 94 356454
478 45197 55630 91 643442
479 45261 48078 54 69088
480 45310 46689 49 27849
481 45354 56123 120 995098
482 45469 66513 119 1357535
483 45672 63289 73 890252
484 45761 61203 29 237479
485 45812 47541 77 35135
486 45907 46596 108 28080
487 45916 46034 9 541
488 45925 52775 96 463721
489 45972 52164 34 72713
490 46048 49899 33 49967
491 46126 48253 95 113904
492 46191 48989 107 128050
493 46231 53617 121 367767
494 46637 51333 8 11355
495 46662 51941 8 6936
496 46729 63090 35 77346
497 46778 50776 141 334761
498 47237 48007 13 7199
499 47397 56319 61 506793
500 47400 48175 23 4617
501 47447 48398 116 62815
502 47612 49720 98 107068
503 47783 49555 142 80613
504 47856 49350 144 69355
505 47859 66796 18 204560
506 48154 64821 5 18830
507 48319 48761 67 23455
508 48503 51241 57 76975
509 48567 50092 108 170535
510 48762 57928 126 476427
511 48940 49735 7 3951
512 49116 58352 11 117060
513 49161 51730 36 42876
514 49181 52707 136 121239
515 49264 50063 25 14477
516 49344 66538 41 174297
517 49347 51701 17 21401
518 49394 58228 84 108517
519 49448 51926 19 17917
520 49709 51992 60 52869
521 49929 52241 31 27834
522 50091 74670 57 318394
523 50093 62891 11 99130
524 50254 65536 64 252162
525 50374 57128 32 127120
526 50377 79799 89 401832
527 50388 58513 12 34760
528 50437 50622 77 14001
529 50451 53669 50 32235
530 50516 60223 7 31084
531 50520 68877 6 56633
532 50768 55926 21 34370
533 50818 55531 49 87172
534 50836 53575 62 142000
535 50942 65897 91 428293
536 51068 69091 94 480778
537 51094 56615 23 33681
538 51324 61714 56 162779
539 51338 54312 124 38383
540 51381 55700 66 117979
541 51400 62432 46 335440
542 51445 52573 7 3273
543 51664 62747 34 203153
544 51888 52477 32 13266
545 52063 52752 7 1963
546 52071 54787 36 102768
547 52098 53938 5 1923
548 52169 54996 11 9986
549 52200 55343 74 173685
550 52281 58032 22 40071
551 52346 53295 60 28096
552 52379 56696 11 18745
553 52417 56101 80 89190
554 52418 52986 78 26009
555 52427 54683 78 59198
556 52428 62184 87 335334
557 52540 53899 44 38485
558 52624 54451 63 71007
559 52664 53809 118 73197
560 52815 54703 97 30637
561 52864 62399 7 43476
562 53068 53983 137 40934
563 53262 57276 39 64664
564 53456 58185 6 14868
565 53582 59001 5 17812
566 53587 56863 19 29315
567 53603 55550 144 67334
568 53662 56422 37 49917
569 53885 54156 43 5216
570 53906 56645 86 232657
571 53947 68002 127 256575
572 53988 56828 15 20636
573 54100 54744 141 75313
574 54180 66459 37 153655
575 54269 60850 50 230001
576 54314 55051 125 81249
577 54344 59811 35 52602
578 54362 55710 66 42288
579 54391 68919 109 950334
580 54421 67960 24 224917
581 54492 64058 11 58679
582 54932 59943 40 110423
583 55007 65922 126 589238
584 55067 56786 25 11229
585 55130 55458 21 6764
586 55194 55484 76 10157
587 55326 58769 147 194707
588 55353 59792 107 229238
589 55543 56177 60 5084
590 55610 91519 76 3344389
591 55844 56337 19 4987
592 55916 59293 97 487386
593 55931 62058 50 145421
594 55993 65808 47 252721
595 56043 62876 106 276413
596 56127 56715 12 2724
597 56203 69792 66 1449958
598 56226 63495 78 213363
599 56289 85019 34 133090
600 56472 72780 14 150104
601 56474 61802 135 661554
602 56624 76907 41 138583
603 56751 64959 15 40823
604 56811 57875 140 109315
605 56838 63600 43 83696
606 56839 57768 141 124382
607 56864 59561 42 16253
608 57188 66434 24 52229
609 57449 61622 38 56155
610 57687 62057 132 754294
611 57730 58488 40 51855
612 57738 61984 41 55923
613 57792 58694 106 26485
614 57822 64089 42 237238
615 57842 59038 133 103442
616 58016 61679 15 49676
617 58058 67540 76 329352
618 58072 59590 49 25474
619 58077 64500 87 146572
620 58180 61637 39 72101
621 58272 61225 11 18631
622 58553 69930 7 96245
623 58870 80552 117 747741
624 59081 60347 27 11853
625 59114 72587 65 384425
626 59122 61088 37 47639
627 59392 63449 98 124110
628 59444 68963 23 140908
629 59480 63087 37 93196
630 59539 66288 135 234481
631 59595 73556 123 1073566
632 59644 62302 86 151495
633 59946 69469 67 431640
634 60103 61269 6 5223
635 60449 61522 137 160843
636 60504 67546 141 316356
637 60616 64182 107 91904
638 60693 67188 105 476744
639 60722 67611 25 26019
640 60777 62301 26 23658
641 60869 63636 73 131658
642 60882 61073 55 3721
643 60927 61947 81 58820
644 60987 62065 58 25567
645 60995 63313 13 18275
646 61036 63233 104 218030
647 61097 61353 138 13510
648 61099 71957 36 151497
649 61327 63899 116 66558
650 61455 82436 12 162010
651 61457 64134 70 73742
652 61482 62305 36 15248
653 61676 74117 108 674770
654 61819 63526 52 50005
655 61858 64432 26 94060
656 61888 68440 97 259576
657 61965 62899 6 2538
658 62202 62854 46 10161
659 62234 72325 33 81174
660 62237 63864 56 57665
661 62249 62751 7 2329
662 62286 68706 22 96664
663 62366 64430 14 17856
664 62560 68068 12 41949
665 62591 63694 39 21783
666 62694 67040 14 32707
667 62839 68650 102 99056
668 62886 64360 27 10510
669 62901 70293 149 894265
670 63084 66448 27 51702
671 63137 66299 31 52389
672 63178 81294 71 790299
673 63368 74477 6 16042
674 63381 63567 6 747
675 63584 66699 4 3578
676 63751 69954 9 31483
677 63758 68598 40 46168
678 63779 76559 62 454102
679 63785 64416 22 8125
680 63813 63845 9 107
681 63870 71643 13 28393
682 63978 65361 6 4501
683 64018 72948 61 527991
684 64139 66664 74 58110
685 64231 68064 115 425619
686 64410 64825 12 2862
687 64477 72141 9 21794
688 64557 86270 44 314836
689 64626 67048 23 14427
690 64658 74656 48 89775
691 64751 65469 8 2578
692 64793 69098 22 53807
693 64857 66686 9 4439
694 64906 65196 72 5110
695 64969 71128 20 27532
696 65112 66874 31 8286
697 65198 66537 84 24224
698 65235 71513 58 78236
699 65246 72526 79 362258
700 65592 72834 142 1193219
701 65820 65895 8 282
702 65869 68016 6 3571
703 65990 76003 88 407395
704 66069 66481 131 37257
705 66173 70999 78 225662
706 66179 79435 61 242527
707 66295 66401 126 5092
708 66335 75584 92 312206
709 66365 66541 108 11177
710 66429 67177 111 21053
711 66463 67059 11 3623
712 66474 67286 31 16798
713 66591 67067 106 37626
714 66595 80088 81 339826
715 66666 68091 130 50735
716 66753 73413 6 5835
717 66964 70803 32 24002
718 66991 69018 89 218483
719 67031 75492 23 139316
720 67077 72895 39 48325
721 67346 68348 85 36299
722 67404 72093 116 364718
723 67414 75121 36 87701
724 67472 74047 8 27266
725 67699 70879 5 7927
726 67755 74272 112 70649
727 68029 70824 51 140813
728 68319 71697 73 71789
729 68436 97023 89 715774
730 68486 69376 124 103037
731 68494 70317 6 17045
732 68843 70439 6 5099
733 68940 70205 148 67305
734 69206 72944 119 293349
735 69225 80628 9 57049
736 69241 77905 114 643211
737 69293 94443 28 226992
738 69387 80954 33 477731
739 69419 86712 85 842950
740 69576 73296 122 269342
741 69708 71660 4 3881
742 69767 72160 21 14751
743 70023 70190 17 1307
744 70052 88658 96 442973
745 70298 79424 116 289896
746 70430 74963 15 76381
747 70634 72419 29 30403
748 70653 71699 18 6982
749 70922 72839 5 1596
750 70940 76724 14 49221
751 70947 74624 107 315792
752 71025 76816 62 137490
753 71038 73492 8 12101
754 71114 71471 29 10213
755 71143 71500 110 10153
756 71231 75906 34 87950
757 71284 72529 73 41679
758 71401 73974 4 10639
759 71449 72012 70 13752
760 71494 90438 32 482191
761 71516 73967 38 45600
762 71756 76553 18 39353
763 71788 76012 138 273844
764 71851 76168 12 15917
765 71951 78782 7 8890
766 72085 74925 129 242742
767 72147 84098 13 105323
768 72486 74287 5 4388
769 72737 75469 20 15240
770 72882 74801 28 32394
771 72911 78469 33 87542
772 73174 77884 14 52480
773 73188 84953 68 202278
774 73255 75103 30 16784
775 73312 77061 9 10421
776 73857 78682 32 40671
777 73894 92282 73 621076
778 73904 76769 85 67332
779 73915 75352 10 10245
780 73950 76948 83 163380
781 74091 75372 29 19155
782 74154 78283 136 168181
783 74278 82878 17 220336
784 74321 86334 12 117492
785 74332 75503 54 29741
786 74494 74927 9 2826
787 74606 78677 116 266328
788 74621 79195 64 55790
789 74722 82544 52 119293
790 74738 77089 93 60248
791 74741 77673 140 171367
792 74866 90457 63 420907
793 75112 76662 4 2550
794 75196 78349 49 64632
795 75286 77548 131 165150
796 75291 78241 22 15659
797 75303 76933 90 172352
798 75371 76375 44 12772
799 75609 77807 49 22150
800 75732 77609 14 9174
801 75802 86329 16 72374
802 75988 85919 77 570775
803 75996 83925 104 769696
804 76029 79598 72 66013
805 76033 79699 95 43682
806 76104 76477 72 4216
807 76114 76590 134 49994
808 76225 83543 103 384858
809 76265 82560 30 102109
810 76321 91444 34 53310
811 76370 77679 101 111740
812 76411 76495 90 3788
813 76818 77964 13 7783
814 76824 87996 84 266028
815 77215 79493 41 32479
816 77251 78842 28 22938
817 77259 86047 43 136661
818 77349 86473 142 590420
819 77471 83904 114 445019
820 77564 79364 5 5296
821 77610 85457 140 401335
822 77757 86713 53 58231
823 77800 78745 102 38362
824 77834 79454 18 15109
825 77879 78891 12 5899
826 77961 78903 135 114846
827 78175 84793 117 585833
828 78196 90571 65 232929
829 78423 79408 78 43186
830 78445 79017 103 45750
831 78478 78497 104 1659
832 78524 80270 144 351129
833 78540 80784 63 60548
834 78552 79952 44 14320
835 78579 80651 7 5947
836 78675 79671 39 11895
837 78812 96796 60 1032374
838 79050 92274 129 825431
839 79165 86482 81 198615
840 79275 87993 26 129274
841 79277 83484 27 57175
842 79299 89667 79 150797
843 79611 81964 83 100927
844 79710 81344 88 27174
845 79740 81173 124 77048
846 79783 94139 44 253237
847 79882 95059 15 98116
848 79889 84666 15 19259
849 79943 83024 9 18618
850 80108 80726 135 98585
851 80298 80814 53 14964
852 80299 81627 20 38451
853 80311 88811 58 573190
854 80458 86063 9 59264
855 80547 98904 12 49241
856 80667 82122 71 53613
857 80685 81244 68 36512
858 80807 81661 26 6770
859 80950 84576 87 97107
860 81107 92629 81 520239
861 81219 84203 113 252993
862 81283 82310 28 15300
863 81339 84398 100 86720
864 81427 82996 72 60063
865 81429 88882 63 96539
866 81533 84362 104 68918
867 81583 81742 35 6956
868 81679 88614 85 353439
869 81938 90605 138 269672
870 82045 85213 147 459908
871 82058 85580 147 229326
872 82124 91946 108 728408
873 82296 85776 7 19071
874 82546 94716 73 398302
875 82592 85928 12 20328
876 82695 86147 14 22623
877 82699 84860 87 92314
878 82880 83108 4 192
879 82888 92032 47 50861
880 82977 84027 34 5460
881 83231 86665 51 84516
882 83259 95463 24 241548
883 83266 88425 135 238150
884 83283 86386 102 218190
885 83338 83673 64 10535
886 83566 85520 55 158701
887 83714 88857 82 235386
888 83734 84125 60 9068
889 83746 85798 136 158621
890 83752 86448 22 21453
891 83841 90968 66 348954
892 83915 86020 38 21822
893 84030 90962 11 21863
894 84097 91150 8 47137
895 84101 85513 40 20024
896 84166 91621 8 11710
897 84409 84989 19 6777
898 84535 85364 86 48641
899 84552 92308 57 82627
900 84574 99006 23 90711
901 84645 89680 7 13037
902 84697 85770 44 27159
903 84736 88647 76 137703
904 84797 97443 16 99865
905 84976 85284 103 24097
906 85059 85115 45 2333
907 85287 91768 62 243382
908 85543 94445 33 99465
909 85717 88458 58 121512
910 85759 95978 9 71063
911 85809 86396 87 28359
912 85966 96971 21 83606
913 86197 87232 106 66572
914 86235 89820 44 35433
915 86523 89172 69 137058
916 86642 93819 14 27001
917 86843 93181 21 100620
918 86930 89316 6 18912
919 86993 87479 85 13156
920 87114 88011 27 18121
921 87130 87415 11 3238
922 87273 95053 18 56648
923 87544 94085 106 415891
924 87545 93249 11 24472
925 87567 89426 97 181063
926 87650 88023 32 7988
927 87812 90122 149 65675
928 87836 88816 23 15623
929 87936 89252 101 23552
930 87997 92520 59 102719
931 88003 89287 82 57976
932 88192 90225 24 72702
933 88305 92005 5 20822
934 88325 88776 113 19560
935 88441 98900 49 205271
936 88833 96436 122 1015355
937 88838 89908 7 5096
938 88963 91015 31 23352
939 89059 99873 84 435492
940 89084 97171 113 143799
941 89104 94378 99 278988
942 89179 91309 18 16880
943 89198 90188 38 34754
944 89331 91408 16 7471
945 89735 91742 124 126392
946 89736 93383 96 276314
947 89915 93082 114 257705
948 89949 93379 6 8549
949 89960 91713 24 16245
950 90170 94905 20 164953
951 90193 93823 39 27051
952 90282 95206 30 218446
953 90646 92598 26 27336
954 90711 91244 23 13187
955 91105 93501 74 90238
956 91199 93809 94 139042
957 91714 96880 136 164656
958 91786 99496 6 15905
959 91911 97600 27 119203
960 91987 94066 35 39373
961 91989 93169 24 13159
962 92297 94113 4 3045
963 92423 93957 106 75357
964 92608 95755 108 76093
965 92662 93776 145 103046
966 92679 96790 84 173883
967 92735 97302 69 216813
968 92803 93983 11 10072
969 92841 94697 133 105370
970 93143 93806 148 126073
971 93229 97815 51 161333
972 93276 95655 51 168948
973 93349 96679 84 78403
974 93498 96733 22 68450
975 93660 95579 64 44571
976 93675 97976 14 43283
977 93689 96056 58 47287
978 93726 94512 73 48757
979 94061 94997 108 26979
980 94239 99786 11 6469
981 94682 97275 8 4854
982 94726 94763 28 531
983 94835 98445 47 70471
984 94891 99569 9 22268
985 95007 95853 86 15793
986 95095 95654 129 23770
987 95277 95628 131 45463
988 95401 97149 62 24790
989 95831 98353 24 30680
990 96139 96825 35 13703
991 96518 98403 138 201950
992 96525 97200 111 41900
993 96890 97151 88 5679
994 96973 97235 38 7692
995 96975 99128 61 46151
996 97554 97884 12 2353
997 98306 98556 38 6115
998 98626 99644 123 90181
999 99220 99702 58 6757
