50 1000 0.011
..................................................
.....................#............................
..................#.##...................#.#......
..................#####..................####.....
...............#####.#.................#######....
............##..#####...............########.#....
...........#########................#########.....
............#########................########.....
............#.######................#######.##....
............######.###..............#..##.#.......
..............######..............................
.............########.............................
.............#.#######............................
...............##.#...............................
...............#.####.............................
...............#..####............................
...............#########..........................
...............#######............................
..............##..####.###........................
..........#....#.##.###.###.......................
........###..############.#.......................
..........#######.#########.......................
...........#########.##.#.....................###.
...###......##############..................###.#.
#.####......##############..................###...
####.#.....#############.............#....#######.
#########....#.#########.......####..#...#.#####..
#######.......###.#######.......###..#.#########..
######.#.......#########.......#######..#.#######.
####.###.#...#.#.#..#.#........#######..##########
#####.######.###########.....#.########.###.####..
#####.#######.############...#.#.##.#########.###.
#####.#################..#.####.############......
#.##############.#######.######...####..##........
#..#########.###.#####....##.#...##.#####.........
.##########...#..##..#...######......#.##.........
.#..##.#.###.....###....######......####..........
.....#..#####...........####......#######.........
.........##......#.......##...........#...........
................##...#.#####......................
................######..####......................
................#######.##........................
.................#########........................
..................###########.....................
..................#########.......................
.................####.##.#........................
..................####...##.......................
................######..##........................
..................#...............................
..................................................
0 175 3982 64 205085
1 183 868 144 28115
2 196 11811 76 544667
3 364 7904 141 437902
4 370 1793 6 2307
5 450 7311 19 17241
6 508 5673 65 223183
7 603 9513 56 216652
8 606 3379 21 14281
9 693 1969 52 45590
10 767 23037 20 289489
11 777 5300 22 27046
12 847 5660 82 355743
13 849 2828 56 43639
14 870 8379 59 157347
15 986 1690 34 6933
16 1193 2905 41 35611
17 1222 6117 19 40919
18 1271 6732 38 63006
19 1292 7107 54 442613
20 1381 14828 93 450553
21 1465 6551 104 59840
22 1766 1792 119 4340
23 1806 2456 134 52217
24 1889 6417 16 19404
25 1891 3376 9 3484
26 1959 12540 26 112452
27 2037 22471 107 903027
28 2102 2561 93 18672
29 2137 18027 42 330221
30 2215 18462 93 587178
31 2334 6450 55 74653
32 2402 15481 106 1183616
33 2483 3780 31 38956
34 2523 7313 37 108012
35 2701 10967 9 14942
36 2775 3199 69 14177
37 2841 19369 130 696719
38 2858 9631 68 205278
39 2919 52430 12 210301
40 3082 7452 145 183817
41 3098 5783 103 151209
42 3355 6437 68 152638
43 3418 7007 43 69535
44 3439 19198 74 386531
45 3518 13627 42 283621
46 3540 5852 29 27161
47 3788 10216 22 30267
48 3822 12450 34 60928
49 3930 12163 134 444865
50 3945 6635 123 149173
51 4040 18411 8 32928
52 4060 11551 17 66271
53 4324 14818 111 1319293
54 4446 6911 64 60252
55 4675 11055 98 210891
56 4844 5940 126 61083
57 5099 14685 80 1086271
58 5158 10500 127 569301
59 5179 17657 110 399829
60 5184 12164 29 153521
61 5288 5429 14 1676
62 5366 13596 122 277650
63 5482 9235 37 100927
64 5484 6884 101 78275
65 5577 14830 10 24301
66 5638 20326 130 668451
67 5708 13116 39 85572
68 5738 6570 8 4457
69 5746 38332 119 1986217
70 5967 22725 26 97954
71 6066 10423 40 57310
72 6149 10772 87 393205
73 6216 13007 19 33091
74 6242 14414 124 529554
75 6282 33430 50 2349416
76 6307 7825 14 16485
77 6534 13938 10 59315
78 6592 8486 92 43070
79 6609 15521 43 55456
80 6669 11083 146 290633
81 6800 19214 34 43676
82 6831 9622 75 47735
83 6862 8988 11 18562
84 7032 15029 145 277149
85 7037 10100 65 178374
86 7059 8150 15 6203
87 7076 21120 6 13337
88 7288 13207 14 64454
89 7293 10338 133 100283
90 7309 7914 79 28015
91 7329 8862 81 15957
92 7470 20762 35 224159
93 7527 10700 85 427342
94 7628 33976 5 45147
95 7735 11941 62 263203
96 7782 23296 25 74767
97 7785 16045 34 94102
98 7923 8889 32 11997
99 7976 10142 52 48683
100 8016 27636 87 231826
101 8031 10472 89 46412
102 8042 13687 26 59661
103 8075 9439 13 12343
104 8078 18909 39 209439
105 8194 30605 10 95498
106 8272 9317 77 35819
107 8313 19983 32 287094
108 8522 11803 90 195311
109 8528 16849 9 32035
110 8607 29694 106 843373
111 8609 12115 19 46575
112 8617 9266 130 25143
113 8643 16990 5 6812
114 8671 16618 139 631316
115 8727 26261 30 433555
116 8846 8942 6 467
117 9037 14906 41 71258
118 9117 10928 56 41685
119 9201 9754 77 23801
120 9295 15583 139 1033411
121 9301 33673 67 783989
122 9373 25907 25 179783
123 9465 11118 141 65421
124 9551 48550 57 761950
125 9655 13475 129 115039
126 9750 10498 93 33099
127 9783 14565 55 51123
128 9862 24854 124 709878
129 9949 18018 81 144252
130 10187 21456 54 138141
131 10239 12797 13 13392
132 10329 13112 12 20515
133 10335 18977 52 540892
134 10379 20054 11 54853
135 10707 12430 55 32452
136 10720 21697 123 706796
137 10730 14858 27 43347
138 10795 11513 29 9835
139 10851 22141 16 66665
140 11141 16465 57 116517
141 11383 12756 148 69559
142 11436 14463 87 91918
143 11642 32852 59 641202
144 11660 17797 145 486233
145 11910 15436 149 109229
146 12098 14963 76 221184
147 12108 24375 16 116354
148 12143 17347 38 73561
149 12254 17322 85 160546
150 12310 16614 26 39251
151 12452 23131 104 285349
152 12511 13299 46 27955
153 12616 17682 101 110087
154 12661 20419 5 12545
155 12900 25121 10 94950
156 12934 27476 68 1078130
157 12946 13453 9 3422
158 12992 25687 60 428143
159 13051 14197 81 24161
160 13069 16458 72 95013
161 13136 13897 6 2481
162 13160 14708 27 21422
163 13163 42405 26 457273
164 13186 25890 10 38152
165 13261 20914 19 64708
166 13265 35031 28 145953
167 13270 20007 116 403944
168 13395 27891 32 180702
169 13421 42590 45 306310
170 13464 27029 101 587937
171 13526 13927 22 5196
172 13972 23469 41 62594
173 13984 21989 5 23470
174 14178 15848 40 103901
175 14411 15022 7 940
176 14426 20987 100 341005
177 14520 18119 35 42716
178 14542 20430 64 219622
179 14554 24374 80 328246
180 14788 19620 10 26025
181 14933 23814 27 52410
182 14936 33929 40 348468
183 15083 26953 105 268341
184 15116 23354 16 57247
185 15157 17999 53 41847
186 15187 15662 76 47472
187 15206 16476 103 36915
188 15315 34386 111 526679
189 15332 20036 6 13935
190 15353 22469 133 842212
191 15396 27945 48 441454
192 15422 18673 46 152125
193 15563 22402 53 69913
194 15567 18427 49 37505
195 15618 47474 90 1184497
196 15636 17049 10 6843
197 15774 19701 93 157146
198 15918 25852 65 343674
199 16003 22352 11 22231
200 16113 25563 99 94861
201 16150 39363 39 474365
202 16161 23018 145 529614
203 16215 17266 54 55275
204 16232 31232 13 35943
205 16504 17268 53 31162
206 16505 18330 5 5453
207 16587 24232 13 20064
208 16681 17449 12 6349
209 16706 30578 24 75569
210 16733 28526 108 224746
211 16914 26255 96 154119
212 16972 20390 124 133577
213 17032 21730 107 106640
214 17071 18141 35 14822
215 17158 34291 82 737070
216 17416 17973 72 13746
217 17423 20400 6 7709
218 17471 23378 73 193731
219 17522 21776 82 144299
220 17532 39463 111 576065
221 17577 19442 46 106452
222 17625 26447 51 320784
223 17696 20988 46 66797
224 18102 21662 13 20278
225 18116 22145 51 202372
226 18143 23081 78 232362
227 18229 31801 9 51115
228 18322 21798 146 158440
229 18444 18710 20 2917
230 18892 21327 106 187083
231 18937 21266 54 85363
232 19046 21761 139 122624
233 19117 64525 44 507398
234 19217 31352 6 23716
235 19241 24544 29 26887
236 19277 36309 37 232742
237 19368 26157 19 42024
238 19462 84691 133 2680967
239 19539 29803 36 237408
240 19656 27344 37 310842
241 19716 42004 8 27345
242 19930 39316 88 1173202
243 19975 22027 42 30212
244 20293 29679 7 11347
245 20418 27008 15 53772
246 20441 24477 30 115597
247 20777 22752 8 7189
248 20967 23828 68 168102
249 21108 23388 86 152767
250 21168 23068 9 7096
251 21184 26760 125 352650
252 21231 22292 94 45707
253 21468 34563 18 91537
254 21528 27103 16 122094
255 21603 22431 86 22995
256 21633 24038 54 48102
257 21638 21720 83 3919
258 21688 25868 32 97746
259 21712 26068 75 262712
260 21804 28587 101 227430
261 21822 24217 10 28599
262 21837 35451 82 494037
263 22015 27485 121 202211
264 22040 33423 97 584266
265 22106 23164 68 21245
266 22323 25353 23 32486
267 22329 30857 46 235769
268 22582 27558 72 111687
269 22635 42434 45 430124
270 22763 34551 10 84114
271 22839 45982 52 403106
272 22840 25715 11 15875
273 22851 27679 24 45189
274 22956 24205 73 30260
275 22963 26122 93 343181
276 23019 40893 31 134918
277 23186 31993 89 239750
278 23202 24197 130 29652
279 23340 28631 91 420336
280 23370 25860 36 23220
281 23561 25204 92 48014
282 23690 23976 100 24486
283 23694 47336 5 59595
284 23744 39840 104 835003
285 23944 38209 29 185879
286 23994 24611 113 21133
287 24000 39969 134 816182
288 24129 40303 7 70527
289 24193 26437 100 134065
290 24204 24816 20 5352
291 24230 27676 4 6410
292 24388 25150 52 24366
293 24597 26506 123 103991
294 24800 26283 44 66275
295 25027 34245 29 96327
296 25031 26957 10 15450
297 25309 36000 58 169444
298 25404 35550 91 520023
299 25456 29922 59 50367
300 25547 35551 9 87276
301 25807 33699 68 115060
302 25854 34666 10 26161
303 25858 26209 9 3515
304 25946 32570 81 152266
305 25948 27696 85 77532
306 26118 32528 141 548987
307 26274 29697 14 44603
308 26330 34407 26 238719
309 26382 27032 53 24627
310 26417 26885 148 41942
311 26526 27646 9 8056
312 26538 26884 148 52142
313 26661 26947 78 9751
314 26881 40152 13 94993
315 27005 28125 5 1525
316 27037 29844 124 145329
317 27283 45456 71 761677
318 27308 31141 123 146842
319 27318 32060 129 288131
320 27407 48559 24 311677
321 27478 27972 49 16454
322 27988 44738 41 373767
323 28102 32948 19 47823
324 28126 29429 29 12587
325 28276 33442 9 10674
326 28314 28719 88 56590
327 28317 30269 16 25237
328 28320 35088 35 177830
329 28322 48107 149 2277505
330 28357 42648 35 209601
331 28505 29655 43 55817
332 28563 33075 36 25711
333 28704 32214 57 73480
334 28781 31300 45 39584
335 29084 30067 68 13393
336 29136 31591 52 32949
337 29200 46814 62 611028
338 29652 37071 110 391545
339 29905 41161 137 2583914
340 29927 38511 34 121001
341 29959 50410 48 143649
342 30401 41377 148 727404
343 30473 35664 21 23072
344 30517 39618 68 277928
345 30533 33546 51 74349
346 30620 35314 124 213341
347 30770 41775 22 216579
348 30853 47225 89 388133
349 30875 40965 84 612314
350 30935 45872 110 180709
351 30968 47345 19 270568
352 30989 37736 10 36424
353 31370 33702 20 20747
354 31379 33038 12 8104
355 31538 33024 76 53124
356 31550 43676 126 742959
357 31577 39520 25 60134
358 31593 33588 102 49754
359 31806 34218 111 270456
360 31825 49307 26 74385
361 31906 39473 7 15042
362 31945 43036 38 132994
363 31968 51168 86 283428
364 32056 33937 61 55953
365 32082 35747 32 90003
366 32091 32670 26 12111
367 32173 38846 36 76497
368 32259 34087 117 129733
369 32403 40366 37 48563
370 32434 32687 32 2296
371 32448 34712 18 31746
372 32489 38791 140 948385
373 32513 33770 4 3635
374 32598 34132 9 9270
375 32848 38861 96 112797
376 33063 37209 5 6118
377 33130 38866 40 115657
378 33175 36868 72 94109
379 33195 37484 113 294564
380 33301 38137 55 96676
381 33349 34767 10 7801
382 33350 34341 57 69049
383 33437 45184 32 442082
384 33488 36521 9 6095
385 33567 42669 11 34201
386 33598 40099 123 242242
387 33602 36295 11 12184
388 33687 39385 15 20902
389 33766 43613 10 30762
390 33926 39489 18 26859
391 33958 49684 91 596175
392 33964 43559 101 470144
393 33965 35452 79 54257
394 33967 42501 149 805810
395 34093 43142 140 381193
396 34149 53067 49 385708
397 34210 46707 132 798492
398 34505 34761 32 14050
399 34662 35579 4 2065
400 34880 64615 5 18836
401 34899 41998 141 463716
402 34901 36280 14 4952
403 35002 35356 90 29729
404 35065 36373 4 2833
405 35095 49740 106 549909
406 35126 44989 99 238868
407 35141 45846 8 27288
408 35312 35935 139 77751
409 35456 38463 106 116871
410 35489 38641 142 261352
411 35541 43595 6 12081
412 35568 38346 84 86878
413 35608 51218 64 283148
414 35771 44782 67 338252
415 35777 43946 105 431522
416 35893 40039 124 437904
417 35944 44671 94 99616
418 36119 43728 69 175993
419 36272 53318 47 344471
420 36301 43205 22 36810
421 36346 39317 33 64601
422 36358 45905 56 172679
423 36663 44287 21 38246
424 36671 55306 16 61465
425 36675 38655 19 33961
426 36831 42491 16 35811
427 36986 38319 49 35380
428 37062 37126 38 2644
429 37261 47556 25 71967
430 37395 42545 112 304499
431 37422 44114 20 48102
432 37443 40488 59 82254
433 37664 38313 5 757
434 37869 46339 36 264490
435 38122 38500 18 2793
436 38221 49860 30 175275
437 38295 53330 16 128741
438 38327 59666 147 849603
439 38589 40336 9 7546
440 38625 45227 35 186646
441 38661 38809 117 7920
442 38677 44084 138 381483
443 38752 59495 79 320190
444 38840 47629 8 61294
445 38880 56537 62 337822
446 38884 40839 27 17994
447 39312 43839 43 120348
448 39357 45015 6 29107
449 39556 47882 104 179495
450 39638 40167 93 6208
451 39690 41665 71 57626
452 39996 41459 16 11136
453 40059 48060 26 71820
454 40244 46688 5 30367
455 40327 47444 18 125971
456 40441 46152 12 40044
457 40474 55438 119 1278047
458 40502 48003 12 88196
459 40522 43592 71 95609
460 40535 56002 5 71453
461 40681 47637 41 74636
462 40707 47253 138 176850
463 40774 47754 71 231088
464 40939 55901 49 258290
465 41019 47813 115 210434
466 41182 53308 66 414834
467 41467 47816 117 311265
468 41509 57584 147 1057141
469 41554 55223 4 44139
470 41584 49278 12 22041
471 41621 68171 100 622957
472 41728 46180 109 199532
473 41732 44104 8 20622
474 41744 54123 10 40777
475 42125 48158 134 377167
476 42330 44107 30 26715
477 42541 49192 53 183243
478 42576 45043 85 45478
479 42606 43762 101 70950
480 42756 62796 28 493946
481 42883 44322 123 102322
482 43151 47853 80 297577
483 43162 47430 135 185013
484 43391 51271 21 63308
485 43496 56686 80 395322
486 43604 60387 8 29088
487 43646 51387 37 139625
488 43680 63688 65 615584
489 43686 50038 94 160389
490 43706 48028 39 90614
491 43795 44367 75 13588
492 43841 50552 132 440349
493 44394 50006 27 41735
494 44917 51178 27 41378
495 45182 45613 13 4410
496 45268 60315 38 663485
497 45403 52366 75 69540
498 45651 60145 7 49542
499 45793 54342 33 65850
500 45799 46628 40 12378
501 45807 53913 141 335668
502 45964 49339 6 16526
503 46000 46325 34 8146
504 46234 55228 20 69973
505 46256 52257 92 209760
506 46384 52061 47 50548
507 46411 57144 91 662244
508 46499 67646 14 54565
509 46502 57090 89 640601
510 46677 59323 21 176591
511 46788 53273 76 382897
512 46865 52875 77 176805
513 46913 48457 68 59567
514 46984 49480 66 33582
515 47052 53005 88 163163
516 47086 63352 59 80425
517 47105 62297 50 247372
518 47250 48902 14 11606
519 47264 48808 61 16187
520 47302 62229 139 1175846
521 47365 63467 138 440898
522 47428 49292 85 46206
523 47687 48192 74 20095
524 47712 72511 30 246361
525 47730 49074 63 17417
526 47736 48282 79 30294
527 47740 50465 60 81250
528 47845 49459 109 103035
529 47972 61566 36 312960
530 48032 49528 14 21355
531 48047 49716 142 148219
532 48083 66752 19 75679
533 48228 50842 68 94863
534 48339 51732 76 210287
535 48362 49245 25 9355
536 48594 64098 39 371320
537 48604 53725 27 85203
538 48637 53780 73 298800
539 48690 52676 149 377182
540 48714 48976 23 5470
541 48720 61753 22 234972
542 48828 55008 38 59227
543 49010 56572 74 155036
544 49125 67886 33 667355
545 49130 59366 82 765167
546 49131 51025 83 113236
547 49205 54697 124 362119
548 49315 64667 124 538641
549 49615 62395 18 47076
550 49631 52507 134 186168
551 49915 54106 37 63827
552 49986 63514 53 137580
553 50201 82849 103 834183
554 50314 68473 52 403753
555 50329 57548 81 133533
556 50360 53884 8 14035
557 50395 54855 36 90597
558 50415 53082 12 8863
559 50444 54149 10 21733
560 50473 51139 17 7844
561 50487 52267 124 34143
562 50538 52237 78 51130
563 50577 52093 18 14091
564 50618 59595 21 75696
565 50644 93487 58 978324
566 50780 66994 12 83015
567 50819 71642 131 1860638
568 50840 59994 126 326704
569 51051 59311 30 99701
570 51100 61284 14 29412
571 51147 54953 44 103341
572 51156 54911 78 92711
573 51345 60369 35 83808
574 51523 51701 74 10511
575 51614 53607 20 26469
576 51631 55934 71 82560
577 51693 51766 7 498
578 52036 60544 75 661343
579 52231 52286 68 2009
580 52249 52277 74 1726
581 52373 53616 87 43834
582 52479 56889 6 13959
583 52536 65560 37 436057
584 52552 65619 35 269739
585 52711 54025 34 28125
586 52768 71331 10 129488
587 52866 53719 11 7565
588 53021 53573 16 4510
589 53202 59045 15 35236
590 53448 53507 7 135
591 53520 66608 16 102022
592 53533 62551 64 186821
593 53584 58289 38 32193
594 53586 54761 110 53120
595 53630 54417 80 41802
596 53720 57796 11 14163
597 53954 56803 13 31882
598 53974 54494 148 27128
599 54027 63037 31 44393
600 54147 71409 92 480270
601 54191 61220 24 66989
602 54261 59392 17 37285
603 54309 66674 7 54961
604 54410 55855 26 13949
605 54579 70712 102 387980
606 54591 57391 30 38750
607 54611 77263 81 450231
608 54616 61390 96 351152
609 54648 68217 10 118665
610 54675 56954 74 44103
611 54776 58521 44 184923
612 54898 75324 62 325502
613 54942 67190 126 660954
614 55112 68904 21 198228
615 55130 59206 25 76828
616 55208 58918 123 153479
617 55276 60098 50 56271
618 55341 62844 39 70981
619 55447 55789 10 3026
620 55605 60974 35 179000
621 55613 64255 75 285711
622 55614 63869 128 309227
623 55989 65484 10 38966
624 56176 58249 94 86552
625 56234 57728 141 74780
626 56347 61503 134 163230
627 56382 71733 126 290083
628 56395 72666 91 479738
629 56420 57496 21 14223
630 56575 58555 37 116200
631 56579 64819 125 219247
632 56651 66462 104 643461
633 56669 62740 26 97928
634 56738 64499 115 413428
635 56745 74383 78 652302
636 56819 61030 6 5518
637 57100 78176 60 490172
638 57123 62334 140 617762
639 57124 61152 47 47062
640 57366 64386 5 8062
641 57384 65102 120 416239
642 57454 63287 15 27658
643 57553 67677 104 193798
644 57602 68207 36 99238
645 57666 65848 103 750111
646 57993 59545 64 19038
647 58091 59691 135 155482
648 58162 63549 47 243197
649 58194 65776 49 102882
650 58312 74054 47 260033
651 58569 58937 104 25442
652 58590 60448 16 19271
653 58615 68774 6 23369
654 58648 71190 38 216923
655 58679 64734 145 439628
656 58779 61914 117 128707
657 58789 61878 87 171248
658 58866 63065 141 227468
659 59098 69586 13 65300
660 59178 63272 39 54699
661 59493 61547 147 176235
662 59552 60703 108 107118
663 59578 77664 28 159902
664 59631 60693 108 49868
665 59677 62522 37 20674
666 59817 60837 136 138789
667 59828 68975 38 109950
668 59856 66067 111 405633
669 59871 80299 51 402146
670 59898 60688 112 93865
671 59910 65258 47 43648
672 60106 62503 5 4157
673 60168 63449 54 77838
674 60218 72552 8 44892
675 60463 60932 92 28445
676 60658 77906 8 44497
677 60858 65122 125 179130
678 60986 61352 19 2000
679 61121 64333 73 95405
680 61341 63031 106 32038
681 61349 69510 5 8729
682 61395 88175 120 776552
683 61407 63828 106 146510
684 61461 69244 48 195424
685 61539 63435 80 21174
686 61762 66556 102 173391
687 61826 63898 53 93155
688 62145 64711 49 17855
689 62215 74027 68 197962
690 62219 69498 73 160058
691 62318 72965 131 342520
692 62463 62707 112 9206
693 62483 73379 45 134613
694 62654 66357 6 4718
695 62736 62963 71 4159
696 63150 67704 57 42288
697 63168 63281 71 2986
698 63221 80474 43 589235
699 63305 70347 74 82835
700 63423 81422 81 1589368
701 63540 71082 106 583389
702 63583 66258 73 132372
703 63608 69033 81 849325
704 63710 64779 22 16945
705 63763 67241 149 317027
706 63848 75555 22 133345
707 63945 65209 58 38916
708 63995 72228 73 177702
709 64171 77938 29 354477
710 64245 65931 50 35414
711 64266 71489 113 193632
712 64294 70837 52 301293
713 64629 71705 40 187126
714 64706 97447 104 1098421
715 64715 75397 37 110087
716 64885 69154 108 537466
717 64897 80070 95 402456
718 64974 67680 43 43579
719 65114 78821 24 172825
720 65157 67049 36 23284
721 65464 66913 77 28968
722 65470 67425 8 8908
723 65475 91138 87 711564
724 65518 65930 70 22821
725 65627 75455 99 339022
726 65711 69611 95 87876
727 65799 68354 109 265726
728 65899 81960 25 138674
729 66110 66747 63 8172
730 66172 80484 56 522691
731 66412 84079 131 2701316
732 66447 70308 102 116730
733 66467 77347 16 97390
734 66503 66947 9 3169
735 66650 88474 47 534201
736 66689 67366 43 9667
737 66894 87186 72 297434
738 67085 69124 62 73036
739 67089 85497 123 643465
740 67108 83415 6 35182
741 67185 70145 105 55746
742 67201 74904 16 40980
743 67353 67564 8 653
744 67439 69271 58 113616
745 67687 82080 77 774517
746 67699 72314 8 15087
747 67832 88590 111 3794580
748 67860 77517 71 791948
749 68059 72625 103 207456
750 68078 77089 27 128815
751 68114 68805 18 6648
752 68151 85147 105 1060574
753 68218 71115 10 12277
754 68261 72256 21 19503
755 68327 90667 12 89772
756 68332 68375 81 2807
757 68352 69523 70 54445
758 68583 72936 133 80766
759 68645 69634 14 9025
760 68874 85492 68 722487
761 69128 84316 128 990937
762 69146 72869 8 24490
763 69231 85585 36 443382
764 69284 70111 116 46040
765 69383 77278 114 687270
766 69451 86619 64 486429
767 69721 69772 31 1865
768 69781 71122 139 131934
769 69836 73410 45 120635
770 69976 92158 133 536009
771 70310 83310 92 518406
772 70337 75616 5 12504
773 70344 81587 35 180995
774 70409 72351 87 63802
775 70471 81393 109 668106
776 70526 70868 77 14121
777 70599 80700 29 236752
778 70906 75184 135 295969
779 71024 77779 52 189818
780 71265 92770 5 13058
781 71352 71418 53 1183
782 71382 73057 87 65868
783 71437 88528 18 131028
784 71445 74753 5 7962
785 71673 73071 137 63256
786 71862 83184 113 381594
787 72076 74216 43 34915
788 72097 72579 40 27171
789 72208 72244 142 4638
790 72283 82706 144 723798
791 72305 78988 76 449513
792 72401 74621 89 109332
793 72592 89804 12 110290
794 72654 73136 51 20843
795 72656 80775 114 179761
796 72881 74702 14 14392
797 72914 75285 65 75808
798 72970 82195 128 373850
799 72975 74509 6 7124
800 73037 73904 90 36467
801 73052 78521 41 71978
802 73079 75303 13 22175
803 73131 73357 45 12750
804 73154 76597 38 103307
805 73155 77928 81 150018
806 73327 79629 34 117485
807 73687 79935 117 167677
808 73691 79517 29 91664
809 73716 74069 13 1738
810 73836 83762 24 99532
811 73896 78768 34 146935
812 73997 95574 135 1855923
813 74050 74118 7 260
814 74144 81173 71 93843
815 74175 98431 25 268016
816 74245 81834 21 73108
817 74359 76456 9 16918
818 74523 83760 18 158324
819 74527 85528 127 947093
820 74538 82353 41 117609
821 74573 85146 61 245632
822 74594 77397 19 28349
823 74640 76881 69 39289
824 74853 77681 102 66578
825 74949 99789 140 727796
826 75172 81480 97 274142
827 75440 75711 68 19013
828 75522 79539 106 119945
829 75586 90279 23 178658
830 75799 80260 34 78293
831 75850 84396 59 176543
832 75875 93814 124 1001861
833 75917 90652 95 391842
834 75942 84551 34 223431
835 75959 76508 7 3307
836 76154 92915 118 657634
837 76215 86713 117 350064
838 76450 87169 124 421843
839 76480 99455 61 590620
840 76631 80823 12 36426
841 76771 78303 28 51216
842 76863 95501 75 1440550
843 77237 79296 48 22734
844 77316 88439 104 252862
845 77700 81246 121 163639
846 77826 90542 125 273102
847 77836 82452 16 18351
848 77876 78221 98 19935
849 77939 80638 146 145782
850 78121 96419 98 740241
851 78188 92460 30 234858
852 78217 92130 149 518030
853 78239 78562 129 27428
854 78305 89668 28 143582
855 78499 85526 65 118445
856 78509 79581 91 119505
857 78554 81303 19 42084
858 78654 92734 120 443644
859 78687 87830 65 449333
860 78888 79765 99 26702
861 78896 82534 15 59280
862 78946 95387 94 299613
863 79009 80959 32 19179
864 79228 87151 76 176504
865 79256 88483 129 277852
866 79437 82003 7 9876
867 79449 93219 146 1559527
868 79493 80113 29 4860
869 79508 97673 90 689579
870 79642 91653 11 82940
871 79648 80419 71 24218
872 79696 90288 30 144586
873 79702 80335 11 1628
874 79897 83421 31 115315
875 79927 82547 54 34194
876 80072 80572 18 3314
877 80212 84868 29 56294
878 80362 80445 5 203
879 80432 81047 113 20802
880 80524 96867 24 152426
881 80601 83620 131 233728
882 80663 91626 4 13749
883 80714 85701 63 144166
884 80792 90826 135 644476
885 80874 85743 102 101734
886 80965 81510 23 6277
887 80974 85286 35 60962
888 81027 81511 38 16741
889 81137 86320 32 36005
890 81301 83002 37 10281
891 81385 87410 23 47529
892 81435 94427 105 1096064
893 81654 83076 67 44860
894 81910 85051 126 466593
895 82169 93031 67 422592
896 82225 89757 9 60154
897 82242 98303 43 171318
898 82334 85020 61 24108
899 82383 97483 6 35998
900 82401 87546 22 58876
901 82416 86035 46 54129
902 82427 83589 22 9022
903 82513 88497 28 46312
904 82744 85180 102 95880
905 82830 84496 86 60237
906 82908 92630 4 8384
907 82921 88655 52 79249
908 82965 83577 117 78617
909 83040 88855 106 200318
910 83092 88292 46 75019
911 83116 92445 40 87902
912 83156 88728 101 213622
913 83246 83726 44 25270
914 83305 84586 48 29652
915 83317 84002 11 5917
916 83684 87899 10 18132
917 83962 96660 81 138361
918 84039 95711 9 16125
919 84118 92876 15 51341
920 84119 93286 44 167949
921 84568 85516 91 31461
922 84743 97338 57 388434
923 85041 99434 100 1319359
924 85081 92304 75 184908
925 85168 91349 47 170888
926 85249 91416 19 21745
927 85294 87988 13 16936
928 85372 93532 6 33177
929 85461 87329 30 8582
930 86459 88210 29 93691
931 86571 86846 26 7322
932 86813 90229 114 194804
933 86877 92342 68 106866
934 87150 99119 80 172712
935 87160 93037 27 39929
936 87196 87497 101 20106
937 87276 99713 10 59432
938 87392 87577 8 322
939 87501 93456 70 125309
940 87753 89846 57 30761
941 87918 87939 22 299
942 88104 94208 12 16030
943 88155 98986 74 88405
944 88214 93869 5 17329
945 88271 89099 6 3946
946 88279 97793 60 112444
947 88443 89132 58 11763
948 88585 90862 98 83158
949 88673 91804 67 163827
950 88870 89983 11 5779
951 88926 99567 131 282896
952 89037 99558 13 80417
953 89038 92295 31 60965
954 89064 98515 19 38141
955 89197 90551 68 36518
956 89268 98347 65 82204
957 89467 90460 37 32629
958 89512 94010 100 257639
959 89653 90123 125 16001
960 89893 90794 138 68931
961 89900 91106 115 126844
962 89928 93645 21 23026
963 90233 97402 45 151206
964 90411 91575 112 169091
965 90476 93318 31 32963
966 90574 91539 12 7551
967 90722 91454 11 3166
968 91075 91754 48 16675
969 91251 98143 21 83065
970 91333 95266 48 129068
971 91345 95188 15 62822
972 91359 94623 102 176325
973 91380 96309 117 232169
974 91595 94342 24 40540
975 91773 96829 95 225092
976 91775 92783 13 6902
977 91821 94551 25 10231
978 92214 96811 121 162543
979 92277 99239 66 289478
980 92290 96655 34 42295
981 92327 98822 146 668774
982 92411 92614 87 7510
983 92613 93968 79 43168
984 92638 96975 79 88585
985 92656 96976 80 50278
986 92673 93897 22 19712
987 92778 93805 27 9170
988 92789 97611 12 67714
989 92826 98936 12 27463
990 92938 96803 6 5244
991 92950 98042 54 142408
992 93324 95286 31 35354
993 94094 98280 110 241041
994 94183 94954 48 12959
995 95760 98614 26 14661
996 96108 99674 104 261361
997 96914 96982 22 924
998 97454 99198 85 159849
999 97948 99687 66 48686
