50 1000 0.041
..................########........................
..................#########.......................
..................#.#######.......................
.......#............####.#........................
.....###...........#######........................
.....###..........##########......................
...##.###.........#####..#........................
...#####.........########...............##........
...#####..........#.###.................###.......
.#.#######..##...#####................#####.......
.#########..##.....#.#...............###.###......
..#######..####..##...................#######.....
....####...########..#...............######.......
..#####....#.##########............##########.....
...#####..###########............#############....
...###...########.##.............######.##........
..##.....#########................#######.........
..####........##.#...............######...........
....#.........#...................##.###..........
....#........##.........##.......######...........
.......................###.##.#...##..............
......................####.####.#..#..............
....................###########.##................
.....................#############................
...#.................####.########................
...#.................##.#####..#####..............
.###...................#########..##..............
####.......................#####.........#........
####........................#####........##..#.###
######.....................####........####.####..
######...............................###########..
#####.#.............................###########...
########..........................##.###########..
##.#.#.#..........................############....
#.................................#########.......
...................................##########.....
...................................##########.....
.................................#############....
....................#..........#.###.####.#.###...
..................####......##.#######..#####.....
................######....#############..#.#......
...............#####.#.........##########..#.#....
...............########.......#.#######.######....
...............########.......####.##.....####....
...............###########....##.#.....#.#####.#..
..............##########......#..#.....#########..
............########.#####....#..#...###.########.
.............###########.#............##.#....##..
..............#.####.##......................##...
.............##.###.##............................
0 86 6362 80 260643
1 96 4624 36 65301
2 119 1223 109 31418
3 164 31979 29 381539
4 435 499 127 5999
5 559 13642 70 421680
6 584 3413 38 93796
7 603 6253 127 183086
8 639 1576 12 7906
9 657 28897 62 693587
10 668 22937 14 169640
11 708 1830 32 23300
12 1085 7449 22 47118
13 1099 7398 42 129434
14 1104 28473 136 1951911
15 1184 11272 139 336888
16 1226 4287 42 68883
17 1245 2128 121 104833
18 1319 4712 40 245666
19 1408 9902 9 19616
20 1409 2912 45 44927
21 1593 4661 93 56981
22 1646 2941 4 2257
23 1781 4110 6 11781
24 1948 4548 4 5922
25 1967 2079 116 10087
26 2031 3997 88 53965
27 2062 6531 47 33214
28 2333 12043 9 53288
29 2556 4852 106 122078
30 2558 11868 11 57483
31 2599 9809 8 17695
32 2713 3614 26 6903
33 3071 7705 34 59523
34 3103 5171 5 4035
35 3255 22192 97 500104
36 3319 21346 135 1098442
37 3339 4198 50 32580
38 3395 27653 36 340954
39 3560 8614 67 184119
40 3611 12792 68 898628
41 3747 10485 26 65663
42 3775 10261 95 615303
43 3864 9687 73 194068
44 3873 15628 68 190462
45 3941 12538 10 16233
46 4024 10665 99 540598
47 4054 9698 52 93528
48 4116 9391 126 144710
49 4278 22605 85 430327
50 4289 5362 29 32923
51 4308 8224 145 160730
52 4412 7634 22 22945
53 4528 13966 131 344080
54 4561 8421 11 34542
55 4717 5007 55 10654
56 4811 6957 145 127418
57 4942 5086 12 1282
58 5002 6489 9 8901
59 5038 8471 8 11470
60 5154 7117 18 28104
61 5214 12797 5 10827
62 5343 5790 83 7425
63 5862 9218 124 368948
64 5904 8554 108 262466
65 5948 15306 74 224085
66 6014 16956 126 530575
67 6040 9965 13 25933
68 6042 10891 122 283887
69 6059 11832 36 64930
70 6067 9736 93 203563
71 6076 7149 88 102223
72 6127 11329 51 355606
73 6268 7346 53 24210
74 6461 6897 65 6714
75 6620 12585 28 62447
76 6810 16578 50 125287
77 6833 13499 28 61232
78 6930 11968 54 29225
79 6972 14792 68 208222
80 6988 9992 80 106959
81 7008 9591 59 112778
82 7084 9275 29 37626
83 7096 7234 139 16024
84 7178 23385 70 431103
85 7323 14376 28 132249
86 7540 14616 62 331737
87 7610 16431 58 189997
88 7661 37219 130 3283860
89 7760 15067 92 279159
90 8042 12151 65 69818
91 8060 9668 82 32727
92 8306 8779 33 12864
93 8331 14252 81 226941
94 8348 17131 15 24858
95 8399 16768 5 25427
96 8517 10687 27 36648
97 8566 15473 5 14696
98 8619 8851 37 5372
99 8680 10594 149 166441
100 8796 11692 64 102824
101 8865 11071 98 30122
102 9012 21410 61 183830
103 9327 9695 128 16919
104 9329 9681 5 180
105 9536 14501 76 282256
106 9551 17022 42 226932
107 9599 20063 5 16137
108 9676 28558 9 103882
109 9756 12064 109 135508
110 9811 15532 50 227805
111 9865 15500 26 96346
112 10026 26081 122 583297
113 10224 10824 57 12310
114 10392 18694 109 305813
115 10422 12099 142 65260
116 10762 23874 63 755769
117 10855 14322 49 27062
118 10899 23190 149 810048
119 11005 19274 64 164418
120 11073 13587 5 4456
121 11104 24117 106 1098430
122 11171 13298 9 19464
123 11238 12180 19 5065
124 11319 17647 143 383158
125 11393 16041 40 152106
126 11457 32116 73 553213
127 11474 36434 116 704087
128 11669 15170 10 15017
129 11677 13510 137 96957
130 11691 15053 15 55968
131 11872 15001 107 165932
132 11891 31023 136 1260045
133 11944 18096 92 188276
134 11998 14318 59 54287
135 12061 18967 9 34656
136 12128 21840 44 156388
137 12204 25510 6 26921
138 12241 16519 68 111104
139 12285 16595 40 78535
140 12434 14950 108 165790
141 12597 22182 147 365419
142 12604 24531 8 41569
143 12777 16230 45 41685
144 12860 19403 24 44899
145 12902 17439 14 29140
146 12953 14387 121 258680
147 12955 14283 109 67867
148 13015 20419 7 22903
149 13185 13485 38 10445
150 13284 15468 72 32578
151 13297 14363 149 78682
152 13532 14575 53 32220
153 13701 15580 64 32499
154 14005 21780 102 515835
155 14370 16485 72 73221
156 14379 18491 31 75273
157 14424 19738 128 1544102
158 14441 26892 7 44283
159 14605 25714 40 632683
160 14758 15666 35 22991
161 14942 23073 31 138075
162 14952 29072 142 925074
163 15014 25949 32 145503
164 15024 24602 9 48920
165 15176 18383 132 258443
166 15307 15584 53 5873
167 15843 21193 98 69816
168 15894 19926 25 21787
169 16013 16438 100 20646
170 16081 20630 39 56381
171 16095 17880 22 15472
172 16318 16425 5 1523
173 16362 18828 89 45719
174 16420 19373 10 34806
175 16434 21325 104 84550
176 16509 19532 116 251534
177 16559 20812 127 573190
178 16969 17555 28 4000
179 16979 21092 8 18513
180 17077 18962 17 7169
181 17240 17294 42 4406
182 17382 21629 57 71318
183 17440 19874 74 33328
184 17523 21180 24 44963
185 17540 25552 16 69454
186 17662 18593 18 13704
187 17819 19888 149 152653
188 17933 31241 67 357787
189 18017 19474 80 60149
190 18070 23952 41 198221
191 18186 29014 48 523798
192 18396 25592 110 607616
193 18553 25044 8 38090
194 18569 19528 102 62209
195 18579 20339 32 33530
196 18627 18774 56 2369
197 18677 22620 76 136647
198 18701 32038 82 570908
199 18751 22434 142 399712
200 18762 43336 9 62275
201 18773 32853 88 195927
202 18854 28571 65 211580
203 18894 43327 7 39579
204 18942 24969 30 93057
205 19086 19449 27 3857
206 19399 22555 40 21779
207 19548 22958 10 43987
208 19762 23106 6 17159
209 20012 24628 16 37357
210 20060 23744 67 137055
211 20146 39675 65 231496
212 20188 20911 107 40011
213 20225 30236 144 444178
214 20338 52195 83 1275620
215 20423 38688 108 841364
216 20481 26166 10 38879
217 20533 23730 116 215440
218 20787 26060 89 202368
219 20804 30785 71 451078
220 20948 23311 146 147694
221 21043 27347 31 135490
222 21221 33883 22 143146
223 21231 34725 68 379460
224 21361 41414 53 471136
225 21428 22626 116 219823
226 21557 27050 137 333773
227 21633 31162 46 171800
228 21722 31235 117 217819
229 21800 26668 21 65021
230 21819 28389 11 22311
231 21946 28575 26 39301
232 22061 32134 49 166994
233 22065 28663 85 181686
234 22159 28691 43 83966
235 22214 25290 17 27376
236 22332 37132 98 784768
237 22373 27656 137 284150
238 22445 23001 11 4618
239 22548 41560 5 82965
240 22638 29430 19 14201
241 22872 28287 14 24844
242 22902 25707 6 11517
243 22983 32580 16 104460
244 23031 25206 51 107466
245 23197 27497 52 123674
246 23494 23537 126 10623
247 23513 31052 115 223219
248 23598 25150 68 57684
249 23720 32755 15 77468
250 23828 30297 34 180396
251 23852 33067 57 128555
252 24140 27688 130 196066
253 24186 24533 91 27225
254 24199 27442 7 7582
255 24266 29125 21 43865
256 24424 25106 11 4913
257 24430 25134 51 11107
258 24466 25334 16 13247
259 24470 27097 59 61472
260 24706 27849 106 103063
261 24737 25398 17 2450
262 24785 32623 19 96984
263 24908 43793 99 978266
264 24958 28700 126 246235
265 24976 33258 90 209491
266 25007 30146 5 18125
267 25232 34853 71 182547
268 25480 34817 11 94825
269 25556 27383 129 62598
270 25605 33194 14 39777
271 25617 29094 94 74272
272 25657 29923 98 144469
273 25748 29682 126 216877
274 25757 37640 16 75102
275 25759 28004 6 4627
276 25900 28121 40 78992
277 26085 26600 10 2244
278 26147 27052 127 80286
279 26424 61432 85 1180725
280 26434 34465 26 172026
281 26475 38477 34 135885
282 26476 29318 13 13474
283 26508 27124 59 15401
284 26553 29404 41 28317
285 26584 30041 34 61650
286 26593 29039 8 11509
287 26598 30105 17 9983
288 26671 30182 14 9976
289 26814 27368 30 20659
290 26816 29077 27 20971
291 26851 31435 32 89311
292 26873 27435 104 46209
293 26911 35361 6 38673
294 27061 30194 7 11897
295 27197 27485 91 38316
296 27212 45350 37 90403
297 27241 33572 137 221423
298 27312 33272 14 44195
299 27470 39081 146 480407
300 27556 35366 85 309665
301 28130 32422 16 10561
302 28325 49809 121 1807625
303 28342 29635 88 45504
304 28396 29223 28 14672
305 28493 30714 62 90043
306 28716 31711 40 140031
307 28876 29952 59 17259
308 28940 29501 112 23371
309 28946 29031 57 1638
310 29349 29418 10 363
311 29355 31783 7 3597
312 29359 42373 113 360010
313 29488 34163 45 72103
314 29495 34653 119 338164
315 29522 32154 58 96590
316 29528 39192 51 170004
317 29552 69807 51 378714
318 29693 32226 89 142863
319 29754 30051 117 38029
320 29823 35062 55 352717
321 29839 31255 4 2842
322 29875 30027 19 1483
323 29896 41829 9 28200
324 30049 31961 36 42687
325 30266 33155 53 54833
326 30338 32475 40 45239
327 30342 31849 44 43392
328 30405 41195 28 60181
329 30569 35574 7 8076
330 30651 43795 16 78060
331 30806 35056 116 154831
332 30834 32536 80 107814
333 30843 33526 31 63229
334 30918 42363 53 545666
335 30986 36344 20 73015
336 31031 38488 61 303246
337 31033 36572 33 48204
338 31037 31552 10 1552
339 31132 35446 135 427654
340 31164 41529 139 485306
341 31185 35681 66 128069
342 31254 38374 14 41370
343 31397 31763 21 4436
344 31761 33672 91 50865
345 31797 33004 28 12295
346 31853 37905 60 271647
347 31962 32021 30 892
348 32143 61475 61 3123095
349 32610 35638 11 22127
350 32653 36247 71 65202
351 32674 58247 73 372487
352 32683 43308 10 42676
353 32796 34672 89 182865
354 32843 33397 9 5749
355 32894 53044 45 133848
356 32942 33816 32 11371
357 33018 34984 85 50073
358 33020 38734 39 112379
359 33081 34457 111 85299
360 33246 38091 55 60245
361 33341 33521 32 1340
362 33370 34113 104 69458
363 33389 34563 19 8560
364 33455 34201 84 59504
365 33468 33856 134 57844
366 33532 36433 14 14679
367 33777 35583 116 76766
368 33898 35212 50 20035
369 33906 35229 9 9389
370 34470 40872 12 28061
371 34555 43027 71 309959
372 34634 37775 13 22969
373 34641 36853 89 136273
374 34674 38967 13 23937
375 34694 37630 49 83339
376 34699 59863 8 33344
377 34755 37658 119 134378
378 34760 60038 34 515449
379 34782 51168 24 84072
380 34801 37822 95 126487
381 34870 39392 14 54442
382 34962 50705 47 108455
383 35121 36310 36 6986
384 35133 40839 125 383985
385 35167 55470 111 836388
386 35192 43790 121 588600
387 35310 46090 25 73108
388 35380 36646 27 9720
389 35521 44198 9 25522
390 35535 40105 16 15277
391 35736 40077 133 166462
392 35786 41226 111 636869
393 35979 47380 81 372911
394 36077 40354 5 6312
395 36206 60242 78 1227246
396 36235 39474 128 137501
397 36246 51605 111 423296
398 36322 39437 54 182660
399 36342 56187 19 311412
400 36492 38858 16 16502
401 36498 50103 53 149130
402 36516 37345 39 10630
403 36608 38476 133 227681
404 36657 46878 19 28638
405 36661 41729 14 24213
406 36757 36875 7 811
407 36982 38844 69 158179
408 37070 46354 120 460995
409 37123 48341 21 87012
410 37128 49079 82 471284
411 37254 50634 124 1530685
412 37302 39463 15 12094
413 37411 38597 90 80907
414 37517 47857 15 34916
415 37556 47665 42 98062
416 37689 43224 7 31844
417 37760 41514 46 62597
418 37826 38151 133 10232
419 38149 41086 132 68227
420 38308 40502 60 222756
421 38317 51629 7 34717
422 38632 48316 51 216300
423 38704 39051 15 4548
424 38789 41597 56 127760
425 38965 48612 35 118778
426 39190 48117 67 353995
427 39209 48076 4 12028
428 39223 44778 67 102516
429 39646 44560 32 86815
430 39663 45911 49 119346
431 39716 40310 23 4571
432 39831 57109 14 126001
433 39877 44760 7 16777
434 39942 40993 90 79183
435 39984 47281 83 86397
436 40019 40528 18 14203
437 40043 44450 20 22240
438 40074 41165 47 32082
439 40108 49665 5 32708
440 40183 44134 42 131235
441 40214 43121 15 11545
442 40256 43607 110 198358
443 40413 43874 44 96245
444 40446 41534 132 45409
445 40732 41882 5 2678
446 40876 41844 95 46037
447 40878 60130 7 29460
448 40913 53161 20 200893
449 40923 42100 6 2473
450 41124 46504 36 145000
451 41144 54140 6 20560
452 41150 44427 142 174731
453 41426 64459 93 270523
454 41592 50793 17 30347
455 41807 61565 142 350828
456 42002 49038 45 280521
457 42130 50781 46 148115
458 42196 45824 8 21451
459 42283 54048 128 286449
460 42289 42999 147 74614
461 42518 43816 9 6253
462 42540 46723 50 200250
463 42572 46645 7 10679
464 42606 46926 96 130466
465 42980 43062 75 3567
466 43069 62693 18 143238
467 43107 48190 21 28653
468 43124 50449 121 341059
469 43226 48179 24 49806
470 43429 51795 55 166593
471 43458 50001 51 436627
472 43503 44769 77 177905
473 43668 52043 15 74553
474 43888 52137 16 44257
475 44168 51759 15 44534
476 44259 45860 57 41052
477 44303 49572 8 8733
478 44318 45432 18 8940
479 44319 54976 107 510286
480 44332 50795 19 54783
481 44355 44868 92 29356
482 44438 52171 124 310150
483 44439 52786 118 522386
484 44452 54826 31 64561
485 44487 50368 32 62834
486 44536 54526 59 221919
487 44842 48858 137 447825
488 44936 50655 150 388785
489 44938 49198 14 20327
490 45020 47361 4 3274
491 45047 47156 89 73559
492 45077 46786 81 30690
493 45235 46764 10 12122
494 45253 47929 41 145835
495 45265 47698 79 252477
496 45550 59199 28 44906
497 45608 47096 23 17614
498 45871 46096 30 5373
499 45905 50667 115 221195
500 45945 47092 36 38854
501 46155 49799 28 30188
502 46185 49965 135 218393
503 46334 52835 145 247794
504 46389 52168 113 345549
505 46420 47256 139 35969
506 46775 63595 76 472684
507 46886 60567 91 350890
508 47290 52918 56 130993
509 47349 50020 62 91645
510 47492 55583 15 49383
511 47496 53172 7 12589
512 47693 47705 96 1328
513 47752 52998 14 61243
514 47815 49537 20 39304
515 47978 51499 89 128679
516 48064 50887 17 42144
517 48153 62909 10 13847
518 48242 59366 35 223442
519 48347 54612 127 144499
520 48379 52881 46 71446
521 48428 62709 97 698772
522 48457 53580 141 396023
523 48470 55580 71 75004
524 48488 55942 26 22953
525 48642 50093 57 34282
526 48667 65231 116 567599
527 48732 49419 105 59609
528 48736 50039 18 6910
529 48889 52185 7 10725
530 49002 51918 64 57191
531 49165 51226 99 97848
532 49282 55886 12 43443
533 49303 69286 35 297034
534 49320 65677 13 22737
535 49357 51975 139 202963
536 49398 54855 138 480177
537 49479 51995 19 61918
538 49870 53113 5 7920
539 49941 50683 25 14402
540 49942 50216 71 11126
541 50104 50778 24 3285
542 50132 69469 142 1595048
543 50164 57627 90 391511
544 50350 51895 21 9834
545 50515 53915 69 98209
546 50586 53170 43 38702
547 50623 52029 15 4991
548 50885 59634 126 301561
549 51047 51269 13 2594
550 51069 56901 72 752880
551 51213 56720 23 44073
552 51231 52180 56 13940
553 51262 54664 144 278818
554 51492 66075 6 14426
555 51552 81619 11 79615
556 51657 59888 4 21264
557 51667 68507 5 67772
558 51717 55076 129 293171
559 51776 54221 14 10552
560 51803 52121 89 15632
561 51806 52328 40 9511
562 52086 55353 31 22022
563 52128 59156 82 121650
564 52512 69386 17 50295
565 52567 55971 25 24336
566 52584 53460 26 14109
567 52785 53835 55 32573
568 52804 58254 78 177777
569 52842 59365 5 21442
570 52943 55817 7 14420
571 53088 56371 5 13279
572 53096 60284 35 157099
573 53099 63064 62 256976
574 53124 53769 6 2125
575 53296 54008 28 6640
576 53587 54260 80 71488
577 53603 81088 120 1259544
578 53620 55282 44 22139
579 53629 60810 127 357231
580 53760 54333 32 6786
581 53832 59010 38 97598
582 53983 57865 54 36661
583 54334 54790 110 101367
584 54369 61294 101 434973
585 54478 56665 16 29869
586 54492 56556 20 20297
587 54542 54946 16 1922
588 54585 71396 53 196508
589 54706 56911 13 4775
590 54758 56239 92 93966
591 54770 58782 126 216970
592 54977 61633 56 101956
593 55039 55494 114 51682
594 55070 61009 66 94369
595 55099 60204 78 75795
596 55103 59470 41 44267
597 55158 55320 95 5644
598 55378 72354 116 545027
599 55422 62620 76 236850
600 55479 55819 30 10541
601 55599 56887 96 134165
602 55632 56123 10 2437
603 55641 56663 7 1891
604 55660 83971 70 966163
605 55803 72483 124 323486
606 55816 57405 26 17241
607 55870 62667 27 52926
608 55879 55982 28 1737
609 55898 57754 118 110042
610 55900 66629 38 132911
611 55986 65826 103 789082
612 56094 60813 7 10032
613 56129 61007 12 14344
614 56143 66033 63 304675
615 56157 68847 76 161413
616 56223 66585 104 430775
617 56224 61128 76 142485
618 56398 60327 134 408662
619 56414 66136 48 139706
620 56487 66507 61 338309
621 56493 58953 14 4907
622 56518 64038 4 12451
623 56531 66796 90 450248
624 56623 70681 144 550520
625 56626 75134 33 96064
626 56678 67636 47 214577
627 56698 62055 44 110449
628 56705 64142 116 289339
629 56770 60369 7 6813
630 56824 76222 5 37644
631 56878 60822 110 58480
632 57067 57409 5 885
633 57141 64908 11 38549
634 57353 64345 85 300315
635 57397 59944 36 72990
636 57420 70059 9 82669
637 57421 59487 138 133543
638 57501 59574 14 13421
639 57514 58913 95 23864
640 57610 62813 129 273256
641 57660 59900 11 5179
642 57701 65406 115 752332
643 57728 58911 146 89560
644 57909 65155 81 116680
645 58085 58528 71 27230
646 58108 58190 17 1230
647 58223 61908 8 5291
648 58245 60172 43 40844
649 58279 63733 4 16801
650 58384 61194 146 118573
651 58399 60548 15 12879
652 58468 82268 38 384832
653 58501 78727 87 323511
654 58521 60413 105 67853
655 58558 68089 92 941365
656 58648 62328 7 5473
657 58829 70294 7 22003
658 58842 59999 17 6538
659 59019 60010 14 5159
660 59166 62602 30 113995
661 59174 74647 58 468061
662 59337 60828 24 47584
663 59539 61061 28 26401
664 59689 63975 11 16873
665 59737 66270 100 126574
666 59740 65638 24 62446
667 59808 63319 89 260342
668 59825 65163 48 44380
669 59833 61312 120 78355
670 59907 59968 28 1194
671 60145 63212 114 177632
672 60230 83289 5 45789
673 60260 71020 12 74323
674 60419 65247 59 227112
675 60789 65940 12 64580
676 61254 74623 133 620887
677 61297 61615 89 24189
678 61657 63745 98 40299
679 61679 67644 7 10402
680 61717 70193 16 39124
681 61744 63259 22 7025
682 61888 62152 121 26949
683 61899 71092 124 298385
684 62082 69421 18 89598
685 62203 76580 134 550897
686 62392 67469 120 91827
687 62468 65787 146 163391
688 62595 68842 134 391005
689 62679 67100 63 75422
690 63120 77406 21 210619
691 63203 63556 84 37425
692 63240 65436 29 79126
693 63454 68546 63 103619
694 63471 68298 60 133650
695 63499 66341 35 28753
696 63834 68300 108 147591
697 63970 66335 13 12721
698 64238 70940 91 674744
699 64292 75839 62 257428
700 64374 68204 14 14910
701 64385 68327 105 89145
702 64475 68830 37 128341
703 64538 78839 11 25194
704 64601 64653 135 7577
705 64643 65593 8 1895
706 64816 66366 117 74727
707 65016 71430 130 561087
708 65038 65416 81 13126
709 65076 77875 55 258186
710 65134 65331 92 18476
711 65197 72217 18 80545
712 65473 78204 20 46843
713 65662 67892 148 109977
714 65746 72158 117 510495
715 65836 68915 5 5626
716 65932 67198 140 46065
717 66245 67083 40 50406
718 66264 74718 33 82368
719 66299 75180 22 133645
720 66306 69725 20 18482
721 66536 71123 100 222495
722 66795 67078 9 2180
723 67003 69669 32 40395
724 67080 70571 92 297570
725 67317 70111 6 3678
726 67399 70699 114 83394
727 67579 81643 5 35109
728 67581 70534 47 74504
729 67600 72357 8 19419
730 67755 73305 44 217403
731 67803 72080 98 192222
732 67866 78185 50 405484
733 67940 69159 80 77929
734 68031 71610 30 22129
735 68313 70499 66 89777
736 68335 72732 133 353239
737 68422 83157 121 175649
738 68497 72513 84 185272
739 68505 84388 57 469129
740 68508 73915 85 179441
741 68523 73064 13 13187
742 68641 70781 134 71640
743 68739 73717 126 373333
744 68782 72811 19 40635
745 68939 69715 39 24570
746 68946 79389 57 153373
747 68976 71427 5 2628
748 69009 74661 13 45412
749 69231 82792 25 124664
750 69306 71795 52 38936
751 69447 77772 47 276472
752 69588 74850 12 26879
753 69657 71816 10 11708
754 69866 78741 94 485350
755 70043 81067 84 703130
756 70264 72711 14 38088
757 70519 72120 22 17003
758 70602 80510 15 106218
759 70635 73370 25 22652
760 70647 97117 30 343408
761 70828 73235 15 11424
762 71071 73529 65 167120
763 71422 78949 103 285854
764 71566 82222 96 826329
765 71578 79991 10 79506
766 71580 75581 24 57418
767 71585 93861 51 387721
768 71645 72933 10 8723
769 71740 79553 120 472454
770 71857 81745 137 826515
771 71869 74942 36 35531
772 71975 73931 30 15430
773 71976 77750 61 329108
774 72064 73060 70 30167
775 72083 78697 95 257832
776 72113 74573 143 65778
777 72280 75760 28 42236
778 72563 83944 18 89324
779 72636 74669 126 214019
780 72743 74493 74 151452
781 72884 78326 130 489068
782 72913 74381 21 4999
783 72953 85108 50 381173
784 72981 82265 49 137572
785 73027 86207 26 68399
786 73166 78312 64 67809
787 73177 84038 11 64438
788 73185 81213 102 516394
789 73251 73373 143 18944
790 73313 80649 24 94790
791 73350 74897 11 9622
792 73413 81166 14 94437
793 73625 94926 11 65854
794 73678 87911 45 106171
795 73710 76558 9 9610
796 74026 74839 7 7145
797 74039 79021 133 425357
798 74065 85819 27 172118
799 74069 76892 59 38008
800 74095 87463 77 391607
801 74100 75059 97 25658
802 74126 75083 65 47922
803 74219 75113 102 88454
804 74514 77129 127 233009
805 74617 81340 105 144264
806 74681 77890 112 236120
807 74697 81362 82 191068
808 74763 77401 71 91214
809 74843 96037 13 150369
810 75029 88177 12 48940
811 75222 77414 16 9450
812 75250 96673 6 107540
813 75318 76415 84 112292
814 75356 75924 8 3426
815 75427 86883 137 519384
816 75584 76351 67 10811
817 76056 86481 63 932496
818 76255 82563 24 58515
819 76331 80645 65 140975
820 76444 78431 15 13936
821 76500 77618 6 2184
822 76727 80774 118 353189
823 76855 80301 135 221982
824 77044 78659 30 5934
825 77202 85850 118 337859
826 77218 78446 71 60243
827 77226 79746 32 55399
828 77289 87325 56 287616
829 77318 78775 12 17619
830 77339 86084 32 154745
831 77439 89603 112 344047
832 77444 79971 10 10234
833 77459 77751 4 1027
834 77728 86533 17 73639
835 77742 79739 83 168548
836 77770 96765 40 624541
837 77833 79052 26 13207
838 77862 80194 134 78108
839 78252 85505 47 119779
840 78299 82880 8 25615
841 78325 88774 4 11898
842 78445 82262 29 72370
843 78480 78820 61 5949
844 78753 80777 75 140568
845 78773 82752 31 19735
846 78931 88036 125 343947
847 78934 83543 6 10716
848 79015 91281 28 50077
849 79227 81675 79 146867
850 79679 82780 121 117504
851 79847 84850 80 113249
852 80010 84589 38 218272
853 80081 80785 113 12479
854 80107 88568 21 50717
855 80331 85948 14 36431
856 80351 81474 127 44998
857 80410 81157 99 23692
858 80573 81903 7 7441
859 80609 84002 85 90959
860 80868 87396 9 19067
861 80880 98317 8 63054
862 80926 91841 61 504278
863 81096 97513 20 197268
864 81374 98431 44 91112
865 81558 83192 91 108112
866 81574 84208 126 185222
867 81647 85636 7 7800
868 81761 94770 104 675838
869 81831 82760 52 11545
870 81851 82086 124 12154
871 81935 86399 35 70628
872 81971 82354 127 16357
873 82109 85033 77 117082
874 82185 85613 5 5889
875 82303 86594 34 68135
876 82545 90274 9 19338
877 82548 83223 23 12100
878 82618 83699 15 6507
879 82677 84483 55 19951
880 82904 91408 48 221868
881 82964 96063 23 87695
882 82973 88000 29 27960
883 83155 85205 34 44516
884 83239 84950 10 4921
885 83244 91797 90 244406
886 83369 84862 56 61363
887 83386 87276 66 209074
888 83593 87728 53 88951
889 83709 93450 37 98425
890 83986 89731 5 27013
891 84121 84806 45 22018
892 84200 87084 44 22543
893 84313 93550 44 59242
894 84494 84801 125 32543
895 84506 93908 22 43640
896 84569 88899 37 71785
897 84872 86326 33 31745
898 85015 89356 59 113965
899 85417 93922 50 408333
900 85423 87421 146 264457
901 85541 87147 33 28862
902 85544 88160 18 14718
903 85652 89663 77 121040
904 85677 86344 97 34204
905 85721 92057 19 33127
906 85740 93171 22 45788
907 85766 88478 46 60332
908 85816 96405 23 53546
909 85887 86771 119 69110
910 85958 94915 118 793626
911 86047 88529 34 32138
912 86069 87130 15 5498
913 86190 88491 55 58479
914 86290 87371 98 92139
915 86417 91243 5 16713
916 86423 94074 4 11844
917 86540 93993 21 49895
918 86644 93522 39 179641
919 86736 92860 33 70170
920 86782 95303 19 158082
921 86851 92884 30 89454
922 86907 88577 93 73079
923 86913 88438 32 22323
924 87278 92070 113 112823
925 87437 87626 80 4530
926 87615 89234 6 2767
927 87692 89726 4 4005
928 87748 90492 33 33783
929 87902 89781 78 76184
930 87920 90278 138 79251
931 88243 88769 143 28975
932 88322 96054 148 602301
933 88455 92486 44 90176
934 88503 92743 31 49218
935 88578 89648 10 3513
936 88990 89100 5 505
937 89117 98328 55 172899
938 89272 93889 32 90077
939 89362 96714 75 158034
940 89383 93797 8 13187
941 89403 96593 98 209530
942 89536 89920 101 13306
943 89737 89896 56 4422
944 89933 93619 76 130449
945 89967 90820 98 78542
946 90119 92347 40 46981
947 90147 98932 108 326774
948 90150 92750 13 14773
949 90456 92513 15 26707
950 90499 90566 38 998
951 90664 94235 129 115624
952 90710 91143 8 3565
953 91173 91686 67 15050
954 91175 95002 86 172644
955 91215 94072 9 13614
956 91230 97572 92 225508
957 91350 94472 36 32818
958 91414 91476 8 114
959 91646 96929 99 160226
960 91672 95383 17 25740
961 91957 92047 53 3489
962 92071 92835 132 55129
963 92078 94404 26 16560
964 92433 96909 5 6665
965 92650 97369 42 20317
966 92673 95247 105 137179
967 92709 97475 104 199214
968 92758 92772 125 2174
969 92807 94900 131 169564
970 92838 94438 16 14812
971 92996 95814 129 158098
972 93021 94862 54 70438
973 93156 95296 22 46534
974 93375 95513 73 44104
975 93441 95447 22 51030
976 93457 98737 10 47267
977 93479 93572 26 4222
978 93548 96092 73 51878
979 93726 94639 127 60241
980 93794 96174 91 216962
981 93913 94112 23 1242
982 94368 97778 119 187533
983 94475 95943 18 15337
984 94627 97245 28 16340
985 95083 95532 75 8629
986 95097 99698 81 211444
987 95488 97184 11 7101
988 95530 95629 126 13632
989 95550 96556 40 6908
990 95968 96297 54 26127
991 96403 98946 15 21540
992 96502 98255 109 128836
993 96686 99181 23 38995
994 97211 97310 109 10359
995 97543 97686 8 381
996 97697 99197 69 21352
997 98455 99871 67 37268
998 98517 98526 17 163
999 99216 99875 89 7027
