50 1000 0.047
....##.............##.................#######.....
.....##............#####.............###.##.#.....
.....#........#...#####...............######......
.....#........####.####............#...###.#......
...............###....#........#####.#...#.#....##
...............#####.##..........#######...#######
..............#####..............###...#.....#..##
.....###........##...............#.#.........#..#.
.....###........#...........#...................##
.......###..................###................##.
.....######................####...................
......#.####..............#...#...................
...#....##................##.##...................
####......................####................####
###.......................#..#................###.
.###......###.............##.......#..........####
.###.....##.##....................###.##......####
.###......###......................##.####....####
.##........##......................####.###....#..
.##......###.......................#####..........
.#.#.......##........................#............
#####.............................................
###...............................................
.###..............................................
###...............................................
.##...............................................
###...............................................
#.................................................
#...........................................#.....
...........................................##.....
..........................................##......
...............#........#..................####...
..............###.......#.#...............##......
...............##......#####..............#.......
..............##......####.##............##.......
..................................................
........#.#.......................................
........######....................................
.........#.###....................................
...........................#......................
.............##............##.....................
.......###..##............####....................
.........#.####......###..#.##....................
........#########......####.###...................
...........###.##.......#....##................###
............#..#.....####....##.................##
.......................##...###..................#
.......................##.....#..................#
.............................................##...
...........................................####...
0 35 547 54 19053
1 111 1126 40 16508
2 335 932 24 2948
3 584 993 28 13036
4 613 980 6 1078
5 618 1214 57 13402
6 647 1591 33 27214
7 670 1620 5 2160
8 678 3232 104 240147
9 940 1130 32 2919
10 989 2654 129 41172
11 990 1547 17 10287
12 1063 2802 41 27539
13 1171 1694 58 11219
14 1174 1840 39 9161
15 1209 6064 119 249860
16 1263 5504 86 171309
17 1348 8435 76 227881
18 1417 2560 85 28760
19 1499 1826 28 2055
20 1769 8748 65 235377
21 1816 7427 133 414209
22 1819 4201 14 17114
23 1857 2535 47 53704
24 2034 5557 56 12432
25 2185 2286 115 7041
26 2215 3462 28 19816
27 2217 3611 5 4074
28 2263 3549 4 5093
29 2361 8477 9 28679
30 2370 7478 41 51439
31 2595 3786 118 163065
32 2606 4069 148 129414
33 2649 10771 39 71031
34 2787 6298 5 10702
35 2852 5572 10 16750
36 2976 3788 62 11432
37 3053 3676 111 84711
38 3189 4659 14 21814
39 3249 5232 122 182046
40 3291 3779 24 3502
41 3428 13818 75 177431
42 3517 6319 21 24269
43 3629 3950 117 15527
44 3709 4644 34 11745
45 3825 6576 118 123951
46 4072 11939 61 91804
47 4117 5790 7 10985
48 4188 8879 70 139142
49 4368 5104 62 34359
50 4369 5739 17 9568
51 4578 7309 22 11212
52 4734 10055 36 67900
53 4837 5326 81 16560
54 4848 6926 97 80240
55 5059 5487 51 7883
56 5068 8195 137 562611
57 5118 11657 129 454339
58 5181 5450 21 3904
59 5261 13193 87 189265
60 5322 8525 102 359126
61 5394 17477 118 518653
62 5543 7143 59 28282
63 5581 6399 91 165362
64 5734 8475 55 63214
65 5735 6771 123 52137
66 5821 6394 124 38920
67 5957 6101 24 866
68 6030 6851 22 6268
69 6360 6437 17 1504
70 6403 10188 59 38442
71 6412 7221 11 3794
72 6477 8216 75 69697
73 6888 9173 52 108093
74 6949 7046 64 1990
75 7009 9367 51 88840
76 7166 8871 5 2088
77 7305 9175 72 61162
78 7426 8343 107 67627
79 7510 7558 145 3649
80 7535 15824 80 264336
81 7669 10044 32 53331
82 7929 9343 32 50242
83 8084 8092 83 1165
84 8412 9363 73 106785
85 8505 8613 90 6779
86 8514 9773 130 80040
87 8517 8890 14 4641
88 8538 9777 38 23835
89 8630 9783 119 343080
90 8632 10992 48 48116
91 8776 10591 84 86051
92 8820 11642 122 102350
93 8961 9401 39 8721
94 9121 11381 14 14777
95 9236 11901 31 27659
96 9338 9863 74 20371
97 9373 14498 74 366056
98 9374 17992 56 124529
99 9535 12000 15 41710
100 9556 12212 103 467655
101 9615 12128 41 67461
102 9626 10451 24 8811
103 9648 10057 14 2532
104 9920 14229 39 61220
105 9930 13263 108 222222
106 9950 12155 106 72825
107 10349 15118 10 39446
108 10368 10431 54 1905
109 10445 10454 17 191
110 10458 11082 147 50404
111 10500 11669 100 39196
112 10535 10859 51 9810
113 10567 12542 137 159126
114 10754 10789 48 2796
115 10805 11011 72 14454
116 10989 19924 136 1013439
117 11056 13342 27 12337
118 11058 11567 47 12684
119 11081 12374 13 12828
120 11151 16909 119 183996
121 11222 12205 11 4156
122 11289 11807 46 6337
123 11504 20811 53 128771
124 11526 12160 7 3139
125 11538 11631 14 603
126 11586 13031 7 2724
127 11758 24333 20 185338
128 11770 17318 138 227206
129 11832 13991 8 2328
130 11903 13859 13 6792
131 11936 13315 36 36085
132 12061 12440 46 8613
133 12067 12365 50 5260
134 12099 12760 8 2912
135 12162 13289 28 19663
136 12445 15694 15 14041
137 12465 13155 7 4458
138 12533 13885 62 25993
139 12562 16277 77 210802
140 12564 12773 59 2024
141 12575 12911 25 16567
142 12615 13693 35 15088
143 12640 13823 52 52645
144 12796 14399 10 3628
145 12842 15944 13 18553
146 12872 14563 66 83692
147 13077 14715 9 9915
148 13576 17272 115 255922
149 13635 13929 8 677
150 13650 16857 121 86780
151 13694 14782 21 10298
152 13816 14026 124 9362
153 13845 14805 115 39980
154 13886 15535 11 7914
155 13896 16842 51 92605
156 13899 13907 8 33
157 13940 16022 38 42876
158 13970 16130 53 31436
159 14089 15350 34 22347
160 14225 15357 117 98307
161 14298 16011 95 87172
162 14418 19446 35 106500
163 14487 14741 32 2673
164 14561 18099 12 8725
165 14611 15022 10 754
166 14622 16380 141 94200
167 14910 15006 11 913
168 14942 16981 30 33673
169 15224 15289 12 471
170 15468 20801 72 104299
171 15469 16957 10 5698
172 15788 16476 51 46793
173 15877 17385 65 30665
174 15955 17996 51 55414
175 15964 19392 62 52079
176 15993 16860 85 62176
177 15996 21148 51 113714
178 16046 18615 11 9484
179 16298 16612 18 4390
180 16372 16979 108 23957
181 16478 17796 76 48415
182 16501 17926 5 5465
183 16597 18591 125 233730
184 16648 18102 148 125027
185 16710 17666 18 6939
186 16716 21622 121 223948
187 16732 23563 21 193389
188 16837 20807 21 30633
189 16881 22513 43 194611
190 16901 20729 6 6667
191 16930 21238 10 26267
192 17126 17249 34 1799
193 17342 22255 78 82926
194 17554 18410 105 42011
195 17592 20085 127 150897
196 17626 19084 85 83528
197 17771 18623 10 4604
198 17811 20328 23 18162
199 17814 20469 85 170199
200 17832 17942 15 3247
201 17984 18330 27 8641
202 18088 19541 15 5557
203 18128 18976 13 3049
204 18318 29389 130 709017
205 18638 19400 21 9216
206 18829 20601 4 1827
207 19233 19605 145 69141
208 19257 22535 18 20322
209 19476 19750 102 8657
210 19498 21117 144 286466
211 19791 20360 101 17154
212 20028 20581 16 4840
213 20088 22630 6 9613
214 20118 21922 107 95419
215 20141 23945 33 80256
216 20183 23343 82 151209
217 20290 22679 22 12246
218 20346 21508 74 48814
219 20518 20759 130 10787
220 21013 21818 136 123519
221 21091 21387 19 6652
222 21250 25456 4 6047
223 21286 23580 6 2532
224 21299 23180 40 37310
225 21424 21431 33 177
226 21454 21894 33 10027
227 21461 24214 10 16946
228 21699 22425 17 6888
229 21786 22148 118 20617
230 21791 22387 22 9189
231 21878 22879 85 37966
232 21905 24826 108 191557
233 21918 25548 31 40724
234 22079 24042 7 2093
235 22337 27104 60 84945
236 22449 23872 8 4745
237 22523 26047 4 4506
238 22576 29260 137 255722
239 22610 24955 13 3991
240 22892 23278 49 30619
241 23014 23892 20 12844
242 23104 24518 6 1538
243 23191 28785 20 53725
244 23304 26340 5 5874
245 23436 23938 92 10016
246 23549 28003 83 128521
247 23783 25253 44 56063
248 23817 24016 111 4962
249 23839 24256 79 6841
250 23855 28444 136 388996
251 23875 24631 35 8137
252 23963 25585 106 37716
253 24105 24163 107 2635
254 24123 24616 22 3910
255 24162 29740 24 144729
256 24183 26989 31 59913
257 24427 25738 35 11491
258 24684 25249 52 6282
259 24731 26724 56 58446
260 24870 25417 95 26335
261 24871 25019 80 19181
262 24872 25109 143 20296
263 24920 25407 53 62807
264 25017 25375 60 6874
265 25168 25914 130 59769
266 25298 25893 138 68008
267 25362 32018 112 179024
268 25411 31185 106 140436
269 25424 26666 81 51234
270 25553 27552 21 6366
271 25659 25759 77 4671
272 25881 35544 30 298664
273 25922 28888 136 569016
274 26030 39861 5 10614
275 26203 27641 10 8899
276 26267 27824 76 64681
277 26292 27569 22 11377
278 26376 27470 86 71444
279 26385 32786 116 348844
280 26389 32024 139 367335
281 26419 28053 78 75471
282 26647 28545 22 21175
283 26707 28417 13 9208
284 26873 27035 56 2617
285 26939 28060 47 48303
286 26983 28105 7 2210
287 27008 31852 96 260283
288 27158 29536 108 131156
289 27314 30378 35 37750
290 27378 29500 56 50851
291 27425 29125 6 4921
292 27449 29038 20 7349
293 27498 28958 20 4961
294 27524 28013 7 1059
295 27571 29013 14 16743
296 28099 30319 14 14927
297 28158 31739 69 138446
298 28167 29868 20 29318
299 28184 32474 93 155915
300 28264 30027 72 47850
301 28525 31989 27 45579
302 28546 29156 45 9800
303 28602 30889 65 37221
304 28611 28973 19 3670
305 28661 29136 32 9024
306 28803 36880 65 99666
307 28925 29363 71 8876
308 29024 36396 72 113013
309 29033 29748 88 44744
310 29135 29822 15 5794
311 29336 32300 88 132632
312 29381 31525 38 17646
313 29420 31354 7 5697
314 29423 34351 47 143120
315 29483 30774 6 3867
316 29484 29937 89 20253
317 29550 30426 93 26084
318 29856 31181 88 64292
319 29871 31342 16 17595
320 30018 30228 45 3753
321 30192 30777 87 54173
322 30267 34135 135 123070
323 30288 35510 55 34906
324 30423 31932 149 120941
325 30499 30532 82 1387
326 30711 33657 13 13515
327 30750 32299 93 107226
328 30782 31757 51 13578
329 30805 36597 9 10622
330 30966 35560 15 28330
331 31116 37778 129 321565
332 31258 38469 6 16873
333 31270 33868 16 20824
334 31512 31622 7 265
335 31532 31630 10 986
336 31578 32838 142 87027
337 31720 33436 11 6176
338 31770 36310 79 86596
339 31781 38045 14 71507
340 32044 32808 54 7153
341 32067 35304 25 62198
342 32118 32981 16 8774
343 32155 36291 9 12157
344 32310 34505 127 195954
345 32380 34056 101 128827
346 32560 35519 16 12709
347 32631 34925 17 27720
348 32660 36141 48 137704
349 32755 34310 24 14878
350 32780 35735 38 62922
351 32867 34175 15 7760
352 32883 35549 7 14063
353 32933 36122 37 65388
354 32950 33031 6 195
355 32955 34576 89 47204
356 33065 33885 52 13509
357 33074 35104 11 3638
358 33256 38994 20 62723
359 33271 34404 6 3221
360 33415 36604 70 77072
361 33433 34029 45 20786
362 33437 38044 54 104513
363 33454 34845 120 34002
364 33566 33790 29 1937
365 33655 36037 53 71985
366 33676 33818 108 7961
367 33698 34497 89 56798
368 34055 34476 75 6113
369 34087 35711 29 21456
370 34173 37667 41 55450
371 34319 34488 63 3700
372 34788 35659 90 19267
373 34811 35889 137 75453
374 34869 35064 75 24554
375 34876 36030 72 143091
376 34920 35670 50 22682
377 34987 37483 33 66525
378 35011 38339 109 401181
379 35056 35079 128 1670
380 35181 36040 7 2043
381 35195 35423 128 10442
382 35269 37700 31 69974
383 35320 38144 41 37327
384 35583 36547 26 10960
385 35655 40647 19 36191
386 35656 38722 14 9230
387 35791 37040 130 124775
388 35943 38715 11 15834
389 36152 38448 11 3756
390 36179 36466 10 607
391 36364 37489 67 61114
392 36448 36845 79 17913
393 36507 37268 128 54122
394 36671 38316 77 30359
395 36727 39656 59 44618
396 36920 41358 8 14031
397 37080 38629 81 37609
398 37109 37745 39 10939
399 37160 37334 51 3574
400 37212 39755 53 39450
401 37354 42747 45 226832
402 37556 38895 31 27881
403 38075 39585 79 54129
404 38085 40808 33 42864
405 38089 39530 18 8830
406 38510 38569 145 9473
407 38580 38922 36 3601
408 38617 38865 7 1076
409 38625 40720 31 82146
410 38736 40348 38 62110
411 38786 39365 47 56790
412 39101 45493 16 60306
413 39212 39288 20 1948
414 39339 39516 85 7060
415 39382 40001 51 15238
416 39431 39904 34 10535
417 39571 41376 45 87913
418 39889 40528 65 13748
419 39971 42118 40 30960
420 39986 40309 15 4166
421 40104 40813 147 84297
422 40308 40563 11 1762
423 40518 41360 34 18886
424 40578 41190 42 12078
425 40686 41431 6 1656
426 40688 40796 95 5437
427 40708 42571 28 28349
428 40806 43054 52 148834
429 40869 42981 126 82566
430 40916 42143 75 32807
431 40972 45021 19 40918
432 41046 42468 32 19802
433 41251 42521 27 36656
434 41259 44767 80 77481
435 41270 42286 53 20526
436 41278 42346 61 28913
437 41363 41663 123 20399
438 41409 41625 18 3596
439 41498 42241 87 39868
440 41531 43481 51 10721
441 41616 43417 81 24274
442 41626 46292 128 428096
443 41679 42163 42 7464
444 41736 43506 29 32514
445 42073 44208 118 367763
446 42370 47408 73 59158
447 42563 43091 19 5068
448 42568 48411 85 134165
449 42585 47456 21 40937
450 43040 45431 70 74090
451 43062 43746 36 5289
452 43069 47474 100 206287
453 43101 44690 24 19578
454 43218 43444 138 39229
455 43390 46684 123 157047
456 43821 44540 101 56058
457 43932 45546 25 30073
458 44182 45188 24 11772
459 44269 44550 4 798
460 44397 50710 93 174145
461 44483 45312 27 22296
462 44603 44972 50 12330
463 44666 45385 79 31601
464 44787 49973 131 286358
465 44788 53042 17 67741
466 44878 44895 27 456
467 45009 47042 66 70897
468 45079 45388 36 4263
469 45313 51989 25 80008
470 45492 45997 20 7509
471 45506 47660 27 31026
472 45700 46075 33 3711
473 45773 48005 32 27122
474 45806 46333 52 9540
475 45872 46874 19 10507
476 45987 46225 118 12584
477 46115 51443 21 104892
478 46132 46191 95 4984
479 46252 49958 68 81193
480 46275 47808 105 99120
481 46323 49736 89 118799
482 46705 56115 8 31650
483 46758 47111 25 7390
484 46834 49780 138 411635
485 46962 47364 52 8799
486 47136 49236 22 17067
487 47141 52628 82 383838
488 47265 50150 42 46696
489 47404 48417 12 16768
490 47445 48448 117 23623
491 47508 47675 43 7523
492 47575 47943 6 4059
493 47587 48021 137 156573
494 47655 48049 148 11575
495 47806 54441 33 115333
496 47912 48268 63 11076
497 47957 52249 12 12749
498 48023 51050 90 472700
499 48097 48882 88 68453
500 48163 49613 66 55947
501 48225 48731 93 12524
502 48285 48335 132 2615
503 48396 54012 123 253815
504 48483 52157 8 11593
505 48529 52593 18 35356
506 48543 50407 34 46284
507 48839 49786 38 16085
508 48878 50377 21 27373
509 48880 54444 20 91284
510 48943 49993 74 33070
511 49045 49614 25 16860
512 49309 56622 43 91750
513 49367 52200 119 233210
514 49447 49935 24 5022
515 49662 53776 40 146691
516 49711 51398 82 48558
517 49749 51092 129 125925
518 49755 53118 70 146762
519 49796 51992 10 11122
520 49807 51204 17 10710
521 49857 51222 29 25107
522 49884 50648 97 79697
523 49923 52122 70 134966
524 49937 50691 129 54428
525 50027 53071 34 29827
526 50112 58303 32 62384
527 50173 54439 24 10131
528 50180 51247 34 7853
529 50338 51450 9 11754
530 50362 53773 96 155697
531 50433 52232 15 11888
532 50473 53060 13 4800
533 50529 54327 7 8569
534 50735 50778 137 6426
535 50898 54566 59 207859
536 51111 52384 121 22170
537 51169 51288 55 5886
538 51299 52632 64 106414
539 51467 56121 55 127013
540 51483 52528 33 7561
541 51600 63679 72 185623
542 51657 53002 140 197762
543 51668 55709 76 108971
544 51843 54610 37 98400
545 52078 54677 85 162458
546 52260 56749 25 61055
547 52272 55120 5 10339
548 52321 54386 114 91815
549 52694 53811 70 19958
550 52704 52922 72 14636
551 52903 53223 97 19662
552 53054 53494 112 22831
553 53069 53673 97 25523
554 53084 57557 83 58389
555 53085 53514 6 933
556 53328 53446 127 6604
557 53384 54775 65 38661
558 53386 59908 58 105424
559 53421 55185 119 88645
560 53433 53480 4 170
561 53483 61246 118 347451
562 53545 57120 20 37855
563 53706 53954 18 3152
564 53754 54587 68 29245
565 53843 54197 33 8678
566 53849 57930 18 28529
567 53868 54908 16 3698
568 53887 54094 138 8560
569 54060 54179 66 8477
570 54164 58145 8 22462
571 54224 55796 54 48117
572 54415 55975 150 117639
573 54461 54682 51 14420
574 54657 55368 5 5475
575 54734 56797 6 5087
576 54995 55070 109 6874
577 55008 55810 144 40415
578 55385 55877 5 1027
579 55404 56411 10 5253
580 55477 62551 6 24724
581 55607 57218 7 2375
582 55669 62617 91 440939
583 55714 56147 63 17638
584 55773 59669 10 31188
585 56063 56935 107 39798
586 56261 56748 16 4066
587 56526 56992 21 11361
588 56558 59193 17 17218
589 56705 56724 47 574
590 56707 60119 72 50049
591 56782 64951 83 383550
592 56819 60191 14 50002
593 56821 60843 76 80520
594 56924 58250 24 38485
595 57029 59959 37 52489
596 57047 58590 18 5531
597 57066 60267 11 25582
598 57089 59177 20 11456
599 57236 58533 5 12645
600 57475 57853 58 11614
601 57499 58117 9 3227
602 57621 57812 15 1704
603 57702 63364 68 212380
604 57847 58275 5 2964
605 57868 59272 18 15296
606 57890 59299 85 32694
607 57950 59558 8 7154
608 58088 58342 69 31397
609 58108 61157 27 43731
610 58367 59134 108 56466
611 58377 59243 144 38824
612 58401 61704 10 7861
613 58713 60285 26 13171
614 58719 60360 58 33273
615 58788 59023 44 10805
616 58854 61692 94 260533
617 58872 60949 14 37930
618 59059 59821 124 27771
619 59061 66286 9 15312
620 59236 60236 124 64136
621 59335 61932 126 134600
622 59336 60620 4 2286
623 59422 59708 100 7778
624 59578 60609 61 15734
625 59613 62267 18 10168
626 59628 60870 48 41541
627 59692 61638 74 144435
628 59693 59960 13 925
629 59805 60229 44 6130
630 59813 66046 65 62635
631 59892 61393 149 70689
632 60058 60134 91 3169
633 60169 60689 53 20532
634 60218 62042 6 2223
635 60351 63197 137 175721
636 60396 64010 148 124448
637 60493 60821 128 17974
638 60537 62952 57 43240
639 60772 64955 7 7712
640 60994 61341 150 33676
641 61021 62949 145 229849
642 61022 61653 12 4010
643 61113 63979 150 361698
644 61207 63715 25 19719
645 61764 62778 95 49621
646 61795 64849 141 275274
647 61802 65784 112 216021
648 61909 69345 26 141026
649 62041 62848 7 1665
650 62111 65503 54 44035
651 62404 62645 9 1789
652 62412 62760 47 17646
653 62464 62990 104 24340
654 62539 64461 121 154386
655 62776 63845 77 11321
656 62808 68119 13 22096
657 63035 65975 18 10492
658 63058 64309 8 3577
659 63080 72343 30 126200
660 63123 63473 4 728
661 63159 64229 51 17778
662 63241 64690 5 3587
663 63255 64592 149 92807
664 63384 64475 32 14238
665 63733 75049 34 196999
666 63742 64498 15 3200
667 63837 67931 10 15489
668 63864 64375 34 6397
669 63964 65001 81 29715
670 64006 65102 20 20120
671 64080 64722 17 3820
672 64590 70259 32 63349
673 64599 74656 9 16820
674 64619 65064 32 7958
675 64692 67340 19 39419
676 64916 64964 36 1127
677 64985 67563 94 105409
678 65059 68450 86 91989
679 65060 66505 5 2643
680 65078 67813 41 81402
681 65265 65785 139 20820
682 65451 67349 74 117187
683 65460 65621 130 14607
684 65479 79700 90 633808
685 65491 67833 73 29847
686 65571 68385 64 36999
687 65623 66705 103 116893
688 65981 66730 72 28441
689 66292 67954 88 68848
690 66364 68568 93 107435
691 66394 68011 37 51585
692 66402 67396 27 12971
693 66467 71062 100 187055
694 66530 72667 70 225929
695 66685 68192 14 4270
696 66767 68882 22 28579
697 66803 67002 28 7503
698 66909 67551 146 34384
699 67234 68013 28 20410
700 67297 68503 93 39997
701 67375 69057 5 4846
702 67379 69465 9 14512
703 67444 67912 23 6715
704 67515 74127 14 27095
705 67642 67695 79 3491
706 67663 68189 32 16712
707 67725 68332 42 24359
708 67799 68436 7 3964
709 68012 70393 119 110401
710 68174 71335 4 4531
711 68327 71848 61 149004
712 68423 73426 102 395269
713 68585 69799 32 16742
714 68639 70964 7 6130
715 68660 70239 104 43416
716 68923 69854 38 28491
717 68981 69160 39 2245
718 69154 69398 30 1532
719 69225 70419 77 77010
720 69471 71271 79 34039
721 69496 73748 57 34145
722 69800 70671 58 87080
723 69821 72966 28 63451
724 69923 71521 61 32133
725 69989 72492 70 17550
726 70106 70551 32 15190
727 70126 71758 4 4410
728 70331 70516 54 7172
729 70853 74706 65 48894
730 70883 76599 13 22728
731 71084 75161 147 80600
732 71109 71339 38 20424
733 71317 71801 31 4412
734 71390 73864 109 105415
735 71598 72173 7 2899
736 71599 75729 69 147809
737 71656 72400 5 2718
738 71669 73214 23 32001
739 71839 74140 138 134195
740 71947 72913 62 45494
741 72067 81361 49 207238
742 72116 72240 100 12998
743 72264 72730 118 98765
744 72353 73439 78 55592
745 72742 73300 61 19795
746 72898 74712 7 6576
747 72935 74188 5 3974
748 73240 73611 84 25061
749 73268 74043 106 21330
750 73348 76939 49 31153
751 73450 76253 8 6983
752 73470 77340 6 5279
753 73826 75550 18 9738
754 74021 75496 139 173406
755 74028 75219 92 93722
756 74348 74612 142 20649
757 74367 76231 15 12808
758 74585 74728 35 3013
759 74605 75012 20 2481
760 74733 75650 31 20453
761 75246 76936 69 70076
762 75326 77141 48 87473
763 75356 75546 10 1487
764 75429 76840 62 16356
765 75442 76303 110 29272
766 75596 75738 51 4798
767 75951 79727 121 152530
768 76026 76995 123 34270
769 76058 80559 15 24987
770 76233 76934 44 24533
771 76405 79776 21 17837
772 76426 81516 8 15326
773 76703 78783 84 173763
774 76926 77456 9 1506
775 77019 79190 16 21640
776 77059 79021 54 23359
777 77199 80939 4 2591
778 77220 78939 98 91550
779 77423 79234 135 398634
780 77511 79238 66 64442
781 77583 78812 138 165055
782 77667 79530 17 20079
783 77710 79077 71 50347
784 77820 78328 91 17568
785 77933 78172 83 5773
786 77963 83561 20 10287
787 78030 78550 84 53063
788 78140 80246 88 31188
789 78166 78526 67 59082
790 78215 81677 79 137967
791 78226 78392 107 22543
792 78302 80694 16 11750
793 78347 78725 143 32398
794 78551 79875 88 92498
795 78671 78732 34 4678
796 78708 83609 88 144565
797 78859 83153 84 84408
798 79079 79528 10 4922
799 79114 80445 104 21485
800 79141 80829 9 9863
801 79162 84150 17 38936
802 79331 81130 80 54692
803 79532 80238 8 8653
804 79756 81365 18 11217
805 79818 83498 6 4751
806 79830 80929 25 21635
807 79965 80803 143 78728
808 79982 81354 139 68887
809 80094 80589 40 19740
810 80096 80280 87 6968
811 80141 80369 70 11033
812 80178 83766 14 30669
813 80259 81588 99 78943
814 80313 80465 86 8841
815 80338 87513 6 23954
816 80350 81609 142 172823
817 80389 81684 78 52279
818 80402 85043 48 120582
819 80663 80972 74 11346
820 80698 82028 32 20892
821 80823 84164 32 100710
822 80865 82930 109 188408
823 80919 83524 67 69809
824 81264 82299 8 2269
825 81271 82140 7 2599
826 81362 84187 67 87766
827 81499 86003 76 76510
828 81550 81819 14 792
829 81629 83846 6 4335
830 81749 85183 27 38702
831 81971 82721 123 99010
832 82097 87445 22 108869
833 82142 82551 107 15319
834 82303 83536 9 17664
835 82311 85311 79 119172
836 82371 83202 7 3677
837 82450 84264 33 33577
838 82517 85303 100 213999
839 82665 85668 5 9499
840 82738 82799 5 229
841 82779 87371 105 220485
842 82920 83990 9 9724
843 83003 85407 10 4967
844 83020 91167 18 35052
845 83152 84500 26 12538
846 83165 85115 68 36125
847 83291 83509 122 12094
848 83465 84819 54 16665
849 83591 84151 7 5812
850 83662 86855 92 127022
851 83930 86970 44 73237
852 84274 86876 10 18148
853 84324 86902 136 280892
854 84416 87777 70 248221
855 84418 85944 96 46613
856 84419 84918 71 35354
857 84460 85094 104 26275
858 84510 89878 11 37248
859 84527 87566 49 85813
860 84549 87303 11 9742
861 84620 91088 10 30567
862 84816 85551 10 5498
863 84860 85453 15 5451
864 84922 85196 45 4066
865 85108 85527 147 26334
866 85155 92486 143 730664
867 85162 87556 56 42334
868 85194 89925 7 16065
869 85266 85820 10 1843
870 85346 87742 29 42784
871 85427 85490 36 2243
872 85452 87072 115 82209
873 85596 85629 25 354
874 85612 87801 11 6760
875 85779 88973 56 69813
876 85787 92115 111 204750
877 85910 86393 49 16175
878 85976 86939 93 57255
879 86090 88553 23 31227
880 86109 92680 8 17649
881 86141 86787 65 9350
882 86212 86471 128 42011
883 86284 87535 62 30288
884 86381 87628 52 35301
885 86434 88867 4 3454
886 86453 87529 144 128671
887 86604 87509 10 11062
888 86701 90119 44 79797
889 86729 87439 13 8714
890 86763 90805 69 67971
891 86780 89869 134 70286
892 86882 88691 44 84962
893 86895 88246 108 36500
894 87045 90267 128 144883
895 87070 88404 130 68094
896 87071 90627 125 454489
897 87144 88774 40 23107
898 87148 87595 79 17745
899 87354 90660 40 55683
900 87406 99827 75 151987
901 87454 87702 56 7455
902 87565 87746 13 578
903 87665 88290 57 29855
904 87808 87989 38 7039
905 87987 88837 146 32116
906 88052 88937 43 5999
907 88157 90331 100 291534
908 88225 93049 10 16990
909 88391 90023 10 5681
910 88428 92327 139 62129
911 88430 90319 11 8172
912 88460 89056 58 32152
913 88493 94169 118 103222
914 88746 89345 17 4924
915 88915 92493 71 60733
916 89123 95783 63 150144
917 89165 89521 147 31295
918 89177 91541 131 274441
919 89189 89779 20 5473
920 89199 91538 68 118237
921 89209 91032 149 332817
922 89229 90366 82 7050
923 89390 94875 4 8508
924 89428 96480 36 81322
925 89673 90639 35 38596
926 89745 89746 5 5
927 89842 90354 5 2417
928 89935 92727 40 130888
929 90158 93821 17 33476
930 90233 93712 17 35093
931 90555 91006 6 800
932 90647 91656 54 43274
933 90718 90742 52 1159
934 90931 98314 121 358470
935 90939 92774 49 27573
936 90942 91405 37 3925
937 91087 94615 74 67947
938 91227 97491 101 145834
939 91720 95243 45 84590
940 91839 92865 147 103242
941 91873 94103 6 7442
942 91895 97927 134 319357
943 92209 92531 5 3557
944 92238 92885 41 9500
945 92341 94972 92 38704
946 92361 92654 47 12513
947 92539 93002 5 2925
948 92576 93097 40 12480
949 92593 93872 53 39722
950 92664 92775 62 8970
951 92763 94973 67 48358
952 92777 97309 62 110050
953 92972 95468 85 56008
954 93024 96031 16 28536
955 93070 93348 5 1092
956 93094 93789 106 59553
957 93262 93876 7 4485
958 93502 93826 150 8759
959 93524 98038 50 142576
960 93676 99517 106 167652
961 93698 96295 77 213234
962 93724 93975 135 35454
963 93735 94876 95 50760
964 93765 94765 57 51315
965 94144 95025 22 6850
966 94149 96250 147 245985
967 94208 94521 21 3779
968 94363 94634 73 17782
969 95119 96618 17 9375
970 95195 98742 97 278438
971 95250 95682 109 69951
972 95269 99401 143 201088
973 95291 96308 67 19115
974 95334 95769 17 14028
975 95403 95773 79 13548
976 95410 96093 83 8954
977 95483 98251 149 114896
978 95603 95720 20 1358
979 95724 98944 150 148809
980 95875 97232 56 78220
981 96122 96824 29 8888
982 96214 96581 43 7286
983 96689 99416 4 7734
984 96768 98166 38 14777
985 96844 97715 24 27377
986 96949 96951 6 9
987 96988 97108 44 3904
988 97111 97672 6 466
989 97235 98666 7 10757
990 97247 99808 45 50402
991 97281 98960 30 24821
992 97427 98098 28 8849
993 97650 98670 25 10927
994 98056 99280 103 35367
995 98310 98406 109 8045
996 98772 99233 30 12078
997 98909 99515 50 22504
998 98940 98950 47 434
999 99137 99864 132 36306
