50 1000 0.051
............................#...########.##.......
............................##..####..#####.......
...........................##############.#.......
..........................############............
...........................#####.#.####...........
............................#....#######..........
...........................##..######.............
...........#..............#..########.............
...........#..#...........#.#######...............
.........#.####...........########................
.........#####.##.......############..............
..........#######......################...........
........#.######......#####.#..########...........
......#########.##.......#...###########..........
.......#.#.######.............######.##...........
.........#.##.###...........####.##...............
........##.#####............###.#.#...............
.........###.##............##..####...............
.....##...#.....................####..............
......##..........................#...............
.....####.........................##..............
...#####...........................#..............
....####..........................................
...####...........................................
..#########.......................................
...#.#######...............##.....................
...#######.#..............##..###.................
...######..#.............########.................
......###...............#########.................
........##.............##...###.##................
#..#...##.................########................
#####.##..................#.######......#.........
.######.#................#.######......##...#...##
..###.####...............###########..#########.#.
##..####....##............##.#####.##############.
##############...........######..#.##############.
##.##########.###.......#######.....#########.##..
##############..###....#.######.....#.###.########
###.#####.......###############.....##############
#.####.#.......#######.#.####.##.....#######.#####
.......##.......#..##..#########......##.########.
..###.#...........###...########.....#########.#..
.#.#####.#.........###..#####.#.......#..#.###.###
########.##........#...#########..........###.##.#
.#########..............#.#####...........#.###...
#########..............#####.#.#..................
.#####.................#.#######..................
#####.................###########.................
...###.................########...................
.......................########...................
0 109 3375 143 396370
1 127 9671 110 935450
2 217 1133 91 63709
3 237 3811 51 117163
4 313 4014 9 14426
5 354 11705 17 85159
6 360 455 37 1442
7 389 3061 110 322873
8 407 4974 20 20856
9 535 7977 49 231974
10 596 964 32 9542
11 684 12218 23 135155
12 739 5373 17 44814
13 743 4520 123 109789
14 858 6657 66 156776
15 900 1850 9 1910
16 1234 6779 10 8448
17 1350 5864 5 6216
18 1383 5697 106 204641
19 1483 2953 122 98456
20 1780 16210 36 159852
21 1863 17989 9 52331
22 2170 12882 83 256812
23 2208 2769 12 2756
24 2223 3905 16 8424
25 2250 14237 50 187744
26 2397 5811 14 23496
27 2455 3483 104 28400
28 2483 7680 12 27368
29 2484 5871 81 70793
30 2553 4223 56 31958
31 2600 31616 117 1073127
32 2625 12653 10 24202
33 2822 21210 88 477053
34 2827 6057 36 93388
35 2894 3951 19 10389
36 3086 3396 37 8990
37 3283 4222 91 6139
38 3294 15007 66 218668
39 3320 20775 147 1891928
40 3384 8656 60 142549
41 3574 7027 142 183612
42 3580 7547 47 61992
43 3615 8237 122 223272
44 3653 10741 38 131287
45 4001 6063 17 23815
46 4191 13349 10 33529
47 4250 20691 99 884303
48 4346 7682 34 50342
49 4376 9270 124 269425
50 4473 12455 48 289043
51 4500 9748 4 11251
52 4688 5912 134 20621
53 4703 6168 113 62353
54 4711 13901 28 122503
55 4869 5398 114 27370
56 4942 28904 14 120479
57 4951 14190 105 94229
58 5411 12860 39 119757
59 5616 7508 128 210603
60 5814 9765 73 62208
61 5830 8960 142 144702
62 5894 7172 21 6813
63 6037 19344 49 301851
64 6087 8607 72 70503
65 6123 9174 98 115198
66 6169 19126 96 1478170
67 6293 9804 26 94998
68 6371 7614 101 28063
69 6398 7997 5 3595
70 6399 15600 30 120147
71 6481 10618 102 209551
72 6629 7978 89 57580
73 6671 8189 64 66766
74 6699 15042 46 500648
75 6778 11856 19 26316
76 6890 8110 48 13181
77 7123 13928 89 338017
78 7157 13587 125 678710
79 7231 7600 78 38224
80 7299 43246 85 1141929
81 7303 21936 90 651577
82 7340 14382 21 67174
83 7389 8313 102 45132
84 7439 25327 10 10372
85 7465 25681 9 60539
86 7506 13916 58 251737
87 7577 17542 14 64962
88 7663 19526 50 306758
89 7732 15416 62 149877
90 7741 9892 48 48568
91 7802 9547 129 113971
92 7843 17544 49 158830
93 7876 21072 85 346822
94 7882 27968 121 814486
95 8028 9513 80 50363
96 8104 23624 131 437363
97 8165 8370 87 8803
98 8200 10594 148 93182
99 8342 28683 74 754617
100 8355 18399 9 24790
101 8684 15942 9 39875
102 8693 17337 25 82615
103 8890 14760 37 83443
104 9002 13369 105 209004
105 9028 22270 22 105315
106 9059 17824 109 376624
107 9122 27896 142 1145862
108 9247 43869 34 306756
109 9338 16087 120 370356
110 9655 12234 82 250076
111 9848 11787 5 9665
112 9876 13057 78 157400
113 9905 11582 68 39976
114 9945 12635 79 72313
115 9960 10306 44 9627
116 9989 15298 124 613964
117 10197 28513 105 1208377
118 10368 10539 97 6635
119 10454 12781 38 99799
120 10491 20658 66 339976
121 10894 14052 25 33185
122 10969 20938 10 34510
123 11089 13610 119 52269
124 11092 16139 83 67414
125 11201 31867 119 491092
126 11218 14374 107 81454
127 11396 21315 146 814790
128 11418 15790 19 74572
129 11428 11706 94 5224
130 11825 19493 111 441269
131 11877 23401 82 334276
132 12015 21330 40 428036
133 12016 22943 17 101700
134 12121 21999 15 61969
135 12126 44677 47 591332
136 12189 13419 19 12663
137 12312 14849 96 233598
138 12369 24115 12 86431
139 12376 16728 5 7326
140 12390 28893 141 438569
141 12537 14790 15 12765
142 12540 16418 112 120410
143 13121 21150 15 42059
144 13288 29781 5 27370
145 13481 27975 107 644628
146 13499 14164 50 11782
147 13523 22267 115 257813
148 13708 16465 18 45396
149 13712 20191 98 118184
150 13796 26620 142 2183898
151 13886 21697 129 306595
152 13893 29431 148 821998
153 13941 14542 32 11788
154 14140 16549 137 64582
155 14355 18485 61 94397
156 14365 17773 12 22258
157 14452 18474 54 76631
158 14468 15027 99 55251
159 14581 19619 141 263499
160 14647 19538 80 154374
161 15045 16044 122 76504
162 15047 23126 42 110191
163 15111 15692 71 28772
164 15180 19781 10 22149
165 15371 19690 59 65248
166 15414 21437 107 130161
167 15502 23412 55 197640
168 15675 16232 96 62024
169 15678 40403 118 630441
170 15773 21153 57 56884
171 15903 22740 25 115286
172 15933 24777 111 215133
173 15984 19439 16 59036
174 16078 32341 17 132652
175 16102 22599 37 81169
176 16103 19034 45 16478
177 16149 17616 45 21349
178 16205 21273 45 115393
179 16251 21402 7 5289
180 16291 21116 39 77011
181 16522 22733 5 17604
182 16612 17055 76 14509
183 16619 23795 46 204484
184 16663 36063 70 149478
185 16751 22440 49 80803
186 16764 19260 138 77223
187 16793 18061 118 32094
188 17158 22188 69 159178
189 17229 20396 5 13718
190 17266 22590 49 85935
191 17431 20662 23 34477
192 17562 22874 31 37485
193 17879 35309 15 62740
194 17948 19689 14 6630
195 18191 18245 22 788
196 18207 18641 136 38142
197 18441 24791 11 40833
198 18510 22956 45 147073
199 18574 20871 8 7597
200 18581 35605 4 51364
201 18618 20194 40 23980
202 18622 25138 11 17872
203 18627 21938 22 20570
204 18633 24394 51 99459
205 18842 56997 67 1508971
206 19013 21922 52 76267
207 19113 28816 21 110683
208 19120 21454 5 4336
209 19129 27029 19 95005
210 19130 40064 40 712479
211 19143 23021 140 96316
212 19230 20355 19 16644
213 19283 20783 125 49276
214 19342 22681 90 179821
215 19420 21528 90 80106
216 19468 24928 124 456731
217 19561 24610 10 35054
218 19730 40995 38 119440
219 19869 21410 73 27599
220 19927 23354 51 175213
221 19943 41219 127 2381888
222 20081 23604 73 208640
223 20212 34290 34 329297
224 20278 29001 59 248873
225 20321 20439 75 5139
226 20443 35155 6 27544
227 20487 23422 125 286173
228 20553 25021 58 169376
229 20566 51403 79 899857
230 20700 22497 19 8576
231 20701 28076 133 159341
232 20786 48815 85 1656916
233 20830 24006 21 50082
234 20851 26975 23 51075
235 21146 27265 54 120508
236 21173 41471 12 178151
237 21351 30582 125 469049
238 21411 25565 88 97511
239 21447 37330 130 977066
240 21489 22689 12 10747
241 21521 28875 34 140620
242 21541 25664 69 173878
243 21685 24878 20 45568
244 21832 29195 78 282125
245 21933 27712 6 4230
246 22313 35239 97 226245
247 22412 27138 8 28277
248 22471 29894 104 59875
249 22524 28365 99 123679
250 22643 27215 54 59190
251 22772 23885 6 1768
252 22891 30208 42 108769
253 23007 33392 7 13032
254 23118 37431 56 1102420
255 23203 25452 13 5167
256 23270 24450 20 17915
257 23657 26416 97 201681
258 23863 25268 56 28375
259 24028 25478 145 116672
260 24317 29864 65 88114
261 24429 29869 11 27517
262 24754 29539 79 212116
263 24790 51623 86 1006594
264 24852 34035 21 161885
265 24882 30622 32 94271
266 24885 26826 94 80537
267 24947 36413 69 330209
268 24958 30216 108 252272
269 25076 36041 14 90376
270 25118 26177 40 11037
271 25145 28537 38 50820
272 25467 40670 54 197774
273 25514 31272 73 112269
274 25559 34896 19 76589
275 25746 29161 26 28396
276 25901 31677 46 91458
277 25958 28132 53 76633
278 26023 32106 69 217695
279 26042 29521 144 262257
280 26169 33312 89 127593
281 26322 44027 77 351589
282 26624 29503 36 37901
283 26787 35117 28 75264
284 26815 27069 143 16538
285 26957 33390 11 38135
286 26973 35582 79 125500
287 27122 28699 80 80099
288 27147 29416 90 103703
289 27248 34003 84 907085
290 27252 29490 56 128940
291 27279 32068 128 96095
292 27419 32385 12 65170
293 27499 53596 9 74641
294 27506 34151 82 451347
295 27537 36573 85 351121
296 27603 35575 148 181676
297 27662 48962 23 167127
298 27667 32215 68 118040
299 27688 41088 138 387442
300 27803 32506 14 22833
301 27943 47787 128 886528
302 28009 30914 39 114089
303 28015 28220 6 1745
304 28173 38544 5 29347
305 28318 31864 58 117357
306 28460 38259 82 309020
307 28571 37837 16 14398
308 28573 43898 7 57864
309 28858 30947 137 92564
310 28908 30606 122 92154
311 28943 35544 4 5509
312 28990 30728 61 34978
313 29085 36899 65 225231
314 29173 32030 121 84030
315 29235 29938 57 16277
316 29260 29486 94 9957
317 29296 34868 86 188892
318 29328 31427 134 198321
319 29345 37944 39 214340
320 29449 34028 35 117553
321 29807 31479 28 8062
322 30142 33232 51 55965
323 30273 32774 87 62013
324 30276 30483 11 2192
325 30530 30953 68 15021
326 30759 48207 137 1315440
327 30836 30987 33 5547
328 31084 38588 61 223955
329 31102 35653 9 17077
330 31169 43099 78 249336
331 31260 32569 105 58346
332 31591 40359 48 134415
333 31641 36713 42 77603
334 31737 36512 8 24049
335 31810 35755 32 11405
336 31922 45439 12 45656
337 31982 39367 111 221913
338 31991 38842 115 436304
339 32043 42477 132 472701
340 32262 32527 61 3754
341 32327 36261 12 36026
342 32406 42982 88 115643
343 32626 38041 114 117688
344 32754 39481 85 502884
345 32775 40582 4 25644
346 32776 36208 26 27955
347 33044 41224 46 91494
348 33047 34928 23 16644
349 33055 34623 96 65112
350 33061 46008 108 173510
351 33141 38058 53 84898
352 33259 33599 6 548
353 33283 34807 37 23029
354 33289 39399 12 15039
355 33298 40323 110 266822
356 33425 34657 19 8929
357 33502 34342 62 46675
358 33583 62064 143 466480
359 33770 45571 32 91978
360 33963 36363 84 36441
361 33975 34907 83 14924
362 33997 34461 13 617
363 34001 35475 9 3749
364 34014 45734 74 419945
365 34213 57334 111 1384061
366 34371 38880 9 8425
367 34485 36386 45 47406
368 34537 41821 16 51539
369 34639 38530 88 264086
370 34684 38057 70 110197
371 34823 38561 16 35617
372 34884 36697 54 31144
373 34892 60904 59 655252
374 34897 43880 5 41065
375 35023 37030 98 49273
376 35128 46220 42 184942
377 35151 38630 144 151138
378 35160 46713 91 509009
379 35207 66794 106 5297140
380 35313 43920 6 25761
381 35319 39444 64 108885
382 35522 38469 86 94070
383 35634 37665 86 143266
384 35644 37078 22 22363
385 35726 39447 54 42475
386 35779 41016 64 524002
387 35981 41090 87 292178
388 36315 38949 9 7233
389 36379 36417 36 958
390 36420 49903 86 391760
391 36487 39088 15 11100
392 36488 43702 44 135591
393 36610 61649 41 211365
394 37045 45311 85 232757
395 37102 41835 130 364319
396 37165 39837 108 79467
397 37208 37263 41 1763
398 37455 37516 16 1868
399 37583 44089 94 276194
400 37705 59872 103 1099400
401 38132 47578 9 35673
402 38155 39863 17 26346
403 38200 39368 74 64652
404 38249 39530 109 89615
405 38380 39168 55 29428
406 38439 40687 117 101804
407 38466 46390 38 56327
408 38552 49693 5 57395
409 38719 41691 14 18440
410 38835 51715 39 146291
411 38890 45687 90 162603
412 39002 43135 61 59540
413 39031 42736 83 103267
414 39066 47475 131 343226
415 39122 39458 111 15886
416 39133 44540 27 84203
417 39292 39474 124 14169
418 39335 40380 68 11986
419 39617 47845 33 23482
420 39643 40544 7 5793
421 39764 42647 115 127790
422 39775 40153 60 34149
423 40081 51302 117 370774
424 40149 49927 12 32391
425 40262 46382 25 66910
426 40293 42498 27 19143
427 40409 46118 12 34805
428 40608 48819 38 61293
429 40665 42603 16 16577
430 40681 41761 51 38847
431 40800 89899 143 3184618
432 40960 42590 27 15549
433 41309 58515 16 52645
434 41336 46060 32 26087
435 41361 48547 25 35724
436 41362 47096 140 400150
437 41444 47114 82 65739
438 41468 53806 148 545161
439 41659 48892 15 45555
440 41722 58127 17 88161
441 41897 43215 127 42886
442 41898 52197 25 224361
443 41937 44030 16 26120
444 42413 47752 5 35241
445 42416 50652 46 120270
446 42520 73342 104 1126061
447 42594 48509 24 95735
448 42641 59123 39 195977
449 42784 63061 27 507475
450 42818 46321 58 90211
451 42922 92637 111 1436280
452 42959 70014 148 1533672
453 43087 45431 66 49585
454 43130 47266 10 47748
455 43161 48098 96 141956
456 43393 43556 148 17870
457 43443 55980 42 232003
458 43459 46303 48 60443
459 43574 59801 14 70595
460 43616 44913 127 92211
461 43643 45065 39 148193
462 43696 44365 16 5617
463 43815 44828 37 24201
464 43829 44115 27 3329
465 43879 43931 81 2631
466 44014 64446 27 156727
467 44095 46687 61 96465
468 44256 60732 15 89963
469 44264 46770 23 30317
470 44293 53477 17 151835
471 44335 44718 126 9527
472 44415 46635 23 25999
473 44807 50386 45 123940
474 44901 64532 116 629962
475 44935 45602 37 8376
476 45012 66684 22 214542
477 45028 51269 25 38926
478 45245 61859 110 1206330
479 45277 48947 27 38679
480 45399 49427 34 31924
481 45697 48726 23 52683
482 45785 52903 5 7237
483 45955 46888 38 14552
484 46493 49282 16 11564
485 46500 55747 102 463949
486 46501 60322 121 451774
487 46503 54590 59 204064
488 46518 49651 26 45409
489 46543 52057 131 227926
490 46636 46794 21 1336
491 46907 57000 42 81227
492 46912 62204 135 610801
493 47097 50157 23 28205
494 47171 50523 31 90830
495 47203 81148 48 1310690
496 47235 48832 81 65101
497 47313 52787 120 344911
498 47364 54734 15 60595
499 47389 61269 16 73288
500 47442 58672 51 112721
501 47589 51199 92 218125
502 47665 47804 109 3466
503 47782 53372 25 36967
504 47893 81469 31 912611
505 47938 52088 132 155763
506 47942 62149 18 222320
507 47947 54172 39 84355
508 48188 48806 143 32661
509 48283 53551 98 181935
510 48294 52074 145 712967
511 48305 58248 33 137256
512 48351 53374 7 11081
513 48361 51681 143 402788
514 48452 64214 12 73892
515 48480 57354 34 194405
516 48481 55355 90 120944
517 48490 51867 60 110064
518 48645 49700 127 43017
519 48686 63393 55 364811
520 48796 49094 7 2303
521 49168 56021 95 144055
522 49247 51244 48 77745
523 49254 56624 33 101765
524 49270 49426 63 5232
525 49310 52310 37 42540
526 49340 50073 89 20070
527 49401 54724 97 268992
528 49405 65958 78 416028
529 49627 54399 52 78720
530 49870 50066 143 8096
531 49911 56530 9 11813
532 49956 50314 113 41774
533 50080 51170 10 6888
534 50193 53370 13 11339
535 50216 52423 90 67134
536 50288 50321 119 1187
537 50413 52044 127 247105
538 50430 54343 36 31486
539 50453 50773 69 5765
540 50459 63228 11 27018
541 50464 55998 93 457478
542 50735 52350 8 5809
543 50761 50967 36 7498
544 50779 54404 59 104127
545 50845 61130 11 23645
546 51296 57051 14 52010
547 51426 53817 111 75027
548 51442 52761 105 77911
549 51476 52215 14 5881
550 51744 58004 33 56558
551 51832 59021 32 136708
552 51950 52125 124 33720
553 51971 61650 78 418426
554 52033 53155 4 3364
555 52199 57971 33 98055
556 52207 54813 137 108496
557 52349 57174 20 58675
558 52399 62988 16 163734
559 52646 57305 134 796004
560 52721 53877 41 37792
561 52865 65936 48 142775
562 53022 66726 38 347672
563 53040 55349 37 95250
564 53569 64698 20 73964
565 53650 65995 105 133921
566 53670 62547 135 389276
567 53743 58846 86 1002370
568 53799 56699 43 35119
569 53954 55345 17 13338
570 54111 62915 78 442114
571 54270 57796 12 22091
572 54379 63390 71 221681
573 54497 55555 10 11141
574 54498 54932 69 23020
575 54516 65094 10 18695
576 54540 55850 66 32475
577 54840 58886 27 32163
578 54860 57192 68 41973
579 54900 55270 64 5249
580 54903 57661 119 85666
581 54937 57099 143 171894
582 54947 60139 36 25474
583 55018 60967 51 53023
584 55043 64733 125 526176
585 55119 68009 45 355217
586 55143 56193 19 23124
587 55191 64420 40 218630
588 55386 57547 14 7853
589 55411 60843 6 14760
590 55508 69619 42 384522
591 56084 71947 58 606041
592 56480 58896 94 113715
593 56674 66388 6 32382
594 56703 61532 46 92901
595 57027 76207 36 302044
596 57073 86600 37 106824
597 57215 68042 31 243727
598 57266 57953 71 25115
599 57282 61914 11 9872
600 57327 62973 88 197597
601 57355 66659 16 35600
602 57413 76200 133 1691561
603 57555 60770 21 14397
604 57668 65696 53 372140
605 57711 61853 48 23411
606 57725 59171 9 5226
607 57800 73974 5 87724
608 57943 68700 7 39705
609 58062 70074 10 30313
610 58149 70239 91 435480
611 58156 65013 125 114828
612 58162 69364 106 169088
613 58173 62473 37 55266
614 58241 65346 127 288922
615 58541 64497 30 162973
616 58567 59357 141 147589
617 58698 67505 5 22793
618 58788 62040 7 12823
619 58875 64053 11 27942
620 59044 61637 47 45858
621 59084 61564 11 20438
622 59135 63033 26 64116
623 59213 60982 70 51451
624 59340 62241 24 36753
625 59378 76673 6 86952
626 59392 69100 59 215031
627 59490 67777 51 161816
628 59496 73271 87 520364
629 59550 63460 66 174629
630 59648 66902 75 287334
631 59674 65706 46 144963
632 59682 63737 145 334395
633 59747 63776 106 251337
634 59926 68309 52 254972
635 60028 71657 7 33272
636 60113 60594 42 8444
637 60264 67477 58 131372
638 60384 66851 98 238279
639 60751 61325 40 9077
640 60809 68604 143 204955
641 60816 64691 19 47306
642 60868 65692 145 96164
643 60876 71675 71 187924
644 60898 76965 69 284489
645 61052 61095 12 626
646 61079 72478 68 921281
647 61106 61362 115 14099
648 61152 63536 128 99711
649 61295 70083 35 153306
650 61321 66393 134 219136
651 61346 63384 144 333106
652 61388 67475 37 138709
653 61446 73010 31 96349
654 61459 70902 25 184815
655 61491 72190 61 202865
656 61506 67743 147 647816
657 61519 69200 119 470236
658 61523 65187 8 15712
659 61603 77888 62 323111
660 61618 66606 52 92489
661 61623 63656 32 10441
662 61689 63763 45 60374
663 61949 71851 54 381402
664 61966 65360 58 35683
665 61972 75684 5 8790
666 62092 75106 149 954807
667 62284 70152 73 163198
668 62307 63870 39 29603
669 62497 65748 94 202344
670 62611 68298 72 443860
671 62684 62687 51 163
672 62784 64574 26 32842
673 62798 68146 85 227630
674 62956 65130 60 79113
675 63010 76786 8 38451
676 63032 67995 29 40188
677 63128 79815 18 303136
678 63146 65715 6 3095
679 63153 66868 110 167375
680 63285 63859 149 61868
681 63361 66585 59 120073
682 63402 66590 99 212558
683 63706 83400 26 169525
684 63713 80537 6 19148
685 63881 65618 35 42377
686 63985 76795 4 14920
687 64179 91041 34 373554
688 64708 78142 96 554696
689 64822 68572 144 79432
690 65048 73991 29 73147
691 65128 66981 95 24221
692 65132 88930 133 2518564
693 65220 66546 57 70158
694 65403 77084 18 57303
695 65627 84914 142 1026628
696 65657 82731 80 461524
697 65751 83604 25 127056
698 65828 79429 85 347219
699 65896 67066 98 49241
700 66095 68842 61 192477
701 66161 72798 124 274746
702 66253 75633 11 41093
703 66264 67295 129 151210
704 66290 67817 85 48591
705 66300 67592 12 15369
706 66474 70558 7 18776
707 66508 69171 15 23268
708 66596 69086 126 72942
709 66607 76092 15 63934
710 66671 66965 76 24693
711 66751 69036 144 83110
712 66939 67246 51 4369
713 67130 71559 120 151245
714 67150 77630 64 228659
715 67485 90262 10 112729
716 67559 67972 50 6901
717 67657 69887 38 16094
718 67699 68190 7 2026
719 68063 72255 143 194952
720 68226 70550 22 26935
721 68244 68515 103 6623
722 68254 73529 7 15727
723 68429 76722 51 143678
724 68434 86170 48 232237
725 68509 76462 24 170824
726 68514 69122 12 3097
727 68564 68680 21 1164
728 68793 74878 58 89911
729 68826 79825 91 170096
730 68881 70400 46 45079
731 68932 69978 14 9522
732 68991 72101 113 115816
733 69015 80075 18 208738
734 69037 72982 13 13486
735 69079 82107 8 41920
736 69309 86749 112 1816047
737 69394 71619 66 83836
738 69555 85295 119 1786943
739 69569 72976 6 4726
740 69609 80536 17 83466
741 69677 70247 5 1578
742 69710 83786 10 50870
743 69727 78184 41 131236
744 69733 74504 65 131493
745 69959 72794 92 83798
746 70348 83788 105 1021983
747 70437 78038 94 293207
748 70459 74839 110 245074
749 70473 87278 19 105938
750 70499 77159 31 32558
751 70659 80842 7 14879
752 70736 92632 124 994264
753 70763 71564 77 52494
754 71073 80274 19 58365
755 71127 73239 10 7062
756 71169 77711 100 134270
757 71476 75404 108 187042
758 71691 76788 13 22682
759 71698 72877 8 3675
760 71866 80625 31 107261
761 71899 81933 87 217819
762 72011 74348 101 109916
763 72094 74046 147 305207
764 72110 79688 42 230381
765 72146 74026 99 125093
766 72510 79095 85 243093
767 72832 73477 17 5351
768 72871 73938 101 91823
769 72943 76347 37 21088
770 73130 76118 16 33759
771 73181 76036 112 147293
772 73266 75289 40 19964
773 73317 84981 29 435424
774 73324 80551 31 97907
775 73354 78935 21 46838
776 73490 99423 7 133740
777 73713 97155 75 144434
778 73719 81837 84 226256
779 73849 90379 103 488915
780 73852 91068 102 477899
781 73896 84141 5 51569
782 73916 76190 88 64347
783 73950 74255 22 6957
784 73957 79387 105 287374
785 74025 84652 13 25547
786 74071 83854 71 570928
787 74074 74783 6 2660
788 74182 88408 16 102813
789 74246 80685 38 180888
790 74345 93283 135 600245
791 74613 74778 8 1105
792 74688 77098 41 49256
793 74690 75301 42 19583
794 74696 80202 66 170668
795 74737 79118 38 61942
796 74800 82933 143 319934
797 74835 75463 61 16454
798 74873 85916 134 296383
799 74895 91915 8 62924
800 74918 88754 21 60345
801 74972 81450 148 626445
802 75167 75428 43 4910
803 75335 75552 24 3794
804 75345 95065 61 773177
805 75360 78696 24 40912
806 75434 80591 5 14195
807 75560 77756 44 43178
808 75630 80627 133 382724
809 75723 77277 129 55332
810 75792 76983 88 73589
811 75797 97243 94 729417
812 75830 91942 47 305570
813 75835 96046 80 613577
814 75914 79516 145 225722
815 75984 77793 23 21987
816 76110 78563 50 37894
817 76296 77032 145 82610
818 76460 87646 56 188893
819 76547 79839 96 150730
820 76710 78291 79 21058
821 76715 80602 112 326409
822 76779 79691 52 145564
823 76898 87466 137 617138
824 76948 85818 113 257417
825 77314 79083 34 14340
826 77541 97260 77 636266
827 77741 80629 19 25070
828 77749 80039 14 13228
829 77755 78221 116 23668
830 78248 79154 23 27971
831 78373 90888 62 439948
832 78441 78510 70 3860
833 78524 86172 37 172340
834 78528 89539 74 429686
835 78586 90559 63 248219
836 78596 81716 119 270065
837 78714 81507 96 26622
838 78870 81150 17 8400
839 79044 98541 13 73737
840 79116 79781 62 16566
841 79210 89699 91 248048
842 79409 85370 7 15544
843 79565 89991 13 64671
844 79715 87531 27 91049
845 79889 82180 8 4908
846 79953 80138 78 14948
847 79963 87065 98 338106
848 80026 80375 33 8653
849 80111 90812 134 3032136
850 80121 88760 112 429869
851 80194 84935 7 23889
852 80301 83536 26 149062
853 80320 84356 5 11729
854 80429 88916 100 222728
855 80457 80918 48 15300
856 80498 80892 23 5964
857 80516 81388 25 29378
858 80641 82742 116 125919
859 80727 85307 103 389765
860 80734 89714 27 158216
861 80927 84196 33 37282
862 80989 87323 127 330009
863 81165 89542 149 1184913
864 81318 88051 52 279139
865 81367 81894 39 16447
866 81668 85566 22 15556
867 81743 92224 10 120586
868 81884 82354 75 6728
869 82135 88347 60 115536
870 82837 83680 100 21301
871 82890 84656 87 28691
872 83159 87375 109 206969
873 83192 86614 49 149738
874 83212 89471 142 373479
875 83263 94376 109 364121
876 83389 84638 95 37745
877 83471 94054 20 81275
878 83475 91288 147 326140
879 83591 85860 16 9972
880 83825 87134 25 25996
881 84091 85247 8 9193
882 84195 89839 84 232232
883 84309 92345 99 529035
884 84465 91469 119 163585
885 84588 91065 84 352820
886 84639 88130 6 6898
887 84907 86532 84 155601
888 85013 87878 135 280084
889 85121 88878 86 160548
890 85277 85544 19 1806
891 85529 85532 4 5
892 85549 94168 21 95492
893 85555 96051 19 32642
894 85716 87557 8 6226
895 85718 94586 13 69310
896 85777 95531 103 183066
897 85782 88474 62 47972
898 85803 95670 19 55180
899 85866 88579 94 93210
900 85874 89200 60 224191
901 85897 86648 109 38118
902 85917 90891 100 118530
903 86136 94782 125 405467
904 86242 87716 22 18795
905 86340 87787 39 36555
906 86353 86916 132 22561
907 86376 93553 14 36245
908 86647 89795 22 44011
909 86736 93144 11 22765
910 86768 88541 82 103750
911 86792 96250 149 823752
912 86851 89808 146 450929
913 86887 86933 22 762
914 86904 96980 12 31868
915 87048 95710 118 612324
916 87067 95464 15 39853
917 87088 92468 146 425608
918 87117 87917 8 5684
919 87261 88691 71 37609
920 87287 87314 74 805
921 87305 90011 38 34989
922 87317 88119 110 69311
923 87411 88266 9 1547
924 87559 90439 48 27789
925 87808 89930 140 219775
926 87945 97585 38 137380
927 88064 93394 58 314497
928 88141 92451 24 40179
929 88550 99223 19 110343
930 88746 98616 133 257646
931 88767 90407 102 39562
932 88819 94542 87 109704
933 88855 94532 147 447209
934 88935 90258 131 130757
935 89073 89655 70 7894
936 89226 95162 108 170014
937 89265 97694 131 838403
938 89426 90433 7 3769
939 89470 91589 67 28670
940 89631 96799 24 57882
941 89682 94637 53 193801
942 89697 99841 56 399493
943 89743 97696 16 73016
944 89760 97957 52 116651
945 89773 91386 102 45348
946 89814 90259 5 695
947 89917 92308 12 21367
948 90067 98123 13 40047
949 90089 90363 31 5726
950 90145 90388 128 6256
951 90263 97441 11 55080
952 90436 98620 91 134297
953 90536 94994 7 9474
954 90646 91053 39 12722
955 90772 92601 27 44633
956 90985 94843 37 65402
957 91097 99096 138 997058
958 91192 96460 23 66719
959 91243 94844 5 5057
960 91632 97632 5 13067
961 91672 94623 30 27861
962 91753 96366 41 83670
963 91907 94110 31 81935
964 92002 94671 129 95166
965 92096 92713 12 4377
966 92155 99473 22 36605
967 92245 98018 119 238735
968 92471 96000 33 139336
969 92489 99124 55 179794
970 92577 95075 79 123658
971 92724 95435 21 37290
972 92920 93992 14 8744
973 93184 98605 62 371682
974 93199 96772 39 24796
975 93252 96566 141 273743
976 93478 98272 76 106672
977 94454 96589 42 20047
978 94482 95573 25 13954
979 94653 98241 67 50181
980 94890 97946 16 15851
981 94906 97092 40 44220
982 95788 98928 44 100230
983 96078 98090 59 75863
984 96099 96360 110 7884
985 96446 96449 146 393
986 96704 98464 13 21589
987 96896 97316 21 7872
988 97262 98131 5 2519
989 97514 98807 117 57304
990 97677 98980 9 10760
991 97778 99741 45 15916
992 98029 98628 127 70243
993 98067 98446 10 2494
994 98095 98945 14 5049
995 98190 98838 11 4873
996 98651 99881 40 24633
997 98728 99439 60 63209
998 98780 99719 25 13247
999 98834 99773 14 3631
