50 1000 0.097
.##.............#..........................#......
.##.................##............................
...............##..#.#.........................#..
...............##..##.##........#.........##......
......##......##..##...##......##.........#.......
..................#..###.......#..................
..................................................
........................###.......................
................##........#.#....................#
..........#............##.................#......#
..#.....#.##.........##....#..............##......
..#......#.#...............#......................
...........##...........#..#......................
........................#.........................
.......................##.........................
.........##.........#.###.........................
.........#..........##............................
.........#...#....................................
............##......#....###...............###....
...................##....................#.#......
..........#...........................#.##........
......#...#.......#.............##................
......#######.....#...............................
............#.#.#...............................#.
...##.........####..............................#.
.####......#...#..................##.#..#.......#.
..#.#.............................##.##.##.....#..
..............#...............................##..
.............###..............................#...
....#..........#...........#..........##..........
....####...#...........#...#...........#..........
....##.#.............#.#..........................
.....#...............####.........................
...##...............##............................
...###.....................##............#........
...###.....................##.....................
....#.......................#.....................
..................................##..............
.........................................#.#......
...#...##............##..................####.....
.#.#..........#......###.................##.......
###..........##....#.......................##.....
##.................#..............#...............
..................................#...............
.....................#............#.....##...###..
...........##........##.......##..................
...........##................###..................
.......................#...##.....................
.......................##.##......................
...........##.............#.#.....................
0 43 2634 11 17811
1 131 218 44 1377
2 135 2395 150 113193
3 137 928 106 23026
4 199 220 36 844
5 201 4278 108 177792
6 211 4727 21 26538
7 372 2635 83 69750
8 554 13540 14 50960
9 604 3022 14 21394
10 818 7738 56 165711
11 832 1480 79 26029
12 962 5446 16 45724
13 1044 1987 10 4265
14 1097 3620 20 45537
15 1373 1784 29 8499
16 1445 1471 89 1584
17 1455 6011 19 86198
18 1489 3396 70 134428
19 1744 7690 114 223803
20 1767 4541 87 118743
21 1788 4297 142 124178
22 1938 5039 20 52493
23 1981 2771 16 11222
24 2106 3565 55 48727
25 2219 9023 85 416588
26 2235 11761 122 339225
27 2387 5551 122 147499
28 2426 12533 79 331709
29 2519 3316 130 140925
30 2529 12751 149 696238
31 2610 5882 45 135442
32 2611 4348 98 79183
33 2614 4603 78 61566
34 2653 7335 139 151204
35 2852 3279 8 442
36 3063 4185 48 35953
37 3239 9243 10 17030
38 3261 12486 13 37490
39 3341 3783 34 8162
40 3497 5111 51 22539
41 3614 19827 39 335119
42 3748 5606 94 56448
43 3767 5902 54 112172
44 3896 5735 77 122398
45 4042 5619 73 26434
46 4086 8688 15 39474
47 4927 7331 89 93225
48 4993 5926 59 23253
49 5046 6932 63 73026
50 5213 12778 31 59645
51 5280 7579 22 31137
52 5527 8468 85 112502
53 5942 21129 139 214182
54 6106 10405 45 32625
55 6197 6246 61 2307
56 6227 9369 5 7455
57 6329 8316 107 87851
58 6396 18300 20 80463
59 7304 10875 74 119856
60 7306 11391 16 39315
61 7321 7816 26 13417
62 7474 7643 101 18266
63 7476 8501 96 46296
64 7496 12904 42 87582
65 7515 9506 81 46024
66 7638 10143 129 82498
67 7660 19723 16 76579
68 7703 9545 46 112411
69 7715 7755 96 2446
70 7719 8959 92 84637
71 7764 9108 68 41690
72 8013 17391 33 154481
73 8072 8837 44 6770
74 8141 11240 41 73224
75 8222 8239 61 1017
76 8369 11439 41 21325
77 8389 9923 50 55167
78 8400 12028 15 15742
79 8424 12142 46 103813
80 8446 8656 140 10174
81 8635 13750 57 158763
82 8647 19695 5 12219
83 8671 12059 25 56620
84 8712 13168 69 71122
85 8761 9535 27 11027
86 8794 9474 52 28352
87 8875 8943 6 383
88 9136 9537 13 1709
89 9189 18161 99 375284
90 9263 16611 9 13064
91 9392 14633 10 75360
92 9395 11953 51 33634
93 9538 10161 116 72622
94 9683 15864 116 354275
95 9793 10605 13 8127
96 9994 12073 93 115775
97 10105 12024 105 135623
98 10377 15179 145 278987
99 10443 12969 15 16710
100 10471 13308 15 47834
101 10479 13630 48 81984
102 10559 24983 68 491090
103 10733 11901 57 51912
104 10762 12857 23 26538
105 10844 14034 11 11022
106 10942 12300 10 10129
107 11034 12830 124 84433
108 11047 12760 8 8032
109 11246 30265 91 549148
110 11375 11647 147 68781
111 11440 13447 28 11587
112 11458 23303 61 274883
113 11476 12206 7 1942
114 11551 11631 147 8939
115 11780 11865 21 2284
116 12112 13622 90 95700
117 12127 14408 103 231446
118 12284 17371 106 161516
119 12320 15487 9 13642
120 12366 20038 23 119727
121 12404 13825 40 44843
122 12436 15246 10 25520
123 12465 19283 28 63887
124 12548 15141 59 96156
125 12563 14168 13 5739
126 12682 13484 36 8442
127 12695 13999 45 8589
128 12749 13358 116 21358
129 12884 15500 33 133520
130 12895 13215 61 12200
131 13026 14324 16 19288
132 13043 23131 64 181816
133 13083 17958 26 46028
134 13219 14243 45 21553
135 13246 23931 64 530502
136 13261 14223 30 14374
137 13335 13896 73 6548
138 13348 16715 72 231501
139 13529 13596 102 3586
140 13563 15527 134 83459
141 13565 14218 82 27219
142 13603 14024 8 6179
143 13653 18679 83 265420
144 13715 15195 37 33318
145 14017 14217 22 2422
146 14131 18068 15 12579
147 14413 16139 79 129991
148 14716 19882 19 46053
149 14767 16649 25 46477
150 14840 17015 12 5813
151 14959 19179 113 249429
152 14976 20767 99 184916
153 15034 16182 53 18935
154 15391 15839 118 60393
155 15449 18632 112 175692
156 15538 20571 15 24049
157 15699 16122 100 19404
158 15726 17270 127 99671
159 15748 19059 67 56579
160 15751 25381 69 338537
161 15758 24750 40 149699
162 15779 20019 133 112678
163 15930 16970 55 49297
164 15938 17847 66 29219
165 15977 20680 10 21977
166 16059 16523 121 63220
167 16071 16555 9 2386
168 16101 16103 94 59
169 16106 18138 123 43609
170 16187 19302 29 28472
171 16222 19041 75 69077
172 16290 16385 41 6313
173 16374 17653 12 14050
174 16383 20474 20 19492
175 16602 19275 100 186780
176 16634 17018 68 17724
177 16759 18721 111 45867
178 16867 20142 96 167583
179 16893 19472 14 37197
180 17052 20723 134 597168
181 17086 18221 138 72060
182 17201 18615 126 130011
183 17314 18021 35 17299
184 17440 18275 88 84313
185 17594 20806 87 72349
186 17737 20087 32 26510
187 17768 18213 107 46233
188 17844 19174 13 18142
189 17858 18473 123 16286
190 17872 20398 43 112604
191 17893 19987 67 57415
192 17937 20415 11 50766
193 18091 22655 57 104816
194 18092 19500 31 26850
195 18329 18415 17 1401
196 18376 20094 116 165314
197 18508 19612 132 143378
198 18543 18737 9 800
199 18675 20428 84 9484
200 18699 21253 113 99836
201 18867 19816 124 178444
202 18962 24236 87 134274
203 18980 22491 70 109583
204 18987 20384 45 30463
205 19224 24094 30 34829
206 19543 20719 23 7219
207 19621 21873 14 42866
208 19652 30163 150 199931
209 19656 21798 32 22287
210 19872 24947 13 14543
211 19874 20209 36 4753
212 19925 21182 58 40711
213 20090 20229 98 5888
214 20136 26004 32 68407
215 20172 20352 5 727
216 20237 30704 112 600270
217 20242 24187 87 194195
218 20260 25130 19 27003
219 20285 23042 58 165332
220 20356 21621 117 141783
221 20458 25434 52 356640
222 20501 23184 61 53203
223 20708 30755 79 250757
224 20717 22306 142 51667
225 20860 21245 114 21635
226 20895 24003 88 62826
227 21018 22146 36 52092
228 21176 21242 124 1484
229 21183 21197 5 49
230 21203 22932 89 64969
231 21280 26217 25 33339
232 21305 22188 17 21374
233 21327 27617 107 496122
234 21827 23466 82 57905
235 22095 25649 144 281791
236 22122 26606 28 78891
237 22289 31221 22 55961
238 22291 23645 8 5895
239 22323 27205 66 121009
240 22597 23266 56 11319
241 22616 24325 60 48127
242 22622 29780 36 115346
243 22669 23618 58 31813
244 22729 26684 84 104942
245 22949 26349 4 10221
246 23097 25320 69 66404
247 23301 24625 76 38539
248 23308 27111 71 162198
249 23451 25394 45 40285
250 23505 27127 138 129089
251 23513 25038 90 35264
252 23555 31170 27 158382
253 23749 24478 4 3841
254 24021 26030 12 17601
255 24054 24904 142 43500
256 24158 29613 130 283154
257 24176 34086 91 227722
258 24195 28428 13 23874
259 24466 27383 59 92363
260 24467 24529 8 118
261 24513 26556 87 151469
262 24548 30342 75 212487
263 24575 25951 17 4805
264 24600 25417 31 30952
265 24610 24863 110 26178
266 24653 26132 9 3415
267 24685 25929 16 7380
268 24761 25937 145 100493
269 24853 32278 15 18285
270 25034 25226 62 8452
271 25094 25812 114 31823
272 25170 27181 44 125323
273 25250 29285 111 279044
274 25314 25400 10 850
275 25416 26406 122 157014
276 25498 28316 138 104844
277 25554 27596 117 153392
278 25683 27335 41 41148
279 26133 34662 14 91718
280 26168 39641 14 46879
281 26177 28263 69 30087
282 26195 32442 35 74207
283 26250 26895 50 47105
284 26312 28613 71 127677
285 26610 29566 5 3009
286 26846 41655 87 488577
287 26900 27034 75 6623
288 26907 30025 6 9845
289 26967 34668 61 161562
290 27019 30300 114 76693
291 27090 29292 44 36566
292 27189 35072 93 380510
293 27290 29513 10 7487
294 27400 27762 9 1138
295 27409 27621 112 10764
296 27453 30700 24 33002
297 27489 34162 6 11431
298 27543 28156 43 21566
299 27913 29210 110 36788
300 27993 28180 69 11957
301 28150 28861 137 75713
302 28160 28433 67 13711
303 28173 28424 68 16087
304 28294 28649 64 7271
305 28397 46175 25 70656
306 28596 30631 12 24519
307 28619 30939 103 108677
308 28865 32798 57 54572
309 28944 30003 81 41151
310 29048 31612 54 121787
311 29198 33675 117 201780
312 29214 34973 21 50708
313 29257 31522 145 238080
314 29508 31434 105 94477
315 29567 29702 95 8018
316 29649 37513 26 27189
317 29785 31299 99 28034
318 29901 30672 114 14229
319 30118 30570 68 15328
320 30130 33158 34 43145
321 30162 31834 71 101198
322 30195 31514 14 9370
323 30329 34418 102 242928
324 30339 31527 113 31996
325 30679 34098 72 142305
326 30702 31292 50 30124
327 30774 32247 142 152016
328 30825 31905 22 5120
329 31029 47125 33 470867
330 31134 36530 14 19878
331 31327 35372 54 174243
332 31371 37239 67 173091
333 31746 35981 8 14568
334 31882 40788 52 75391
335 31921 31961 19 680
336 31924 32570 145 49451
337 31971 35749 27 51740
338 31982 36629 118 175367
339 32140 32312 40 7641
340 32185 33374 70 59653
341 32470 35406 97 75056
342 32521 40640 17 71893
343 32546 36942 4 10867
344 32558 37584 21 26946
345 32672 38949 29 80554
346 32749 45858 25 101642
347 32801 33964 42 41843
348 32892 37407 6 30927
349 33000 36769 14 25645
350 33107 34915 62 81943
351 33245 43722 4 14037
352 33338 33886 74 12619
353 33543 36005 71 158141
354 33661 37333 57 76327
355 33665 44938 29 95523
356 33940 34836 40 10786
357 33977 35096 33 14196
358 34122 34471 13 2384
359 34386 34849 6 766
360 34789 50594 126 749484
361 35054 38537 141 257388
362 35108 38315 31 87968
363 35178 40749 88 191323
364 35183 36705 38 51376
365 35336 43416 7 18121
366 35482 36193 90 9171
367 35520 40671 5 10333
368 35669 38116 134 522408
369 35779 37894 78 82491
370 35796 36219 82 14017
371 35917 42020 18 21529
372 35994 38394 43 9956
373 36113 42878 82 123730
374 36136 49786 98 591728
375 36237 39163 90 85605
376 36284 40194 127 264171
377 36347 36809 116 36925
378 36437 38136 82 121794
379 36464 43082 137 582505
380 36480 36938 93 19300
381 36500 37907 9 18122
382 36534 39179 31 38405
383 36577 45228 141 356451
384 36588 39413 30 69795
385 36647 45250 20 46453
386 36653 50080 88 333199
387 36843 39419 79 290805
388 37077 47037 142 372882
389 37247 38787 44 24462
390 37300 42237 129 307478
391 37361 43135 96 57289
392 37366 41050 17 15045
393 37598 40980 5 11337
394 37766 39962 61 41269
395 37802 41178 23 26353
396 38259 43516 67 79100
397 38310 43445 150 145151
398 38474 42135 65 71278
399 38478 39987 104 42476
400 38505 41615 69 97189
401 38579 40781 35 35438
402 38585 39972 145 178882
403 38630 38821 20 1053
404 38654 39135 104 78795
405 38707 41763 142 147236
406 38769 41259 86 70350
407 38827 43562 57 221619
408 38892 41972 28 56881
409 38914 45535 18 31755
410 39041 42699 73 218886
411 39129 41323 102 195066
412 39198 39467 41 8003
413 39265 40214 113 34574
414 39294 40794 117 38504
415 39541 41542 138 115010
416 39714 42840 10 14698
417 39812 41088 62 31422
418 39928 40954 45 10728
419 40182 42402 95 212497
420 40230 40574 80 20954
421 40278 42401 39 45328
422 40342 41079 23 10412
423 40436 45618 128 249117
424 40516 41578 25 13909
425 40611 42224 30 10736
426 40654 40977 26 10357
427 40672 40820 34 6556
428 40799 45175 95 82973
429 40806 51591 8 37623
430 40920 43380 23 28904
431 41068 42536 86 51749
432 41253 41912 125 24009
433 41412 50882 11 32665
434 41564 50174 21 59879
435 41568 58513 10 45867
436 41580 44179 31 36536
437 41883 44750 70 228845
438 41913 45838 19 17083
439 42152 43701 126 134385
440 42167 45791 106 222829
441 42297 42933 144 75974
442 42410 47049 50 143592
443 42423 45671 8 22757
444 42438 44472 126 125557
445 42445 42558 81 7805
446 42477 50058 45 157858
447 42505 49878 86 217902
448 42589 52210 62 180337
449 42783 43517 30 7429
450 42818 44869 73 98877
451 42952 48092 134 180587
452 42956 54733 25 390605
453 43070 46557 110 311902
454 43206 54786 75 132113
455 43233 48518 80 106990
456 43384 44460 119 100225
457 43425 44023 79 16242
458 43485 44485 14 12183
459 43617 45789 6 4809
460 43752 44146 30 2934
461 43890 54692 149 529183
462 43891 48257 84 314192
463 44033 44845 7 1129
464 44133 50336 21 81820
465 44205 45256 18 13794
466 44207 45640 49 52083
467 44248 48115 78 141624
468 44422 44502 9 293
469 44428 45100 4 2566
470 44621 49438 78 297604
471 44725 54375 31 82251
472 44772 61872 40 333633
473 44911 56408 121 604149
474 44980 48870 104 132772
475 45079 50796 136 122962
476 45110 46004 139 87149
477 45128 47495 94 126456
478 45215 49362 104 109346
479 45295 46237 99 28329
480 45446 47917 111 122510
481 45536 45629 114 7397
482 45544 45626 6 237
483 45565 46533 26 6602
484 45576 47001 79 37223
485 45739 59569 65 617306
486 45900 46768 17 3497
487 45971 46948 103 33580
488 45980 49083 17 25098
489 46021 46726 5 1090
490 46315 49469 80 192313
491 46739 48567 11 5430
492 46826 48603 73 55427
493 46905 49033 4 5205
494 46971 47248 28 3265
495 47016 49494 18 10629
496 47021 47794 143 71519
497 47262 47289 15 565
498 47267 49859 60 33805
499 47283 50348 124 269224
500 47295 50163 47 28607
501 47298 48899 114 99013
502 47340 48845 46 25425
503 47539 63231 41 823535
504 47676 56341 148 322674
505 47832 53316 57 465169
506 47861 48500 87 13329
507 47977 49963 15 20863
508 48232 55569 18 105077
509 48233 48483 141 43683
510 48282 54145 8 14584
511 48325 48902 92 34199
512 48332 48557 98 21711
513 48490 54440 24 98125
514 48492 50887 22 34941
515 48527 60392 14 217811
516 48598 50688 12 17122
517 48716 50379 39 10251
518 48821 56638 34 43127
519 48916 49348 9 2293
520 48978 53017 74 51521
521 49008 49499 92 37069
522 49241 50584 7 5804
523 49253 50983 48 113881
524 49344 52417 10 11761
525 49363 50035 22 15240
526 49365 50953 75 45083
527 49471 49571 134 3166
528 49765 55933 146 1017663
529 49848 54545 89 645670
530 50045 55288 36 248065
531 50060 51497 25 9317
532 50119 52449 100 207027
533 50521 54313 28 19920
534 50573 53177 80 86036
535 50732 57109 65 121976
536 50771 57419 105 262447
537 50855 60091 75 610166
538 50872 56905 50 159152
539 50916 57423 23 37625
540 51059 53364 127 207222
541 51175 51214 110 5575
542 51194 57736 108 308672
543 51327 56289 56 138080
544 51448 54827 74 213945
545 51463 54024 148 96239
546 51543 54801 8 7260
547 51565 52905 27 36524
548 51566 53410 27 20489
549 51568 52869 15 11856
550 51618 55670 123 204427
551 51912 54356 55 56360
552 51933 52254 78 14304
553 52049 53860 54 40085
554 52055 55542 28 17749
555 52076 53514 6 3346
556 52096 54033 106 97493
557 52193 59622 11 38730
558 52218 53340 60 23120
559 52296 54076 142 118536
560 52363 54955 17 13098
561 52401 54180 78 90900
562 52446 54621 54 70669
563 52590 53125 53 21654
564 52699 54585 108 35456
565 53114 65369 12 82180
566 53136 55889 31 31810
567 53341 58374 11 31731
568 53388 62453 57 556756
569 53391 58629 106 123819
570 53570 56112 134 89515
571 53672 54688 11 6488
572 53718 54702 17 5019
573 53811 60326 63 248831
574 53878 54840 115 128646
575 54378 57323 86 52868
576 54412 61599 144 144027
577 54471 57961 129 135272
578 54495 57580 24 13576
579 54604 64258 119 374442
580 54710 56937 27 14360
581 54748 59385 90 166934
582 55168 56114 55 26104
583 55206 56027 65 32969
584 55275 65978 5 20344
585 55324 55857 30 5743
586 55386 67705 8 30947
587 55391 67028 15 31536
588 55395 58141 45 161133
589 55560 57346 68 60068
590 55709 67063 146 894033
591 55896 56453 109 26363
592 55987 63742 133 391271
593 55996 59039 7 5427
594 56105 60050 91 143722
595 56244 59327 58 82379
596 56266 57924 26 15200
597 56383 66825 73 280410
598 56438 58936 45 66280
599 56530 58466 9 9848
600 56594 63054 30 197070
601 56650 65951 55 200925
602 56659 57564 7 2597
603 56681 60541 15 13012
604 56727 56901 52 4460
605 56971 60140 18 17663
606 57035 58367 61 11499
607 57060 60017 143 222724
608 57229 60181 101 165044
609 57405 62182 36 81611
610 57448 58711 4 1108
611 57451 67250 39 290871
612 57464 66476 121 159405
613 57523 59671 130 99822
614 57590 58133 127 31748
615 57637 65885 108 759141
616 57661 59407 56 50841
617 57830 59682 110 23025
618 57951 60679 145 116958
619 57957 59936 9 10035
620 57979 68270 73 715491
621 58067 59124 21 6431
622 58105 58664 37 7256
623 58111 59545 131 119946
624 58357 64708 16 37977
625 58389 59579 45 111499
626 58622 60113 18 16420
627 58650 59358 102 72025
628 58669 61192 68 76225
629 58708 59540 24 28994
630 58770 62091 131 175656
631 58805 60837 80 41885
632 58830 59008 6 494
633 58867 67197 60 55392
634 59118 62013 16 40147
635 59255 60619 28 14615
636 59295 61609 39 21445
637 59398 59641 81 22475
638 59433 60647 8 5972
639 59479 65805 28 72006
640 59504 61833 63 69669
641 59539 67143 37 111926
642 59542 63308 37 95489
643 59601 61059 85 84534
644 59635 60559 4 3008
645 59649 60674 14 3233
646 59843 64505 124 472311
647 59872 60277 45 16658
648 59914 60407 107 22781
649 60129 62150 11 2422
650 60138 62884 75 117527
651 60177 69712 81 565861
652 60256 61655 42 16551
653 60350 67115 128 542774
654 60375 60744 6 1353
655 60419 60915 19 9747
656 60749 71807 71 352211
657 60778 64959 56 174762
658 60841 61543 27 8986
659 60890 60911 6 132
660 61611 64853 118 412073
661 61644 71167 147 299251
662 61703 63111 37 25640
663 61798 70931 10 19736
664 62151 65498 45 117941
665 62162 63661 145 98388
666 62279 71123 54 173788
667 62316 65119 5 6952
668 62318 64058 70 50710
669 62376 65080 54 80394
670 62446 73792 127 247315
671 62556 66338 5 10696
672 62895 71893 7 24510
673 62948 67577 88 305495
674 63108 67168 17 7137
675 63325 63846 71 12083
676 63356 65883 95 184897
677 63415 66711 13 13457
678 63619 64712 8 6735
679 63674 66545 44 21028
680 63849 64193 38 6367
681 63901 76305 19 68207
682 64245 64644 34 5065
683 64321 64845 14 1260
684 64618 66357 40 50851
685 64677 65307 129 48835
686 64781 65972 52 49067
687 64802 65492 29 13183
688 64857 65094 24 3340
689 64875 69675 91 230272
690 64887 65594 140 85985
691 64916 69747 119 121381
692 64971 65712 38 12098
693 65116 73632 39 68597
694 65316 74081 83 254837
695 65336 65713 27 5241
696 65388 73280 55 108197
697 65427 66462 13 4054
698 65463 65551 58 4661
699 65478 71207 19 162591
700 65486 81477 64 367966
701 65499 65605 40 1579
702 65623 68175 27 44247
703 65773 69441 62 91680
704 65880 66361 14 1273
705 66020 69940 76 215975
706 66033 70942 30 62341
707 66100 67700 44 17315
708 66299 66899 9 2396
709 66314 70045 23 41093
710 66625 68504 87 161863
711 66840 70345 22 86943
712 66842 75980 64 179633
713 66914 70862 50 69703
714 66946 81255 72 697889
715 67351 76330 27 51008
716 67352 73103 101 234100
717 67492 69477 48 47001
718 67530 69524 89 93784
719 67625 68827 135 197320
720 67989 70596 29 37389
721 68073 68798 117 22542
722 68195 69362 16 18642
723 68260 71720 92 95952
724 68283 78806 135 583981
725 68296 68611 37 5145
726 68498 72782 19 21345
727 68542 77884 140 596555
728 68637 71280 51 78319
729 68681 70407 78 563213
730 68709 72419 15 9542
731 68838 72712 8 33025
732 68898 69995 30 27951
733 68957 80554 66 228813
734 68997 74134 126 322447
735 69060 71625 62 81376
736 69173 73545 13 29001
737 69264 72063 101 138416
738 69297 75449 5 13730
739 69572 70025 58 7531
740 69644 71202 25 27938
741 69677 72245 88 45646
742 69904 70021 4 275
743 69915 76179 121 270019
744 69986 75038 8 23214
745 70018 83858 7 16150
746 70227 70874 143 49660
747 70294 72908 147 812125
748 70308 75621 138 217678
749 70590 72831 6 14217
750 70646 75586 111 187184
751 70908 79515 115 96353
752 70995 73215 108 67873
753 70997 77867 39 100039
754 71006 71528 81 37278
755 71039 75725 39 142265
756 71108 74290 126 189172
757 71270 71627 91 24695
758 71478 73016 6 3458
759 71526 72031 24 11441
760 71570 74694 91 28923
761 71580 73884 133 39596
762 71630 72548 41 19113
763 71702 72468 15 2719
764 71746 81107 7 79041
765 71763 77373 125 361308
766 71802 74732 58 72527
767 71961 78531 5 14254
768 72158 73984 149 149242
769 72393 72493 88 5652
770 72447 85811 22 79807
771 72463 75271 16 28481
772 72469 74127 72 73729
773 72481 76415 93 191423
774 72574 73065 97 18395
775 72686 82183 58 84703
776 73206 83499 15 66038
777 73312 76734 18 22766
778 73426 82736 31 189110
779 73464 83129 13 51628
780 73486 74953 42 73182
781 73576 78765 137 227260
782 73749 75767 26 19521
783 73769 78124 36 88679
784 73772 75367 11 26668
785 73825 76772 16 18993
786 74068 81999 16 72075
787 74120 75579 13 9784
788 74531 75611 5 5416
789 74620 78492 46 118794
790 74659 76288 132 71311
791 74749 76509 52 66572
792 74757 77192 79 123195
793 74788 77968 5 5497
794 74799 80221 16 39893
795 74808 81954 106 242364
796 75001 76395 115 89349
797 75071 81456 100 179767
798 75214 85019 7 17170
799 75235 81471 130 127610
800 75335 84679 30 48169
801 75831 76619 54 52874
802 75862 77543 127 130927
803 76012 76702 141 56872
804 76078 79933 81 243195
805 76317 78111 113 51847
806 76374 79646 87 147765
807 76376 76993 33 11503
808 76433 77037 4 1113
809 76445 81973 4 14159
810 76496 78176 78 68461
811 76607 77463 9 5941
812 76609 79490 14 23043
813 76636 78203 4 1851
814 76769 77654 60 15947
815 76773 78142 135 97414
816 76820 81017 49 54123
817 76923 79181 136 152662
818 77041 78260 5 2115
819 77091 85232 93 234837
820 77219 79068 19 36009
821 77231 85669 62 370544
822 77287 77584 34 15961
823 77295 82255 62 212444
824 77358 93789 33 207607
825 77454 80985 52 47867
826 77503 79826 7 2332
827 77565 92368 127 1411508
828 77809 80425 129 107656
829 77834 78155 143 6457
830 78006 79932 72 69142
831 78072 98990 92 994013
832 78085 79347 18 11711
833 78439 85049 60 75026
834 78668 79221 45 6743
835 78758 81421 101 71201
836 78812 85664 131 566533
837 78813 83075 26 68096
838 79031 79722 70 27471
839 79132 86682 10 47638
840 79453 83792 106 149664
841 79482 82159 36 43685
842 79518 82885 78 197151
843 79690 81302 24 28741
844 79716 88124 5 32608
845 79866 81846 103 172693
846 79906 81687 100 106833
847 80002 80915 16 4323
848 80093 80141 102 3906
849 80195 86177 103 370290
850 80375 80503 143 10665
851 80489 95218 18 170209
852 80684 84454 108 198730
853 81196 82442 112 62948
854 81208 86066 97 584843
855 81211 81968 13 4973
856 81250 81633 39 4392
857 81361 88471 15 136747
858 81385 84880 44 71042
859 81582 90693 84 484232
860 81642 85566 8 42285
861 81659 84610 113 240564
862 81870 86247 104 145105
863 81978 90437 85 578761
864 82034 82588 19 9857
865 82099 91020 22 78943
866 82109 88780 37 94224
867 82278 83914 31 14463
868 82340 88361 6 6598
869 82655 86997 103 97485
870 82659 89714 59 265800
871 82714 83725 25 8531
872 82765 85030 10 6734
873 82776 82788 20 120
874 82967 85170 69 141166
875 83045 83496 23 3488
876 83361 84364 76 21122
877 83362 87962 135 226591
878 83376 90083 22 42212
879 83516 85549 11 13190
880 83555 85522 10 6834
881 83572 85006 28 24026
882 83786 89528 63 380457
883 83922 86601 90 129548
884 83951 90662 78 228823
885 84137 97464 27 170835
886 84184 94206 65 160486
887 84369 85084 21 4559
888 84603 86264 60 71597
889 84698 88088 62 90785
890 84782 95252 31 73263
891 84804 86179 136 139508
892 84936 85120 13 480
893 84979 92532 86 294166
894 85054 90135 87 173849
895 85122 85325 13 976
896 85267 95702 57 143883
897 85352 89907 62 111711
898 85402 88690 20 58307
899 85415 87011 52 80771
900 85571 86229 4 910
901 85613 87134 14 13657
902 85834 90034 21 38358
903 85869 93211 39 209660
904 85901 92459 33 206815
905 85924 87348 140 82782
906 85959 86330 13 1283
907 86008 87083 85 35412
908 86167 87525 61 28784
909 86362 87631 94 104884
910 86367 88133 121 62058
911 86519 88618 17 29720
912 86643 88511 140 176497
913 86972 93948 55 99392
914 87000 89541 117 124369
915 87042 90177 66 91168
916 87170 89721 8 5010
917 87239 91674 83 149985
918 87353 90885 50 224662
919 87374 88976 90 95690
920 88009 98040 62 432740
921 88139 91043 111 60486
922 88357 95788 32 133181
923 88380 90181 37 26573
924 88433 99761 20 74268
925 88458 92226 15 12825
926 88461 89981 84 68299
927 88564 89210 130 48301
928 88720 94780 31 45242
929 88859 90110 67 26947
930 89099 90588 52 32914
931 89108 90902 77 116956
932 89115 89804 84 13913
933 89207 90985 146 164676
934 89452 90117 27 10412
935 89491 97125 49 168241
936 89526 93699 134 245856
937 90008 91112 108 37603
938 90061 95402 30 60986
939 90126 94846 84 76458
940 90200 95725 43 204104
941 90438 92768 7 4119
942 90476 92040 37 37638
943 90498 95918 11 23970
944 90524 91096 106 30782
945 90533 92118 81 84079
946 90742 93799 81 103614
947 90947 93352 83 213093
948 91086 91092 52 247
949 91205 99805 19 23362
950 91315 92519 11 5154
951 91624 92374 74 11252
952 91926 95642 28 35634
953 91935 92504 57 5084
954 92099 94578 8 15135
955 92771 93704 130 93264
956 92931 94194 68 107437
957 92976 93138 16 1130
958 92977 94028 12 5194
959 92998 93052 51 1977
960 93082 93326 77 7633
961 93110 93307 14 2387
962 93169 94285 31 16830
963 93197 93802 68 32619
964 93440 94307 64 24225
965 93649 94252 107 22954
966 93780 98322 81 248464
967 93803 97746 8 11942
968 93828 98090 26 37595
969 93940 94991 5 1121
970 93971 99603 97 230300
971 94022 98328 102 296127
972 94493 95104 130 37365
973 94611 98813 9 61031
974 94671 95898 17 12929
975 94803 98706 116 72963
976 94879 98530 148 265391
977 95318 97173 20 24806
978 95486 96717 58 32801
979 95506 96239 68 12370
980 95511 96153 129 67644
981 95656 97297 30 14276
982 95676 98752 14 18342
983 95727 96383 49 18058
984 95789 97111 27 20478
985 95959 96054 33 2029
986 95983 98072 85 87568
987 96149 98247 17 3367
988 96155 97367 11 9790
989 96284 98067 148 150280
990 96746 99245 66 26739
991 96816 99261 23 58421
992 97272 97841 39 11790
993 97554 98181 115 60233
994 97834 98761 17 7940
995 98173 99765 76 70256
996 98585 99294 52 20978
997 98891 99143 16 1660
998 98935 99663 144 61709
999 99270 99630 39 2647
