50 1000 0.095
.....................##.#########.................
...................#########.##.#.................
.................#################................
..................##..#########................###
...................#..#.#####..................###
.........##.#.............#..............#..######
........######............##.............#########
.........#####...........................##.####.#
..........#.#.............................#.#.....
#.........#.#.....................................
#...........#.....................................
#.................................................
#.................................................
.........####.....................................
........####......................................
........######....................................
......########........................##..........
........##..###.....................###.###.......
........#...####...................##.####.##.....
....................................###########...
....................................#######.#.#.##
.......................................##...######
......................................####.####..#
.........................................#########
.......................................#####.#####
..........................#...#..........#...#..##
........................####.##.#........###...###
..............##........#.########.............###
..............#..........##########...........####
.............#####.......##########...........####
...........########....####..######...........####
..........#.####..#....##########..............###
.......#.####.#..........####..#................##
......#######.#..........##......................#
.........####.###........#......................##
.....###.#.##..............................##.....
......########..............................##....
......#.######..............................##....
......#.####.#...............................##...
....########.#...............................###.#
.....##.###.................................######
.....#..#.#................................#######
..........................................####..##
..........................................#####..#
...........................................#.#####
...........................................######.
..........................................#####.#.
.......................................#.######...
.......................................###########
......................................###..#.####.
0 275 1661 23 17186
1 295 5860 34 55342
2 312 24294 127 518441
3 342 5798 103 133859
4 447 8726 132 419990
5 474 839 84 8087
6 698 5663 78 90562
7 860 7973 11 46812
8 978 14555 85 1250744
9 984 10571 39 141069
10 1039 8265 135 489477
11 1287 4204 51 118732
12 1322 2980 9 4338
13 1412 20371 6 42161
14 1619 4906 26 18314
15 1842 3828 136 87905
16 1866 6356 6 7844
17 1868 2104 145 39424
18 1873 3254 12 10649
19 1889 7527 51 120594
20 1895 14302 14 25594
21 1941 3572 70 61176
22 1945 2150 4 1189
23 2258 2457 11 2013
24 2287 9648 30 57284
25 2435 8861 9 43369
26 2724 4423 30 14664
27 2797 3969 48 14458
28 2867 11488 133 1140848
29 2919 15306 111 1005006
30 3011 3327 7 739
31 3038 15157 41 182336
32 3215 7776 33 166639
33 3528 4149 34 10491
34 3614 26159 46 285540
35 3728 3995 5 761
36 3729 3864 5 259
37 3774 6171 44 60888
38 3795 5213 142 103271
39 3813 5551 102 76503
40 3891 11678 91 325457
41 4039 15286 82 300072
42 4264 7708 8 10262
43 4315 22393 91 1002726
44 4348 4939 47 12155
45 4363 4468 19 1301
46 4379 20404 26 92737
47 4399 20036 19 66351
48 4619 10924 69 258342
49 4647 10913 147 330756
50 4661 4954 70 9056
51 4738 14372 55 92175
52 4778 11035 58 167617
53 4830 12442 116 721144
54 4924 6796 80 106456
55 4949 5958 66 30059
56 4980 8594 61 37009
57 5031 5353 106 25625
58 5079 6005 99 29607
59 5188 8715 137 96804
60 5341 6502 68 49428
61 5441 14688 25 81340
62 5733 7157 9 9504
63 5735 6500 60 46972
64 6013 10380 8 21595
65 6056 6939 40 7838
66 6124 6730 20 6412
67 6147 6437 7 1072
68 6265 22677 7 60354
69 6279 6684 150 39466
70 6291 15502 7 18630
71 6398 8568 132 212736
72 6415 13725 45 190114
73 6596 11533 104 171840
74 6636 11128 80 275459
75 6822 22135 130 715628
76 6836 7178 132 49730
77 6950 19856 15 138799
78 6969 8778 50 14726
79 6996 7755 53 19265
80 7056 11405 85 298183
81 7169 14877 144 303575
82 7174 18716 147 331580
83 7187 12903 62 177411
84 7202 7796 9 2747
85 7433 30203 55 1360205
86 7434 13428 91 218010
87 7504 9305 65 54468
88 7520 8064 114 55861
89 7606 9366 25 7532
90 7700 17572 39 339389
91 7809 14992 122 464118
92 7834 8217 69 29499
93 7907 15456 28 97425
94 7946 11860 98 164435
95 8114 13657 114 434087
96 8154 19662 24 92679
97 8161 9953 108 122979
98 8246 12791 15 16106
99 8339 9596 126 25466
100 8807 16283 75 161274
101 8822 10074 106 68955
102 9033 13253 11 20770
103 9052 15254 25 78515
104 9232 13692 8 28611
105 9296 11372 35 21670
106 9536 14490 19 73604
107 9566 11250 18 25340
108 9600 14712 10 12329
109 9661 17865 88 94739
110 9683 12949 33 24345
111 9687 11371 71 59165
112 9707 13887 24 48567
113 9708 11127 149 111179
114 9749 17043 136 204003
115 9775 11341 16 11630
116 9859 12981 139 174848
117 9862 13648 110 287537
118 9980 11592 19 12636
119 10166 19454 113 725443
120 10190 13749 5 8899
121 10200 16469 4 12812
122 10248 13991 108 162645
123 10297 14746 9 26727
124 10302 12564 139 138138
125 10518 13622 108 78986
126 10521 20200 11 99852
127 10599 23818 129 380005
128 10737 30926 82 436852
129 10784 22463 132 345560
130 10860 19106 11 17958
131 11688 11962 45 5437
132 12078 14278 4 2815
133 12242 20205 13 56683
134 12253 38911 41 493385
135 12515 13029 118 23730
136 12702 16708 36 48429
137 12753 14107 110 33548
138 12777 18630 16 51423
139 12833 19909 133 206601
140 12867 13431 17 4609
141 13093 13161 81 1796
142 13129 16550 65 150840
143 13365 26194 84 593454
144 13448 15758 97 44581
145 13986 14762 117 82037
146 14002 23786 33 66276
147 14244 17868 30 30261
148 14286 22195 143 734182
149 14667 23533 142 510564
150 14917 40693 5 61909
151 14920 17106 122 82737
152 14982 19445 39 65697
153 15022 17516 132 249387
154 15058 29351 67 156934
155 15318 22263 11 44097
156 15331 17575 43 36394
157 15638 25682 54 119386
158 15642 16013 150 24527
159 15680 17421 40 23289
160 15681 24382 102 301586
161 15761 32114 12 55448
162 15902 17510 8 2417
163 15927 18602 9 13147
164 15947 31556 15 146583
165 16048 28351 111 822162
166 16070 16809 66 24334
167 16094 20788 33 68852
168 16238 18198 5 6121
169 16245 17048 9 2463
170 16357 21812 7 18374
171 16381 23605 118 154125
172 16446 20686 28 27354
173 16465 22428 65 90801
174 16675 26648 63 266745
175 16765 24641 4 20917
176 16791 30846 14 51918
177 16820 36047 8 88357
178 16893 22053 77 307213
179 17075 18039 111 60750
180 17284 23023 78 383592
181 17341 17638 144 25036
182 17363 26512 26 118580
183 17559 22496 11 26535
184 17629 46693 28 59602
185 17958 32166 8 17379
186 18089 20817 122 74809
187 18373 20002 10 7159
188 18564 18887 125 11041
189 19186 20899 13 9768
190 19194 20408 18 18637
191 19291 29656 77 390529
192 19319 22672 18 18001
193 19372 24579 46 121558
194 19509 21677 21 17867
195 19902 20405 41 19018
196 19936 31180 55 156017
197 20078 20779 42 22846
198 20151 20887 124 35886
199 20158 20912 73 25898
200 20357 27611 114 586598
201 20368 27437 80 146403
202 20436 23241 32 56022
203 20450 22517 80 268850
204 20679 22408 18 10140
205 20697 35128 36 172795
206 20722 21090 71 30141
207 20776 34128 120 832595
208 20816 23157 4 3730
209 20958 25890 18 53379
210 20969 29721 115 279070
211 20990 24521 75 182118
212 21048 24133 102 172755
213 21124 21482 99 21321
214 21208 24649 110 178492
215 21257 23115 129 220801
216 21294 24270 38 26062
217 21377 37378 93 867040
218 21429 21764 118 49255
219 21579 27408 114 442978
220 21611 25929 24 57800
221 21615 27219 10 26100
222 21728 34127 9 64497
223 21961 53186 57 364071
224 22100 27116 119 116676
225 22296 26054 102 167830
226 22509 23758 72 36301
227 22534 41487 4 14952
228 22561 42138 145 706493
229 22594 43707 35 548414
230 23021 30705 50 381962
231 23312 24339 59 19051
232 23335 34546 10 44720
233 23353 32265 10 52936
234 23398 27572 23 32785
235 23430 31855 75 216229
236 23475 25937 126 76721
237 23692 35681 39 698555
238 23707 28067 20 51440
239 23737 30362 81 273512
240 23769 24316 143 52798
241 23802 36741 25 108261
242 23960 59245 116 1786881
243 24052 28317 32 26451
244 24095 33704 56 237590
245 24368 29744 132 136151
246 24398 34557 94 173791
247 24412 26535 44 21491
248 24432 26972 73 63375
249 24452 24617 18 1702
250 24484 33782 51 164864
251 24509 31934 8 38580
252 24685 34233 62 189613
253 24704 25880 42 27113
254 24721 37562 84 255479
255 24799 25325 58 18591
256 25063 25084 19 508
257 25099 52893 112 2000567
258 25109 37324 105 350084
259 25241 28212 14 10070
260 25399 30451 25 48178
261 25448 28735 57 55451
262 25641 25687 71 1801
263 25790 36574 19 78662
264 25851 33866 115 153019
265 25871 32389 42 83115
266 26072 28234 130 95828
267 26146 26384 136 44902
268 26165 26908 147 47842
269 26188 31984 78 185062
270 26239 27351 66 15019
271 26727 29168 27 19363
272 27045 39979 8 36611
273 27205 32966 66 330473
274 27284 44795 47 528431
275 27317 29130 21 22309
276 27483 32007 102 230888
277 27634 35420 6 21811
278 27879 28045 21 1467
279 27894 28885 19 19537
280 27900 28101 137 12589
281 27963 39099 95 1395010
282 28131 39075 66 576018
283 28155 29621 97 217530
284 28165 29401 8 9525
285 28236 32983 52 115922
286 28353 50956 63 240114
287 28484 29422 76 45286
288 28648 30445 82 58982
289 28678 29699 145 50381
290 28749 43154 123 1301655
291 28844 41373 17 81831
292 28946 29117 50 6707
293 29186 30909 143 93364
294 29334 29915 126 29121
295 29371 37030 5 9174
296 29516 35820 30 37580
297 29590 31771 7 4664
298 29711 33057 52 118561
299 29715 33910 15 47676
300 29848 41627 89 1491531
301 29858 30770 46 11578
302 29957 37541 32 262140
303 29982 35247 110 332319
304 30178 31171 7 4030
305 30283 36055 110 156853
306 30311 34462 104 588000
307 30336 32971 92 79095
308 30569 32902 74 224492
309 30618 32155 14 17348
310 30643 31531 62 32777
311 30669 39862 21 51506
312 30780 38347 24 135601
313 30820 48215 136 894353
314 30845 31528 36 33290
315 30865 38481 131 545291
316 30998 39009 95 482231
317 31090 31202 149 9809
318 31154 42979 37 217555
319 31162 31570 121 41375
320 31229 34372 35 22354
321 31253 48250 107 788745
322 31332 34047 60 30070
323 31377 41687 43 160492
324 31495 32360 40 10547
325 31535 39065 20 127192
326 31565 32506 11 9697
327 31699 33095 111 59274
328 31813 52047 32 266131
329 31908 31963 13 637
330 32013 34642 9 30214
331 32029 37684 16 82444
332 32077 36772 140 247756
333 32122 38437 139 133181
334 32192 33781 44 22718
335 32306 34028 56 41794
336 32394 39253 7 21359
337 32535 37394 27 265024
338 32565 42407 107 456509
339 32616 37630 14 24158
340 32628 35502 93 330851
341 32727 34962 24 10526
342 32752 36215 138 296768
343 33027 33285 127 14574
344 33094 35305 80 51932
345 33260 36577 125 112986
346 33396 33989 6 2710
347 33453 45732 50 447192
348 33532 44433 4 13281
349 33691 34491 63 17994
350 33830 36218 8 10833
351 33895 34945 40 40086
352 33967 34293 17 5716
353 33995 38782 12 31452
354 34060 38199 65 57730
355 34112 38450 10 23653
356 34388 39371 64 132448
357 34417 40169 86 132078
358 34517 38779 55 120629
359 34730 45731 16 60240
360 34737 58011 101 1179866
361 34869 46883 15 117197
362 34880 41483 148 361850
363 35040 44783 8 19388
364 35057 36668 42 48995
365 35116 35235 129 3046
366 35146 44302 115 149546
367 35232 44121 18 187103
368 35299 41639 45 88236
369 35347 41872 71 257049
370 35396 45385 50 514843
371 35426 42867 77 770633
372 35496 39294 24 47444
373 35656 38845 73 96306
374 35669 43569 23 146656
375 35792 44424 150 412162
376 35852 43315 34 76899
377 35868 51308 18 155112
378 35889 37833 28 63263
379 36067 56893 9 58055
380 36194 40165 143 169101
381 36310 37369 28 10926
382 36380 39532 80 109722
383 36494 37797 8 4337
384 36656 44576 107 392203
385 36685 39213 37 21733
386 36795 37298 14 3153
387 36804 56158 100 501878
388 36889 44527 86 224419
389 37027 48020 19 49166
390 37062 52505 143 758685
391 37079 40993 121 221334
392 37134 45939 59 132185
393 37239 43404 7 6891
394 37255 63221 96 1137828
395 37309 42886 97 321682
396 37517 38348 50 34264
397 37528 42576 48 54354
398 38039 40329 124 52863
399 38084 40122 32 18721
400 38203 38568 4 779
401 38240 43996 5 12301
402 38309 47925 40 118212
403 38321 40254 10 10714
404 38478 39305 25 13279
405 38552 46485 5 8212
406 38785 44410 137 197384
407 38939 41608 5 7011
408 38945 41856 105 219544
409 39113 51186 7 48432
410 39176 41743 131 61330
411 39235 46095 37 91257
412 39281 49096 12 59041
413 39354 43479 107 408709
414 39522 41919 49 57014
415 39526 45057 132 362997
416 39581 44483 97 214158
417 39712 42507 144 332327
418 39737 42735 116 93527
419 39837 40675 33 9966
420 39933 43711 15 72420
421 39943 57782 26 98548
422 40058 51657 57 295611
423 40116 44232 104 184862
424 40259 46699 59 224548
425 40428 43733 58 85729
426 40450 42939 106 141648
427 40487 44185 101 180147
428 40496 40539 103 2422
429 40597 40967 4 1176
430 40719 41170 92 15213
431 40820 41052 135 26492
432 40888 42921 13 14719
433 41045 41444 103 47693
434 41142 42191 140 124195
435 41196 52398 39 89676
436 41201 55183 46 242873
437 41284 42864 36 18662
438 41341 48276 61 346267
439 41357 45719 141 215217
440 41359 42414 15 14111
441 41368 45261 41 33308
442 41475 42234 137 58347
443 41788 62499 33 628409
444 41791 47868 13 28888
445 41815 42633 147 75696
446 41829 45914 74 118820
447 41839 50395 48 294126
448 41900 52357 19 97019
449 42077 44919 53 123608
450 42187 45712 39 103110
451 42261 44857 20 30708
452 42510 46539 12 28507
453 42651 61501 95 452960
454 42665 45635 23 19308
455 42676 53260 41 90766
456 42754 51097 37 274381
457 42791 48129 81 45049
458 42874 54841 51 330331
459 42986 45532 57 118139
460 43077 60802 21 113316
461 43361 46029 38 108500
462 43365 52661 57 221288
463 43409 45317 9 17445
464 43511 43790 6 1548
465 43599 69194 37 782273
466 43613 48667 28 50477
467 43708 69607 27 259670
468 43762 45268 72 80357
469 43866 44985 10 6830
470 43973 44396 81 18269
471 43992 44231 42 8625
472 44022 55802 47 126928
473 44085 49136 5 16470
474 44102 50528 149 1559771
475 44249 50751 101 373499
476 44291 44647 18 3232
477 44343 56786 63 306889
478 44421 48448 93 373583
479 44440 44847 6 738
480 44501 47420 70 91984
481 44502 54639 101 284046
482 44666 47224 27 25092
483 44825 46329 82 42832
484 44937 46535 65 83112
485 44939 47180 75 196754
486 44950 46354 71 45637
487 45041 68335 119 3261035
488 45053 45992 10 2981
489 45124 49721 91 76028
490 45462 45497 120 1094
491 45787 51800 119 400047
492 45860 46348 135 79830
493 45975 50054 24 72314
494 46067 54878 125 401966
495 46335 49915 129 221905
496 46376 46820 98 73572
497 46560 52787 138 493798
498 46741 53388 129 250899
499 46783 60320 76 437798
500 46794 47675 114 97503
501 46886 57648 75 123248
502 46887 48166 111 73294
503 47044 55853 25 229890
504 47150 48967 98 61938
505 47173 48322 70 91344
506 47219 50073 57 224252
507 47448 49497 86 220198
508 47519 56903 109 240851
509 47528 49728 37 42003
510 47533 47884 13 4540
511 47558 49399 69 84808
512 47691 52253 118 103309
513 47934 48154 17 3390
514 48106 55112 36 105693
515 48317 50977 5 10310
516 48378 59543 114 465953
517 48492 52639 6 24840
518 48693 53070 31 37331
519 48910 50049 50 26220
520 49046 53935 66 102721
521 49126 60159 26 56356
522 49132 55151 21 58091
523 49155 50657 15 4530
524 49204 51245 10 10041
525 49378 50029 37 16102
526 49846 57578 126 317189
527 49894 54664 130 480990
528 49908 68700 46 409745
529 50302 81127 111 594494
530 50308 66599 42 189692
531 50333 52076 85 192920
532 50462 57863 18 48432
533 50470 67499 111 1070455
534 50472 50831 14 752
535 50500 64975 97 182041
536 50628 50643 106 1135
537 50738 64430 64 744581
538 50755 55610 68 170503
539 50896 52108 104 62129
540 50904 63075 127 519821
541 50978 53552 21 35346
542 51004 51835 19 9193
543 51063 53714 140 100742
544 51067 51302 8 951
545 51164 60195 28 59180
546 51267 52853 118 105760
547 51297 55867 54 226725
548 51351 58369 10 13839
549 51577 52307 16 5708
550 51596 55354 33 89525
551 51636 54142 75 62592
552 51811 54928 8 11434
553 51842 54738 54 19877
554 51915 53090 123 58553
555 51921 54499 13 10626
556 52018 54165 81 98727
557 52053 58268 8 28985
558 52124 57735 81 283774
559 52225 64922 90 866526
560 52296 59520 11 59843
561 52323 55634 34 42923
562 52330 52368 79 2105
563 52369 57035 46 113381
564 52477 56467 12 16438
565 52648 53979 146 161887
566 52663 57888 5 9392
567 52807 53422 46 13641
568 52880 55612 12 4603
569 52920 59355 97 339964
570 52940 54049 9 5148
571 53117 55186 66 74469
572 53317 53920 10 6837
573 53529 53861 5 2567
574 53767 61213 142 366953
575 53886 69705 26 65962
576 53924 56759 19 39603
577 54038 70355 58 83578
578 54093 55460 58 68881
579 54214 64027 45 258010
580 54331 56890 135 71370
581 54344 54478 79 6124
582 54487 57069 28 38637
583 54674 62711 33 124495
584 54859 54974 33 7318
585 54908 56784 8 13133
586 54991 57086 142 237496
587 55119 59420 13 10127
588 55195 65756 125 332862
589 55365 57737 83 40078
590 55607 67062 87 706032
591 55616 55974 138 38874
592 55645 55903 24 2894
593 55704 79671 13 188157
594 55717 64974 26 105052
595 55772 56327 148 119627
596 55817 56296 7 2795
597 56055 88790 26 178751
598 56129 61873 13 15430
599 56440 68251 44 343096
600 56554 57170 42 12657
601 57031 74464 8 34365
602 57123 60131 48 45033
603 57139 60214 17 20943
604 57302 63363 76 149778
605 57447 73147 28 221078
606 57466 60801 125 213895
607 57473 65290 27 118518
608 57729 58502 13 4329
609 57733 63918 7 15103
610 57997 67165 16 36603
611 58012 60491 10 31170
612 58033 66230 32 47632
613 58164 61860 108 138202
614 58177 85727 31 549523
615 58437 60830 50 72531
616 58521 58544 99 953
617 58590 61811 24 49563
618 58614 58916 112 31713
619 58809 58873 63 2508
620 58885 60247 105 41973
621 59022 62071 36 50449
622 59132 64091 37 32226
623 59278 59885 47 9582
624 59368 61051 86 33256
625 59416 59575 120 18070
626 59651 86950 14 151573
627 59740 66959 105 567622
628 59758 61788 66 74315
629 59780 61339 7 4452
630 59859 60424 126 81179
631 59941 60790 136 37310
632 60062 60353 148 29786
633 60157 62660 144 156603
634 60183 60529 10 3200
635 60371 60393 120 3609
636 60417 64673 126 256217
637 60654 62851 6 3576
638 60807 61232 91 12829
639 60861 63313 149 386398
640 60874 61550 96 16498
641 61092 61415 46 5513
642 61158 63896 100 53323
643 61276 62004 23 5295
644 61288 81122 122 570105
645 61296 62715 5 8687
646 61353 64330 118 89144
647 61382 62762 6 4564
648 61580 65163 6 23178
649 61631 64971 13 21398
650 61652 63170 131 311566
651 61767 63372 43 93060
652 61782 63663 140 106913
653 61793 66158 45 65057
654 61861 62105 86 26767
655 61962 63298 7 5189
656 61997 65466 143 56089
657 62011 74739 38 300380
658 62086 62721 15 5229
659 62161 72398 62 102160
660 62191 66881 11 55163
661 62214 65449 74 41976
662 62253 64711 103 396137
663 62288 66196 111 266187
664 62309 70197 42 106186
665 62415 64895 5 4414
666 62416 63859 67 50016
667 62559 73811 18 34204
668 62760 73998 15 43698
669 62895 66387 52 93492
670 62960 64594 34 17292
671 62988 64473 46 64830
672 63118 67633 112 197883
673 63148 64632 8 7789
674 63176 65195 25 29212
675 63234 69018 35 139554
676 63241 74012 36 78534
677 63249 66184 8 22775
678 63412 67705 76 449798
679 63655 64140 80 33172
680 63852 70814 76 270264
681 63857 69410 11 27220
682 64167 74467 74 390933
683 64206 65990 28 11079
684 64239 71466 71 278950
685 64331 64778 43 10028
686 64347 68280 6 22785
687 64385 64554 5 838
688 64450 66383 18 28658
689 64513 66273 6 6187
690 64517 73687 18 140693
691 64558 71252 47 156352
692 64570 74752 116 826625
693 64679 66220 27 19632
694 64687 71499 17 106393
695 64770 66467 124 74918
696 64858 66718 15 14433
697 64973 69685 5 8918
698 65248 65826 35 3183
699 65949 71195 80 93531
700 66122 66654 131 10896
701 66156 70839 90 295076
702 66172 68831 13 24687
703 66207 74990 120 309908
704 66340 79287 4 29595
705 66470 66498 87 3122
706 66495 69113 48 37452
707 66560 77014 6 16892
708 66647 68074 53 46547
709 66943 76485 14 47295
710 67112 69415 83 92676
711 67120 70343 24 75809
712 67199 79772 106 1352850
713 67232 81025 41 116625
714 67286 67775 8 4235
715 67356 67678 17 2164
716 67520 71992 25 34097
717 67714 69474 6 9122
718 67774 70921 68 56679
719 67827 68129 26 4276
720 67838 73953 141 658810
721 67850 80242 6 21996
722 68045 70969 68 51418
723 68302 81856 120 429570
724 68315 73186 134 441881
725 68479 69362 31 9253
726 68539 68745 31 1359
727 68655 68793 24 2833
728 68699 75201 28 40929
729 68999 73120 54 31510
730 69098 69955 34 11187
731 69218 74393 100 344464
732 69315 74568 17 63965
733 69451 73533 97 264828
734 69597 72354 61 24934
735 69604 74683 23 40131
736 69692 74513 11 14097
737 69843 79200 91 602367
738 69844 70628 80 28201
739 69849 82094 89 264357
740 69858 73184 15 17463
741 69930 74247 22 8255
742 69936 72777 15 20060
743 70183 74797 42 60857
744 70528 74989 8 5800
745 70761 73746 13 33367
746 70782 73401 116 118233
747 70818 73834 82 52875
748 70916 77472 12 35735
749 70941 73085 25 21581
750 71008 73638 13 7176
751 71050 74377 114 172425
752 71204 72445 31 27740
753 71214 89097 14 123190
754 71216 83687 121 468456
755 71223 71921 91 22071
756 71870 90128 93 1448606
757 71878 72018 120 6179
758 71960 76001 14 26435
759 71986 72407 56 24958
760 72097 74504 71 211536
761 72161 88464 33 245534
762 72199 72674 25 9569
763 72219 72371 6 378
764 72315 73458 81 86671
765 72518 75480 60 87173
766 72629 87563 85 622805
767 72647 86405 24 70048
768 72848 79257 7 8451
769 72855 73009 22 944
770 72902 85969 110 432571
771 72936 82075 29 202287
772 73099 78861 89 183013
773 73538 75821 19 9082
774 73651 81048 5 37864
775 73739 75243 77 73874
776 73763 84975 11 52568
777 73808 78659 14 40920
778 73873 75933 99 169743
779 73876 75285 141 459140
780 73937 79336 83 212514
781 74158 74680 58 17848
782 74239 76521 48 48118
783 74364 88444 77 482663
784 74506 79312 150 382077
785 74728 75275 88 23370
786 75113 80218 143 388695
787 75248 75948 74 47831
788 75266 75291 23 263
789 75330 83546 9 20014
790 75381 79433 47 86456
791 75436 77596 27 25090
792 75688 77572 18 9699
793 75840 77245 99 60576
794 75908 82851 17 73507
795 75976 78157 58 41298
796 76178 78406 16 11736
797 76261 88338 121 435813
798 76277 91608 59 276293
799 76310 78507 15 10098
800 76319 76830 146 40321
801 76437 87476 28 421025
802 76450 77005 48 21143
803 76462 81781 15 19180
804 76836 78480 15 6523
805 76875 77949 74 82927
806 76906 78075 98 115168
807 76990 77900 70 32114
808 77045 85429 109 170258
809 77063 77654 21 15141
810 77089 77311 38 2720
811 77261 88082 105 288284
812 77410 77492 73 4942
813 77595 78335 117 34611
814 77803 82026 64 106412
815 77860 81645 102 176229
816 77918 78508 87 21222
817 77996 80540 75 62692
818 78129 79832 48 77094
819 78310 78320 23 114
820 78316 79585 91 69574
821 78441 87924 46 33291
822 78482 79788 110 33456
823 78483 86738 18 40953
824 78853 80610 128 195183
825 78917 84730 44 81394
826 78955 82599 37 59764
827 78975 79427 72 12305
828 79063 83452 19 18082
829 79086 81976 146 213736
830 79130 85747 80 92979
831 79135 80628 62 33049
832 79180 80930 78 73489
833 79458 80069 24 15453
834 79490 92230 57 523236
835 79568 79931 93 11891
836 79681 90245 144 460533
837 79789 82597 31 151914
838 79805 81351 55 64459
839 79813 85800 94 121402
840 80033 82625 83 65928
841 80090 80951 122 58526
842 80246 80461 34 5088
843 80323 82613 15 18385
844 80704 80956 74 5450
845 81099 85332 23 67323
846 81110 81509 132 34837
847 81265 93514 120 466596
848 81312 91047 35 72398
849 81703 89303 58 140010
850 81746 85484 150 226596
851 81936 87968 46 195313
852 81965 82917 8 4793
853 81972 86969 42 32327
854 82028 86576 121 91266
855 82119 83719 5 4388
856 82144 83770 34 24255
857 82219 84451 4 3996
858 82249 82518 51 6480
859 82423 86778 98 294398
860 82641 94212 72 215521
861 82772 91731 64 254970
862 82773 89703 118 119182
863 82798 85344 15 21330
864 82814 87016 9 9031
865 83105 85647 18 23959
866 83170 85826 81 137544
867 83264 91964 27 64301
868 83304 85480 112 209741
869 83315 83567 23 3629
870 83366 88271 140 248016
871 83373 84113 26 11120
872 83493 88408 14 47206
873 83528 96156 84 418160
874 83606 90574 80 257583
875 83634 97066 83 1282212
876 83651 92424 8 34086
877 83675 84240 46 12788
878 83765 86509 75 162916
879 83871 84150 111 22724
880 83873 85124 4 3131
881 83887 93814 61 169018
882 83943 84072 68 5775
883 84173 98500 56 174610
884 84224 85334 70 12750
885 84281 94627 108 454018
886 84322 92797 16 48432
887 84620 95343 49 119267
888 84718 93854 16 53072
889 84944 91987 109 583245
890 85206 85772 110 49348
891 85223 90528 13 85416
892 85248 91171 82 225892
893 85392 88635 17 29099
894 85562 88961 121 323883
895 85588 99499 104 360153
896 85768 86408 9 5587
897 85798 87497 8 4929
898 86123 87161 7 2838
899 86190 89244 122 90796
900 86210 87932 111 124425
901 86225 88692 59 108864
902 86277 94651 21 19016
903 86337 89998 66 104278
904 86414 86422 111 1321
905 86454 89912 81 123711
906 86498 88573 11 7031
907 86624 87989 10 3814
908 86645 87791 118 30628
909 86713 98741 42 279384
910 86754 89717 113 132100
911 86780 89331 98 36839
912 86833 87303 70 19483
913 86902 91089 59 43760
914 86917 87788 137 67136
915 87063 87957 21 8674
916 87188 87426 52 6896
917 87220 90214 9 10309
918 87327 88379 67 31096
919 87335 91305 34 47732
920 87482 92926 10 12892
921 87594 90993 43 49762
922 87647 92405 93 151507
923 87710 91668 56 288337
924 87773 89385 117 44724
925 87814 96203 47 114310
926 87821 89914 22 21249
927 87967 90234 89 64938
928 88043 92703 43 54363
929 88134 92161 54 88891
930 88244 88883 119 214262
931 88411 93282 142 375008
932 88748 90032 70 47863
933 88990 97503 9 22290
934 89132 91899 55 53248
935 89250 89534 70 7831
936 89327 93067 8 17366
937 89361 96384 8 13952
938 89436 93422 131 362827
939 89896 93592 77 184623
940 90084 96093 17 29061
941 90419 92056 30 20199
942 90458 96990 60 221980
943 90483 99391 9 22849
944 90572 92619 66 84637
945 90670 96862 97 141587
946 90902 93555 11 16099
947 91153 94138 42 24480
948 91488 94187 109 84799
949 91553 94293 44 53432
950 91626 98628 121 185743
951 91748 93496 58 42138
952 91750 97215 114 152575
953 91862 94988 78 93986
954 91880 95935 129 322526
955 92062 99439 20 53302
956 92410 97829 84 194919
957 92487 94520 112 49255
958 92726 92808 39 864
959 92736 93043 22 13248
960 92789 95811 19 32354
961 93118 94219 31 31252
962 93234 94019 67 78959
963 93256 98788 116 138589
964 93265 99322 31 140251
965 93300 95196 116 215713
966 93453 94705 49 107674
967 93630 96939 46 35077
968 93706 97218 16 48342
969 93723 93766 129 13316
970 93765 99295 135 951873
971 93825 94662 134 70770
972 93886 96338 24 16232
973 93904 94544 45 38218
974 93992 99342 11 36023
975 94132 95186 69 50151
976 94152 97121 44 68083
977 94202 96679 32 16241
978 94302 98205 57 57069
979 94531 95621 39 24530
980 94581 95873 136 77646
981 94592 97086 5 4132
982 94616 99947 10 9673
983 94619 95244 83 12354
984 94750 94950 84 12567
985 94857 95867 72 36691
986 95102 99076 47 102505
987 95323 96922 10 9600
988 95579 96047 64 10985
989 95588 96523 62 46069
990 95680 96276 75 16832
991 95775 96675 29 24043
992 96463 98759 32 20475
993 96716 98246 139 128853
994 96765 98235 104 20868
995 97417 97970 101 85155
996 97821 99216 121 112088
997 98852 99119 112 19527
998 99256 99300 72 2586
999 99733 99820 27 4803
