50 1000 0.039
...................#####...............######.....
...................#####...............########...
.....................##................#########..
......................................###########.
.....................................########.##..
......................................####.###....
.......................................##.######..
........................................###.##....
.........................................######...
.......................................###.######.
........................................#########.
...................................#############..
...................................#..##.###.###..
...................................####.######.##.
...................................#..#..#######..
....................................####..#.......
.......................................#..........
..................................................
....................#.....#.......................
...................###.#..#.##.#.#................
.................##..###.#########................
.................##.##.#..#######.................
...............################.##................
................##.####..##########...............
................#.#####...#######.................
...............#####.##.#####..##.......#....###..
...............#####.##.##########.....##....####.
.................###.....######.#......##.#.#####.
...................#..########..##......####.###..
........................######..##.....#########..
..........................###........##########.#.
..........................##..........######.####.
...........................#.#.........##.########
.............................#........###########.
................#...........###........###########
..........###.###.........#.#...........#.##..###.
.........####.##.........####........#########..#.
........####...#.........####.##.#..###..####.....
.........#########.........#######..#......#......
......#########.#..........####...................
......##.######.#.........#####...................
.......############......##########...............
.......###########.........#######................
........##.#####............######................
.........#.###................#.#.................
.......#####......................................
.....##.##.####...................................
......########....................................
.......########...................................
......##########..................................
0 99 1856 70 79243
1 103 4701 115 513346
2 131 21459 108 1288706
3 139 16380 135 1585135
4 305 2956 45 103849
5 317 1827 26 21109
6 389 12838 13 66852
7 410 3154 105 64812
8 436 2707 83 171538
9 454 7641 5 17555
10 563 1172 36 7307
11 626 4983 11 69842
12 649 1528 49 27558
13 675 23687 19 195799
14 685 8133 91 592528
15 790 9232 8 26340
16 844 10338 19 66234
17 891 1936 52 45334
18 895 2574 60 48971
19 896 2344 62 33250
20 1011 5199 52 123979
21 1032 5780 123 152238
22 1080 8153 6 15301
23 1095 2893 77 51682
24 1190 1974 69 55985
25 1512 6507 94 316773
26 2010 5462 21 26832
27 2131 15294 60 355538
28 2368 25388 106 491629
29 2440 4927 61 28090
30 2623 20232 51 421096
31 2820 12445 56 80885
32 2890 20479 44 146993
33 2978 3120 95 5149
34 3020 4708 46 40622
35 3259 11005 129 921532
36 3282 11236 62 159267
37 3356 26635 6 31829
38 3450 13513 33 228807
39 3933 8182 72 80732
40 3936 14064 26 72780
41 4066 10344 47 58227
42 4077 16185 84 189031
43 4116 9125 56 79134
44 4123 20557 110 562151
45 4164 20782 113 1289345
46 4380 26597 59 774124
47 4398 10018 12 59299
48 4411 7605 6 18475
49 4531 17673 62 273877
50 4538 55269 56 1455011
51 4662 4839 14 944
52 4776 12740 76 304041
53 4920 14279 14 46461
54 4934 14871 12 42745
55 5027 34580 115 2046015
56 5133 17622 121 532046
57 5292 10438 116 299595
58 5455 5851 109 96102
59 5499 28081 49 538030
60 5529 5871 47 6390
61 5601 9193 94 215878
62 5605 30251 28 156231
63 5776 13591 19 30826
64 5943 10095 8 12827
65 6028 8458 17 43493
66 6128 13116 26 75537
67 6211 12477 65 151650
68 6331 32639 7 72754
69 6349 8221 8 8099
70 6484 38614 98 1401017
71 6503 6779 37 7501
72 6561 37486 9 167006
73 6601 6740 26 1538
74 6734 18662 88 387572
75 6886 32917 121 461417
76 7121 30396 9 80392
77 7472 15604 10 68421
78 7558 30465 31 163863
79 7595 16920 65 218054
80 7643 10143 69 80825
81 7668 25858 9 78538
82 7708 19940 13 52627
83 7815 18005 28 50145
84 7861 10127 58 84559
85 7965 20757 81 387523
86 8062 27840 127 1295004
87 8064 21726 15 46793
88 8171 10014 29 14433
89 8186 27952 76 1413456
90 8206 9188 137 82298
91 8523 20295 75 267233
92 8540 20311 71 129909
93 8657 15763 107 133215
94 8733 15231 134 383725
95 8863 22415 26 109049
96 8958 34903 124 1993255
97 9017 11483 16 11658
98 9048 12590 39 75461
99 9290 14070 56 208006
100 9347 17601 141 366775
101 9454 13822 54 54335
102 9483 37496 73 369414
103 9625 27144 115 926711
104 9684 11814 102 107373
105 9740 14278 27 53672
106 9785 31695 76 993445
107 9934 24807 4 23552
108 9985 37054 4 45206
109 10051 10063 8 108
110 10069 11169 39 43206
111 10099 13987 15 28304
112 10213 11534 4 2818
113 10244 14910 36 42958
114 10429 11082 14 6884
115 10525 19318 78 260464
116 10651 12652 22 26079
117 10799 13203 27 7432
118 10847 11679 52 67315
119 10891 32413 46 139483
120 10893 17134 127 163929
121 10971 11760 111 49664
122 11107 12069 11 7821
123 11117 22563 26 200500
124 11145 28940 16 57973
125 11148 13571 11 19450
126 11153 13903 58 126678
127 11158 12093 26 3242
128 11210 13403 11 19732
129 11422 18896 92 494792
130 11717 12128 76 18302
131 11720 18096 23 134675
132 11726 27702 113 695181
133 11791 15416 17 19058
134 12009 26828 134 609216
135 12252 40001 98 1329280
136 12264 18013 13 22039
137 12438 24965 26 68240
138 12449 13320 17 5885
139 12517 22428 12 112701
140 12571 20600 8 7232
141 12645 15140 44 21391
142 12705 23680 87 435534
143 12737 27269 109 1322965
144 12996 22324 108 343613
145 13100 15945 112 151988
146 13151 20620 93 618927
147 13241 19870 75 507172
148 13283 14398 81 39483
149 13462 55484 124 1124902
150 13554 32638 85 597888
151 13619 16178 128 160632
152 13674 16246 13 10560
153 13797 27889 7 47907
154 13847 32812 53 611983
155 13878 16602 55 95868
156 13973 25069 80 1894090
157 14104 36749 5 34415
158 14124 18447 44 110576
159 14139 16194 10 20174
160 14283 23128 49 88571
161 14470 17186 94 66455
162 14556 19337 125 234385
163 14609 37523 132 1006875
164 14642 42659 74 732737
165 14710 18403 58 92514
166 14789 24414 53 91108
167 14879 25667 27 277050
168 14889 42860 10 196227
169 15106 23404 62 319800
170 15166 16443 54 13296
171 15216 16453 34 21846
172 15359 19400 109 156439
173 15571 28102 28 178954
174 15888 19238 104 62189
175 15912 35441 139 1763077
176 15949 37884 10 83910
177 16054 25268 43 137845
178 16130 27960 94 763085
179 16169 36294 23 393905
180 16223 27225 50 160417
181 16275 16352 91 3262
182 16306 21644 147 746809
183 16312 19351 109 155216
184 16360 16908 33 10201
185 16420 19503 46 52528
186 16550 16782 8 1430
187 16648 26135 66 350996
188 16684 23236 23 60173
189 16729 35523 9 80479
190 16810 19237 7 5823
191 16929 38152 58 306637
192 16989 20196 27 28688
193 17064 28486 44 159798
194 17085 24209 6 13583
195 17188 36727 18 138722
196 17237 25199 56 514726
197 17277 23441 99 118349
198 17308 17635 13 1766
199 17340 20233 19 34699
200 17352 26936 133 1608607
201 17624 21435 9 17965
202 17709 20524 69 26392
203 18003 52964 64 642356
204 18045 22266 82 90358
205 18301 18547 61 7685
206 18324 28333 103 929858
207 18380 30216 82 335255
208 18602 28832 102 781931
209 18671 47752 30 447384
210 18681 25005 144 257346
211 18768 26672 19 64354
212 18912 49968 16 257973
213 18985 28827 23 48124
214 19324 45127 28 191007
215 19341 22189 70 62798
216 19427 20523 7 2543
217 19572 29451 5 26089
218 19599 19681 35 1240
219 20027 27597 117 255724
220 20133 33269 28 103812
221 20337 20500 116 3541
222 20390 30018 16 69210
223 20401 33526 92 411982
224 20610 29001 52 259318
225 20623 45972 51 784199
226 20789 31939 146 327524
227 20861 29971 54 208962
228 20906 22831 37 42221
229 20924 22337 11 6242
230 20960 21865 16 5690
231 20962 21797 74 33162
232 21006 36997 15 86671
233 21068 23919 116 210112
234 21125 23711 90 134664
235 21148 21311 5 234
236 21152 22766 139 155769
237 21234 29558 89 494717
238 21585 23103 81 79447
239 21614 36844 75 254773
240 21694 28217 138 214363
241 21887 26554 125 256881
242 22080 26283 55 432072
243 22114 29172 137 353394
244 22173 25948 31 17864
245 22248 57463 10 45162
246 22389 32772 42 51289
247 22412 48137 136 1533921
248 22427 36814 4 20137
249 22445 24874 113 48759
250 22503 31895 47 366050
251 22575 25133 53 94100
252 22647 27544 104 156369
253 22802 37648 134 703846
254 22811 29658 7 18335
255 22850 53000 67 288414
256 22874 43998 39 212994
257 23398 35215 36 529721
258 23452 32349 89 195165
259 23466 27209 146 274506
260 23562 24585 80 48481
261 23796 29163 28 66917
262 23814 26774 96 149883
263 23921 25186 122 117405
264 23966 70226 103 1177722
265 23971 53216 82 225753
266 23975 43357 80 379848
267 24268 38451 16 126326
268 24286 43196 21 95952
269 24462 35520 127 555936
270 24499 25276 129 25343
271 24547 28762 75 401179
272 24568 28377 40 102865
273 24586 27121 22 50218
274 24712 24759 54 3162
275 24737 35718 82 270439
276 24843 33110 50 96705
277 24907 28054 65 68741
278 24973 31453 4 27285
279 24996 26013 67 39426
280 25008 27407 7 7948
281 25051 25071 56 1063
282 25117 26263 18 13001
283 25176 25632 35 6062
284 25187 28768 23 32361
285 25288 25581 143 22378
286 25383 38938 137 566690
287 25400 26649 38 16024
288 25415 33245 72 212773
289 25600 34986 117 595633
290 25819 32363 64 274176
291 25943 29203 37 52958
292 26130 26424 127 11832
293 26138 31073 68 75668
294 26230 37221 101 807910
295 26349 44031 61 667756
296 26420 30629 7 55774
297 26611 27709 5 7833
298 26698 43557 129 542044
299 26866 29532 40 71354
300 27197 36559 55 128940
301 27389 34430 19 33663
302 27394 34159 5 20788
303 27579 30699 62 143500
304 27652 29373 13 15293
305 27680 63343 87 1049177
306 27692 32679 38 116820
307 27874 28382 30 13815
308 27949 49002 119 2298552
309 28094 34464 102 243097
310 28151 60503 33 711307
311 28182 29892 139 166634
312 28324 44059 8 106278
313 28370 39844 111 704795
314 28561 29530 138 79246
315 28711 47767 9 48247
316 28732 36876 16 49626
317 28756 31138 102 48225
318 28918 32089 44 96060
319 29018 41340 7 33416
320 29106 36719 10 21674
321 29385 36115 51 127094
322 29499 32950 16 39550
323 29523 30633 141 64218
324 29542 34512 40 127807
325 29619 43461 118 617440
326 29814 31151 79 42320
327 29862 35138 47 225582
328 30060 30562 112 22663
329 30088 46829 106 1050933
330 30158 89260 6 56645
331 30320 44237 27 145901
332 30552 33332 54 56447
333 30673 35494 35 36694
334 30713 32175 95 63522
335 30883 38372 87 405085
336 30913 49922 36 255621
337 30971 31152 43 9257
338 31029 35452 18 31727
339 31046 43514 14 76774
340 31070 43231 53 540226
341 31153 35284 71 213347
342 31168 42931 89 554952
343 31248 45820 145 406802
344 31257 34763 82 231212
345 31265 38788 49 181791
346 31354 32169 5 1725
347 31465 37812 122 399174
348 31494 43886 23 140180
349 31508 49447 93 1605868
350 31643 32941 43 34108
351 31701 34575 62 41181
352 31736 51229 32 110381
353 31794 48329 8 40308
354 31859 39071 133 521084
355 31914 31961 58 1456
356 32028 39167 16 55711
357 32079 39154 90 502161
358 32090 34525 38 234623
359 32163 53107 57 521326
360 32205 42951 35 121163
361 32267 36835 126 400294
362 32460 47203 31 146725
363 32505 37655 21 20275
364 32519 41787 98 410680
365 32535 44362 101 837791
366 32540 36584 71 85136
367 32577 39376 69 186882
368 32689 35435 139 75032
369 32833 43803 62 285411
370 33190 50640 76 296341
371 33212 34473 47 14585
372 33308 41827 110 219818
373 33513 40813 84 345447
374 34021 34549 108 29157
375 34031 36688 36 46302
376 34046 38999 140 169814
377 34288 39337 19 90219
378 34332 38651 60 93730
379 34469 45802 25 133521
380 34671 48642 63 296533
381 34704 40592 35 47223
382 34730 42389 19 36329
383 34751 35406 112 87292
384 34802 37637 121 56690
385 34821 41733 20 58792
386 34833 36735 146 54625
387 35097 48731 33 206554
388 35245 38357 43 87600
389 35263 35428 83 9398
390 35394 38983 17 14380
391 35456 45702 149 1020126
392 35770 50709 133 441603
393 35994 37251 81 36780
394 36131 53649 34 168820
395 36272 56765 56 480006
396 36689 36896 41 5886
397 36765 43724 95 135583
398 36784 45037 82 295227
399 36928 57259 42 180596
400 37031 40494 61 87697
401 37043 52284 98 245378
402 37161 77885 18 237538
403 37194 44957 17 32699
404 37254 37321 19 2050
405 37318 43383 110 276665
406 37320 42573 15 21146
407 37413 68294 14 269208
408 37640 43915 76 183399
409 37738 42538 137 207414
410 37824 56115 53 429039
411 37847 52831 48 412002
412 37989 48518 72 454190
413 38030 46761 84 224723
414 38056 69520 95 2483228
415 38191 54156 75 422677
416 38233 39444 112 78626
417 38675 51977 10 15235
418 38709 50454 29 152562
419 38773 40961 45 18509
420 38830 51932 18 33746
421 38859 49856 33 168430
422 38936 44538 44 163683
423 38949 48078 88 266004
424 39059 42853 32 77551
425 39062 60422 71 731987
426 39208 48113 120 866394
427 39318 43126 81 239442
428 39717 40825 123 88474
429 39938 46799 50 165241
430 39994 40408 9 354
431 40081 40871 39 22010
432 40135 41179 44 80387
433 40196 56084 99 1338366
434 40484 72625 15 237995
435 40567 41076 10 4363
436 40655 49691 31 95636
437 40726 49983 28 103664
438 40806 41333 81 56529
439 40810 51510 17 42227
440 41004 77977 27 243449
441 41124 59304 126 1600831
442 41206 48807 8 29678
443 41212 44911 130 355119
444 41285 48928 43 122542
445 41356 50980 81 258789
446 41449 42558 88 111549
447 41459 49124 72 199877
448 41582 43993 54 86741
449 41717 51810 46 102419
450 42014 51849 110 456824
451 42054 42150 112 3568
452 42139 42681 85 19078
453 42270 53734 109 257937
454 42301 42440 18 2295
455 42390 60884 18 77983
456 42402 50073 86 160172
457 42449 47439 12 51743
458 42594 43031 20 7059
459 42683 44247 135 63226
460 42777 49618 9 34131
461 43007 44269 19 22237
462 43024 43793 124 27451
463 43076 70221 149 1416014
464 43374 48864 114 226266
465 43547 54496 57 203014
466 43655 55216 89 381918
467 43679 45125 19 20128
468 43701 49535 8 9304
469 43751 45324 50 187306
470 43823 47849 95 172200
471 44055 60162 108 312083
472 44098 57698 47 380027
473 44172 51464 33 72674
474 44275 58011 147 1204513
475 44279 45070 16 6658
476 44411 59795 70 168055
477 44427 47458 17 13242
478 44480 47377 79 17927
479 44954 51686 120 213782
480 44963 53483 62 312014
481 45022 45072 70 3052
482 45047 45684 24 21050
483 45085 52119 128 183130
484 45153 45477 70 12527
485 45260 56249 27 160041
486 45411 45588 78 10874
487 45692 57172 139 397228
488 45719 55597 61 382156
489 45794 49917 53 241318
490 45797 48264 29 31087
491 45851 46091 50 12876
492 45891 56103 49 191990
493 45930 47551 9 7690
494 46278 57105 56 133222
495 46445 54570 83 438906
496 46493 54110 24 48537
497 46528 57085 144 934200
498 46581 58859 61 196752
499 46626 58991 88 762498
500 46690 49088 117 86628
501 46740 76721 18 87859
502 46897 68247 44 360685
503 46934 70361 75 448422
504 46935 72777 39 219582
505 47098 56393 99 278646
506 47151 48197 118 75242
507 47263 49496 16 10982
508 47293 50537 88 238084
509 47380 78204 8 124490
510 47502 48135 26 5743
511 47632 51104 45 26972
512 47677 73810 85 1444838
513 47789 49405 54 72916
514 47867 58169 39 142998
515 47869 52266 37 105575
516 47910 53977 142 254497
517 48262 49534 76 45568
518 48277 52847 31 83657
519 48322 58399 54 287517
520 48594 66723 94 754484
521 48599 49423 90 7349
522 48621 54370 26 94998
523 48763 59116 19 181542
524 48766 50822 129 352085
525 48819 54898 100 239051
526 48849 50751 40 20272
527 48931 64209 9 74599
528 49144 60247 25 107507
529 49175 50750 8 10493
530 49237 53503 22 67582
531 49318 50686 18 11603
532 49476 77220 17 151687
533 49578 53278 5 4161
534 49608 63171 107 301051
535 49695 86526 37 227940
536 49718 53489 37 173068
537 49910 59383 74 276681
538 49923 51124 127 49327
539 50045 84854 150 2318587
540 50048 69823 7 61256
541 50255 52732 8 3642
542 50355 53733 92 419787
543 50369 51881 45 48588
544 50484 51122 83 11550
545 50496 53784 109 410223
546 50500 58643 114 395240
547 50696 56289 89 430377
548 50838 68922 121 341138
549 51098 71790 32 97236
550 51118 51724 51 27215
551 51438 69065 96 212575
552 51552 56698 12 21298
553 52086 63300 86 346019
554 52260 67380 65 240893
555 52288 59204 95 162722
556 52316 54457 92 167732
557 52424 61181 9 24916
558 52683 59589 119 308401
559 52750 53571 7 2091
560 52821 54061 115 70251
561 52988 54090 40 46528
562 53113 56770 11 25287
563 53208 54041 69 35623
564 53394 54539 80 79473
565 53429 58617 123 472317
566 53451 56666 33 104381
567 53515 66889 114 1395501
568 53548 56367 45 18792
569 53551 61666 59 159720
570 53561 79055 130 936033
571 53621 55541 4 2335
572 53725 68797 83 317529
573 53731 56107 77 105321
574 53813 56421 37 64961
575 53874 54474 63 17842
576 54228 57357 58 48666
577 54377 91453 64 1469476
578 54497 58193 81 223431
579 54558 57061 70 94899
580 54574 55395 80 15310
581 54614 63063 8 55400
582 54648 57123 24 28474
583 54666 54927 15 1643
584 54797 56653 6 1622
585 55246 58799 60 57056
586 55300 70002 40 120211
587 55327 59822 46 102842
588 55350 57606 94 68999
589 55405 60061 122 316085
590 55418 61912 15 35309
591 55444 56582 110 111127
592 55447 64186 36 210092
593 55458 67458 40 264618
594 55536 75220 10 38852
595 55658 59480 10 13778
596 55709 61476 102 515567
597 55874 65037 32 53516
598 55877 61419 109 416074
599 55878 55939 6 289
600 55962 58248 146 150710
601 56014 58728 6 10801
602 56161 59810 112 138710
603 56184 60760 11 10458
604 56224 59289 20 13690
605 56233 56571 55 10121
606 56428 61663 14 70121
607 56491 65410 13 33229
608 56535 65435 7 84033
609 56605 70702 13 48490
610 56616 68476 79 616688
611 56746 60411 89 115018
612 56847 57507 46 10239
613 56911 68486 93 1000855
614 56926 57674 97 18395
615 57037 61200 43 62865
616 57187 60413 85 61492
617 57376 66997 88 270708
618 57468 60919 14 48140
619 57502 82480 50 418126
620 57508 66485 98 214069
621 57634 62012 74 132018
622 57689 59052 78 46054
623 57869 69054 36 120566
624 58450 59332 99 35927
625 58681 64576 10 20608
626 58894 63766 7 29424
627 58917 62860 13 20478
628 58926 65657 9 27223
629 59434 69954 73 283328
630 59781 60513 60 27860
631 59792 65459 7 11190
632 59846 63097 43 46674
633 59987 67568 47 225957
634 60042 86344 20 226566
635 60097 77423 5 31715
636 60187 64369 22 31634
637 60226 61267 84 22732
638 60252 64288 30 30716
639 60359 70698 93 701790
640 60360 63719 94 390110
641 60562 76121 73 688045
642 60656 69242 30 113551
643 60784 63001 75 29945
644 60788 71711 68 459165
645 60936 66546 76 78763
646 61306 77542 5 16640
647 61330 64190 88 92999
648 61449 99007 84 1101018
649 61468 66913 64 111998
650 61569 68093 58 96590
651 61585 91526 12 82109
652 61614 62076 51 7941
653 61619 62543 58 32246
654 61778 62311 29 19871
655 61846 89076 7 28125
656 61881 66411 7 19555
657 61963 88954 12 131733
658 62036 82409 27 356557
659 62057 64168 85 36174
660 62166 74555 52 147089
661 62288 71216 23 68033
662 62439 66434 21 23483
663 62459 66381 45 80730
664 62714 69015 46 128248
665 62780 82180 55 683227
666 63020 65945 134 149316
667 63090 68281 105 347890
668 63132 63552 28 11080
669 63342 65122 29 18397
670 63394 68171 79 159523
671 63428 74399 4 18628
672 63565 64837 109 91149
673 63597 75186 28 131998
674 63644 68836 19 9936
675 63654 65735 19 36753
676 63730 67677 52 45639
677 63804 73315 139 349393
678 63808 68201 18 71105
679 63935 69596 18 69207
680 63975 66576 43 58178
681 63976 66710 9 7749
682 64083 66114 46 32072
683 64263 70591 108 264776
684 64303 66009 143 115412
685 64318 69787 44 104307
686 64400 70991 97 146792
687 64424 67405 5 10679
688 64462 84302 107 427927
689 64506 71375 139 241829
690 64722 74246 24 31888
691 65010 68675 108 112936
692 65062 65888 82 17064
693 65085 76802 47 280953
694 65379 73743 52 354761
695 65422 70130 60 102314
696 65441 70951 135 290580
697 65508 69921 76 81359
698 65583 68221 30 53546
699 65600 66061 11 6425
700 65695 76450 97 171845
701 65850 67592 28 20795
702 65853 84019 72 1210875
703 66168 76425 4 59997
704 66288 69279 23 55101
705 66374 68571 24 44506
706 66502 66965 114 22072
707 66531 77650 8 31314
708 66838 70305 45 133440
709 66853 67201 41 4912
710 66907 71791 9 22309
711 66908 68995 33 26016
712 66928 71388 121 339785
713 66988 68866 16 5381
714 67361 79072 23 161713
715 67439 71997 13 23905
716 67567 72161 138 411123
717 67660 86702 106 796718
718 67682 74216 45 106609
719 67687 74100 123 230935
720 67715 68502 83 52615
721 67767 71451 16 11992
722 67813 75890 77 299460
723 67922 91005 26 148164
724 68026 72438 59 388415
725 68069 77303 104 309944
726 68220 70569 13 18858
727 68605 78573 92 511555
728 68681 71107 23 15330
729 68707 72784 107 112956
730 68792 73656 29 114842
731 69179 74663 64 172918
732 69791 71447 25 25257
733 69898 72289 12 15947
734 69901 70842 98 57618
735 69969 74680 80 216266
736 70018 71814 100 63859
737 70059 71157 98 60682
738 70113 74105 24 21913
739 70233 72155 111 429867
740 70338 73251 19 56459
741 70428 76928 35 49818
742 70465 73304 57 109746
743 70493 72232 10 9021
744 70758 73512 141 113204
745 70818 81298 35 87775
746 71006 76888 81 130064
747 71083 71389 22 3044
748 71341 74055 42 51259
749 71354 79004 20 89669
750 71382 84709 72 118331
751 71496 84359 135 962211
752 71533 72561 25 6831
753 71721 99339 8 34031
754 71818 76512 144 227454
755 71821 87468 23 217278
756 72031 72868 38 6900
757 72100 82298 13 149904
758 72101 81324 47 53241
759 72343 77956 66 297538
760 72384 74469 92 123078
761 72595 76956 77 54784
762 72655 76240 56 65584
763 72658 82613 9 35034
764 72679 72892 115 5901
765 72740 73335 64 46143
766 72743 78926 30 79908
767 72773 84610 50 1265488
768 72791 76782 107 170735
769 72824 75325 66 187734
770 72852 82439 49 401183
771 72933 93976 97 1279010
772 72983 83676 13 33627
773 72998 88661 79 208406
774 73092 77859 10 16724
775 73102 74533 10 7868
776 73389 75793 6 15966
777 73450 78145 24 34964
778 73513 91422 10 101603
779 73538 75650 80 111570
780 73592 75450 132 196088
781 73673 87261 6 61854
782 73707 86340 109 1143208
783 73766 84012 4 38152
784 73794 79226 26 27118
785 73825 75905 66 44352
786 74041 80809 41 452924
787 74166 77397 26 26755
788 74422 83556 49 389857
789 74470 76569 17 18855
790 74541 88022 123 479753
791 74551 75594 5 2333
792 74623 89102 8 29744
793 74691 89178 70 384383
794 74716 97519 13 104375
795 74788 77654 142 148975
796 74970 93563 29 119644
797 74990 85700 22 111258
798 75034 78352 47 22395
799 75091 78992 58 69061
800 75217 81036 35 153895
801 75244 82286 79 427256
802 75832 97662 43 943304
803 75887 81584 5 10630
804 76140 96003 138 2384512
805 76178 93057 18 158508
806 76243 78144 143 158402
807 76332 91647 123 281811
808 76361 78935 117 178232
809 76399 85542 90 243839
810 76435 89738 32 182751
811 76497 84186 116 220076
812 76563 80337 26 27761
813 76564 80561 10 12830
814 76614 89630 9 56871
815 76723 84581 126 154559
816 76751 85786 60 221712
817 76826 86738 12 47858
818 77100 78689 34 43315
819 77140 82457 95 343548
820 77209 79819 108 101626
821 77538 84996 67 102039
822 77585 83909 126 155809
823 77625 81924 39 84132
824 77631 83354 72 139591
825 77695 86250 31 147223
826 77712 78211 87 40478
827 77958 82869 8 31706
828 78090 82751 43 79253
829 78200 84593 42 104477
830 78218 83065 36 30740
831 78371 94697 29 379822
832 78430 81755 16 17441
833 78661 95316 81 519256
834 78996 82928 12 16458
835 79007 92052 8 19664
836 79105 82547 71 186093
837 79343 95410 10 55153
838 79535 79724 135 42396
839 79571 80378 61 8288
840 79696 91772 42 172552
841 79854 95415 55 309910
842 80008 80977 5 1641
843 80091 99306 12 37018
844 80100 81617 9 8949
845 80162 86452 87 270361
846 80326 82350 7 1000
847 80437 87941 32 98865
848 80465 84982 45 36632
849 80501 81008 21 7111
850 80529 92213 95 825853
851 80597 82081 26 16740
852 80610 84476 32 177980
853 80725 89739 137 675701
854 80897 89441 26 19277
855 80990 83156 45 47437
856 80993 90302 5 29382
857 81033 88769 29 140541
858 81042 81567 100 32359
859 81194 82644 24 25832
860 81218 84004 126 163901
861 81400 86422 36 132083
862 81424 85390 9 8829
863 81429 90058 43 219270
864 81469 95925 35 196873
865 81507 97225 47 735235
866 81587 83873 126 202475
867 81782 81785 118 566
868 82009 91143 21 50492
869 82024 89831 106 120779
870 82075 97858 81 922315
871 82106 84469 80 28037
872 82113 91958 22 211513
873 82183 86612 41 63893
874 82217 99264 17 198742
875 82495 93977 142 1303602
876 82759 86045 28 20119
877 82802 85140 88 104560
878 82831 97346 86 1124860
879 82932 86675 145 96661
880 83140 83824 17 7463
881 83179 92205 53 386226
882 83203 90713 64 146353
883 83239 85833 14 92086
884 83363 94817 36 135810
885 83524 86939 6 9874
886 83596 95413 86 902460
887 83643 86731 85 91084
888 83805 88165 5 3994
889 83819 88154 13 16993
890 84140 84664 76 20888
891 84183 84437 6 339
892 84336 85350 144 40200
893 84377 85610 41 14836
894 84770 86913 71 90344
895 84792 87498 94 49977
896 84804 87765 48 66743
897 84819 90890 10 25979
898 84878 84913 94 3091
899 84979 87110 131 78594
900 85178 87007 66 24291
901 85204 89452 34 44404
902 85239 89485 67 96404
903 85313 86948 46 19311
904 85358 96663 110 434594
905 85387 86238 68 31188
906 85415 94889 84 243999
907 85490 90906 33 95108
908 85602 98392 134 778986
909 85729 88217 86 174187
910 85818 87100 6 1571
911 85895 86012 23 1625
912 86101 86721 45 13635
913 86198 88134 9 16050
914 86328 86474 94 7519
915 86421 98409 70 227629
916 86514 97116 38 100653
917 86523 88668 47 43550
918 86587 90629 71 65940
919 86670 96579 43 186548
920 86749 86783 10 763
921 87026 87491 31 6476
922 87155 88304 13 4616
923 87254 92939 11 13816
924 87326 94379 116 340147
925 87360 88251 130 29529
926 87474 91689 59 140918
927 87477 88227 39 18678
928 87770 97114 43 250994
929 87956 89963 124 130802
930 88021 92018 61 95177
931 88148 90687 5 5231
932 88440 90284 13 9560
933 88523 94874 81 191335
934 88648 96803 121 1189976
935 88726 95087 17 49582
936 88940 89069 25 1867
937 89035 98869 138 271859
938 89296 94758 21 75692
939 89327 91607 50 39198
940 89510 91386 10 14443
941 89515 94700 126 402428
942 89535 89661 43 2429
943 89556 92669 44 116430
944 89685 93802 39 125513
945 89763 93540 14 31563
946 89858 97096 5 8885
947 90155 91679 9 11309
948 90222 92597 118 99731
949 90328 98893 67 352822
950 90354 96893 133 503733
951 90484 94802 139 698200
952 90515 94269 25 41877
953 90829 91052 119 6797
954 90972 91091 116 14151
955 91532 97447 73 382850
956 91736 98934 88 171380
957 91741 95610 82 131054
958 91747 97101 21 30968
959 91770 92654 94 17475
960 91804 96686 57 57060
961 91813 92293 57 37134
962 92070 95097 6 7119
963 92431 93269 42 27216
964 92548 95532 31 26257
965 92695 93361 89 49722
966 92864 99535 140 268829
967 93089 99765 71 178358
968 93096 93767 62 25972
969 93243 96140 30 57410
970 93427 95197 10 3998
971 93494 96729 32 80010
972 93541 94257 24 12720
973 93668 95832 46 185165
974 93731 95066 86 85543
975 93794 96845 5 4566
976 93834 94811 8 5749
977 94034 97308 39 19961
978 94125 95564 85 134142
979 94628 95362 92 36889
980 95008 97146 40 13360
981 95164 97463 33 27272
982 95198 95231 20 1350
983 95253 99532 64 112908
984 95368 96169 11 2025
985 95864 99330 141 357644
986 95992 97967 27 29549
987 96365 97885 131 86341
988 96392 97374 133 109220
989 96562 99635 122 263558
990 97341 98540 4 4242
991 97504 99885 69 58678
992 97605 97763 76 10186
993 97746 99646 76 94954
994 97823 98521 46 10489
995 98296 98443 6 1958
996 98607 99790 78 104462
997 98815 99200 95 23768
998 99514 99641 54 4372
999 99906 99997 53 3108
