50 1000 0.010
..#...####.#........................#.#####..#....
..#..#######.#................#.....##########....
###....##.#.##................##....#.######......
.##.....#...##..............######........##.....#
.#......#.#####.#...........#.##...............###
###...#####..#.###............................####
###..##..##.....#.#..............................#
##.#.#............###..................##........#
.#####................#................#..........
.#####................###..............####.......
..##.........###.....###...............##.........
..#...........###....####..............#.##......#
###.............#.....####..............###...####
#######.......##.#.....##...#.#.........##.##...##
##..#....#.#..##.#####.##..####.........####..#.##
####.....#.###.#########....##........#...##.#####
.##......#.#######.##......#..........######..#.##
.......####..######......####..#..........####..#.
.....###.#######..##.....#..##.##.........##......
....#..#..#.##.##........#...#.#..........#.......
...###.#...##....#.......#.....##...#....##.......
...###...####..####.....###.........##....##......
...####.####..........#..#..........######........
.###..##.#.##...####..##.#......##.#.#.##.........
...#...###......#.########......##.###.#.......#..
....#.####......##.#.##.#......#####.#........##..
..###..........###.#.........#####.#.##.......###.
.###...........###.#......####....##...........#..
.###..........##.#..........###..###.............#
......####...#####......##....##.####........#####
........##...####........##..####.#............#..
........#...#...###.....###...####................
##.........######........##....#####..............
##.##..........#.##.......#....#.#............#...
...##..........#.###..#.##.......#............##.#
....#....###..#####.######.###.........#.......##.
.........#####.####....#...###.........##..##.....
.........##.###.##....##.....#...#..#####..###....
###......#..##.###.........####.###...####.#......
..#...##.........#............#####....##.........
..#####..........#.....#......#####.##.###...#....
..###..................#.......###..##..#....##...
###.###..#............##.........####........##...
#.....#.##.............#####..#...##.......###....
.....###..#.....####...###...####.........#####...
#....#....#.....##.#....#....####...........###...
#.#......###......###..........#............#.....
####............########......##............#...##
.##..........#.####..#.........##...........##..##
.##........########.........................####.#
0 387 19298 68 290087
1 478 2592 150 232450
2 574 4581 127 78547
3 953 1964 22 18141
4 1004 18942 78 317560
5 1047 1671 49 14882
6 1241 20375 73 434712
7 1340 6471 49 94487
8 1480 8750 25 63837
9 1521 4381 31 30672
10 1553 7202 101 327648
11 1575 2047 82 11500
12 1597 41152 50 249015
13 1822 21002 7 79139
14 1936 4126 28 24843
15 1939 4207 120 138046
16 2064 5936 5 4416
17 2081 2196 5 263
18 2184 4357 9 7742
19 2231 17865 5 60687
20 2254 18919 30 218157
21 2530 29774 5 13556
22 2614 17787 75 351318
23 2749 14107 59 151005
24 2892 14259 142 951260
25 3099 10932 7 25401
26 3180 24120 5 22121
27 3249 8454 42 183404
28 3277 17241 84 588177
29 3371 4782 46 31587
30 3470 5316 104 68110
31 3596 9699 109 577229
32 3732 17389 96 1223475
33 3776 6203 99 105799
34 3783 8954 34 114912
35 3900 24104 44 189371
36 4119 19380 102 262552
37 4232 17533 69 180891
38 4418 14507 61 603992
39 4487 22205 135 3415598
40 4505 6999 4 2974
41 4687 5496 29 13642
42 4745 8349 5 7879
43 4817 14690 45 96094
44 4873 5270 15 1916
45 4929 6606 17 15639
46 4995 54241 56 1326196
47 5015 7389 73 188951
48 5349 5692 17 2786
49 5372 7983 36 59226
50 5447 9750 5 4814
51 5514 14423 12 69158
52 5531 17233 11 47964
53 5768 50602 9 326015
54 5800 24407 48 304323
55 5856 30242 146 778334
56 5888 6855 40 22506
57 6012 6504 19 8290
58 6019 11160 9 26446
59 6139 24582 18 108092
60 6273 8465 10 4648
61 6276 37519 5 144459
62 6377 42552 10 117255
63 6427 13354 46 118213
64 6448 14432 105 157816
65 6496 9972 97 411360
66 6506 16317 141 819681
67 6652 8896 13 29516
68 6771 13976 16 73311
69 6790 9240 6 2564
70 6821 9652 138 146288
71 6900 21737 27 340652
72 6914 9886 71 192694
73 6965 9200 6 5267
74 6975 22846 5 108388
75 7001 9206 83 94326
76 7091 15739 125 533175
77 7092 13284 64 375991
78 7114 7418 147 17217
79 7122 19348 116 1024223
80 7133 11087 28 39116
81 7347 18979 31 447340
82 7370 13563 12 21717
83 7384 15366 4 6555
84 7420 21763 67 354151
85 7569 37044 130 2105230
86 7681 11730 36 67329
87 7691 7748 102 6368
88 7727 14793 124 385483
89 8003 33389 15 277078
90 8202 10778 45 92313
91 8207 23686 5 29362
92 8230 15387 10 26930
93 8236 11676 19 25349
94 8327 32561 127 899113
95 8359 10899 26 41461
96 8542 8845 146 18939
97 8803 16515 143 139868
98 8859 10121 12 7310
99 9219 22626 23 75489
100 9295 14228 47 151463
101 9363 10164 24 11968
102 9494 11113 13 8009
103 9513 12799 42 34538
104 9568 10194 32 6866
105 9805 13126 8 46296
106 9900 15331 45 152096
107 9908 11480 123 78684
108 10072 13364 51 20666
109 10092 20336 46 224431
110 10114 19033 111 325930
111 10272 12489 112 79759
112 10326 13500 9 14848
113 10369 22120 127 635326
114 10484 11808 43 41258
115 10626 10870 42 4822
116 10773 20392 105 349053
117 10920 13603 41 27418
118 10935 21525 69 173096
119 11062 30285 11 165408
120 11096 13001 128 259350
121 11177 15623 83 66630
122 11189 27584 19 26329
123 11215 30514 47 442188
124 11393 15972 31 38796
125 11426 13882 107 138775
126 11440 13180 33 32721
127 11493 21022 90 339847
128 11535 20621 126 404007
129 11586 15198 115 114053
130 11695 21765 4 5176
131 11852 14974 31 71503
132 11896 14957 34 85244
133 11930 13637 5 3461
134 11965 21852 91 280174
135 11968 28688 121 771483
136 12195 45106 10 97607
137 12274 13981 28 10040
138 12327 23813 8 23311
139 12346 41865 19 192548
140 12701 15052 26 50219
141 12854 27167 127 1067812
142 12888 17682 4 3785
143 12893 19748 6 10086
144 12938 13190 21 1518
145 12955 36493 6 46527
146 13160 20539 114 172393
147 13222 22389 106 986484
148 13233 30243 10 124490
149 13286 16480 71 189874
150 13401 32799 48 621909
151 13459 50773 8 168643
152 13491 28627 149 911465
153 13689 17181 6 11427
154 13848 15412 10 11547
155 14101 31960 76 1060871
156 14149 16889 49 123318
157 14182 18691 15 14485
158 14211 33468 39 725836
159 14293 18795 143 108394
160 14339 17925 93 215392
161 14391 34556 139 544122
162 14427 26825 5 10301
163 14469 28011 84 256197
164 14541 15573 19 9833
165 14596 40900 122 1500248
166 14640 15675 117 39469
167 14813 28298 10 23558
168 14940 65830 28 514447
169 15081 27654 6 53443
170 15297 20019 37 55893
171 15457 30562 42 321855
172 15595 24836 31 124385
173 15778 18951 32 35526
174 15858 25742 53 338264
175 15861 21054 105 163507
176 15863 21942 6 11401
177 16005 49769 47 440394
178 16159 27906 109 284663
179 16189 22050 75 554653
180 16338 18226 39 39976
181 16345 33175 20 141445
182 16437 22603 89 101747
183 16626 21573 31 148029
184 16868 18004 55 31234
185 16920 26489 14 53727
186 17092 22266 26 47203
187 17127 21224 5 9582
188 17167 17738 21 4362
189 17193 26941 5 12896
190 17200 36081 50 197711
191 17275 35841 57 185989
192 17467 22632 128 431435
193 17649 18288 48 17644
194 17659 25017 133 149764
195 17698 43870 12 102301
196 17727 35334 88 392046
197 17746 21399 58 69192
198 17955 32808 58 203893
199 17993 20605 6 3137
200 18108 37808 130 2044408
201 18128 21810 28 70941
202 18138 22353 84 107062
203 18689 35214 23 111324
204 18739 25045 58 262051
205 18798 57783 128 3880819
206 18817 25782 9 49260
207 18917 21703 86 137099
208 18985 38103 76 1235735
209 19238 22585 55 32802
210 19295 35642 41 105805
211 19328 22480 31 46153
212 19351 22644 28 21414
213 19369 40604 140 793968
214 19553 19658 105 4512
215 19650 34797 139 574383
216 19760 38102 98 567511
217 19784 40433 7 22776
218 19790 19869 119 7145
219 20204 30530 113 345649
220 20401 33034 4 20655
221 20431 31951 39 173808
222 20528 46609 17 184952
223 20531 21632 81 24378
224 20545 27939 72 638096
225 20666 46699 35 495173
226 20832 21277 81 13040
227 20838 21267 23 5356
228 20841 21331 19 9115
229 20861 31208 145 554044
230 20902 38284 139 1042644
231 20926 21608 49 16799
232 21083 42930 19 113914
233 21117 21953 73 17700
234 21483 23415 110 74910
235 21492 25793 71 58022
236 21563 30041 62 398262
237 21661 22859 46 40234
238 21733 28966 37 123118
239 21742 26020 26 66428
240 21913 32605 42 111253
241 22092 23646 57 39172
242 22111 33896 56 185568
243 22129 37549 13 88411
244 22323 23164 43 27090
245 22509 22677 42 2094
246 22535 27412 12 41227
247 22546 28423 55 114880
248 22608 29829 80 186507
249 22655 37011 25 298671
250 22664 35241 57 127651
251 22689 24624 34 116350
252 22718 31121 41 59093
253 22816 37041 119 955597
254 22978 28129 14 23670
255 23189 32433 47 278731
256 23551 35165 35 126239
257 23750 36761 65 282999
258 23779 37284 6 11171
259 23975 30264 23 60518
260 23987 27372 105 157986
261 24008 34604 35 129612
262 24085 28167 9 14393
263 24167 57223 10 259718
264 24350 35360 43 238647
265 24408 26337 5 9810
266 24411 24700 41 9956
267 24414 31575 35 71399
268 24446 48314 124 1618097
269 24787 30079 58 58765
270 24816 35609 35 177868
271 25159 31214 76 137272
272 25181 26820 112 255814
273 25194 49677 28 238141
274 25398 26700 130 283665
275 25419 36402 139 1079863
276 25429 26006 101 24202
277 25476 28660 90 82137
278 25550 42719 120 857328
279 25604 33931 66 518089
280 25671 28289 66 34165
281 25691 28030 87 150644
282 25723 31816 54 210523
283 25755 29409 8 21360
284 25960 27727 108 131329
285 26028 26234 11 815
286 26206 37817 22 109296
287 26239 27509 21 9086
288 26271 32812 22 28670
289 26273 28558 41 88646
290 26291 29801 122 183204
291 26447 37700 49 244862
292 26503 45656 104 998013
293 26698 27504 25 18967
294 26799 47511 53 126130
295 26903 36810 6 19259
296 27078 64175 17 228564
297 27140 44933 56 211974
298 27320 43739 37 536454
299 27417 42298 5 21245
300 27465 28547 100 74367
301 27471 38529 81 415044
302 27479 49484 95 366028
303 27641 30469 6 2736
304 27953 51891 34 784151
305 28070 31200 105 89899
306 28084 32458 146 524860
307 28092 31653 27 40856
308 28095 36795 27 55301
309 28102 40820 7 13267
310 28274 43935 46 356773
311 28420 32778 4 7048
312 28555 50908 18 263142
313 28571 30102 88 47886
314 28691 36503 85 181685
315 28747 38534 43 244833
316 28794 32901 29 40405
317 28813 32246 25 116347
318 28894 28940 18 485
319 28963 30397 123 49177
320 29073 49490 67 331075
321 29174 40999 57 383902
322 29261 41142 133 512744
323 29321 77550 18 278397
324 29398 32188 32 55943
325 29439 37880 36 129269
326 29586 31333 107 123350
327 29645 34303 53 111031
328 29708 37281 28 114788
329 29827 39337 29 216780
330 29848 30686 64 26262
331 29921 39249 28 57746
332 29972 31470 7 5654
333 29978 31078 13 3672
334 30049 31737 45 16285
335 30245 49370 72 883223
336 30269 47289 73 1030747
337 30461 37164 5 13295
338 30615 40632 60 233352
339 30692 31268 99 84835
340 30802 41081 15 57907
341 30887 34353 103 421103
342 31264 36028 15 39543
343 31343 31390 23 1351
344 31373 35038 24 49494
345 31379 45548 9 85647
346 31395 34432 126 512166
347 31412 31759 14 788
348 31522 34065 25 61014
349 31601 43881 21 70821
350 31994 33311 118 48170
351 32114 33781 28 15715
352 32239 39416 64 39053
353 32351 40319 149 289572
354 32392 38841 20 50023
355 32516 36412 135 225770
356 32656 40535 20 27290
357 32717 37621 85 182952
358 32774 56941 33 273099
359 32823 33564 6 1712
360 32844 45216 35 81241
361 32926 44698 42 86158
362 33042 37554 13 11972
363 33108 63727 138 3366336
364 33159 40200 34 118068
365 33291 52918 28 250774
366 33473 79430 5 43359
367 33660 33818 81 15550
368 33674 52127 104 1319355
369 33715 36572 20 19104
370 33775 38649 11 29428
371 33843 50387 37 59035
372 33913 40591 96 296471
373 33991 37609 5 18880
374 34056 35253 37 16824
375 34069 38023 48 97087
376 34111 45177 47 161817
377 34305 36130 102 22561
378 34688 46249 48 406815
379 34790 46072 102 173130
380 34869 38917 114 613279
381 34898 35646 8 2728
382 34966 45386 63 193729
383 35007 63164 91 358341
384 35352 36959 72 20889
385 35380 38725 6 16621
386 35430 51139 97 2524068
387 35468 43952 5 33517
388 35472 36405 54 18227
389 35514 58619 114 737419
390 35750 55870 92 570089
391 35865 42927 108 173684
392 35910 43636 8 34095
393 36122 40435 70 37700
394 36188 37631 132 48504
395 36221 42013 145 428467
396 36330 47515 99 208203
397 36370 36848 61 14908
398 36522 36575 80 5424
399 36622 47838 122 644674
400 36678 38598 46 28859
401 36787 40409 136 507394
402 36842 38069 12 11061
403 36857 38223 105 62843
404 36968 38542 142 196360
405 36974 47103 131 427190
406 37004 46710 66 269637
407 37021 38377 74 12952
408 37040 38334 126 203790
409 37174 37892 58 22960
410 37294 37562 108 66160
411 37498 40565 42 114688
412 37656 65254 60 623867
413 37802 38323 94 43514
414 37873 89020 58 555418
415 37911 39111 9 5044
416 38006 38194 125 13352
417 38024 38386 65 12634
418 38164 47445 83 569835
419 38191 50769 24 77296
420 38318 46521 16 33748
421 38483 60529 43 363752
422 38572 43499 22 107823
423 38640 48726 18 65521
424 38692 38975 32 4393
425 38777 45687 48 138238
426 38799 38813 13 225
427 38801 43095 26 62574
428 38959 44788 11 19594
429 39023 50593 83 585202
430 39108 39320 19 5631
431 39245 46120 7 15932
432 39267 43029 51 94200
433 39311 52216 84 250443
434 39329 40609 47 43587
435 39348 39706 89 10548
436 39373 39554 21 6553
437 39487 43529 38 60578
438 39496 52943 19 38003
439 39509 57983 14 48646
440 39623 44775 57 149730
441 39654 41322 8 9722
442 39833 80947 15 190921
443 39870 40257 41 3716
444 39993 45099 102 205527
445 40004 45726 104 318944
446 40099 41134 48 34442
447 40112 66295 124 3388561
448 40432 40703 73 8966
449 40465 48682 4 7750
450 40511 48122 31 69651
451 40557 42070 59 31053
452 40641 44444 35 41894
453 40811 41923 32 10247
454 41079 44660 71 108489
455 41442 45510 112 367976
456 41532 51388 56 289607
457 41597 44619 21 15662
458 41607 46418 46 88359
459 41625 41636 4 27
460 41639 43170 87 86682
461 42155 53285 113 766696
462 42162 52356 47 306557
463 42258 45553 54 46187
464 42324 45038 132 656976
465 42493 54478 17 72039
466 42531 55021 130 1595860
467 42856 50349 56 327365
468 42872 43722 149 86866
469 43018 45814 41 23878
470 43079 51472 52 259509
471 43089 43825 53 9606
472 43280 60525 6 40161
473 43623 50292 13 64732
474 43710 51130 10 58587
475 43765 45481 20 11802
476 43945 71559 106 1266365
477 44191 85205 57 418848
478 44310 51018 95 151799
479 44569 48077 29 32003
480 44761 50971 150 349225
481 44849 52219 44 211837
482 44946 70695 112 1232586
483 44992 47321 15 3250
484 45235 46988 41 58856
485 45700 65759 102 448824
486 45853 62190 147 2429760
487 45889 46875 123 27539
488 45960 62847 9 68148
489 46059 61905 142 1130036
490 46097 56478 58 105800
491 46123 48492 119 189203
492 46395 59364 90 425690
493 46529 55407 141 535621
494 46627 49161 63 83559
495 46697 73634 135 1327931
496 46722 65212 94 687461
497 46846 50147 48 58581
498 46916 48769 99 71834
499 46933 58932 47 155679
500 47410 48662 35 19694
501 47429 57118 139 566723
502 47475 48401 92 66024
503 47548 50080 12 8602
504 47566 51872 31 153410
505 47569 49890 33 60250
506 47751 56169 14 75732
507 47876 53766 118 233491
508 47933 53582 98 450778
509 48022 52502 45 83380
510 48027 54926 65 212466
511 48139 49183 59 45757
512 48255 50074 123 34715
513 48353 58539 66 133507
514 48596 67638 14 86456
515 48632 52616 84 52617
516 48638 56401 136 1063751
517 48739 58867 12 178651
518 48855 50982 16 5966
519 48878 55588 32 192865
520 48900 59498 94 1561941
521 48945 56768 30 98719
522 49022 49122 47 933
523 49091 54998 60 187155
524 49181 50750 81 50203
525 49217 52584 75 108887
526 49255 50614 17 12878
527 49274 57438 36 115072
528 49332 76608 23 74335
529 49594 52041 12 14665
530 49795 55897 10 21565
531 49891 59287 83 245092
532 49899 53030 41 36554
533 50088 56965 83 290928
534 50159 53951 76 155942
535 50435 52667 28 32722
536 50440 51291 44 19584
537 50452 64319 64 278560
538 50700 67748 16 52826
539 50771 51879 112 83519
540 50823 54328 12 39868
541 50849 58181 118 232288
542 50967 82336 16 264190
543 51108 52408 50 7503
544 51164 56566 54 69655
545 51202 60128 7 71178
546 51233 55329 30 21332
547 51319 51548 42 2094
548 51326 54410 46 72912
549 51569 52586 131 90433
550 51609 56927 7 35235
551 51854 54872 76 122496
552 51888 52103 48 12908
553 51895 52476 99 70393
554 51916 58731 72 249930
555 51935 53676 145 220917
556 52040 52543 24 8388
557 52362 65507 121 610232
558 52388 70785 108 1291838
559 52402 79963 8 53312
560 52486 54589 37 22724
561 52553 52797 7 486
562 52557 56111 83 95082
563 52574 58541 6 23921
564 52592 69892 98 707846
565 52734 61255 25 76506
566 52849 54595 10 2942
567 52996 57564 58 183156
568 53072 54868 86 106472
569 53220 63687 85 286093
570 53355 56393 9 17624
571 53628 53639 18 52
572 53637 61675 150 320639
573 53818 56871 52 31685
574 53983 61549 9 40709
575 54182 62597 44 210117
576 54229 56840 43 41553
577 54233 55153 65 46089
578 54274 72698 31 237809
579 54314 63175 10 12617
580 54408 55923 27 27281
581 54579 60315 140 1070757
582 54650 58606 61 111231
583 54691 62821 51 143251
584 54708 67771 5 21602
585 54823 60722 45 63149
586 55152 63713 101 299121
587 55331 58899 44 79041
588 55388 60199 100 97010
589 55401 61956 28 21901
590 55448 74249 112 500964
591 55481 61838 14 38060
592 55567 60994 80 245353
593 55706 68718 20 44520
594 56049 56141 120 4200
595 56137 57246 8 6088
596 56187 68946 95 617172
597 56215 58022 6 15005
598 56218 57287 17 14638
599 56222 56226 13 33
600 56359 66402 127 252350
601 56394 76193 59 405604
602 56463 64212 67 136859
603 56486 64326 21 48340
604 56604 57022 41 6619
605 56690 70820 50 198333
606 56730 71382 105 549819
607 56878 60079 72 25688
608 56901 71151 34 112342
609 57053 58122 68 70054
610 57104 62090 8 13354
611 57384 58505 21 7572
612 57429 86290 96 983574
613 57473 72182 58 289866
614 57570 63269 19 67118
615 57692 97851 83 690168
616 57934 58783 7 2516
617 58050 88928 6 44860
618 58142 87577 60 451469
619 58188 59444 5 2138
620 58310 64379 123 268996
621 58401 68859 113 487629
622 58835 59877 68 30476
623 58941 66570 58 171727
624 59045 61918 119 67546
625 59145 62260 10 5446
626 59306 77886 89 783733
627 59371 67125 43 102988
628 59642 65791 14 38520
629 59662 64888 87 315107
630 59899 63514 72 96804
631 59901 60893 7 1978
632 59989 62288 30 50694
633 60264 67173 14 29255
634 60395 80366 14 41871
635 60468 62981 67 119775
636 60496 74366 81 378305
637 60717 76594 107 799137
638 60951 62357 115 45715
639 61044 66848 50 137964
640 61050 66340 149 406542
641 61341 64613 5 6678
642 61480 62797 23 23571
643 61494 78637 13 19109
644 61511 76723 29 119751
645 61577 63303 54 80781
646 61624 65460 7 6529
647 61740 61979 33 4655
648 61889 72257 93 500302
649 61896 64031 135 108374
650 62136 68582 28 68723
651 62312 80025 48 622809
652 62647 69194 29 434345
653 62700 65905 86 277552
654 62719 67658 142 449001
655 62901 77206 80 391869
656 62931 72363 22 58373
657 62935 77173 58 593628
658 62938 63291 84 20842
659 62993 73028 8 46334
660 63015 65670 134 93267
661 63106 82892 146 1004895
662 63274 72263 89 362262
663 63487 82213 103 2406306
664 63732 81385 143 827671
665 63735 63882 67 5644
666 63772 81937 76 469078
667 63813 65338 107 57914
668 63875 66580 60 76647
669 63946 67956 13 7315
670 64098 82656 56 430164
671 64219 71456 12 23150
672 64281 71950 135 232083
673 64309 69855 144 368723
674 64346 82590 129 931246
675 64380 79828 49 479817
676 64514 65038 144 70086
677 64574 67191 24 123615
678 64621 69362 99 521944
679 64686 65162 81 6215
680 64774 70428 42 223770
681 64927 68134 30 61256
682 65066 66186 9 3726
683 65236 71573 116 643242
684 65367 68707 123 240593
685 65440 70421 135 457756
686 65462 81792 56 1431919
687 65554 69603 63 171799
688 65567 71319 85 157613
689 65576 69330 14 42125
690 65585 65907 96 11400
691 65592 69331 82 45398
692 65593 72562 17 103408
693 65774 79795 41 895757
694 65911 66478 42 26006
695 66017 73944 86 391929
696 66098 68200 104 64681
697 66121 74135 124 446055
698 66207 76185 87 169897
699 66252 73060 131 413737
700 66265 66598 122 10127
701 66272 94554 40 614229
702 66317 68317 89 110211
703 66435 67591 6 3299
704 66535 67458 108 25681
705 66546 69881 38 56742
706 66577 67687 14 3170
707 66758 68664 8 5765
708 66761 81877 77 367311
709 66845 80286 51 194253
710 66864 69695 13 10000
711 66986 79814 119 236055
712 66989 69819 12 25304
713 67073 68527 26 21562
714 67251 70630 51 63850
715 67305 68010 104 67862
716 67412 84160 72 603721
717 67413 70043 54 78646
718 67417 67919 31 9789
719 67479 67976 119 33980
720 67487 68815 67 49977
721 67561 73151 59 121392
722 67599 69803 9 9659
723 67747 76791 28 137511
724 67799 69625 98 73950
725 67845 74413 16 21547
726 68009 69278 5 1679
727 68198 68291 70 1997
728 68236 69477 92 91399
729 68269 80438 5 17488
730 68363 72417 15 36830
731 68680 79633 137 415572
732 68694 69154 60 26551
733 68696 70286 149 56786
734 68737 72494 10 12845
735 69144 81721 4 10263
736 69181 77282 28 95454
737 69243 77704 109 281593
738 69284 73748 101 70696
739 69468 82945 106 649504
740 69489 79962 41 154247
741 69564 75273 13 29654
742 69700 87339 138 2406764
743 69736 80750 22 283600
744 70096 89172 25 185838
745 70210 90262 10 80735
746 70241 80364 12 60993
747 70458 80762 58 271947
748 70505 82720 117 251929
749 70593 71723 22 6728
750 70608 76562 15 88910
751 70648 86541 30 249874
752 70698 70833 65 3617
753 70746 75967 65 67690
754 70769 88163 39 251920
755 70779 78069 26 151968
756 70859 71060 8 1678
757 71084 76828 73 179352
758 71115 92714 70 970051
759 71272 73934 101 151593
760 71403 72798 28 16817
761 71429 85278 68 324814
762 71480 76276 135 247468
763 71519 96909 7 58038
764 71628 74809 103 129963
765 71663 85008 28 131692
766 71750 87618 138 1215225
767 71782 76428 12 35301
768 71905 93113 64 855858
769 71936 82814 84 433101
770 71962 75211 24 50031
771 72055 82568 127 1198846
772 72207 89353 111 324616
773 72283 75545 138 289094
774 72321 73361 28 5580
775 72561 79375 9 26770
776 72581 86109 15 158342
777 72623 84494 6 125733
778 72807 75455 96 141720
779 73087 94424 46 515509
780 73467 77637 21 39193
781 73535 87286 17 197595
782 73898 79368 134 144058
783 74017 76242 80 72348
784 74117 86058 34 396811
785 74142 78668 65 170525
786 74147 74225 41 4332
787 74220 76673 56 53731
788 74370 77079 55 204720
789 74420 75919 102 59089
790 74665 75639 15 14274
791 74700 75158 63 16273
792 74911 78164 12 21411
793 74914 75644 126 64040
794 75157 91081 24 118096
795 75185 85310 12 21653
796 75196 80423 49 122625
797 75401 78270 16 13499
798 75450 92157 95 750012
799 75497 96216 98 670483
800 75569 83037 128 503087
801 75570 79235 17 27344
802 75612 78838 4 8276
803 75638 79672 90 123920
804 75773 87681 21 224378
805 75794 80623 57 134594
806 75819 91273 42 255542
807 76041 76658 12 3144
808 76150 80614 138 123474
809 76251 76647 43 14149
810 76252 91034 23 113620
811 76294 79014 9 8572
812 76334 82624 9 22131
813 76367 78554 60 115690
814 76377 97162 56 796215
815 76492 81193 139 816840
816 76502 79140 34 54881
817 76689 77874 5 4230
818 76701 87047 39 184618
819 76728 79659 37 48637
820 76740 80435 63 60282
821 77022 82628 147 310167
822 77041 81351 43 83810
823 77186 82665 22 138861
824 77210 85003 62 233267
825 77267 79204 77 105423
826 77447 81787 10 51635
827 77474 81677 36 68853
828 77674 97037 130 915195
829 77676 84431 32 85559
830 77709 93370 146 1239777
831 77751 90646 94 279667
832 77777 79386 125 62731
833 77813 85078 65 280656
834 78016 78089 121 2589
835 78019 84985 34 151996
836 78096 83516 33 101731
837 78180 79630 43 27301
838 78189 79570 22 14889
839 78473 84538 116 332894
840 78507 85275 56 44129
841 78513 80584 105 142443
842 78600 83382 26 40545
843 78623 87599 114 294548
844 78728 85521 72 235901
845 78912 79746 72 63223
846 79173 80625 20 19671
847 79227 88242 16 74386
848 79228 84861 137 557465
849 79646 92720 69 195946
850 79862 83685 85 171229
851 79883 81674 55 156758
852 79898 80639 33 10444
853 80011 81664 77 89338
854 80088 84085 78 95684
855 80282 83117 135 75527
856 80427 99005 68 499748
857 80483 84526 102 78693
858 80548 80711 12 665
859 80682 81696 26 25292
860 80778 93233 33 105676
861 80979 87133 12 51460
862 81079 81135 70 1460
863 81324 87003 25 41603
864 81348 86381 101 519994
865 81421 87908 108 187503
866 81458 82226 8 5925
867 81465 92235 22 53781
868 81544 85997 107 311460
869 82032 93431 26 62417
870 82048 91503 78 183968
871 82112 85434 63 101107
872 82257 83751 94 24597
873 82298 88807 75 103962
874 82318 98399 57 406472
875 82320 96691 91 578010
876 82355 99516 148 554410
877 82470 90194 59 153856
878 82516 85049 16 28478
879 82635 93074 115 779333
880 82764 88552 42 63661
881 82767 83761 49 36874
882 82922 85290 127 198256
883 82946 88076 16 32855
884 83400 88374 53 147453
885 83446 87729 6 19452
886 83665 95556 71 94817
887 83766 92120 78 118619
888 83792 89153 7 25413
889 83870 96575 72 477962
890 83960 90861 15 41859
891 84077 84224 85 5149
892 84100 89561 76 737081
893 84148 92504 44 94327
894 84186 86651 95 66113
895 84269 92931 105 458201
896 84365 87490 150 153705
897 84383 84839 22 8558
898 84524 87136 131 529719
899 84623 91820 127 291088
900 84731 85375 5 1166
901 85009 86702 63 27688
902 85083 92056 19 70638
903 85151 86079 17 9992
904 85169 97809 8 45780
905 85186 88254 65 83604
906 85392 90631 30 165470
907 85527 88703 101 189791
908 85539 86635 11 3873
909 85548 96748 18 52086
910 85738 93304 8 42853
911 85783 88369 79 103271
912 85999 90635 10 21782
913 86247 86822 8 2467
914 86273 86490 114 7950
915 86489 89007 65 102327
916 86512 97270 82 184155
917 86604 91738 120 222243
918 86698 99225 65 334268
919 86719 88395 147 96562
920 86738 90350 16 23995
921 86764 88924 59 22412
922 86803 88224 95 181159
923 86826 89990 54 65924
924 86916 94393 4 21143
925 87641 92288 21 14660
926 87860 95914 142 467836
927 87902 97297 137 703897
928 88141 89071 46 26484
929 88190 88799 15 6424
930 88249 98759 27 125453
931 88301 90768 7 4538
932 88407 94318 102 270075
933 88423 88858 7 791
934 88709 91160 130 83925
935 88736 91466 111 163092
936 88806 93843 70 137281
937 88829 89980 27 44546
938 88937 93874 19 81631
939 88977 95945 134 201539
940 89061 92717 74 406368
941 89063 94237 4 11675
942 89115 94560 18 24692
943 89195 90686 48 46091
944 89236 92828 144 377284
945 89289 94920 113 389362
946 89492 92086 10 6403
947 89671 92361 92 212581
948 89857 93929 136 245073
949 89962 93872 113 243841
950 90022 98181 7 4770
951 90205 93046 34 26155
952 90294 90973 20 2548
953 90313 92982 134 186567
954 90407 92182 8 13235
955 90438 94336 14 16050
956 90663 97157 61 125244
957 90719 93559 13 15825
958 90832 93157 140 110186
959 90877 97989 9 14255
960 90987 97177 74 190708
961 91315 93237 138 137839
962 91338 97881 71 267209
963 91405 91958 143 53969
964 91577 92255 6 2896
965 91670 95145 97 114730
966 92014 94507 8 9905
967 92017 93475 122 68821
968 92269 97036 20 46220
969 92357 95874 11 8517
970 92514 99611 5 22802
971 92584 96658 7 46645
972 92669 93080 42 20839
973 92832 95294 129 123487
974 93308 98956 55 144494
975 93461 99027 106 294873
976 93523 97039 148 246811
977 93880 97879 72 295740
978 94092 95314 42 24278
979 94143 99946 39 234487
980 94205 98653 34 59161
981 94216 98822 11 10853
982 94613 98641 138 740719
983 94626 95488 87 20197
984 94838 94891 14 1017
985 94960 98573 51 85145
986 95022 97412 71 81299
987 95108 96268 103 70466
988 95131 95255 22 1914
989 95455 96502 118 54876
990 95620 96073 86 9202
991 95833 97849 124 88814
992 96089 96817 5 1387
993 96619 98261 36 50706
994 96832 99182 81 105077
995 97000 98162 132 48606
996 97583 97602 95 517
997 98014 98542 27 2950
998 99256 99986 6 921
999 99657 99666 95 758
