50 1000 0.016
..................................................
..................................................
......................................#####.......
#.#...................##...............##.#.......
####.................##...............#####.......
#####................####..............###........
..##.................#####..............##........
..#.................#####...............#.........
...................#..####........................
...................########.......................
....................#.####........................
.......................#.#........................
.........................#........................
.........................#........................
..................................................
..................................................
..................................................
..................................................
..................................................
.........................#...................##.##
.........................#..................#####.
................##......######...............#.###
..............###......######...............######
.............####......######.................####
...............###.....####.#................#####
..............###.....###.#......................#
..............#.....######........................
..............#.......#.#.........................
........................#.........................
........................#.........................
..................................................
..................................................
...#..............................................
...###............................................
.####.................................#.#.........
..###.#..##...........................#.##........
..#########.........................###.##........
############.......................#.######..##...
##.######.##...................##..######.#..#....
#.########......................########....##....
...##..#.........................#..###......##...
...##.##..............................#.#....#....
..##.................................####.........
......................................##..........
..................................................
..................................................
..................................................
..................................................
..................................................
..................................................
0 25 15965 58 834765
1 54 3429 9 23762
2 113 5815 17 105225
3 298 31349 50 230340
4 304 2435 109 84441
5 501 17787 15 91135
6 505 4131 11 26972
7 515 13476 119 284875
8 671 1412 116 90812
9 694 7561 24 56727
10 729 19056 102 575647
11 758 2951 51 74266
12 945 11706 81 336249
13 966 967 76 42
14 969 13953 44 133902
15 978 2456 96 31752
16 1009 31489 76 1031151
17 1054 1607 16 1740
18 1208 4362 126 316466
19 1258 10117 134 369385
20 1337 9746 23 101885
21 1367 7150 126 630891
22 1382 18567 48 273541
23 1431 3512 93 155592
24 1453 9153 13 18713
25 1495 28744 65 1541553
26 1679 2425 137 46023
27 1758 15033 144 1216863
28 1823 9818 63 226505
29 1953 16076 118 1319894
30 2085 3621 125 76710
31 2183 7505 5 5366
32 2185 18865 68 902123
33 2260 20844 12 115516
34 2443 6198 40 80779
35 2467 4408 69 36865
36 2572 11172 16 179967
37 3072 16312 20 117253
38 3333 12755 72 665223
39 3361 4303 126 76381
40 3409 5060 134 131181
41 3423 6109 47 33072
42 3428 8344 125 261168
43 3687 38866 16 109757
44 3810 6981 122 549090
45 4064 7773 115 235607
46 4205 21095 36 548351
47 4267 13052 33 148203
48 4306 25683 64 180083
49 4379 38181 5 84535
50 4495 8481 14 13859
51 4509 4646 16 1801
52 4656 21767 121 595115
53 4696 6740 27 11631
54 4729 10745 97 118507
55 4989 15636 11 49538
56 5110 9150 32 142732
57 5112 6181 75 47279
58 5148 18458 12 33888
59 5153 12393 4 12712
60 5226 38564 97 1317772
61 5268 5879 135 22561
62 5305 15301 19 84104
63 5457 6189 48 21731
64 5467 12932 25 75653
65 5539 8190 119 96241
66 5677 13325 28 86356
67 5701 25532 7 119996
68 6012 21451 126 687328
69 6062 25971 15 93460
70 6132 38996 75 470844
71 6140 12302 20 93060
72 6378 9528 9 7461
73 6467 12211 149 127548
74 6537 22296 28 172894
75 6610 12959 96 263040
76 6789 23516 99 652486
77 6960 17505 13 36184
78 7022 34439 41 249223
79 7149 18600 20 47834
80 7172 29257 124 903779
81 7512 10422 124 125277
82 7622 15170 19 36399
83 7665 21640 15 36954
84 7912 9301 19 7357
85 7988 14495 5 7000
86 8084 25941 73 633835
87 8159 23302 33 205875
88 8258 20328 34 194266
89 8322 14553 140 580028
90 8347 25696 45 151070
91 8567 18540 108 792809
92 8595 16292 131 332847
93 8603 10747 39 13230
94 8719 9134 19 7675
95 9035 11115 7 10009
96 9068 14808 6 17812
97 9078 12426 23 22712
98 9140 13293 126 237653
99 9252 15259 6 5987
100 9405 18283 33 96229
101 9488 10024 27 1563
102 9567 26116 135 228761
103 9575 10279 87 36086
104 9634 27316 139 1146150
105 9646 28222 5 103024
106 9669 10025 59 21617
107 9853 15245 111 151024
108 10181 38938 106 4330030
109 10256 12124 83 97542
110 10421 14010 83 235035
111 10569 15466 56 43472
112 10853 10920 77 4394
113 10899 14500 87 126905
114 11066 16215 105 508394
115 11149 11574 51 30233
116 11184 12984 8 11259
117 11201 17208 53 80547
118 11261 15891 61 78484
119 11354 15670 90 178309
120 11698 29094 38 215407
121 11786 16989 142 551727
122 11880 24642 19 48873
123 11883 28006 32 435924
124 11909 22369 78 190216
125 11941 16268 110 100516
126 11948 20215 119 440847
127 12065 14586 75 118223
128 12088 16039 12 24010
129 12164 35547 5 40674
130 12346 12491 61 9481
131 12697 13633 10 7125
132 12760 18609 110 281426
133 12802 20167 6 6041
134 13082 17215 118 170630
135 13207 22137 20 39261
136 13215 18972 5 7676
137 13239 18083 7 10621
138 13415 17032 8 5809
139 13429 40418 26 457699
140 13511 13800 148 14664
141 13585 20468 94 250272
142 13619 17917 148 399577
143 13807 32800 6 53859
144 13839 39012 117 1140672
145 13973 24551 27 112164
146 13982 14406 14 1460
147 13993 20993 97 207943
148 14024 16881 4 2486
149 14044 18624 82 134621
150 14122 25234 54 282925
151 14265 18404 42 39067
152 14342 22245 44 110972
153 14382 19841 11 32319
154 14399 16121 6 9858
155 14445 27804 75 270125
156 14481 17320 105 138037
157 14515 14959 22 7212
158 14547 39140 88 176392
159 14691 14758 21 954
160 14787 15162 26 4627
161 14805 38425 41 251911
162 14833 18150 74 91248
163 14887 29616 38 370378
164 14924 24439 71 198089
165 15146 22885 45 132074
166 15200 25435 91 648635
167 15213 33779 47 294571
168 15248 55506 86 316931
169 15257 21778 114 262860
170 15332 24889 76 706020
171 15697 16803 89 26684
172 15831 28596 32 235952
173 15888 40924 21 363915
174 16108 26536 31 32748
175 16127 27435 72 265555
176 16224 20723 65 130868
177 16232 19292 37 72175
178 16233 26420 30 71000
179 16242 22415 63 178179
180 16269 33379 70 327385
181 16346 28360 14 77757
182 16478 43803 73 907608
183 16487 22656 140 592834
184 16726 27379 133 528023
185 16786 20096 131 201920
186 16930 21896 28 65252
187 16991 41236 112 1587985
188 17014 50511 91 2400583
189 17031 23281 32 83851
190 17058 38876 72 427861
191 17082 19849 19 6669
192 17143 31455 23 170624
193 17198 22093 73 100396
194 17223 37448 85 488459
195 17264 32488 103 847280
196 17303 21445 28 43662
197 17307 34157 72 258363
198 17604 18969 18 17714
199 17663 32852 125 628251
200 17679 21262 22 79375
201 17712 28706 47 164515
202 17749 18244 63 37955
203 17767 36397 8 58607
204 17805 24497 20 103815
205 17878 18690 110 64875
206 17986 27782 60 226535
207 18305 27278 42 182640
208 18372 33845 25 226230
209 18463 22308 56 206517
210 18864 28464 75 442201
211 18868 27464 133 434702
212 18957 23606 17 22504
213 19035 38935 15 136038
214 19098 23355 12 14688
215 19109 19744 19 4899
216 19224 33664 26 138105
217 19246 40005 58 289669
218 19343 37418 44 240158
219 19417 38635 68 523695
220 19451 37463 8 84314
221 19540 30232 92 511837
222 19597 25626 55 150627
223 19809 40820 32 267112
224 19883 54917 9 136367
225 19932 20124 75 7555
226 19978 35110 30 186022
227 20017 25628 45 85507
228 20088 51894 112 835382
229 20162 36967 148 622642
230 20199 28500 80 477643
231 20429 22674 7 3883
232 20490 35441 6 83308
233 20587 22069 6 3188
234 20711 24629 69 136513
235 20892 33224 16 154985
236 20968 24313 15 41256
237 21060 30922 59 193513
238 21122 33143 62 392170
239 21164 32447 17 128588
240 21177 31195 67 654957
241 21181 27929 18 44877
242 21321 43782 74 1038419
243 21378 35832 74 255491
244 21494 33285 110 482431
245 21627 34559 43 85639
246 21792 33145 18 49858
247 21842 31555 133 269387
248 21894 28118 17 62604
249 21900 23074 112 78568
250 21910 23883 23 15605
251 21919 30591 26 101732
252 22102 24991 86 63189
253 22108 34294 60 511119
254 22152 29552 25 31666
255 22168 25526 5 17118
256 22487 22988 43 25359
257 22704 24018 129 63983
258 22903 26016 12 4948
259 22920 36851 46 184510
260 22925 22998 99 1939
261 22957 25790 72 97467
262 23014 26769 131 284754
263 23080 26348 126 233458
264 23098 47118 113 1266343
265 23111 25769 45 39332
266 23122 24122 7 8605
267 23437 23485 28 1445
268 23576 26983 58 139637
269 23597 63726 46 453625
270 23766 25386 12 5456
271 23791 50963 144 911434
272 23937 28746 108 225323
273 24179 24261 99 7964
274 24346 34202 86 842069
275 24405 35905 93 198269
276 24669 29009 98 330685
277 24817 29425 89 105872
278 25013 38688 97 817198
279 25072 30223 53 85037
280 25333 27071 9 18092
281 25387 25411 134 6678
282 25428 50054 149 1048252
283 25456 35207 28 125307
284 25530 43155 137 727604
285 25594 39248 6 21402
286 25600 26940 108 31699
287 25630 34311 144 621985
288 25634 36456 9 43773
289 25847 41888 28 137641
290 26021 32173 41 122193
291 26035 27206 127 51328
292 26109 26477 21 2674
293 26177 27197 37 10615
294 26248 32761 22 174572
295 26449 27097 11 6112
296 26704 43383 34 538833
297 26867 28292 30 22009
298 27033 31763 124 125023
299 27073 30610 42 95826
300 27222 39695 119 997429
301 27274 38590 91 135950
302 27298 30272 116 465319
303 27347 31448 87 128065
304 27814 40396 46 186124
305 27882 50805 117 905170
306 28146 36096 10 49280
307 28149 36739 7 23638
308 28195 31212 37 32099
309 28327 30764 48 77009
310 28380 39435 48 287113
311 28484 31328 67 61153
312 28548 36617 24 59023
313 28602 30809 121 126705
314 28694 35430 18 52032
315 28838 30769 9 7637
316 28916 35377 8 11156
317 28945 31413 29 41348
318 28984 32656 25 12880
319 29138 33986 113 127706
320 29278 40661 9 83565
321 29480 32361 22 27894
322 29543 40145 121 427423
323 29627 30156 64 42411
324 29876 48422 59 477298
325 30043 37599 47 273055
326 30111 31350 45 15324
327 30151 30967 7 1475
328 30172 42755 135 718047
329 30356 31986 52 81110
330 30538 42917 81 611375
331 30659 39998 10 13680
332 30909 34156 19 20486
333 30929 50478 39 250026
334 31213 32442 95 73010
335 31298 35428 112 139809
336 31394 37834 148 272257
337 31543 37740 67 220209
338 31549 35955 54 81128
339 31572 34630 61 93951
340 31606 34766 25 24929
341 31660 32648 51 19195
342 31678 59144 16 66689
343 31841 32413 4 854
344 31882 62669 25 312751
345 31942 64880 47 338129
346 32026 35163 67 84447
347 32200 34503 63 26883
348 32274 37792 6 6321
349 32601 37669 115 359982
350 32795 37892 23 40701
351 32908 37592 116 766405
352 32911 34061 132 138775
353 32968 79337 24 257345
354 32969 33412 13 4264
355 33158 35314 20 16384
356 33195 46828 14 186450
357 33276 39727 30 260369
358 33302 53886 4 25937
359 33519 36712 134 111227
360 33575 43538 18 49998
361 33583 33720 26 1622
362 33681 46358 36 148236
363 33706 71962 127 2664213
364 33846 42153 51 262625
365 33901 35333 17 16147
366 34131 39457 149 170887
367 34153 36600 50 64770
368 34204 34628 137 20552
369 34370 35468 74 110237
370 34376 46536 23 142988
371 34460 35014 12 3640
372 34621 35637 76 29238
373 34720 57389 21 95748
374 34734 37913 50 84582
375 34749 44320 138 651331
376 34796 53455 17 107765
377 34854 36664 83 54594
378 34951 44175 57 47862
379 35060 38840 63 49461
380 35073 35137 61 7524
381 35222 40818 33 41257
382 35415 36584 98 33564
383 35485 38056 113 76511
384 35686 41927 43 91919
385 35831 38812 131 99283
386 35907 42515 95 217137
387 35936 48091 93 540073
388 35945 45700 104 691612
389 36089 36421 10 1471
390 36206 36937 13 3243
391 36219 54330 8 41854
392 36413 38476 96 102950
393 36507 46435 54 255598
394 36569 60481 102 1209076
395 36781 42036 117 67350
396 36788 52346 63 527466
397 36808 43683 43 52568
398 36812 39863 94 42896
399 36850 55717 25 223342
400 36951 48560 93 211270
401 36973 41265 20 55546
402 37194 42311 111 159545
403 37283 52907 41 368906
404 37305 46017 94 340747
405 37347 67559 78 1123719
406 37381 41208 110 716851
407 37385 56889 43 251140
408 37422 49950 11 33213
409 37667 50569 12 136561
410 37931 49867 27 143616
411 38031 70177 78 537862
412 38206 50062 97 502560
413 38376 55066 108 1171306
414 38398 40433 76 142388
415 38489 40299 12 9810
416 38728 70045 35 559455
417 38747 48267 51 210201
418 38823 40541 71 35681
419 38917 42277 13 64526
420 38923 39615 22 7234
421 39046 47430 5 21621
422 39150 43921 6 13692
423 39192 47571 59 321628
424 39231 41272 8 6708
425 39377 46684 13 88633
426 39450 41469 93 53491
427 39554 48335 14 57561
428 39593 69241 131 1437644
429 39706 66980 18 309362
430 39717 41406 74 59313
431 39720 53319 5 41154
432 39874 48988 19 89465
433 39876 45472 71 88367
434 39903 62372 103 1266460
435 40250 53629 76 223481
436 40255 45350 14 8731
437 40282 42531 25 34539
438 40437 43450 115 107142
439 40442 56397 84 999586
440 40516 53500 133 434916
441 40548 40636 142 26061
442 40687 75483 68 978665
443 40920 45502 98 145368
444 40970 49873 6 17822
445 41010 47135 11 36198
446 41170 57545 9 89033
447 41231 76272 32 90362
448 41334 41823 14 7500
449 41368 44860 143 235226
450 41404 50941 6 13695
451 41530 44230 29 38037
452 41573 48120 88 158576
453 41636 44635 144 117729
454 41738 61504 9 252961
455 41870 48099 34 139118
456 41916 45684 72 94112
457 41922 46228 82 518289
458 41934 47214 41 53767
459 41941 53688 132 1246933
460 41955 47521 68 162747
461 42045 74549 73 1886304
462 42235 51739 66 480821
463 42285 47901 142 186231
464 42352 46767 4 29316
465 42469 74934 66 308679
466 42482 52767 105 885041
467 42633 43578 105 73336
468 42780 48288 103 561751
469 42822 46597 73 101947
470 42852 61018 58 342085
471 43281 44450 18 9854
472 43319 51249 5 27614
473 43341 45482 10 8650
474 43478 76542 147 2628589
475 43521 48452 18 56671
476 43719 53214 111 212025
477 43760 48329 13 26801
478 43837 51485 9 28195
479 43862 44027 10 520
480 43871 44533 84 29582
481 43915 53235 28 166872
482 43977 47361 92 133342
483 43998 48026 39 110537
484 44005 44376 33 7981
485 44380 44843 93 18220
486 44487 66531 12 61269
487 44508 47539 65 63040
488 44577 62885 8 17274
489 44587 56598 7 35759
490 44594 45283 145 50075
491 44604 71671 15 253615
492 44688 72421 6 63058
493 44922 58283 52 211176
494 44925 47844 111 117382
495 45025 47120 110 208268
496 45113 57446 90 376623
497 45158 55379 33 46185
498 45485 53144 119 379891
499 45780 50064 5 6278
500 46096 49191 8 11227
501 46101 48498 21 22009
502 46119 66180 137 373435
503 46123 56382 82 643174
504 46760 46783 8 109
505 46852 49105 106 28443
506 46895 61066 27 194961
507 47009 48106 105 40820
508 47012 57255 11 58725
509 47074 50178 9 6439
510 47265 64582 90 319765
511 47432 51471 126 100360
512 47550 48636 39 25441
513 47780 58238 70 250523
514 47923 49869 71 78755
515 47927 50473 82 247435
516 48193 48300 44 2429
517 48198 51397 28 59036
518 48253 64155 63 239216
519 48318 95871 21 322869
520 48334 59874 139 504350
521 48363 64203 64 281794
522 48470 53530 12 18402
523 48485 53554 79 393408
524 48563 48862 18 4086
525 48741 54686 27 65435
526 48757 52249 5 18483
527 48760 51093 7 5252
528 48912 49866 36 9752
529 48975 49636 18 13069
530 49046 54613 22 41535
531 49064 50161 20 11421
532 49300 49790 19 5426
533 49621 56320 89 90067
534 49641 51599 72 112159
535 49729 60287 47 435239
536 49821 59643 27 51734
537 50055 67333 149 852955
538 50121 76642 79 1110254
539 50145 50591 4 513
540 50814 59907 97 388948
541 50838 51123 102 7316
542 50937 74872 11 108765
543 50946 51091 89 10108
544 51097 52713 27 9799
545 51334 71074 93 1315474
546 51416 57804 10 11071
547 51454 52914 23 11211
548 51560 56548 142 393309
549 51612 53258 124 61349
550 51756 56816 23 49612
551 51809 58609 136 476293
552 51813 54021 66 53019
553 51876 56907 7 19168
554 51898 52297 37 15200
555 51912 74949 14 173854
556 51961 58880 55 136882
557 52146 94959 12 260589
558 52248 71538 9 33785
559 52277 66050 20 283645
560 52370 55980 8 9093
561 52408 56160 135 307933
562 52440 53861 45 64764
563 52464 57604 9 17570
564 52646 53993 104 75010
565 52673 53671 44 27982
566 52816 58553 4 25909
567 53037 64098 11 50208
568 53168 79823 78 510648
569 53174 61988 19 71603
570 53337 53698 121 19083
571 53355 71864 9 152648
572 53493 64057 62 188446
573 53501 53713 17 2716
574 53608 67267 11 94316
575 53638 64725 59 186736
576 53816 54018 104 36939
577 53927 55003 44 25330
578 53941 56271 7 33240
579 53942 54748 8 5047
580 53989 60289 26 123860
581 54130 54196 16 562
582 54290 59564 52 105151
583 54449 64567 60 237626
584 54491 54797 75 23265
585 54599 62324 133 631024
586 54780 93071 10 62339
587 54806 62421 72 616005
588 54906 55701 14 12690
589 55024 56236 62 49826
590 55073 75678 10 33946
591 55157 59442 44 119225
592 55500 75289 118 348874
593 55630 60120 147 517516
594 55635 68604 5 9001
595 55719 72633 65 231976
596 55752 63522 81 532618
597 55794 62307 118 596445
598 55833 59591 29 34687
599 55983 60100 6 5330
600 56249 67144 135 761926
601 56304 59788 82 60946
602 56310 64282 9 27155
603 56501 60207 61 129754
604 56566 84893 140 1981379
605 56578 60636 46 106383
606 56627 58565 118 70798
607 56669 61430 25 59173
608 56768 82941 101 1751572
609 56784 77839 25 123884
610 56894 57884 33 32804
611 56963 64747 8 19720
612 57058 73776 89 595097
613 57062 74662 144 1350586
614 57105 62311 106 293348
615 57110 60898 97 148618
616 57222 83756 137 1320601
617 57424 62181 15 71196
618 57525 77186 37 249500
619 57598 65317 51 165137
620 57890 63668 136 472047
621 57954 62618 134 314712
622 57965 66061 12 37727
623 58009 63013 43 78364
624 58011 67000 99 187165
625 58086 62576 26 112741
626 58227 58659 91 38698
627 58274 59940 103 229733
628 58464 65870 132 340327
629 58492 88217 5 42386
630 58516 59270 111 11669
631 58554 65560 20 101881
632 58627 68734 33 128909
633 58811 62003 145 382458
634 58848 63975 110 93802
635 58857 61316 125 189081
636 58950 63548 130 237895
637 59008 68588 41 152214
638 59009 74779 80 502465
639 59037 94898 15 172683
640 59095 69810 36 203105
641 59157 65782 20 46838
642 59373 59819 12 2811
643 59480 68052 48 131870
644 59504 80774 106 613645
645 59625 80124 24 206819
646 59695 65421 89 277986
647 59708 65094 92 591615
648 59773 75543 29 385138
649 59843 61232 10 5291
650 59956 68135 14 24629
651 60223 62869 32 42882
652 60363 82196 35 694889
653 60461 65774 6 16202
654 60589 77045 143 739673
655 60710 82673 84 405088
656 60745 71215 43 195839
657 61211 65096 28 46335
658 61258 84860 15 80853
659 61381 68043 48 40923
660 61418 64585 20 47659
661 61456 71172 39 241594
662 61488 67118 121 225691
663 61499 76649 18 37921
664 61517 65124 34 26646
665 61538 64564 21 35362
666 61629 81467 39 308869
667 61720 69421 6 14991
668 61761 83749 39 575858
669 61780 75213 17 64892
670 61793 70664 12 39313
671 61894 64055 150 138340
672 62001 66073 132 124767
673 62093 72960 22 96771
674 62103 62414 52 7732
675 62468 68004 70 134446
676 62565 79170 14 119574
677 62785 69899 103 565338
678 62892 71526 10 62679
679 63048 71808 93 224466
680 63054 74071 110 101227
681 63118 69881 110 126753
682 63505 65912 114 181948
683 63545 71225 110 295315
684 63585 70493 96 370862
685 63691 70445 12 62860
686 63902 68913 45 128056
687 63915 75796 146 507297
688 63971 64771 29 4641
689 64130 66985 109 110431
690 64158 70332 71 161898
691 64174 95305 12 300030
692 64255 68649 112 183501
693 64342 76908 8 37141
694 64375 66411 48 46280
695 64400 68836 15 30851
696 64523 68255 6 17061
697 64565 65968 24 15291
698 64622 76661 124 1467857
699 64738 77990 19 74418
700 64768 68533 121 153416
701 64823 65835 126 39649
702 64965 66665 146 205939
703 64970 66384 50 39588
704 65140 69358 69 89573
705 65204 69563 149 239733
706 65278 70713 12 70103
707 65457 66401 19 5860
708 65532 66860 52 46820
709 65753 67243 64 28946
710 65933 82711 10 42354
711 65951 71302 55 101832
712 66000 69672 112 53439
713 66011 77546 61 418626
714 66070 69038 140 52479
715 66146 69539 144 252480
716 66173 66194 16 94
717 66212 74383 96 694849
718 66236 67634 58 42808
719 66244 77890 10 42248
720 66255 75865 49 341248
721 66310 87530 95 693254
722 66346 67282 23 17987
723 66457 70114 31 70596
724 66486 69696 27 20580
725 66587 74224 35 147283
726 66611 77228 27 62472
727 66643 68034 18 9489
728 67050 98125 68 801794
729 67140 69490 5 2876
730 67363 72807 116 208489
731 67459 70344 12 23367
732 67468 68283 78 19773
733 67674 84515 46 340966
734 67698 71661 46 87891
735 67760 68210 91 8388
736 67784 72463 135 235699
737 67923 68476 23 11752
738 67948 73734 101 319592
739 68027 68393 67 11350
740 68251 69162 42 22645
741 68398 70087 5 3664
742 68672 76043 141 434424
743 68674 68695 113 1132
744 69293 77907 57 95189
745 69387 72976 136 82665
746 69419 89902 4 21797
747 69519 85864 78 392719
748 69523 72573 33 72309
749 69548 73275 139 384519
750 69552 78429 46 206184
751 69607 80746 69 229562
752 69619 71162 22 17928
753 69742 81879 27 94454
754 69770 86452 17 129465
755 69999 77750 48 146976
756 70029 73630 145 732180
757 70034 79322 51 194229
758 70041 99529 78 725246
759 70094 70875 110 58366
760 70157 72742 23 14148
761 70319 77892 76 286895
762 70511 81338 61 228615
763 70745 78861 71 246885
764 70806 74817 7 5743
765 70815 74985 82 86386
766 70818 71352 142 25570
767 71056 91730 22 122140
768 71095 82066 53 194908
769 71344 77408 30 53485
770 71358 82235 93 441003
771 71655 87890 148 279622
772 71969 79026 62 324403
773 72014 79107 78 174823
774 72029 86417 121 938604
775 72229 87310 71 511865
776 72244 72482 62 9964
777 72275 81127 6 15328
778 72365 72791 149 18777
779 72466 90026 132 455223
780 72647 79864 101 574639
781 73407 78592 19 45076
782 73408 75569 7 7455
783 73435 73549 13 1317
784 73481 74742 60 43479
785 73509 94007 54 171090
786 73535 75863 55 55389
787 73555 75035 8 5393
788 73598 74118 38 2733
789 73785 87898 44 601712
790 73798 78486 23 45903
791 73865 76932 37 39251
792 74025 76791 11 14112
793 74029 83629 149 1658140
794 74123 76717 28 52352
795 74250 74388 50 2457
796 74608 79572 59 137060
797 74612 80763 143 227429
798 74625 75485 86 55636
799 74647 82157 32 88593
800 75050 87835 126 332917
801 75099 86401 77 630620
802 75194 87238 18 55092
803 75470 87543 10 28412
804 75522 98761 33 477276
805 75591 79379 78 124339
806 75598 75602 18 246
807 75677 80345 64 336176
808 75769 79528 45 80647
809 75895 83025 24 86166
810 75923 77731 108 51089
811 75956 78291 15 8286
812 76211 77168 150 140964
813 76224 86584 28 37779
814 76460 76660 41 6907
815 76536 76674 113 10506
816 76668 79123 75 60513
817 76758 79505 88 130066
818 76805 82999 149 456823
819 76880 82378 58 122948
820 76899 79191 103 48337
821 76900 84646 18 60238
822 76936 85776 94 395612
823 76987 78260 121 113429
824 77025 86928 26 187853
825 77182 78182 37 24853
826 77253 84528 63 134960
827 77291 88360 14 67962
828 77299 95685 110 873717
829 77364 80436 131 132199
830 77413 91297 100 697992
831 77468 81636 15 22378
832 77547 78455 11 3810
833 77634 79447 14 6700
834 77691 83988 119 128118
835 77735 79946 77 21619
836 77831 85698 20 104929
837 77895 84179 27 97043
838 77973 79508 133 53642
839 78004 96367 8 54635
840 78008 90966 140 1291855
841 78116 82307 27 58182
842 78142 81079 81 24415
843 78246 89985 143 738143
844 78253 93919 136 987398
845 78275 85211 116 303091
846 78350 91036 4 32033
847 78364 84733 38 155101
848 78398 92922 96 436870
849 78463 82523 101 200479
850 78494 87186 46 81428
851 78660 91062 21 55824
852 78686 89630 4 22549
853 78783 81222 39 69709
854 78845 88819 41 280855
855 78917 81930 72 32049
856 78955 88648 125 382955
857 79098 79614 81 24454
858 79248 80862 21 23215
859 79286 84378 18 18928
860 79326 79787 82 23898
861 79513 80386 18 3770
862 79607 80465 119 19954
863 79608 87595 26 52534
864 79636 83019 4 10628
865 79924 97725 17 130753
866 79971 84699 126 296707
867 80019 81675 12 12587
868 80134 80725 14 4032
869 80149 83048 80 176177
870 80191 84322 6 7434
871 80297 91888 110 666402
872 80323 81530 38 26646
873 80376 93916 12 31486
874 80597 81614 21 5726
875 80806 83605 64 30377
876 81035 88037 148 917640
877 81051 87226 68 382916
878 81218 85555 12 9544
879 81344 91516 8 11596
880 81387 83652 124 38938
881 81483 81503 52 176
882 81516 83284 146 192819
883 81579 85649 138 200320
884 81732 92072 143 622684
885 81969 84138 6 2628
886 82035 83677 38 26360
887 82377 84309 124 242068
888 82384 87330 65 73311
889 82483 91308 71 408202
890 82602 96686 36 63576
891 82740 84783 94 186914
892 82831 94544 11 26772
893 83030 85921 50 61629
894 83121 86784 68 205981
895 83648 85253 49 51390
896 83902 85011 28 11667
897 84068 84484 74 21699
898 84149 87712 66 91600
899 84186 93264 99 231775
900 84589 86748 5 9328
901 84716 98551 114 450054
902 84870 95135 26 137323
903 84979 91586 62 92300
904 85027 86272 115 211908
905 85033 93239 54 167713
906 85035 87508 44 89923
907 85129 94940 10 43216
908 85185 93300 149 651485
909 85317 89865 36 52997
910 85318 95302 26 201500
911 85477 97644 134 730022
912 85519 94746 98 340344
913 85525 88588 104 80940
914 85715 88928 100 101983
915 85760 93608 85 350359
916 85821 87198 86 28461
917 85847 94468 53 143610
918 86101 94092 52 143088
919 86184 97974 120 869372
920 86325 88159 14 13033
921 86474 99541 21 103448
922 86577 95192 128 734963
923 86627 92803 4 21017
924 87085 89201 144 77656
925 87110 87923 37 7687
926 87138 91543 47 85124
927 87201 88478 78 28595
928 87228 88050 15 5248
929 87297 95801 11 73875
930 87325 90764 54 135363
931 87948 94850 5 7560
932 87959 92224 118 230919
933 87973 92497 48 174420
934 88015 93253 133 183382
935 88018 96180 60 146998
936 88107 99303 90 239250
937 88236 99853 94 880448
938 88237 92500 126 174819
939 88267 94832 50 124401
940 88428 89282 16 16829
941 88696 91679 57 126682
942 88828 93466 52 126865
943 88847 96152 109 471860
944 88878 92729 112 143032
945 89102 90744 126 172720
946 89138 97247 49 266028
947 89200 96285 16 67141
948 89263 94560 36 85533
949 89394 95931 53 64895
950 89533 91333 44 22098
951 89659 90993 8 3013
952 89678 99646 51 86143
953 90262 92548 20 34782
954 90353 91483 105 67553
955 90361 92653 60 28007
956 90411 99818 6 25722
957 90539 91023 110 17084
958 90785 97100 127 404908
959 90830 95233 15 16097
960 90886 95217 102 170317
961 90964 93844 59 42951
962 91087 92033 99 20654
963 91143 92445 79 24694
964 91465 98657 67 155744
965 91794 96658 14 104305
966 91968 97491 69 447887
967 92087 96882 135 623651
968 92611 98804 80 223317
969 92698 94496 63 54729
970 92704 93597 22 11191
971 93081 93654 87 23029
972 93330 99332 72 323112
973 93488 95013 147 184993
974 93571 96752 34 20179
975 93681 94547 134 128827
976 93775 95104 7 5000
977 94063 97769 69 50495
978 94164 96482 18 23763
979 94298 96523 117 72024
980 94400 94613 87 19809
981 94455 98986 57 207960
982 94786 97830 93 120891
983 94812 96139 16 10948
984 94976 95420 137 22248
985 95322 99381 15 12564
986 95329 95373 90 2242
987 95708 98911 17 35040
988 95852 98840 54 70416
989 95904 96332 8 4236
990 95968 96172 15 2054
991 96289 97717 29 13407
992 96363 96859 148 29909
993 96625 99302 73 49732
994 96705 99367 29 31365
995 96815 98857 114 103403
996 96876 99050 43 66025
997 97267 98094 4 1602
998 97411 98096 35 20255
999 98928 99373 90 10613
