50 1000 0.073
###.#############..........##########.###.........
###...#######............################.........
##....######............###.####.##########.......
.##.....####..............#.#####.###.######......
...........#..............#######...#..#...#......
...........................#####......###.........
.........................########......#..........
......................####.####........#..........
........................########.###..............
........................###########...............
#.......................#####.#####...............
##.....................##.##########..............
#..........................#########..............
#...........................#..###................
##.............................#.##...............
###.##............................#...............
#####.............................................
.#.###............................................
####.#............................................
####..............................................
######............................................
.#####............................................
######............###...........###.#.............
##..##.........#.#.###...........####.##..........
######........########..#.........####.#..........
#####..........##########..........#####..........
#####..........##########.........######.##.......
######..........######.##..........#.#####........
######..........#####.###.......#..#######........
#.###............####.##........###.#########.....
#..#...........########.#.........##########......
##.##............##########......######.#.........
...###...........#####.####........####.#.........
#####.#........#########..##......####............
#.#####........########...........#....#..........
..#####........#.#.######..........###.#..........
...###.........##.#######..........######.........
...............##########...........####..........
...............############..........#####........
................###########..........######.......
................########.###.........#######......
...............#.#####.####............#####......
.............##############...........#######.....
...............#.####.####............###.####....
...............#..#.#.#.#............#######.#....
..................#.##..#............#########....
....................#..................#######....
.........................................#####....
.........................................###.#....
..........................................##......
0 274 1475 16 5035
1 323 11263 46 321325
2 676 2756 9 15425
3 930 2355 141 62359
4 964 4100 107 177902
5 1033 4303 42 114336
6 1044 6543 8 24626
7 1158 5240 37 52202
8 1160 1752 116 25942
9 1192 3195 93 98979
10 1322 10593 5 12175
11 1331 22584 81 540486
12 1369 3854 121 142402
13 1439 3155 114 94704
14 1462 5389 8 21028
15 1525 11353 145 328598
16 1588 8652 9 31141
17 1650 3433 142 89702
18 1704 4628 78 237097
19 1763 8838 90 156889
20 1815 1906 139 9295
21 1842 6105 77 103756
22 1863 5276 98 85392
23 1921 4550 15 7723
24 2127 2833 128 33627
25 2177 7309 43 146556
26 2241 3005 21 3683
27 2570 5290 10 21976
28 2612 9265 66 133678
29 2812 17652 116 749147
30 2822 7541 85 509172
31 3597 5287 46 52241
32 3606 7375 67 158363
33 3846 10902 9 64620
34 4062 6715 44 37809
35 4139 4825 5 1836
36 4161 4869 12 2620
37 4316 5857 28 33069
38 4401 8016 61 99302
39 4528 5250 15 4498
40 4576 6960 32 14395
41 4658 5177 120 34798
42 4771 5959 52 14434
43 4796 6928 110 166756
44 4801 5708 127 33174
45 5163 8648 106 216469
46 5166 8320 27 16577
47 5258 14096 50 93625
48 5288 7439 58 13085
49 5405 9979 28 37318
50 5411 9315 122 103065
51 5512 6860 7 6153
52 5574 10367 143 321027
53 5780 10990 102 246884
54 5948 26104 77 1067081
55 5988 8235 16 14486
56 6137 9296 45 57102
57 6155 15787 27 115246
58 6172 13476 27 107313
59 6240 8952 74 105944
60 6243 9413 7 12920
61 6301 14575 132 560266
62 6361 8559 44 42221
63 6388 6791 57 39942
64 6498 7095 78 29744
65 6893 23250 43 291935
66 6907 10744 118 100249
67 6936 7320 15 2991
68 6949 7250 42 8616
69 6971 8669 10 12974
70 7120 7304 6 394
71 7204 7615 12 3317
72 7292 8736 62 43477
73 7326 9097 38 23069
74 7417 7625 8 1237
75 7655 11115 47 108944
76 7756 12131 136 181914
77 7852 10543 6 14293
78 7971 8306 8 1476
79 8022 9689 7 8196
80 8147 11457 105 213573
81 8157 8748 101 32950
82 8218 11946 17 30321
83 8512 8560 70 3634
84 8576 9088 25 5604
85 8644 14134 19 45707
86 8760 15030 102 451653
87 8953 12610 144 150245
88 9061 10025 11 3018
89 9180 12686 60 112164
90 9263 12862 65 123092
91 9270 11232 6 1646
92 9341 13124 53 112285
93 9371 11850 28 46494
94 9519 10912 27 17768
95 9568 17622 7 13135
96 9792 13635 104 464828
97 9811 13020 28 88403
98 9851 10160 25 4114
99 9862 21120 8 27034
100 9897 14241 31 44848
101 9965 20596 94 414546
102 10031 10205 93 22722
103 10177 14217 131 188107
104 10179 15813 16 34519
105 10232 13815 148 64862
106 10537 13264 124 120757
107 10563 12549 8 8739
108 10644 13623 13 26703
109 10720 15519 87 324730
110 10850 17457 50 154194
111 10946 15226 108 191222
112 11080 13055 31 27011
113 11118 12313 120 22274
114 11266 15256 49 61746
115 11447 12688 58 48355
116 11454 12772 71 48593
117 11487 16659 140 700403
118 11720 18987 12 58151
119 11906 14997 49 227717
120 11990 12581 33 26958
121 11994 18172 123 161292
122 12056 13309 13 8952
123 12063 19179 92 183358
124 12098 16314 131 182110
125 12132 19994 87 200226
126 12840 20392 132 458137
127 12878 18179 121 699258
128 12884 19791 27 61871
129 12963 14442 47 41034
130 13073 16099 58 45646
131 13132 19384 41 108777
132 13189 15052 97 74387
133 13232 14589 49 69634
134 13237 17700 81 448671
135 13301 14003 75 43619
136 13540 18753 33 56387
137 13640 24557 63 256778
138 13754 18534 82 192552
139 13860 19121 136 187478
140 13979 18609 64 153084
141 13993 14297 67 9121
142 14020 18256 55 194386
143 14035 16551 12 40209
144 14153 21283 133 681106
145 14228 15591 127 37911
146 14296 18175 96 150121
147 14338 16366 15 18478
148 14678 22922 99 257164
149 14742 18333 23 31609
150 14899 18033 128 153506
151 14999 18448 122 177853
152 15016 16728 42 26192
153 15093 21574 17 53972
154 15097 18378 28 38978
155 15248 15340 28 1368
156 15328 23655 103 290827
157 15375 17276 59 140233
158 15529 19578 115 88597
159 15602 19318 23 63242
160 15661 20231 87 216441
161 15702 20658 63 141446
162 15777 21086 70 176846
163 15957 17061 93 74240
164 15960 18707 48 78761
165 15972 15987 5 89
166 16082 16855 20 9985
167 16170 20430 147 487654
168 16355 21149 120 252080
169 16372 23661 16 81025
170 16420 20469 35 23727
171 16436 16769 100 14889
172 16517 27925 82 149894
173 16550 27179 11 45595
174 16613 19197 82 121464
175 16673 18847 11 9243
176 16755 16814 14 890
177 16953 19686 27 35706
178 17004 20116 42 79718
179 17021 18233 19 2941
180 17072 19845 51 68096
181 17095 26881 12 153253
182 17129 19579 45 65542
183 17212 19220 103 80311
184 17446 22590 23 58893
185 17462 22085 52 63491
186 17490 17553 118 2609
187 17560 17929 98 40703
188 17607 18163 128 24154
189 17661 18449 33 14086
190 17734 17838 91 4421
191 17802 26405 103 509722
192 17909 22543 5 14613
193 17966 18034 40 2293
194 18065 22918 26 54022
195 18144 19354 37 8643
196 18567 28237 79 388681
197 18644 19461 81 26531
198 18721 20077 100 46822
199 18860 18975 143 20423
200 18907 19497 35 21448
201 18918 20386 25 10481
202 18971 22156 7 5311
203 19045 24805 49 104213
204 19285 25005 70 157926
205 19300 20031 15 1412
206 19314 20138 26 13557
207 19469 26753 37 57018
208 19520 22653 96 150181
209 19552 26079 10 22492
210 19718 20266 44 13735
211 19771 20281 46 4663
212 19775 40936 70 310197
213 19797 27426 85 195513
214 19951 21019 47 10672
215 20045 25476 58 147759
216 20141 22760 91 138221
217 20172 20725 63 17799
218 20366 22822 149 246724
219 20416 20716 69 15886
220 20525 26953 42 217878
221 20570 23907 11 31110
222 20635 21342 111 33046
223 20855 21831 14 7957
224 20903 24345 65 152895
225 20934 21768 47 21474
226 20936 21658 22 9103
227 21038 26910 38 266232
228 21164 23125 65 50893
229 21608 29846 39 175613
230 21615 22449 12 5842
231 21665 25735 123 218548
232 21776 25458 9 8704
233 21833 22200 32 6430
234 21860 30108 26 53918
235 22096 27981 13 10715
236 22143 25918 22 39069
237 22262 23974 95 68021
238 22336 34360 36 96659
239 22497 22959 30 9624
240 22520 23186 149 28426
241 22583 26571 41 73880
242 22603 27684 45 136681
243 22744 23920 33 16861
244 22815 30452 26 134295
245 22867 25443 9 23328
246 23082 25463 59 65099
247 23173 25614 46 24242
248 23190 26799 134 182052
249 23318 23651 71 10414
250 23389 35228 34 412194
251 23541 25607 101 62944
252 23611 34660 120 285163
253 23906 32390 101 333719
254 23916 23942 42 194
255 24214 25549 102 93768
256 24252 25972 37 9404
257 24325 25014 8 5359
258 24461 25124 136 111742
259 24614 26476 8 4797
260 24632 33343 96 215633
261 24656 25935 102 47069
262 24846 25763 15 4130
263 25012 33112 90 247086
264 25030 25143 134 7802
265 25055 33267 8 13128
266 25061 26008 23 11844
267 25164 32030 50 65356
268 25306 26402 132 59127
269 25324 25500 54 4189
270 25336 34511 22 78420
271 25390 27033 17 6903
272 25425 28975 85 152245
273 25430 27024 50 47391
274 25433 25580 92 12129
275 25449 28853 5 14871
276 25468 28957 5 3652
277 25649 28699 48 84369
278 25705 29329 5 12485
279 25779 26414 48 26260
280 25927 39843 121 599567
281 26038 27001 72 14845
282 26203 26555 122 28565
283 26223 28894 21 13461
284 26293 26684 77 22313
285 26348 27644 5 4085
286 26399 26677 9 911
287 26410 29312 28 33706
288 26637 33395 121 336334
289 26664 27079 95 31722
290 26776 28217 40 13894
291 26845 34926 26 93431
292 27038 27455 67 13696
293 27236 37701 16 33816
294 27374 30634 81 126796
295 27575 28561 92 15063
296 27667 28421 79 35386
297 27935 29486 88 79604
298 28180 28210 46 904
299 28352 29085 84 15231
300 28462 41773 58 772303
301 28570 35130 94 71511
302 28646 29162 134 22181
303 28765 34358 42 103753
304 28831 32697 120 450575
305 28932 30530 39 44846
306 29077 31793 147 208757
307 29106 31648 102 76893
308 29166 29360 10 1518
309 29232 29667 113 21088
310 29268 29809 24 5490
311 29308 31781 39 32513
312 29370 31046 24 19626
313 29505 32958 39 78849
314 29510 30984 38 28693
315 29552 30650 15 14967
316 29633 30279 84 52325
317 29676 29689 54 1400
318 29712 33483 117 136588
319 29754 30060 67 8413
320 29759 30005 26 2261
321 29796 29869 78 3183
322 30099 35518 130 204138
323 30402 31706 52 38507
324 30421 30605 146 7612
325 30443 30666 48 7785
326 30508 34321 7 10232
327 30567 36566 49 173484
328 30751 41777 89 254681
329 30780 35678 24 73167
330 30864 32690 8 11857
331 31281 32003 26 7594
332 31620 38982 39 92106
333 31700 35385 78 150219
334 31752 43792 143 388059
335 31834 32080 21 2285
336 31845 33316 10 9307
337 31859 44700 107 681071
338 31864 32954 59 14747
339 31896 32850 53 19771
340 32005 32722 67 49812
341 32083 36954 15 43182
342 32145 33791 35 19106
343 32216 36100 11 26503
344 32482 34035 41 36666
345 32693 32922 17 2231
346 32742 33004 16 4717
347 32877 34045 113 61180
348 32950 33169 17 1427
349 33008 34568 111 73744
350 33022 40081 139 226791
351 33051 42072 72 1335733
352 33123 34067 52 39159
353 33166 33736 116 30372
354 33280 33586 59 13182
355 33295 40407 61 335346
356 33350 41464 124 176975
357 33425 34175 90 44690
358 33632 34098 32 8622
359 33689 35202 86 110850
360 33700 38525 72 124973
361 33849 37086 69 74184
362 33864 37557 6 22218
363 34102 35870 38 48013
364 34130 36378 85 66203
365 34219 34920 4 632
366 34305 40100 64 116615
367 34403 34538 63 5656
368 34405 34596 50 4748
369 34576 35681 48 18572
370 34601 34856 41 5021
371 34636 44805 81 639161
372 34672 35210 85 14723
373 34714 36589 78 56610
374 34818 38317 49 48074
375 34837 48852 87 658649
376 35500 35582 10 1022
377 35513 36549 131 107532
378 35553 38728 36 66586
379 35592 35849 96 13239
380 35641 36975 20 4739
381 35672 40030 7 6204
382 35787 38458 67 126266
383 35871 37197 16 6002
384 35898 39404 68 91475
385 36201 37810 40 120269
386 36221 39417 13 33034
387 36377 45109 128 152678
388 36402 39780 10 10570
389 36618 39624 61 95523
390 36625 36697 79 4225
391 36665 42498 52 29896
392 36754 42328 34 127639
393 36757 39052 5 7850
394 36809 38055 71 35290
395 36890 46166 95 423134
396 36999 37136 92 4388
397 37083 45824 27 121458
398 37166 37337 33 2671
399 37245 41561 48 206171
400 37264 40190 104 167920
401 37531 40992 47 79124
402 37583 39358 5 1841
403 37834 41087 10 8081
404 37966 38639 12 6454
405 38060 38243 150 37042
406 38158 46567 14 33797
407 38241 41318 40 23077
408 38311 40417 8 5728
409 38390 39191 10 5029
410 38448 39982 127 174302
411 38725 38924 23 3883
412 38923 39468 30 6508
413 38946 45583 12 20092
414 39105 40850 33 61058
415 39131 40968 36 104957
416 39139 52097 26 129068
417 39218 47422 16 18070
418 39559 41804 52 31206
419 39766 40259 22 5915
420 39941 40350 76 16608
421 39958 42395 102 60946
422 40253 42994 9 46958
423 40380 41139 6 1381
424 40527 46339 71 53400
425 40626 40678 142 4402
426 40636 50512 8 31149
427 40670 41026 38 2681
428 40722 41416 48 15797
429 40729 42587 83 183528
430 40773 41313 28 4953
431 40778 54375 18 62875
432 40898 41251 75 5272
433 40949 43118 118 90228
434 40954 51749 28 126421
435 41032 41125 82 3448
436 41254 43960 131 128857
437 41305 43704 7 14693
438 41458 41897 125 27033
439 41461 51189 137 264359
440 41601 43109 28 16634
441 41630 45005 143 215004
442 41683 43781 124 78361
443 41778 44612 34 91831
444 41880 48544 27 45308
445 41947 43578 137 145937
446 42014 42034 72 568
447 42057 46901 55 72569
448 42080 50972 10 33587
449 42159 51478 33 36174
450 42161 46073 37 69747
451 42216 43645 9 3936
452 42255 48411 38 42458
453 42262 44469 33 22047
454 42317 44546 97 131879
455 42338 43636 59 13870
456 42385 43584 99 48463
457 42404 42439 126 1217
458 42529 48917 48 136155
459 42575 51986 143 557803
460 42612 43710 108 37696
461 42642 46405 26 24502
462 42941 45009 39 64733
463 42948 44204 65 67905
464 43003 48600 21 29772
465 43166 45073 79 104579
466 43173 46255 46 41421
467 43440 43579 15 2515
468 43507 46296 26 16099
469 43531 45423 11 9537
470 43560 54343 118 582469
471 43679 43751 24 3281
472 43740 46064 135 202022
473 43786 48254 6 4310
474 43801 44271 82 30791
475 43863 49065 107 310405
476 44018 44184 5 477
477 44061 44154 42 1632
478 44138 46037 39 27978
479 44318 46422 136 134183
480 44352 46968 90 239158
481 44664 54251 93 213756
482 44776 45188 122 34611
483 44829 52211 7 20418
484 44831 50771 147 997240
485 44865 48383 59 68568
486 44900 46738 63 99062
487 45069 47453 51 65756
488 45169 45791 42 17785
489 45181 54497 113 366133
490 45309 45588 47 9566
491 45325 47954 87 114819
492 45371 47322 35 21375
493 45470 49335 10 17672
494 45751 48817 124 165578
495 45811 49563 69 194330
496 46020 46714 31 4564
497 46105 48101 102 188762
498 46220 46592 35 6822
499 46221 46584 20 2267
500 46248 52704 64 100527
501 46283 48492 7 6934
502 46324 50852 100 220213
503 46415 47282 43 7541
504 46508 47461 137 44594
505 46639 48497 63 90598
506 46673 47123 75 21909
507 46678 56782 5 18815
508 46698 51391 51 159691
509 46784 46904 38 3645
510 46856 51150 43 69072
511 47103 54548 50 174931
512 47117 48902 8 9331
513 47160 54724 58 188063
514 47211 60244 18 79381
515 47382 48999 27 22159
516 47635 61425 81 1226806
517 47854 49442 125 179046
518 47884 50930 81 149577
519 47917 56986 74 373664
520 47995 48454 19 5188
521 48138 50997 47 185314
522 48185 52949 66 168210
523 48281 49458 65 35586
524 48381 49380 42 13706
525 48452 67384 76 279149
526 48531 54157 117 176391
527 48594 50323 91 78038
528 48613 51639 4 5161
529 48663 53481 118 257027
530 48672 50958 8 13230
531 48833 49944 83 24684
532 48897 50511 68 76860
533 49039 49116 37 3063
534 49049 56201 48 225303
535 49113 57348 43 57288
536 49131 50551 26 10428
537 49175 49583 37 8530
538 49391 49876 13 8536
539 49596 49599 12 56
540 49748 56990 137 1479387
541 49754 51772 11 9087
542 49788 50171 142 30026
543 49858 50119 12 1836
544 49985 50143 27 2371
545 50005 51926 148 95979
546 50085 51918 22 11089
547 50130 52563 23 55461
548 50163 50489 38 8438
549 50205 50710 60 15785
550 50257 52692 47 50538
551 50429 55468 5 16647
552 50446 55145 33 69003
553 50485 51356 5 1277
554 50523 56550 99 174868
555 50656 53266 6 5179
556 50660 53042 14 26394
557 50716 52226 74 34421
558 50813 52319 4 3618
559 50823 51769 5 2368
560 50964 56695 126 275188
561 51020 60934 30 55212
562 51084 51655 8 2986
563 51128 52750 20 23696
564 51507 53528 16 12894
565 51535 52487 10 5786
566 51630 53676 80 114787
567 51767 53675 125 154691
568 51875 53834 18 12117
569 52034 53754 45 38424
570 52108 53235 71 49230
571 52125 53500 143 75092
572 52179 53508 33 13506
573 52192 53441 34 12751
574 52240 52434 144 18696
575 52277 54254 32 46941
576 52317 52666 138 39699
577 52340 53554 75 37495
578 52513 56322 42 44211
579 52532 53155 8 3724
580 52735 53008 6 1176
581 52737 54342 65 29727
582 52738 55185 8 8369
583 52775 53896 135 76348
584 52811 53307 8 2665
585 52935 53931 111 56484
586 52989 53848 21 9840
587 53012 57475 5 28283
588 53054 57446 27 84678
589 53190 56255 17 38136
590 53688 54223 77 12136
591 54102 59410 111 322640
592 54134 63560 130 529942
593 54305 59321 23 48706
594 54355 61053 31 81632
595 54382 55290 123 38905
596 54386 55867 103 99324
597 54388 57458 17 18678
598 54397 56754 6 14667
599 54459 68300 9 80758
600 54487 58759 22 32040
601 54668 56867 46 76197
602 54696 55010 14 5284
603 54714 55314 81 46233
604 54917 56044 123 65960
605 54941 59621 63 93217
606 54971 61145 20 100085
607 55064 63160 52 135397
608 55138 55256 115 9322
609 55150 56414 13 9105
610 55226 60211 14 36037
611 55298 55486 123 13344
612 55598 60353 24 32974
613 55700 61307 82 283351
614 55715 55793 16 1714
615 55779 56685 39 7284
616 55848 66576 24 236978
617 55862 56644 47 17590
618 56172 56504 93 13542
619 56230 60039 49 93755
620 56363 58571 34 60690
621 56368 58042 58 76427
622 56376 56743 145 21478
623 56377 60325 125 173294
624 56389 58841 13 15187
625 56553 57318 5 1941
626 56664 59665 29 186845
627 56745 57903 85 25253
628 56822 57891 15 5856
629 56870 58742 31 49663
630 57064 57688 69 16274
631 57163 58892 91 92241
632 57271 58813 34 6607
633 57296 68307 21 41858
634 57343 64548 89 330437
635 57359 70383 78 517581
636 57406 58884 5 2268
637 57489 57959 97 18914
638 57570 58029 26 5840
639 57573 60627 9 9961
640 57630 58289 37 10679
641 57664 59056 23 26280
642 57679 60418 77 60270
643 57802 60372 18 30676
644 57813 59118 23 16596
645 57899 58640 120 26242
646 57926 72308 102 660453
647 58010 58585 121 57794
648 58064 59942 30 16983
649 58113 58343 37 1871
650 58226 61451 97 166845
651 58365 58590 7 704
652 58366 62927 15 21326
653 58402 64228 44 75756
654 58478 60486 50 47163
655 58886 59550 14 5818
656 59132 70347 7 25987
657 59277 61301 7 7650
658 59352 61476 11 17227
659 59594 59836 83 6687
660 59714 61909 88 45950
661 59831 61730 56 46100
662 59861 61801 97 195797
663 59863 61484 16 12305
664 59868 61215 130 84939
665 59894 60215 126 7742
666 60079 70923 24 100335
667 60189 63858 25 49566
668 60259 65025 10 8502
669 60336 62252 95 78719
670 60362 65922 9 10639
671 60626 61118 124 40835
672 60696 63453 10 9917
673 60719 65186 121 775087
674 60918 61829 31 11952
675 61007 64180 27 18799
676 61272 61420 129 12884
677 61509 77083 132 747989
678 61594 67199 6 11908
679 61804 63318 24 39700
680 61947 66000 5 10697
681 62077 63691 23 6248
682 62100 62203 11 1307
683 62197 66425 124 344828
684 62255 65723 53 96987
685 62357 63583 10 7955
686 62416 63910 83 26478
687 62447 71250 36 49026
688 62451 67699 138 182733
689 62577 63308 37 28681
690 62606 66116 67 116425
691 62694 66568 116 226158
692 62857 66287 45 100897
693 62898 66228 22 26621
694 63008 64010 140 59074
695 63120 67367 51 237293
696 63148 65595 133 159537
697 63266 64865 27 23913
698 63276 65092 148 261101
699 63345 68617 60 120635
700 63496 66127 49 26962
701 63628 68390 83 213218
702 63667 67436 63 90753
703 63752 69062 12 16433
704 63837 65261 70 74167
705 63839 64622 57 37188
706 64274 64369 133 12099
707 64304 64822 93 57157
708 64326 73118 61 364665
709 64457 68883 52 198969
710 64524 65908 107 57233
711 64611 74106 8 22632
712 64876 73920 138 2257327
713 64960 65329 105 10751
714 65083 67896 22 17991
715 65146 66469 75 44321
716 65205 71317 128 236044
717 65249 66170 15 8583
718 65281 67862 84 64356
719 65321 74163 76 823853
720 65652 68949 24 59130
721 65767 80546 43 244442
722 65843 67918 67 46239
723 65937 67551 107 77552
724 66318 69319 27 35882
725 66517 67408 8 1935
726 66617 68808 145 169070
727 66931 68854 6 8328
728 66989 67793 122 86203
729 67035 67117 40 2726
730 67151 75016 97 595690
731 67253 69835 105 148814
732 67376 69748 94 74431
733 67467 71638 75 299890
734 67648 68173 129 30888
735 67686 74129 98 270232
736 67708 68970 20 7643
737 67796 72374 5 9341
738 68060 71858 18 48450
739 68106 68683 60 12664
740 68199 69918 27 15761
741 68289 77045 17 12465
742 68442 68664 112 21499
743 68504 69504 14 13149
744 68540 75105 8 24688
745 68744 70369 23 2447
746 68955 68997 20 1276
747 69136 70952 37 27196
748 69167 84416 25 89558
749 69186 76213 4 8389
750 69231 71842 99 65336
751 69303 76314 7 22806
752 69454 71379 129 90102
753 69509 71468 62 70596
754 69564 74954 23 36085
755 69709 70229 70 23674
756 69932 70527 128 37932
757 70241 72195 5 4414
758 70492 72208 148 215853
759 70896 74292 130 222814
760 70922 76813 11 34408
761 70955 80980 105 264632
762 71045 76595 124 273895
763 71460 73862 9 9686
764 71472 73534 26 21824
765 71493 72177 24 8338
766 71579 74599 103 291913
767 71769 72492 6 1597
768 71818 73154 37 24926
769 71857 72870 64 54962
770 72046 74645 24 22437
771 72075 73573 73 121369
772 72097 78514 20 40906
773 72162 83297 72 225893
774 72292 74059 41 15276
775 72328 73092 67 52618
776 72725 74048 5 1551
777 73115 74370 106 167658
778 73124 81640 104 396986
779 73133 73142 112 1779
780 73182 97127 20 210678
781 73355 77047 18 58001
782 73423 77956 39 43898
783 73446 74975 146 83202
784 73656 75870 146 130045
785 73662 85908 80 409020
786 73679 76719 44 28342
787 73760 76626 131 84077
788 73801 82381 8 63148
789 73839 75543 10 23003
790 74036 75214 32 6700
791 74056 74146 74 1293
792 74283 76493 95 74814
793 74284 79690 49 127511
794 74345 78582 87 188326
795 74502 78608 113 183366
796 74503 78550 20 25626
797 74555 75964 47 13068
798 74771 75186 51 11097
799 75069 77685 7 4264
800 75216 75707 56 17877
801 75222 77019 10 10523
802 75310 77269 7 6748
803 75497 81735 16 63816
804 75577 76249 37 19526
805 75746 81197 68 112349
806 75920 77235 62 75759
807 75930 76362 139 30486
808 76007 76540 17 2345
809 76187 79483 40 59268
810 76298 76871 101 44617
811 76332 76662 98 17440
812 76952 77998 66 20310
813 77117 80677 119 72946
814 77372 78590 127 53018
815 77380 82061 47 159228
816 77389 78959 80 82077
817 77410 77965 54 22177
818 77489 78610 53 48729
819 77882 79234 58 24740
820 77916 85572 71 129333
821 77991 78689 96 38858
822 78027 80876 35 25824
823 78068 80682 122 247681
824 78102 80363 134 163560
825 78116 81425 107 188723
826 78210 85807 75 219761
827 78333 82832 19 82849
828 78553 79480 54 19709
829 78710 81646 21 11877
830 78738 85096 63 68313
831 78749 82518 63 49377
832 79330 79993 39 13335
833 79442 79923 120 13409
834 79711 80072 34 11956
835 79758 80344 81 20294
836 79794 90564 57 243607
837 79802 80606 13 8860
838 79908 81405 17 12766
839 79937 81454 8 11918
840 80103 81773 49 45298
841 80356 80587 143 8888
842 80366 86294 80 247813
843 80466 81210 36 9109
844 80507 85425 54 172260
845 80525 82278 59 91793
846 80603 83292 30 44178
847 80774 88297 15 64059
848 80807 87834 21 32518
849 80857 81285 118 50778
850 80891 85247 32 66733
851 80913 84752 140 198166
852 80958 82563 103 71415
853 81153 82353 74 83505
854 81904 84594 96 179982
855 82030 86264 39 71155
856 82075 84671 66 49822
857 82118 87378 126 208468
858 82276 83347 24 23312
859 82290 84353 61 133927
860 82361 84531 80 66622
861 82443 86942 7 11990
862 82446 86814 4 3281
863 82556 82607 10 224
864 82760 84722 9 1965
865 82913 83520 22 4238
866 83060 95709 123 1663720
867 83116 85811 20 11258
868 83146 83360 53 5304
869 83161 83183 141 2953
870 83179 83805 130 21228
871 83184 83454 14 3095
872 83240 87119 34 58306
873 83378 85047 111 111057
874 83381 83858 125 46432
875 83691 84347 55 38114
876 83694 90627 21 22887
877 83714 86694 59 122054
878 83848 87858 126 116961
879 83874 90440 11 21384
880 83914 85776 113 323965
881 83999 87422 78 231283
882 84260 86105 102 106934
883 84361 87116 83 129900
884 84612 87697 26 68417
885 84656 87426 24 19029
886 84679 85521 10 3731
887 84813 88695 33 143545
888 84906 85140 128 24178
889 85085 85115 12 330
890 85349 93666 95 179168
891 85452 90225 5 14946
892 85552 86850 130 240987
893 85600 85794 6 651
894 85959 88758 42 96206
895 85965 92375 46 182580
896 86186 87701 10 4806
897 86224 98675 51 285890
898 86232 88968 146 250754
899 86286 92458 92 512568
900 86387 93677 103 161107
901 86678 91581 86 220841
902 86738 90442 117 218898
903 86809 87305 82 16367
904 86854 89260 146 118069
905 87141 90019 62 240131
906 87178 89256 135 241447
907 87438 92219 23 82356
908 87583 87865 57 7961
909 87696 88839 107 59575
910 88074 92969 26 79902
911 88262 92555 130 249239
912 88449 93294 20 36987
913 88544 92784 12 17463
914 88558 89759 122 57276
915 88752 89606 43 29921
916 88806 90103 127 44222
917 88868 93310 84 162107
918 89214 93334 21 41274
919 89275 89631 80 13890
920 89287 92337 24 60431
921 89303 89504 117 19258
922 89612 90726 94 64439
923 89617 90146 30 8823
924 90018 91805 29 37580
925 90161 92290 27 30766
926 90208 92127 111 73341
927 90222 90562 8 528
928 90378 92519 39 25653
929 90402 95201 6 13486
930 90459 91754 6 6714
931 90488 90624 8 391
932 90614 92982 19 19111
933 90656 91795 120 74557
934 90670 93530 100 176918
935 90855 95656 146 296261
936 90860 94703 48 54876
937 90881 91825 26 8776
938 90913 96867 72 54724
939 91107 93756 15 10124
940 91163 92425 73 46238
941 91281 96713 83 195117
942 91903 97188 117 455398
943 92056 94816 32 93738
944 92132 94326 27 20362
945 92151 94739 121 107122
946 92249 94228 64 39825
947 92283 93179 11 2804
948 92390 99141 49 406385
949 92447 95681 127 603545
950 92543 95473 14 6479
951 92681 95768 30 21821
952 92844 93847 39 12988
953 92916 94346 94 37777
954 93248 97778 125 332354
955 93305 95303 47 50278
956 93335 94214 25 11122
957 93427 94450 7 1680
958 93825 93911 99 2393
959 93849 95406 4 5656
960 94028 94924 133 95919
961 94166 96426 124 347095
962 94268 98930 63 97955
963 94291 94690 12 3483
964 94332 97981 36 33748
965 94341 98243 126 211913
966 94348 99702 8 26737
967 94376 95685 130 87336
968 94441 96356 143 77670
969 94508 96468 110 84411
970 94554 94955 8 1701
971 94640 95651 83 56402
972 94779 95088 73 18627
973 95133 98542 25 15026
974 95134 97041 16 13231
975 95486 96844 107 75214
976 95751 96544 27 16458
977 96086 96420 77 13824
978 96208 96221 80 925
979 96419 96653 28 2420
980 96505 98744 143 694485
981 96589 98630 62 100867
982 96898 99862 87 107854
983 96968 97804 20 8490
984 96975 97134 69 9734
985 97001 98584 126 81366
986 97061 98368 32 38213
987 97198 98992 135 79801
988 97299 99150 86 50986
989 97339 99515 114 54362
990 97502 97613 37 4184
991 97683 99290 102 71666
992 97734 98934 46 36728
993 97954 98894 38 13179
994 98021 98296 7 346
995 98815 99308 24 7945
996 98908 99500 24 19650
997 99374 99643 7 1070
998 99711 99800 6 895
999 99908 99985 7 328
