50 1000 0.052
..................................................
..................................................
..................................................
..................................................
..................................................
..................................................
..................................................
..................................................
..................................................
...............#..................................
........##....###.................................
.........#.#######................................
.........########.................................
.........########.................................
............#.###.................................
..............#........................#..........
......................................###.........
....................................###.#.........
..................#...............#.####..........
..................##.............#######..........
.................###......##....######............
..................##.##.#.########................
.................#####.#####.##.##................
................#####.........#...................
................##########...#....................
.................#..######...#....................
...................####.##.#.#....................
....................###..#.###....................
.....................#######.#....................
.....................########.....................
.....................#######......................
....................###..###......................
......................#...#...............##......
..........................#...............#.......
.........................................##.......
........................................#.#.#.....
........................................#####.....
........................................######....
........................................###.......
.........................................####.....
..........................................#.......
.........................................##.......
..................................................
..................................................
..................................................
..................................................
..................................................
..................................................
..................................................
..................................................
0 92 1873 68 55200
1 147 395 108 16767
2 170 4940 82 62907
3 372 700 42 11177
4 404 4196 15 19322
5 408 861 98 23475
6 564 4244 106 143258
7 579 1079 142 44351
8 664 2924 13 38635
9 697 1726 18 15561
10 743 1392 19 9068
11 866 2505 124 94991
12 890 2263 128 98262
13 1000 3248 72 69936
14 1019 2284 28 35596
15 1137 1716 35 22040
16 1310 1976 126 16619
17 1395 2712 43 46422
18 1490 5100 13 16111
19 1545 2103 147 75192
20 1551 1623 55 5104
21 1581 5837 43 126682
22 1638 3242 147 126879
23 1717 2563 37 28295
24 1782 2842 94 23721
25 1934 2408 126 19108
26 2030 6536 41 106985
27 2757 2860 142 17171
28 2847 2851 13 50
29 3161 8165 18 25068
30 3257 4650 22 23036
31 3323 7303 13 24514
32 3500 4931 75 44966
33 3528 5295 37 29298
34 3729 10625 63 207474
35 3763 4778 12 6632
36 3792 6805 115 94047
37 3800 4735 12 1981
38 4153 7049 88 284606
39 4200 4936 22 11859
40 4207 10078 18 53866
41 4354 9210 25 51194
42 4398 5047 58 15578
43 4425 7993 9 13688
44 4474 8402 106 271512
45 4586 7610 51 60885
46 4625 4660 27 711
47 4708 8473 92 171440
48 4802 5752 144 106783
49 5084 6734 22 13128
50 5095 7188 82 210181
51 5140 5723 89 47691
52 5293 7432 84 122232
53 5412 6072 5 620
54 5466 5599 27 1949
55 5569 9294 26 78123
56 5751 21928 8 74727
57 5796 6097 91 7233
58 5832 6480 110 43196
59 5856 7310 4 3550
60 6160 6670 16 5377
61 6230 6344 4 206
62 6383 6850 39 3895
63 6393 7692 26 7625
64 6401 10624 10 20828
65 6560 7106 26 27739
66 6595 12539 83 243649
67 6606 9814 5 8916
68 6621 10064 35 99975
69 6636 6911 7 2211
70 6844 10398 82 104268
71 6916 7974 57 39644
72 6952 8382 119 90795
73 6985 13893 82 452115
74 7181 8123 11 5596
75 7197 13156 11 34909
76 7471 9377 79 53213
77 7786 9292 86 62786
78 7889 9456 15 9472
79 7967 10139 21 40094
80 7971 10619 37 32449
81 8079 9196 128 91791
82 8313 12222 6 4726
83 8411 10240 31 24567
84 8493 9072 76 41324
85 8575 11630 75 70485
86 8598 11086 89 37108
87 8633 10623 8 2366
88 8648 16776 6 17512
89 8659 14841 40 101213
90 8711 13846 109 295377
91 8738 8889 60 11591
92 8830 10823 99 91779
93 8863 8878 76 566
94 8868 17393 79 187254
95 8926 11758 127 252300
96 9002 9094 98 11138
97 9132 12499 48 31930
98 9165 10593 18 9215
99 9273 9566 26 10259
100 9355 13620 128 615340
101 9428 10385 47 21753
102 9562 10630 30 23778
103 9649 16420 35 80213
104 9681 9983 21 6276
105 9722 18476 140 751970
106 9779 10840 77 101696
107 9943 10146 66 5196
108 10062 11622 112 83561
109 10318 10650 43 24044
110 10355 10629 85 23546
111 10558 12140 5 3801
112 10562 11783 27 19194
113 10657 16253 91 365048
114 10795 12714 47 96172
115 10819 14468 38 73150
116 11081 13369 38 36425
117 11159 14241 110 124915
118 11178 12625 34 28025
119 11197 16380 44 173523
120 11259 13058 43 37252
121 11295 13076 46 35000
122 11315 11384 61 3421
123 11351 14897 65 89727
124 11389 12240 98 122248
125 11398 12036 14 8119
126 12043 12938 112 42243
127 12143 12658 20 4201
128 12145 14031 96 114335
129 12269 18894 55 278115
130 12320 13497 13 3460
131 12511 12878 4 1903
132 12592 13244 29 16257
133 12600 14882 83 48873
134 12664 14168 115 205225
135 12783 15007 9 15542
136 12892 13685 136 62209
137 12983 15934 57 87890
138 13069 19243 48 222165
139 13254 13564 137 20324
140 13360 15147 139 77630
141 13553 18064 79 352192
142 13607 13697 148 21783
143 13611 22263 24 40679
144 13738 17664 139 248443
145 13877 18643 11 12270
146 13882 16630 20 16572
147 13998 14866 5 2297
148 14009 15035 9 2614
149 14143 14158 28 381
150 14167 15494 85 25447
151 14207 14284 43 1775
152 14213 14250 20 689
153 14347 14675 80 11009
154 14602 16147 121 104633
155 14611 17300 143 185384
156 14655 15662 123 143869
157 14683 15068 82 32868
158 14719 17123 92 149150
159 14824 16667 123 86605
160 15012 15527 53 18236
161 15110 15783 107 35317
162 15297 17196 46 44996
163 15322 18455 109 134079
164 15458 15970 113 21858
165 15695 17497 23 25200
166 15815 20969 27 67417
167 15852 17150 6 8263
168 15950 23960 47 608048
169 16002 18209 26 53843
170 16046 17867 5 2439
171 16583 17656 15 10347
172 16652 27209 46 180099
173 16735 16820 55 1191
174 16741 17162 34 8172
175 16869 19342 28 14139
176 16945 17907 127 49447
177 16957 20043 149 103165
178 17141 20163 122 57642
179 17317 21481 10 9531
180 17568 21605 13 15351
181 17576 18182 6 1243
182 17618 20075 8 8051
183 17689 19908 47 35471
184 17742 18546 60 21969
185 17754 22963 62 201565
186 17881 23251 21 103231
187 17985 23922 33 138492
188 18043 18882 66 18924
189 18322 21694 58 211755
190 18328 19132 89 14023
191 18354 19573 15 10931
192 18363 19921 105 106345
193 18531 19868 118 53312
194 18737 26096 55 180490
195 18806 21368 136 183986
196 18871 22776 98 109794
197 19015 20615 9 5342
198 19282 21768 131 92120
199 19297 20424 8 2851
200 19351 20120 21 5231
201 19623 20566 84 16144
202 20080 20569 121 21666
203 20084 20217 110 7815
204 20098 20183 148 23319
205 20169 25383 50 132965
206 20186 21340 13 10220
207 20203 22110 119 191272
208 20225 22857 13 9540
209 20246 23329 46 66233
210 20289 27464 24 151403
211 20332 24855 6 5692
212 20440 23161 8 7628
213 20564 20771 127 8978
214 21248 27520 122 146771
215 21533 23701 4 2366
216 21901 22893 5 1317
217 22016 23682 11 5880
218 22397 25705 87 262835
219 22515 24601 87 77600
220 22536 24503 18 16187
221 22575 27106 94 48724
222 22634 25956 18 16244
223 22806 24042 45 10522
224 22816 24011 66 59005
225 22827 23968 32 20797
226 22898 23252 128 18296
227 22938 24376 24 26607
228 22961 25065 111 115928
229 22976 28313 132 138416
230 23070 23938 43 11929
231 23084 25638 40 58162
232 23215 26297 31 24742
233 23294 23579 88 21979
234 23435 25107 126 46933
235 23526 25401 65 157044
236 23600 23923 110 16696
237 23617 23632 84 1008
238 23962 25314 6 8195
239 23997 24417 137 29251
240 24124 26226 56 60011
241 24162 27824 15 19000
242 24481 31200 16 53054
243 24557 27619 56 104973
244 24659 28700 83 85636
245 24666 41538 67 268159
246 24737 24800 22 700
247 24785 25190 70 16483
248 25195 26007 134 71361
249 25362 30980 62 187580
250 25384 34154 21 42496
251 25457 27228 60 99173
252 25720 26691 7 1992
253 25792 30697 8 10155
254 25802 43742 20 166555
255 25965 31265 147 229671
256 25968 32243 78 172792
257 26774 29206 128 158444
258 26797 28310 59 38956
259 26829 26976 13 842
260 26978 31205 34 48443
261 27130 27583 6 2170
262 27196 33373 115 416055
263 27378 29052 145 33093
264 27602 27967 18 3755
265 27628 29308 49 85229
266 27792 29321 97 113414
267 27871 28738 29 5951
268 27873 28019 17 1390
269 27876 29652 87 53151
270 27902 31063 64 186351
271 28086 30725 115 99854
272 28237 31267 94 139460
273 28378 29065 92 28158
274 28492 35599 21 22055
275 28524 30415 113 53529
276 28611 32507 115 240755
277 28661 29239 105 29274
278 28720 30152 55 18850
279 28740 29536 11 4847
280 28949 31928 128 104380
281 29139 29710 57 25223
282 29284 30183 10 4022
283 29455 31850 5 10268
284 29567 29594 56 915
285 29606 30835 61 55697
286 29649 31028 72 36776
287 29850 31677 112 86592
288 29960 33881 29 30080
289 29979 33460 96 289185
290 29984 35424 94 277433
291 29999 32324 10 30859
292 30012 30066 94 5331
293 30062 36306 7 22167
294 30065 30408 108 15946
295 30084 30355 21 2606
296 30196 32862 34 22040
297 30247 31652 12 4595
298 30431 34277 148 292020
299 30489 30598 51 2918
300 30564 32187 68 63522
301 30592 33828 106 171290
302 30610 32887 73 209495
303 30682 31847 5 1843
304 30764 38118 130 499405
305 30803 31055 33 9507
306 30806 30839 44 1035
307 30921 31015 75 4687
308 30934 32707 12 5993
309 31412 34089 11 11708
310 31544 32373 46 10266
311 31562 31728 19 1769
312 31616 31865 94 9557
313 31913 38932 4 7082
314 32191 33767 57 63680
315 32337 35801 11 22493
316 32452 34928 15 22676
317 32486 32706 10 829
318 32566 41270 71 153294
319 32579 33658 34 17430
320 32655 33408 141 28842
321 32742 40410 38 119584
322 32781 33090 62 11571
323 32788 33083 51 18825
324 32823 33084 133 43219
325 33067 37432 39 70305
326 33318 40486 96 267707
327 33417 35671 5 12459
328 33472 34734 145 97812
329 33504 38007 60 43552
330 33596 40582 4 12091
331 33746 34397 10 2281
332 33753 35999 76 35963
333 33762 38504 21 19574
334 33868 35427 23 10160
335 33933 40269 41 113593
336 33941 34723 21 8652
337 34136 34894 77 128213
338 34207 34839 142 76805
339 34222 35881 20 7880
340 34248 34518 88 27204
341 34283 47820 10 97295
342 34292 35320 68 29831
343 34401 36586 14 8273
344 34441 36227 146 92939
345 34574 42992 18 42120
346 34617 37673 17 32381
347 34689 34777 98 5329
348 34726 35925 131 121733
349 34820 38520 6 9295
350 34879 47352 6 15346
351 34979 37051 85 155981
352 34998 37093 32 114980
353 35374 38223 34 104263
354 35435 38757 124 108144
355 35439 40926 25 44196
356 35447 38557 10 14541
357 35571 38753 9 6472
358 35580 37624 103 265432
359 35634 37193 34 40589
360 35673 39483 146 253284
361 35697 37437 45 21903
362 35886 37050 76 45066
363 35901 36122 97 7429
364 35956 43899 47 172420
365 35973 37669 22 22717
366 36051 38535 95 84006
367 36065 38309 8 17053
368 36067 43494 28 125621
369 36147 41623 82 110383
370 36243 38182 26 44616
371 36314 37280 9 2921
372 36343 38080 5 3692
373 36455 37786 68 24618
374 36459 38453 32 14561
375 36509 39686 4 6579
376 36659 37387 119 95716
377 36695 37613 68 7060
378 36878 41127 96 191271
379 36914 37129 46 6878
380 36935 38122 57 41491
381 37041 38201 9 3726
382 37096 37558 24 2725
383 37155 41510 8 10547
384 37160 43693 9 11881
385 37330 43533 81 202562
386 37451 40672 4 2684
387 37466 37682 42 6624
388 37477 38958 6 6873
389 37697 40142 44 87702
390 37837 38004 63 4972
391 37943 48192 130 1027662
392 38025 45772 122 1287515
393 38052 38760 81 39750
394 38199 40503 53 46068
395 38401 38795 24 8628
396 38586 41984 27 29481
397 38637 39508 68 54554
398 38783 39826 4 1798
399 38813 41077 144 135107
400 38880 39656 41 10523
401 38961 39185 26 9708
402 39006 43105 99 520166
403 39024 45526 81 207231
404 39211 39445 6 3442
405 39304 43381 131 168884
406 39423 42046 10 11864
407 39478 42804 69 130214
408 39514 41888 18 28231
409 39647 40976 145 42494
410 40090 40360 21 2151
411 40287 44722 60 40144
412 40327 44079 14 12701
413 40403 40484 58 1969
414 40420 44265 105 246174
415 40437 43823 135 387891
416 40454 41031 88 54591
417 40466 41377 109 22030
418 40501 41934 91 57513
419 40556 42083 37 27772
420 40620 43612 126 537131
421 40718 40881 21 2360
422 40731 40747 81 1830
423 40734 41221 93 36406
424 40772 41284 24 6688
425 41050 42986 130 69415
426 41341 41493 112 14296
427 41391 43387 149 211009
428 41396 41735 72 9822
429 41469 46901 10 10424
430 41841 51927 66 401943
431 41848 50989 102 215860
432 41854 45843 51 173606
433 41882 42412 9 2558
434 41923 42812 50 18195
435 41940 42042 62 3547
436 41959 42360 21 6590
437 42142 43771 52 25564
438 42236 43549 56 90962
439 42290 42987 10 4697
440 42597 43465 92 50404
441 42716 47910 147 606374
442 42751 45589 59 81546
443 42802 44654 8 3003
444 42872 43236 17 2975
445 42893 43511 56 11332
446 42952 44295 121 235003
447 43016 49993 73 84624
448 43025 43492 74 27036
449 43526 45996 38 21715
450 43643 46284 10 2511
451 43646 43954 71 19805
452 43704 46256 5 4942
453 43836 44605 25 6117
454 43950 51946 16 115323
455 44006 49474 23 45679
456 44080 44686 122 21299
457 44243 56220 23 164938
458 44294 50898 6 15758
459 44303 44423 82 7919
460 44426 50349 104 424579
461 44428 45694 5 3363
462 44538 48527 12 16597
463 44650 44971 45 13107
464 44740 46398 11 9079
465 44915 52764 91 449395
466 44954 45531 8 2220
467 45018 45664 5 1551
468 45068 45700 49 8188
469 45078 47317 24 28731
470 45257 47956 4 5606
471 45421 47318 148 146042
472 45609 47108 140 308859
473 45657 47426 127 209811
474 45687 45762 59 2164
475 45885 48470 5 4211
476 46041 54757 4 23590
477 46129 47601 133 85778
478 46151 46300 6 1760
479 46243 49836 50 34886
480 46299 47299 36 25200
481 46453 49221 104 77840
482 46686 47882 55 17781
483 46878 46893 69 633
484 46923 51484 37 42828
485 47110 48342 23 19677
486 47191 53023 11 36651
487 47236 55617 5 33013
488 47245 47727 68 29534
489 47354 50649 71 74218
490 47518 50034 34 19784
491 47543 48773 42 41869
492 47570 48901 41 44831
493 47830 47968 87 6064
494 47886 53372 13 29419
495 48365 53850 145 185981
496 48395 48453 5 116
497 48419 50537 11 14125
498 48578 57243 145 505849
499 48642 48848 7 949
500 48816 51648 45 77582
501 49208 50331 51 14897
502 49253 60776 24 71843
503 49360 50336 97 41947
504 49382 54186 5 6599
505 49413 49445 39 2036
506 49460 52479 55 139283
507 49646 54676 75 255458
508 49839 53015 84 70781
509 49867 50378 45 6447
510 49899 50620 6 1848
511 49952 63097 54 92052
512 50477 53406 121 112807
513 50643 58248 24 100296
514 50736 52244 115 98922
515 50782 51301 58 36071
516 50963 51462 130 30828
517 51138 51173 93 2116
518 51370 53137 49 60558
519 51500 58512 32 49818
520 51554 56617 72 129234
521 51584 52756 137 92266
522 51707 52485 48 22608
523 51747 53940 99 52403
524 51959 55965 52 108664
525 51998 54028 97 260546
526 51999 53378 103 66028
527 52194 57412 56 307854
528 52331 64359 23 232687
529 52475 52808 41 3637
530 52504 56737 119 218950
531 52555 53564 88 19352
532 52570 54528 145 108750
533 52619 55563 135 230925
534 52638 53899 8 6191
535 52734 58097 106 136520
536 52743 55019 38 83837
537 52744 54397 13 9642
538 52970 53707 9 4002
539 52977 55848 54 168232
540 53064 55951 56 44685
541 53301 56182 136 187823
542 53504 54911 24 13992
543 53527 53806 10 1374
544 53650 54957 71 77701
545 53663 55435 79 103440
546 53664 55466 63 24654
547 54070 55829 71 169244
548 54138 54275 82 10819
549 54164 55685 74 25456
550 54170 55494 36 22075
551 54348 59020 67 234317
552 54483 54921 135 41894
553 54489 57509 29 37347
554 54579 57388 127 126403
555 54620 54950 7 1601
556 54630 55207 27 11087
557 54865 57824 6 5570
558 55026 56497 141 99293
559 55041 56181 123 61520
560 55050 55553 56 10783
561 55085 55421 42 13806
562 55092 56333 84 32266
563 55173 57290 11 13036
564 55225 55300 11 534
565 55245 60723 114 195883
566 55266 55352 22 3586
567 55310 55443 37 4910
568 55403 57470 31 10613
569 55568 61838 95 273633
570 55571 56356 9 1094
571 55575 55936 17 7894
572 55603 56513 73 22569
573 55753 58867 18 28821
574 55806 57498 39 45439
575 56045 59086 60 113489
576 56113 56199 12 449
577 56116 57757 45 29828
578 56268 59947 101 159753
579 56354 60198 136 254308
580 56375 57851 25 7370
581 56466 60282 33 94257
582 56473 60098 39 166387
583 56571 57760 148 28129
584 56782 58912 30 22797
585 56901 60067 81 99267
586 56955 59264 24 23222
587 57194 65507 6 13022
588 57268 62276 93 208286
589 57361 57863 82 12043
590 57612 58340 111 81367
591 57844 60551 29 99553
592 57850 58323 58 11051
593 57878 58391 21 2845
594 57905 57982 26 3046
595 57921 58438 84 20797
596 58070 59944 135 92333
597 58079 59669 14 14740
598 58138 59560 68 116525
599 58168 59791 17 26139
600 58214 58866 87 20501
601 58221 59191 27 11505
602 58278 64937 44 146380
603 58297 58546 123 10232
604 58457 58567 51 2360
605 58478 58733 9 767
606 58581 61680 98 36802
607 58614 60599 40 85305
608 58624 59750 88 42843
609 58869 59799 130 130163
610 58877 60653 109 114429
611 58902 60654 57 145880
612 58911 59074 135 10760
613 59022 60333 138 148484
614 59060 59376 46 7618
615 59124 64174 20 50254
616 59228 60274 94 32913
617 59314 63476 16 89950
618 59362 65224 94 282364
619 59470 59622 118 10191
620 59522 62849 64 178200
621 59573 65378 31 81148
622 59604 60886 10 4430
623 59668 64796 143 474588
624 59707 63052 44 116357
625 59746 59898 104 8396
626 59864 60148 92 11853
627 59883 61622 11 23727
628 59890 62553 21 25498
629 60030 65560 53 60138
630 60051 63276 135 334085
631 60151 60783 6 845
632 60165 64295 65 207140
633 60213 60879 13 6972
634 60233 62592 76 119151
635 60435 62073 58 138532
636 60500 61641 26 12301
637 60676 66120 68 264485
638 60983 62439 103 73468
639 61149 61374 97 10192
640 61322 65649 10 15206
641 61341 62897 150 76682
642 61418 67241 20 22712
643 61523 65037 63 102482
644 61541 68503 77 210021
645 61632 61850 49 4175
646 61947 64850 5 7479
647 62025 64356 62 68369
648 62181 62231 141 12194
649 62260 67819 63 51042
650 62326 67177 14 18171
651 62440 64372 16 17981
652 62837 65773 136 178244
653 62993 63909 109 48204
654 63028 63140 113 2688
655 63063 68275 8 13709
656 63223 64315 20 6619
657 63317 69137 133 641017
658 63357 64363 29 13242
659 63432 66542 4 2838
660 63487 68721 12 61648
661 63672 66731 24 15007
662 63700 64512 16 13996
663 63750 64608 25 12755
664 64030 65600 5 1436
665 64139 65572 34 21691
666 64189 64352 130 10623
667 64244 68617 26 48506
668 64442 69766 100 79104
669 64493 65580 28 7469
670 64636 64950 57 8743
671 64816 68568 100 340179
672 65025 65809 72 22102
673 65191 65613 4 403
674 65229 66186 146 57938
675 65255 66448 46 47017
676 65279 65343 117 5429
677 65352 68510 134 329352
678 65410 70064 53 33377
679 65512 72660 57 89834
680 65743 68326 148 92594
681 65790 71551 55 156468
682 65826 67905 7 7591
683 65830 66468 17 1499
684 65893 72477 42 103433
685 65969 67536 54 49071
686 65973 70413 87 323540
687 65977 66959 34 24007
688 66115 67299 60 21766
689 66149 66711 24 3195
690 66338 68379 145 220093
691 66388 67798 66 52892
692 66408 66415 12 58
693 66433 67740 82 38836
694 66632 67728 95 109192
695 66684 67399 22 14492
696 66851 68097 43 23220
697 67036 68946 20 19865
698 67110 69682 47 39731
699 67136 70431 84 98043
700 67139 70519 95 131058
701 67217 67662 102 11837
702 67267 68217 87 55649
703 67345 67976 132 18878
704 67393 68576 139 66383
705 67451 72550 79 194848
706 67590 69054 104 64567
707 67737 68793 17 11562
708 67762 69142 24 35540
709 67774 67994 66 4687
710 67933 69509 70 67913
711 68084 71259 112 160692
712 68103 75349 41 169986
713 68219 71251 142 117540
714 68441 70853 102 170091
715 68533 69270 13 6552
716 68549 71343 112 167820
717 68799 75007 17 50256
718 68950 70330 31 39992
719 68984 69979 20 15681
720 69181 69232 6 197
721 69247 71719 42 76643
722 69294 69765 39 3545
723 69362 69787 122 60710
724 69399 75002 75 168563
725 69615 70678 17 28023
726 70008 70303 109 13372
727 70155 78284 20 168240
728 70186 70874 32 19515
729 70347 72774 52 46179
730 70375 70972 61 10925
731 70399 70422 56 2107
732 70480 70638 124 17457
733 70564 74003 13 20023
734 70568 75162 20 49718
735 70614 77665 146 432222
736 70671 71867 43 22679
737 70691 70782 105 7333
738 71013 72719 10 6451
739 71138 73136 99 61406
740 71855 75053 35 110189
741 71866 73563 49 28394
742 72011 72768 85 25639
743 72182 75243 137 186107
744 72275 78114 30 55842
745 72285 76567 5 16635
746 72303 72374 10 224
747 72340 73129 110 62358
748 72494 74874 44 15837
749 72495 72501 131 343
750 72502 75238 88 76558
751 72525 79073 19 41998
752 72671 73947 8 9634
753 72812 73769 141 49085
754 72897 76915 35 41924
755 72967 85935 98 633673
756 72997 74552 22 13316
757 73032 75719 36 86528
758 73091 76453 71 89922
759 73346 75165 14 12014
760 73437 74021 140 20273
761 73602 76039 39 72752
762 73628 74010 37 8746
763 73806 79625 32 40891
764 73807 75910 140 113264
765 73917 77498 46 23193
766 73939 75237 23 17976
767 74392 76722 45 50771
768 74393 75961 105 229370
769 74401 75688 47 25782
770 74594 75381 17 5840
771 74597 75977 23 22813
772 74613 77066 79 66079
773 74741 77662 5 7747
774 74746 75523 6 1318
775 74892 75730 87 24536
776 74915 75694 38 24745
777 74973 76285 88 35307
778 75205 76805 145 56771
779 75229 79897 100 312044
780 75438 77020 37 41197
781 75582 92556 51 148992
782 75638 75749 82 7783
783 75654 80047 138 264777
784 75751 76238 123 50370
785 75855 87763 145 917139
786 75917 76746 28 12193
787 75919 79074 97 125228
788 75949 75973 84 1345
789 76176 89012 75 122551
790 76218 79370 56 74281
791 76269 76895 4 1663
792 76279 78411 63 42770
793 76498 80022 21 33075
794 76514 76569 12 341
795 76672 79655 74 77289
796 76740 79600 14 11211
797 76802 80495 149 343681
798 76931 82618 73 331953
799 77343 78135 92 38790
800 77627 79467 24 16887
801 77772 79577 8 4672
802 77823 81636 72 299750
803 77841 79733 139 52092
804 78483 83095 81 79841
805 78506 80855 69 24873
806 78522 87137 4 16271
807 78663 79517 107 87808
808 78814 79977 101 205081
809 78908 78960 8 208
810 78934 79161 6 692
811 79303 80324 114 40547
812 79348 80431 23 14751
813 79626 80958 128 59132
814 79700 83274 8 9905
815 79821 84357 54 43945
816 79946 81160 7 3444
817 80002 81578 7 9342
818 80132 81898 47 74342
819 80199 84967 46 61874
820 80311 85626 21 77858
821 80571 80856 63 27035
822 80575 86988 28 35706
823 80609 85628 26 44919
824 81097 82285 61 63749
825 81151 92269 109 616565
826 81204 87168 10 38998
827 81208 83596 138 260154
828 81297 81603 8 921
829 81371 81583 140 32153
830 81619 84885 103 100405
831 81723 86006 7 12130
832 81808 85100 43 72429
833 81839 83481 10 10442
834 81856 94325 42 371386
835 81907 82779 63 48320
836 81994 83294 53 33242
837 82008 82397 21 14562
838 82110 90458 5 15628
839 82239 83013 131 62195
840 82338 82384 31 465
841 82356 85319 33 82075
842 82455 82981 19 3155
843 82604 86980 79 143840
844 82730 83097 6 754
845 82761 84123 29 11099
846 82766 82924 49 5126
847 82866 84957 103 71909
848 82878 83195 63 8599
849 82937 85203 10 25779
850 82993 84398 12 10779
851 83086 85680 125 192739
852 83172 84084 125 44343
853 83254 84272 95 113056
854 83353 83388 119 5891
855 83577 83799 19 7230
856 83640 94937 136 540901
857 83735 84447 97 24083
858 83929 86427 127 166522
859 83962 85114 34 28108
860 83974 86502 10 5802
861 84153 86251 17 24764
862 84159 88587 99 357167
863 84341 85580 127 243252
864 84390 87083 5 4356
865 84400 84881 34 7027
866 84532 85023 39 12076
867 84597 85129 17 4877
868 84671 85189 28 4923
869 84725 86871 65 79468
870 84818 84953 69 11130
871 84961 85120 59 2916
872 85066 85249 31 6883
873 85079 85657 68 13112
874 85091 86498 133 103679
875 85226 87883 32 13713
876 85252 88656 7 12864
877 85285 87752 16 11588
878 85303 85643 49 19287
879 85368 86079 109 82847
880 85431 90212 91 272264
881 85494 91618 50 126787
882 85642 86300 20 2923
883 85701 87719 79 81816
884 85779 86171 6 910
885 86075 89003 64 95293
886 86187 92573 76 221309
887 86234 92074 101 269869
888 86299 87382 43 11884
889 86524 87336 5 2643
890 86714 86804 62 1594
891 86724 87579 98 24382
892 86867 89042 51 97965
893 86882 87258 14 3380
894 86933 87250 8 657
895 86964 87600 27 20233
896 87144 88899 8 7733
897 87169 92416 142 549880
898 87230 92404 15 25835
899 87232 87544 23 2350
900 87278 93397 116 540954
901 87288 91424 11 39137
902 87445 89372 68 53582
903 87447 88239 26 18050
904 87691 89464 13 9222
905 87720 88122 69 25365
906 87725 87929 9 1234
907 87805 88848 138 364645
908 87812 88494 8 9452
909 87833 91329 56 123055
910 87869 88600 10 5985
911 87943 88361 20 8209
912 88022 90625 11 24294
913 88084 90287 60 157668
914 88092 88093 115 86
915 88225 90250 133 128820
916 88240 90419 5 5393
917 88246 94328 130 221875
918 88400 88442 5 105
919 88510 91896 34 27362
920 88708 92051 29 85831
921 88750 89136 24 3216
922 88810 89792 43 17740
923 88811 90829 18 36692
924 88881 94481 139 177424
925 89031 91298 94 113641
926 89035 90631 103 32536
927 89380 89957 25 7059
928 89435 89541 148 15294
929 89598 92086 81 90216
930 89855 92912 105 199878
931 89935 91589 109 76018
932 89949 90830 33 15115
933 89971 90884 19 8479
934 89996 90858 5 1854
935 90084 94068 60 86057
936 90172 93728 25 51376
937 90547 91367 37 19724
938 90791 90842 27 912
939 90797 92576 22 17765
940 90877 91072 58 5055
941 90924 92857 52 30110
942 90951 91377 44 13728
943 90969 91808 20 9992
944 91094 93448 27 40718
945 91150 93103 121 61942
946 91156 94241 29 25773
947 91224 92961 67 171275
948 91290 92702 16 4242
949 91516 93568 21 11339
950 91540 95870 33 28679
951 91549 92177 61 91122
952 91595 94693 119 159718
953 91597 95082 7 10605
954 91705 98908 21 21871
955 92195 92506 27 3489
956 92353 94339 64 153553
957 92397 94610 18 17659
958 92469 93263 46 26151
959 92498 92886 111 34943
960 92674 95417 119 62775
961 93029 93741 12 5525
962 93216 94410 105 127557
963 93392 96882 91 174416
964 93600 94032 11 1879
965 93888 96497 59 80451
966 93945 95116 17 6687
967 93997 94188 27 1194
968 94190 99549 139 350914
969 94215 96434 5 4952
970 94331 96269 136 340877
971 94349 94844 54 13855
972 94887 95856 11 7957
973 95069 99043 93 384252
974 95169 96121 87 39471
975 95240 99002 7 25442
976 95351 98078 77 226512
977 95404 96613 51 36321
978 95564 96876 5 2182
979 95740 97249 59 32176
980 95804 99658 25 56334
981 95826 98925 95 83464
982 95911 98097 50 154474
983 95934 97652 10 7752
984 95999 99944 8 15750
985 96069 96282 6 1402
986 96176 97891 27 16842
987 96383 97260 85 64344
988 96444 97905 19 6124
989 98064 98374 12 5484
990 98135 98438 106 21825
991 98302 98552 26 2813
992 98408 98921 88 29559
993 98415 99799 5 1243
994 98587 98760 71 11602
995 98625 99112 28 5369
996 98765 98943 33 5617
997 98870 99268 143 42433
998 98947 99150 24 1428
999 99123 99443 74 19276
