50 1000 0.009
..................................................
..................................................
..................................................
..................................................
..................................................
..................................................
..................................................
..................................................
..................................................
..................................................
..................................................
..................................................
..................................................
.............#....................................
.............#....................................
.......#.######............#..####................
.......#.#######...........#.######...............
.......#..#.###.###........#####..##..............
......############........##########..............
.....#####.#########......##########..............
...###############........#########...............
...############.####......########.#..............
....###.############.....############.............
...#############..........############............
..####..########...........#######................
..#####.#..###.##..........####.####..............
..#........######............##...###.............
............#######.........##...##.##............
............###.#.#.........##...#................
............................#....#................
..................................................
..................................................
..................................................
..................................................
..................................................
.....................#............................
...................####.#.........................
....................#####.........................
...................#####..........................
...................####.###..#....................
.....................######..#...#................
...................########.####.#................
.....................#############................
..................###.###########.#...............
..................############.#####..............
...................#.##########...................
.....................###########..................
.....................###########..................
....................############..................
.....................########.###.................
0 210 1572 24 18172
1 211 5398 58 177619
2 283 2006 40 25585
3 309 1383 67 28801
4 440 1795 118 52448
5 521 1062 19 5327
6 607 944 36 9858
7 720 983 20 2941
8 1151 4525 134 110544
9 1170 6419 64 104099
10 1386 2365 15 9889
11 1435 10855 40 106524
12 1458 5058 53 66649
13 1475 2243 66 21551
14 1511 1805 63 10370
15 1648 5186 13 22776
16 1687 2800 22 5020
17 1918 3915 13 12259
18 2003 6089 14 34422
19 2046 2729 18 9226
20 2177 3254 41 15022
21 2201 3095 19 12441
22 2209 3868 73 48967
23 2473 2799 141 8736
24 2663 6861 24 61764
25 2851 2914 17 709
26 3007 9652 40 76551
27 3126 10989 108 440215
28 3135 3589 76 41601
29 3269 9394 4 14603
30 3277 3514 46 3208
31 3379 8773 31 89147
32 3561 10682 55 74803
33 3657 3727 100 5371
34 3950 5802 5 5909
35 4039 4342 141 24779
36 4048 7644 123 163930
37 4205 4565 149 87634
38 4246 4417 110 10747
39 4519 8819 66 71209
40 4521 4660 13 822
41 4599 5312 27 6694
42 4776 5353 5 1115
43 4859 9224 109 303485
44 4910 7739 5 5741
45 4994 9083 5 15200
46 5170 7021 108 140889
47 5302 6430 48 73885
48 5326 6421 132 88701
49 5346 12533 46 227383
50 5377 7616 42 9088
51 5410 8374 10 6388
52 5583 6037 138 21320
53 5666 11232 65 129883
54 5674 17027 94 770607
55 5793 12077 55 242726
56 5796 6250 10 2911
57 5875 11049 75 151500
58 6056 8586 18 12222
59 6128 22799 25 101142
60 6180 8700 137 112322
61 6382 8864 33 28655
62 6488 13759 132 116712
63 6489 9694 13 19251
64 6745 7351 18 5480
65 6793 8623 60 64350
66 6988 10283 26 66476
67 7067 8490 146 114808
68 7141 9506 85 74002
69 7189 8081 139 103328
70 7251 7512 56 6987
71 7254 10287 5 8157
72 7310 11612 4 6836
73 7338 9835 104 266101
74 7392 17450 79 83915
75 7536 11981 5 19548
76 7660 9748 108 131050
77 7764 15804 90 172137
78 7929 17668 27 29838
79 8090 8601 60 18585
80 8207 13863 105 279681
81 8264 9374 89 88661
82 8370 9843 69 17423
83 8549 8557 32 168
84 8565 23183 129 518148
85 8866 12083 114 238463
86 8876 12791 71 48296
87 9051 12157 30 28949
88 9072 12379 96 195652
89 9165 9966 43 14082
90 9381 15216 13 25692
91 9494 9584 139 4084
92 9978 11095 139 55719
93 10153 13580 11 11594
94 10165 15955 14 47438
95 10340 22305 131 1132717
96 10434 13927 36 60585
97 10486 10817 98 71027
98 10521 12161 84 55637
99 10557 14733 27 41266
100 10690 16601 78 187294
101 10717 12733 49 25610
102 11081 12038 106 105912
103 11331 11334 130 180
104 11510 11733 103 24668
105 11540 12441 60 42422
106 11553 13881 6 4767
107 11576 12921 137 119252
108 11581 11698 113 6466
109 11586 12576 7 3555
110 11793 13140 68 12879
111 12081 26312 42 198393
112 12393 14557 36 119647
113 12395 14040 129 93718
114 12432 19788 41 75562
115 12458 12916 45 14863
116 12523 12667 105 10695
117 12562 13828 31 30902
118 12673 13195 5 1357
119 12717 15574 20 13008
120 12888 14911 61 104029
121 12953 14448 32 47370
122 13015 14873 11 9336
123 13141 13747 17 2430
124 13179 15079 97 111514
125 13299 14586 52 26083
126 13433 14331 12 9490
127 13524 21941 121 569397
128 13555 15755 131 142526
129 13644 18548 75 154224
130 13679 14521 104 76511
131 13830 21381 11 20893
132 13919 15724 13 9891
133 13949 16429 96 59959
134 13959 14178 96 23026
135 13983 15080 11 13019
136 14063 14643 72 76603
137 14198 16751 149 113860
138 14284 18416 12 6499
139 14369 15056 138 72041
140 14462 36188 34 136963
141 14711 16441 137 162387
142 14802 16367 10 9767
143 14832 17710 29 28568
144 14853 16761 105 184030
145 14888 16054 42 31650
146 14954 20760 134 477265
147 15222 23110 15 107523
148 15252 18263 27 78444
149 15273 18501 140 153442
150 15343 15993 21 5015
151 15553 16302 22 11236
152 15698 17146 13 7117
153 15860 23960 66 160628
154 16021 23160 8 24326
155 16065 18272 35 34528
156 16092 18854 55 48795
157 16133 17086 110 41037
158 16176 17304 112 38532
159 16185 25055 148 390510
160 16481 16883 36 5891
161 16505 17766 141 65429
162 16506 16798 76 16631
163 16523 21236 67 104586
164 16541 27446 31 242149
165 16658 21044 9 15372
166 16669 25296 26 25829
167 16688 27313 23 94336
168 16881 18226 65 90417
169 17072 17175 145 9238
170 17083 28304 149 802473
171 17312 18142 53 31941
172 17322 19479 145 292579
173 17401 19186 12 20061
174 17465 17728 5 835
175 17553 19925 15 16437
176 17660 19447 69 116740
177 17683 22049 36 91404
178 17791 18713 22 9044
179 17798 22783 26 42375
180 17843 19696 40 19360
181 17885 22069 105 191683
182 18043 20720 71 81364
183 18061 29163 145 532843
184 18100 18940 34 17953
185 18436 24618 21 39884
186 18488 20138 6 5107
187 18535 24489 8 31205
188 18558 18712 14 2287
189 18666 24866 134 744075
190 18707 20246 134 61585
191 18779 19916 41 13529
192 18904 18965 40 1295
193 18975 19378 58 17127
194 19005 22091 50 77570
195 19101 23861 71 233853
196 19193 20952 25 14265
197 19213 22524 57 103044
198 19215 23582 45 83359
199 19266 22131 75 65855
200 19385 23201 8 14906
201 19387 21370 9 19205
202 19837 19865 90 1598
203 19854 28466 69 320564
204 20003 20437 71 19202
205 20048 20384 76 16754
206 20079 23707 120 454558
207 20195 21396 6 3057
208 20233 20625 35 3658
209 20710 24598 29 27646
210 20813 28964 4 9126
211 20979 30269 35 64813
212 20985 22212 21 32316
213 21208 25396 22 29078
214 21284 23368 15 21900
215 21310 22992 49 55042
216 21311 25689 104 207060
217 21356 21673 9 2701
218 21440 31404 8 47793
219 21572 22288 39 19580
220 21577 22668 46 77270
221 21633 21689 95 2331
222 21660 22692 133 24317
223 21837 24281 39 37514
224 21979 26872 144 298078
225 22078 25200 134 81586
226 22083 23516 53 13337
227 22093 27067 29 133435
228 22103 22926 27 7959
229 22205 22355 23 1314
230 22290 25256 101 128071
231 22395 28890 36 76063
232 22497 27867 10 14325
233 22720 23539 6 2094
234 23067 31478 33 129052
235 23103 39208 122 1826685
236 23108 27589 44 29522
237 23162 25124 13 21222
238 23219 27755 62 116986
239 23255 28339 40 156122
240 23329 28407 89 154225
241 23359 29900 58 95788
242 23443 24837 65 30788
243 23555 32299 121 446096
244 23601 23756 4 329
245 23611 26434 99 101069
246 23804 26855 24 27775
247 23933 25433 36 33647
248 24023 24298 34 2313
249 24029 26446 33 101209
250 24053 25668 103 103733
251 24096 28747 22 140518
252 24345 26874 17 33367
253 24421 28026 67 168002
254 24465 27819 21 50110
255 24559 26082 26 37840
256 24706 25767 112 53408
257 24721 31739 8 33904
258 24959 26788 52 97648
259 25143 26559 102 54358
260 25220 35510 105 308153
261 25366 34017 16 54660
262 25427 26302 65 61317
263 25449 30946 47 177400
264 25535 25869 7 460
265 25604 25675 22 1087
266 25702 26767 54 39192
267 25720 30443 106 327691
268 25765 27097 38 16722
269 25803 28616 104 44908
270 25841 27859 22 61517
271 25905 29597 121 78949
272 26005 26318 119 9594
273 26016 27324 8 3587
274 26076 37827 71 730483
275 26321 29256 71 199518
276 26376 31021 8 15754
277 26481 30650 131 333711
278 26532 33418 5 10798
279 26639 32498 13 28412
280 26769 30986 77 53677
281 26814 30827 38 41282
282 26858 29438 63 168173
283 26998 28104 72 26493
284 27055 34825 56 147205
285 27159 36801 4 23188
286 27276 31778 22 52864
287 27537 27618 123 6084
288 27740 31993 39 82766
289 27822 36217 126 685797
290 27901 30339 82 124073
291 27974 31719 111 333351
292 28002 40527 59 435037
293 28097 32438 138 244849
294 28132 37836 57 274365
295 28171 30700 74 123460
296 28226 28319 18 548
297 28591 28666 8 141
298 28603 35596 10 133730
299 28655 30381 17 15308
300 28675 31560 143 255290
301 28838 29237 17 3847
302 28870 34125 92 361014
303 28917 30387 95 170483
304 29006 30748 142 76178
305 29022 32915 29 73544
306 29029 37641 29 131742
307 29058 32768 118 286928
308 29278 31516 84 67469
309 29282 31465 52 73575
310 29426 32233 108 206301
311 29625 30195 85 33987
312 29678 30736 115 51151
313 29850 32360 10 12904
314 29893 30092 59 5535
315 30018 30950 30 5293
316 30161 30485 17 5768
317 30282 30881 31 13422
318 30345 34399 13 30308
319 30534 32390 59 84960
320 30543 30561 5 56
321 30548 30667 48 7227
322 30578 30693 6 400
323 30649 33360 23 27651
324 30834 34966 58 133439
325 31086 31182 50 2741
326 31109 31659 35 13246
327 31154 36818 56 459659
328 31285 35815 21 40948
329 31337 33349 44 42823
330 31351 32681 123 30099
331 31452 42191 83 339948
332 32007 33980 19 15093
333 32012 34409 18 20373
334 32257 34518 8 12797
335 32308 37287 80 238241
336 32367 33743 5 8907
337 32385 35462 20 31530
338 32437 32746 113 11422
339 32452 34192 125 52412
340 32506 40499 47 87960
341 32507 33903 119 164449
342 32563 38723 128 458340
343 32571 34840 20 41521
344 32638 32944 12 1308
345 32706 38914 38 150542
346 33027 35642 118 121539
347 33040 35445 21 30179
348 33214 36534 99 108767
349 33241 34715 11 5718
350 33263 35414 23 78327
351 33300 50955 111 828187
352 33560 35710 61 42091
353 33591 35665 126 144810
354 33623 35908 99 137545
355 33670 40094 59 403411
356 33675 37484 29 64543
357 33679 34218 36 14422
358 33706 36012 116 134865
359 33710 34240 103 28764
360 33991 35954 15 20228
361 34036 41434 123 306494
362 34080 40346 115 474386
363 34242 35622 34 8949
364 34367 34420 41 1170
365 34385 46825 38 192129
366 34609 37380 14 22804
367 34631 36725 39 14306
368 34754 37830 9 12216
369 34877 41673 21 36484
370 34917 35418 83 35187
371 34992 36426 13 8074
372 35078 39369 37 56458
373 35331 37022 24 17404
374 35333 36612 22 15170
375 35369 40837 145 230062
376 35472 44613 11 28053
377 35570 44512 100 515703
378 35678 41006 21 99784
379 35738 40269 13 18928
380 35790 40703 49 164510
381 35812 40310 16 31550
382 35915 37140 84 34826
383 36174 39792 53 70057
384 36182 38907 79 76094
385 36241 47753 35 71277
386 36372 41609 14 25323
387 36510 38460 47 58696
388 36563 40247 33 20786
389 36575 44058 18 40966
390 36668 37562 11 4216
391 36829 39321 124 150337
392 37072 41277 103 542391
393 37116 39311 10 13132
394 37434 39212 48 30829
395 37602 46552 61 263014
396 37631 39767 11 13719
397 37661 43085 18 59974
398 37682 46271 80 232531
399 37862 40775 10 10208
400 37905 39084 118 92220
401 38068 39359 106 57021
402 38125 41532 35 28806
403 38169 39952 56 101326
404 38195 39261 5 4281
405 38222 41348 134 99216
406 38346 39618 80 66966
407 38603 40201 121 66138
408 38650 39595 11 6126
409 38679 39337 51 22201
410 38712 44063 50 304741
411 38720 39079 63 6867
412 38759 39543 52 15385
413 38771 41462 37 56047
414 39162 42870 92 76830
415 39174 47740 30 97035
416 39217 46949 36 77946
417 39223 40755 59 15831
418 39284 40896 116 38669
419 39609 40634 67 26985
420 39628 44234 30 48749
421 39781 43900 4 11412
422 39916 40343 92 27633
423 40004 44888 8 26918
424 40235 41149 17 13284
425 40258 46891 12 110771
426 40353 40986 66 40653
427 40405 41503 58 22525
428 40581 45836 57 728107
429 40661 43825 31 70728
430 40716 43314 75 90510
431 40749 43681 141 104393
432 40753 49222 27 74121
433 40822 42209 5 3080
434 41155 46401 82 167502
435 41174 45878 24 62440
436 41429 41800 112 20747
437 41512 62977 15 68366
438 41623 47435 6 5267
439 41661 42769 78 75016
440 41685 42230 82 43564
441 41954 44163 45 47263
442 42102 42131 20 587
443 42245 43175 25 4003
444 42347 43149 133 40788
445 42381 42606 12 1199
446 42450 43302 111 57432
447 42493 44880 5 4815
448 42514 42552 13 591
449 42609 45484 138 186197
450 42616 53080 8 48048
451 42711 43448 82 31263
452 42740 45213 73 122547
453 42822 48379 11 32578
454 42858 43790 135 39419
455 43011 43579 18 7156
456 43117 47333 13 21617
457 43148 55138 91 241303
458 43196 59710 18 109702
459 43210 43815 143 50934
460 43284 44881 27 43454
461 43386 51685 49 167375
462 43392 48674 6 23226
463 43411 44586 11 12610
464 43412 43426 36 967
465 43776 57992 130 516679
466 43803 44066 25 7340
467 43811 46082 42 79003
468 44068 50485 114 430564
469 44160 49610 85 257183
470 44174 45145 7 2485
471 44391 44505 88 3262
472 45010 52177 148 593853
473 45073 46950 117 82825
474 45180 49063 18 81324
475 45232 46153 125 38542
476 45329 46447 46 24144
477 45529 46024 6 1656
478 45542 47962 47 208039
479 45759 50176 121 347420
480 45786 45864 92 3662
481 45882 54958 22 98300
482 45893 58644 61 655978
483 46168 49621 63 91537
484 46273 51327 53 228472
485 46305 47228 124 111061
486 46321 50030 84 220333
487 46347 47725 85 51955
488 46538 47061 15 2650
489 46539 51493 44 159830
490 46675 47050 99 20700
491 46776 50774 6 14108
492 46933 47184 40 2249
493 46965 49618 107 42043
494 47269 47776 37 25449
495 47522 47540 55 565
496 47556 51128 94 319166
497 47595 49670 62 75351
498 47739 62020 4 12649
499 47806 51434 16 38657
500 47837 49382 12 4899
501 48002 48209 9 981
502 48078 52271 66 167681
503 48120 50483 34 39575
504 48178 48436 83 14871
505 48195 51568 15 15430
506 48208 49554 16 7175
507 48328 64019 65 525538
508 48338 48980 112 55886
509 48417 49288 19 3522
510 48693 53625 94 134971
511 48829 60642 47 73571
512 48901 56856 31 44307
513 48930 50014 82 81169
514 48990 58132 32 103604
515 49398 51125 56 40835
516 49451 52404 150 155374
517 49485 49725 15 4432
518 49504 55575 26 83527
519 49652 50138 102 32454
520 49661 50702 33 53326
521 49669 53226 6 9101
522 49757 49992 5 782
523 49905 50366 60 11317
524 50010 53579 58 25325
525 50080 52248 36 35482
526 50101 53079 114 48037
527 50107 52564 132 184811
528 50295 52602 83 60851
529 50341 52579 14 40237
530 50377 51906 8 4658
531 50501 53508 96 95462
532 50543 50562 6 72
533 50770 51270 60 33324
534 50932 54173 8 35663
535 51011 53960 15 32223
536 51130 51463 56 11022
537 51160 51893 124 50706
538 51172 51804 34 5093
539 51281 52563 85 25346
540 51317 51658 42 5003
541 51333 56322 13 13687
542 51747 53375 18 14614
543 51858 53757 81 42164
544 51930 51948 57 4009
545 51956 62326 98 200967
546 52024 52164 114 12934
547 52078 52376 42 7608
548 52146 57493 11 15402
549 52207 55019 39 31385
550 52352 53228 53 42101
551 52389 52773 24 3235
552 52492 54576 87 75382
553 52549 54247 17 11308
554 52648 57247 13 17735
555 53069 58165 103 481913
556 53180 58679 4 13239
557 53364 56486 6 4935
558 53569 56964 60 117962
559 53749 60485 100 209943
560 53992 54582 85 15851
561 53998 58258 105 384476
562 54019 55331 20 10352
563 54169 54782 53 10076
564 54271 57672 87 119340
565 54289 57829 21 48432
566 54382 58059 84 64325
567 54565 57716 41 138702
568 54674 56047 91 84361
569 54685 56454 142 138729
570 54759 56961 64 66641
571 54766 65214 8 5991
572 55004 56452 131 94292
573 55072 55546 6 1239
574 55087 56848 17 5911
575 55167 57411 100 51689
576 55187 55748 5 999
577 55393 55816 149 63316
578 55646 64147 14 15678
579 55671 55678 58 192
580 55713 56181 32 7720
581 55737 55765 18 536
582 55811 56444 14 5389
583 55909 56785 52 22882
584 55925 56582 86 23395
585 55960 68801 56 429326
586 56011 56862 53 39209
587 56051 56796 20 5320
588 56275 56883 7 1941
589 56407 56811 6 664
590 56434 58114 125 191001
591 56534 60304 117 152873
592 56544 57218 48 19682
593 56643 57153 23 2811
594 56657 60155 23 47542
595 56672 56926 11 2234
596 56677 60581 10 12317
597 56700 59506 43 153255
598 57086 57907 47 19564
599 57113 57961 84 43245
600 57219 62425 34 47378
601 57280 64372 50 53558
602 57367 57423 30 1407
603 57696 63012 14 23945
604 57755 58408 5 814
605 57788 62429 80 256312
606 57793 59298 14 15115
607 57878 57910 134 754
608 57922 58516 25 11606
609 58011 62782 31 36991
610 58111 60312 54 42043
611 58432 64197 9 35742
612 58473 64960 148 496488
613 58660 61766 28 51898
614 58715 63927 35 74242
615 58811 67771 26 80815
616 58832 59604 10 11248
617 58922 60991 100 177273
618 58976 65414 78 365172
619 59136 64682 90 582206
620 59169 62792 135 113076
621 59178 62216 55 96051
622 59281 62431 71 41963
623 59286 61747 120 131431
624 59389 62754 65 95571
625 59526 66813 139 636434
626 59755 62373 96 71315
627 59809 69568 52 187556
628 59978 63170 27 37659
629 59985 60709 14 8438
630 60323 65296 106 360296
631 60372 60390 37 273
632 60652 61078 6 560
633 60680 61973 39 45970
634 60812 68220 141 314931
635 60951 61990 10 9857
636 60976 62032 72 96930
637 61109 66416 20 15850
638 61230 62987 96 94286
639 61294 62585 65 105704
640 61301 62493 6 6512
641 61474 62466 73 36558
642 61489 61902 74 16098
643 61565 62201 81 8339
644 61576 62421 134 87552
645 61657 64582 5 8017
646 61691 62393 6 1981
647 61905 65791 136 312464
648 62039 71598 41 163142
649 62053 68150 26 159038
650 62145 70680 89 377366
651 62185 64122 113 76185
652 62586 64419 9 6230
653 62864 65024 7 3942
654 62938 63113 13 1559
655 63125 69389 11 27800
656 63174 66898 70 294819
657 63175 65441 10 11426
658 63429 63639 18 1660
659 63443 66264 19 32861
660 63486 63976 29 8839
661 63676 73394 50 204723
662 63782 64368 47 5475
663 63942 64569 52 26841
664 63957 72345 127 378341
665 64096 67307 75 60853
666 64104 65012 41 18673
667 64332 64457 72 5124
668 64442 71734 39 91691
669 64463 72408 26 118838
670 64613 67793 47 93912
671 64628 67016 41 42178
672 64775 65985 61 39150
673 64791 65019 20 6166
674 64911 69797 140 459766
675 64944 66467 51 59794
676 64968 66339 8 7933
677 64970 70196 62 158520
678 64995 68593 102 386895
679 65518 67949 17 18134
680 65639 69453 117 49860
681 65648 71309 17 27561
682 65671 66087 13 2562
683 65885 67856 78 200989
684 66012 66776 18 6386
685 66013 66473 135 22837
686 66399 72168 117 252904
687 66472 73924 20 37096
688 66586 67630 11 5689
689 66711 73332 107 308579
690 66901 71318 108 198923
691 66966 73034 49 104948
692 67078 67987 14 7319
693 67361 67633 27 10004
694 67396 68908 11 25420
695 67761 69317 91 59229
696 67802 69055 5 21213
697 67937 70098 146 92050
698 68061 69688 13 12641
699 68141 78924 128 1282615
700 68153 71939 69 155707
701 68163 73675 5 28314
702 68274 70131 84 54612
703 68334 68568 32 7300
704 68335 70001 111 110467
705 68369 69736 123 46953
706 68397 73189 108 208001
707 68610 70378 89 79774
708 68618 70448 99 103550
709 68704 73625 139 103366
710 68750 69776 4 1575
711 68751 70228 140 49122
712 68868 73622 117 241642
713 69075 69206 5 523
714 69243 75159 81 177886
715 69294 70155 56 110294
716 69348 72541 56 77336
717 69626 71974 11 7168
718 69855 78258 37 101637
719 70056 70886 57 52458
720 70123 78655 108 583459
721 70229 70505 32 7602
722 70306 73024 49 35121
723 70481 71556 96 32284
724 70556 71099 12 2500
725 70563 76215 64 118912
726 70667 71308 113 41704
727 70903 78792 25 134300
728 70992 71489 8 4535
729 71178 74521 73 48048
730 71286 75587 6 8831
731 71444 74474 149 100177
732 71464 72649 20 10220
733 71650 80560 144 471836
734 71778 74079 89 154598
735 71807 75042 48 36063
736 71844 78288 92 237306
737 71851 77586 76 190812
738 71996 81384 59 359851
739 72238 74362 8 5605
740 72278 72559 115 15883
741 72287 74022 84 71902
742 72307 76072 99 165485
743 72395 73601 17 8108
744 72568 85784 31 245909
745 72645 78499 104 177537
746 72658 73354 28 6192
747 72670 75938 22 34254
748 72683 79050 81 147653
749 72751 76976 34 100158
750 72773 75343 105 121407
751 72790 73360 137 71961
752 72872 79242 88 393282
753 73028 75703 132 184925
754 73183 73811 13 8083
755 73246 79874 7 20438
756 73417 79639 6 17866
757 73485 78791 148 229030
758 73618 75959 43 159790
759 73785 82044 39 217273
760 73838 82641 12 30651
761 73860 75792 88 68505
762 73989 80996 74 359039
763 74043 75139 7 4611
764 74109 81475 114 313797
765 74270 78898 50 170947
766 74312 79264 62 324014
767 74483 79366 62 306363
768 74718 75278 16 4995
769 74725 75594 81 28015
770 74929 76369 31 8895
771 74991 78521 79 284526
772 75000 78758 68 82058
773 75417 75663 50 8492
774 75474 77914 49 35828
775 75605 90094 82 377356
776 75711 80155 17 12556
777 75767 77868 10 8587
778 75772 78181 16 17562
779 75830 76468 140 97716
780 75960 76017 124 7796
781 76275 91912 24 70426
782 76388 77060 13 5041
783 76406 77421 57 39943
784 76464 77983 29 14463
785 76616 85729 87 224309
786 76762 76802 49 2953
787 76792 91257 5 18832
788 76868 79010 102 41378
789 76913 77966 50 50954
790 76930 77342 64 6144
791 76945 87412 71 183306
792 77016 77399 17 4693
793 77102 79427 98 108635
794 77235 79499 37 46394
795 77254 79748 121 130749
796 77400 77784 52 17758
797 77485 80399 121 299306
798 77530 77707 143 17693
799 77554 78310 80 21445
800 77628 78328 72 22139
801 77677 77849 120 4153
802 77695 81406 8 16446
803 77833 79966 32 42916
804 77846 84632 26 93571
805 77952 80313 91 90836
806 77994 78988 117 38742
807 77997 79773 81 50596
808 78016 78280 18 3086
809 78037 81718 4 3805
810 78071 79080 37 9559
811 78110 80168 6 14561
812 78635 78802 21 1918
813 78794 88697 24 102610
814 78856 80602 69 40364
815 78888 79737 58 5348
816 79000 83004 47 97843
817 79037 86552 6 23868
818 79276 82082 32 26204
819 79339 80469 49 16132
820 79341 86745 12 46654
821 79485 84027 28 89716
822 79562 84087 7 17125
823 79613 84271 71 82686
824 79616 81068 14 16227
825 79821 83271 68 38816
826 79898 80891 47 21581
827 79955 82245 41 46283
828 80275 85429 12 25172
829 80331 80508 24 2635
830 80603 85006 59 74130
831 80654 89192 29 83737
832 80678 96479 35 172099
833 80738 84498 67 77917
834 80809 84569 8 11601
835 80828 85053 55 366817
836 80833 87726 12 39627
837 81075 81429 23 2753
838 81108 93634 71 518186
839 81369 83077 41 9544
840 81374 85718 43 74965
841 81575 82895 70 38371
842 81638 84297 9 13301
843 81733 85269 28 80247
844 81827 84042 92 47166
845 81834 83542 141 111018
846 81869 82980 106 21646
847 81885 87372 32 97413
848 82046 85683 45 212039
849 82105 83237 103 35741
850 82121 86548 97 298856
851 82193 82316 13 974
852 82233 85226 13 45231
853 82325 83839 73 44742
854 82407 85640 136 128818
855 82559 90987 117 1462539
856 82563 82986 146 44965
857 82758 82896 5 644
858 82897 83228 143 19785
859 82899 83520 61 11344
860 82915 84532 70 32769
861 82971 86923 103 548932
862 83040 83354 83 14842
863 83151 85322 15 13306
864 83201 94232 4 7955
865 83339 85628 6 6452
866 83661 88309 35 52504
867 83674 86062 23 31852
868 83838 84372 8 1297
869 83963 83992 41 562
870 83987 85722 7 19834
871 84009 84304 119 24414
872 84034 84684 65 18642
873 84045 85571 49 29978
874 84199 86489 67 71474
875 84202 84866 40 19161
876 84296 87830 97 238830
877 84308 94089 90 88079
878 84475 87839 30 45677
879 84508 88272 53 179193
880 84784 87096 78 65646
881 84809 89544 47 303016
882 84868 89960 98 406552
883 85033 86507 25 7544
884 85169 85601 36 2755
885 85201 85882 6 3093
886 85490 86783 85 49847
887 85619 85845 12 884
888 85773 85961 16 1426
889 85799 86546 31 38164
890 85853 88762 137 87360
891 85968 90109 121 80461
892 86019 87229 38 30834
893 86074 89800 62 116729
894 86118 93712 17 77498
895 86151 88433 50 129574
896 86215 86806 67 14385
897 86357 89338 43 78454
898 86428 89008 23 23657
899 86519 93595 89 197992
900 86891 93235 61 158442
901 87044 92305 5 10265
902 87475 88613 47 8716
903 87529 89602 16 16330
904 87573 89261 60 33893
905 87664 94832 17 122513
906 87754 89496 108 69698
907 87986 91154 31 113428
908 88052 90957 49 65350
909 88134 89431 9 8185
910 88249 88690 57 7677
911 88365 90732 23 17411
912 88373 91833 16 58972
913 88476 88907 15 8044
914 88514 96119 6 10876
915 88556 96702 116 333905
916 88664 92804 137 307677
917 88692 88705 78 763
918 88797 89341 5 2478
919 88818 92119 8 13467
920 88848 91627 101 267022
921 89087 89272 102 33077
922 89115 91122 28 31319
923 89160 93146 11 40155
924 89207 89768 133 42609
925 89209 97520 24 111307
926 89344 93868 38 146819
927 89404 92063 54 155279
928 89440 90493 10 3252
929 89468 91458 87 100887
930 89925 97883 45 376332
931 89945 93796 88 69877
932 90166 93294 21 23977
933 90328 91072 39 13326
934 90579 93075 29 33729
935 90599 91366 36 11419
936 90903 92404 109 76838
937 90948 93581 5 4820
938 91129 91906 84 64752
939 91224 94803 55 64242
940 91578 91678 94 8162
941 91602 95292 32 58305
942 91814 92702 112 65928
943 91832 92158 6 1338
944 92042 92546 17 3143
945 92044 94137 34 25178
946 92054 94390 65 46373
947 92165 94477 67 96665
948 92280 93201 148 33003
949 92371 99264 11 28589
950 92384 98840 9 34393
951 92388 95058 55 171423
952 92452 94047 8 9094
953 92484 96101 4 2311
954 92510 95187 7 8512
955 92529 94208 138 76797
956 92573 96037 21 21931
957 92591 92723 46 6070
958 92720 95196 16 28757
959 92844 97599 120 449534
960 93057 95634 16 24836
961 93071 95379 126 317649
962 93154 94062 38 16653
963 93218 93422 71 6045
964 93329 93336 67 319
965 93429 99778 98 479866
966 93458 97567 11 28470
967 93489 99080 143 269781
968 93718 96396 104 324276
969 93860 95344 137 156336
970 93943 94756 141 65355
971 94099 96182 106 41600
972 94163 95147 34 17041
973 94225 95235 23 16686
974 94539 98403 22 66016
975 94551 94582 146 5961
976 94667 94750 26 1569
977 94891 95040 75 10149
978 95336 96668 25 16415
979 95499 99825 33 108221
980 95574 96715 8 2977
981 95822 96206 96 57379
982 95958 97011 70 40318
983 96075 98308 69 63921
984 96140 97802 19 15667
985 96229 99256 137 248281
986 96643 97988 131 96570
987 96848 99092 111 148939
988 96856 97740 45 25050
989 96945 98278 49 47661
990 97031 97590 25 14420
991 97066 97594 4 1069
992 97597 98012 138 42188
993 97631 98679 57 31695
994 97773 99193 6 6006
995 97972 99753 113 104618
996 97987 99481 143 125162
997 98411 98609 64 4856
998 99059 99257 44 4218
999 99150 99806 43 12405
