50 1000 0.021
..................................................
.....#............................................
..................................................
...........##.....................................
...........#......................................
..................................................
..................................................
..................................................
..................................................
..................................................
..................................................
...................#..............................
..##...............#..............................
..................................................
..................................................
...................###............................
....................##............................
....................#........##...................
..................................................
........#.........................................
.......##................................#........
..................................#.....###.......
..................................#...............
...........#......................................
.........###......................................
...........#......................................
..................................................
..................................................
..................................................
..................................................
...................#..............................
.........................#..................#.....
......................................#....##.....
.....................................##....###....
..................................................
....#.............................................
..................................................
..................................................
..................................................
........#.........................................
........#....................##...................
........#.........................................
.................................................#
..................................................
..................................................
..................................................
..................................................
...........................................#......
..................................................
........#.........................................
0 57 1086 44 30087
1 172 9460 14 25911
2 242 3621 76 133477
3 423 9452 54 115495
4 494 1046 58 13191
5 686 3512 124 136039
6 729 6491 34 236132
7 740 1810 147 75074
8 753 5693 111 236782
9 757 5576 36 90869
10 758 1057 35 16279
11 774 1215 10 3446
12 831 1343 122 92422
13 838 5082 15 21609
14 951 8027 15 37262
15 985 1179 148 6558
16 1077 1979 68 38708
17 1392 6782 49 75598
18 1427 2125 136 40731
19 1647 10279 51 205276
20 1889 14763 89 154083
21 1951 3296 125 44205
22 1985 7780 20 66362
23 2021 3835 41 74955
24 2031 3188 141 80966
25 2080 7980 12 68013
26 2148 2781 35 9366
27 2169 5009 59 39196
28 2295 4204 4 5188
29 2409 4522 10 7974
30 2761 4441 10 12800
31 2784 3302 40 4599
32 2809 3626 16 5907
33 2869 3956 104 35550
34 2881 3893 146 22234
35 2888 4506 58 19110
36 2977 4139 112 85443
37 3081 4104 53 30053
38 3113 6642 138 235263
39 3354 4755 17 6797
40 3408 6752 86 107547
41 3828 5062 31 11969
42 3895 8337 22 145576
43 3951 4632 19 4040
44 3993 5413 100 82549
45 4048 7253 122 107211
46 4146 7207 7 5705
47 4166 10844 60 315259
48 4188 4684 73 20924
49 4255 5426 72 32805
50 4340 9522 5 24556
51 4392 6388 66 119466
52 4631 5140 14 3912
53 4706 5069 24 2752
54 4825 8731 4 7487
55 4865 11642 6 14669
56 5080 5838 10 1547
57 5081 5927 71 34466
58 5316 6469 39 40146
59 5325 7351 131 151404
60 5544 6306 76 14076
61 5791 6069 98 16971
62 5908 6343 116 15751
63 5913 7715 115 103253
64 6147 10073 100 202892
65 6348 18605 16 54496
66 6357 6731 107 38487
67 6444 7911 86 69733
68 6482 7931 61 24247
69 6773 10879 72 108425
70 6826 10725 115 233969
71 6850 8872 96 112282
72 7036 10340 40 49882
73 7090 11619 130 146156
74 7161 9992 29 19703
75 7190 9905 10 14618
76 7300 7436 25 1368
77 7310 16267 12 33929
78 7492 9242 88 50903
79 7510 11471 86 271604
80 7523 12833 7 26632
81 7550 10039 47 63374
82 7823 8615 18 7299
83 7889 12385 17 17293
84 7969 9253 23 6104
85 8118 11575 81 99124
86 8122 9614 83 129165
87 8174 8981 5 1090
88 8200 9353 35 33853
89 8267 8883 30 35006
90 8359 8361 50 95
91 8584 23766 54 526059
92 8697 8743 94 1243
93 8853 9272 8 1342
94 8907 11119 132 158702
95 9087 11073 50 73691
96 9156 10841 5 5035
97 9172 10289 43 14269
98 9182 15042 21 69269
99 9216 9988 63 27082
100 9258 9303 27 529
101 9328 13962 37 96884
102 9392 11545 10 15786
103 9640 14227 23 89359
104 9781 11795 63 23749
105 9798 11863 24 39144
106 9887 11028 62 44555
107 9934 10895 17 16643
108 9977 11272 48 57927
109 10048 15237 131 419581
110 10546 12068 22 25994
111 11085 14694 92 194975
112 11116 15852 9 11780
113 11194 13325 23 11626
114 11213 11900 132 69687
115 11235 13300 28 31730
116 11247 15876 11 30131
117 11358 12735 31 24609
118 11574 13458 10 5358
119 11651 19656 133 586544
120 11755 18878 87 473888
121 11889 19161 81 366371
122 11944 20453 110 243919
123 11951 13304 117 97016
124 12018 14585 102 110082
125 12097 12593 37 18708
126 12235 13870 38 39103
127 12293 15622 29 65507
128 12391 15468 10 12980
129 12402 25234 122 1147051
130 12453 21508 17 65161
131 12465 12982 96 16092
132 12799 13885 64 19175
133 12861 19765 46 85932
134 13411 18517 8 38702
135 13539 15727 37 38770
136 13549 14768 10 21732
137 13659 23367 110 178384
138 13919 13977 67 2645
139 13924 19396 57 140252
140 14038 16231 25 37284
141 14093 14639 23 5138
142 14099 14675 54 19257
143 14282 25657 141 727425
144 14412 19574 65 304482
145 14480 17571 12 4395
146 14494 24678 63 132230
147 14606 16084 16 6097
148 14616 18867 107 443231
149 14680 14703 40 868
150 14706 15307 72 15644
151 14934 17451 15 9726
152 14975 18893 64 186290
153 14976 15186 131 33674
154 15048 18162 11 7187
155 15183 18255 99 271636
156 15206 16761 19 10676
157 15292 15885 15 2891
158 15329 16676 41 45772
159 15344 17112 24 15862
160 15493 22280 136 352479
161 15667 20469 89 174308
162 15671 23500 99 89823
163 15712 17206 14 22076
164 15990 19180 55 54355
165 16292 19582 14 34725
166 16319 21096 57 99114
167 16540 18844 13 16914
168 16584 18644 14 25761
169 16587 29506 99 861966
170 16710 18337 30 9982
171 16964 17726 37 18490
172 16974 18047 35 19035
173 17020 19905 52 166050
174 17036 19315 135 117062
175 17046 19252 117 181537
176 17175 19661 13 12425
177 17327 19490 73 87162
178 17392 23712 35 181463
179 17441 21398 93 96514
180 17528 20701 34 71164
181 17552 25796 14 102857
182 17704 24482 29 170187
183 17753 18649 24 8717
184 17903 18554 52 25824
185 18089 26110 5 20209
186 18113 28397 84 952454
187 18176 18590 125 34589
188 18177 18410 12 1526
189 18277 19547 20 9849
190 18280 20535 12 9473
191 18444 19602 31 12447
192 18477 18999 65 15842
193 18806 19096 19 3157
194 18890 32239 133 698287
195 18896 22010 16 33040
196 19097 19931 28 3143
197 19121 26272 141 359122
198 19154 19308 66 6529
199 19167 26055 14 69645
200 19237 24232 73 55727
201 19314 21520 50 154220
202 19348 26262 9 34371
203 19545 21521 82 113007
204 19557 25211 49 64219
205 19577 21511 100 38458
206 19586 19794 76 5385
207 19737 22253 92 197544
208 19740 20062 73 12709
209 19828 20410 115 39449
210 19970 20727 58 22663
211 20176 20363 113 10900
212 20353 25072 22 37643
213 20356 26474 77 117803
214 20364 23285 60 107956
215 20389 25195 94 63488
216 20444 21117 76 16286
217 20671 21798 46 25635
218 20691 21054 104 21498
219 20707 25729 17 38014
220 21003 25651 34 92823
221 21351 23019 87 65423
222 21383 23234 110 66520
223 21493 27336 146 959739
224 21598 22861 81 31002
225 21686 23273 25 27438
226 21810 22713 66 40236
227 21821 32637 83 291546
228 21919 26020 92 252395
229 22013 22373 67 20035
230 22219 23462 27 26230
231 22303 27371 79 129080
232 22437 25259 11 23225
233 22481 25822 116 298807
234 22577 32408 24 55453
235 22672 28819 92 235800
236 22757 30729 142 889276
237 22804 23722 34 13541
238 23016 24267 132 36810
239 23099 23660 20 6728
240 23275 38680 42 126749
241 23348 23536 31 4499
242 23431 24925 52 29215
243 23437 24813 138 132303
244 23582 25556 22 14776
245 23617 25589 29 18629
246 23643 25385 18 9959
247 23724 25669 9 7579
248 23789 25284 133 84980
249 23934 24821 47 21935
250 23998 25805 11 13296
251 24006 24439 129 17729
252 24024 24509 74 26074
253 24088 27860 15 19733
254 24147 25175 19 8750
255 24345 24372 21 352
256 24695 33040 98 298583
257 24708 29117 43 75826
258 24712 25624 12 7102
259 24766 38328 16 63549
260 24830 25627 50 9546
261 24931 25041 16 492
262 24999 26494 25 32204
263 25183 27926 4 3880
264 25401 35490 111 584084
265 25429 25990 34 6329
266 25511 25996 78 19956
267 25551 27656 4 5616
268 25889 37186 87 360613
269 25925 29801 127 91731
270 25988 30613 74 184470
271 26098 27002 135 19310
272 26194 27830 6 5613
273 26338 28205 20 18677
274 26553 27245 11 6981
275 26554 30677 62 65315
276 26649 28387 116 33725
277 26799 33473 86 382102
278 26822 31277 45 295682
279 26876 27427 43 12384
280 26959 43424 123 1270123
281 27215 31198 75 111207
282 27235 32978 105 184226
283 27247 29000 13 2385
284 27558 27708 44 3066
285 27622 32567 28 51671
286 27701 27817 40 2430
287 27802 29009 14 5282
288 27806 28299 39 13721
289 27838 34773 22 42798
290 27886 40178 29 93341
291 27991 28979 113 42661
292 28022 32002 66 58208
293 28060 32280 7 10738
294 28186 30877 20 22698
295 28593 31347 124 76512
296 28656 29624 84 156098
297 28734 39068 74 80655
298 28822 28871 32 989
299 29118 34942 100 447053
300 29459 33676 52 60623
301 29503 33005 63 156633
302 29561 32144 34 35638
303 29796 30382 25 6432
304 30033 30329 16 4346
305 30053 34836 4 4414
306 30096 36643 66 199127
307 30153 36217 85 170455
308 30270 32989 35 60938
309 30437 31532 32 6360
310 30597 38755 7 22141
311 30804 33675 32 43364
312 30847 31202 61 5443
313 31049 31282 144 20869
314 31130 35291 26 59549
315 31168 32618 26 16283
316 31268 33561 49 29098
317 31319 31622 89 35656
318 31427 31981 7 2891
319 31526 37655 94 314622
320 31566 37211 93 171505
321 31568 39540 15 26952
322 31690 32672 22 6792
323 31748 33558 40 26627
324 31870 32790 10 2812
325 31944 34284 96 70460
326 32021 35299 110 138870
327 32215 33250 9 3284
328 32225 35810 38 106744
329 32313 38631 59 107144
330 32383 32920 14 6962
331 32454 32595 104 14006
332 32578 32836 4 1626
333 32764 33291 41 8883
334 32781 33223 41 13955
335 32809 33176 90 24903
336 32833 36659 48 36889
337 32897 42502 43 198384
338 32912 35121 58 48838
339 33048 33800 140 62987
340 33124 33973 35 18060
341 33136 36219 109 357887
342 33211 33568 99 19510
343 33289 33746 142 26029
344 33325 33952 19 4763
345 33354 43253 139 504755
346 33371 34559 8 4974
347 33399 33403 40 102
348 33564 33912 10 6602
349 33639 44519 10 20720
350 33774 43223 52 187145
351 33943 41120 53 180624
352 34012 34191 39 4330
353 34083 53190 110 754737
354 34089 34117 98 3635
355 34186 37863 94 407552
356 34565 35054 14 3092
357 34601 34911 50 9632
358 34749 35722 124 99909
359 34820 35330 40 13225
360 35021 39828 13 31434
361 35027 39200 37 57749
362 35331 39251 87 188409
363 35343 35818 106 20654
364 35350 35767 13 2027
365 35476 44417 9 10487
366 35587 36061 59 36878
367 35798 39015 145 242648
368 35812 38228 120 107131
369 35815 36183 21 6494
370 36129 37307 63 18306
371 36274 37192 17 8684
372 36331 44027 20 63652
373 36503 37005 33 5547
374 36698 37990 7 6414
375 36715 37128 123 40622
376 37018 46030 6 5505
377 37142 39959 31 27357
378 37159 38523 117 81165
379 37259 42665 22 81777
380 37361 37774 13 3662
381 37382 37539 22 1454
382 37389 44785 12 28259
383 37491 37898 92 10910
384 37542 38606 134 104943
385 37594 40407 61 56918
386 37674 38140 28 2889
387 37680 37998 18 3018
388 37764 37832 38 3356
389 37787 38483 39 13647
390 37798 38064 141 19672
391 37871 40778 103 149567
392 37960 43864 143 354457
393 38093 40970 88 171209
394 38343 44330 76 301601
395 38374 45344 4 3828
396 38378 42596 105 82252
397 38406 40918 103 116920
398 38444 38588 120 5348
399 38568 44395 12 31025
400 38865 41383 117 132201
401 38885 40685 46 40635
402 38951 39485 37 17549
403 39100 47990 6 30089
404 39243 40469 40 11608
405 39436 40395 103 80564
406 39437 40009 40 8851
407 39471 40020 76 15820
408 39521 44223 56 122913
409 39707 43849 8 18660
410 39761 40867 44 36135
411 39865 43505 19 26088
412 39956 43146 29 115411
413 40143 40890 42 11532
414 40420 43267 94 120032
415 40445 41907 96 86213
416 40521 40767 60 8053
417 40579 40996 66 44116
418 40720 41272 20 4340
419 40780 42569 67 76130
420 40785 43027 50 93798
421 40958 50592 8 44812
422 41036 43557 36 45600
423 41141 52570 93 594946
424 41146 41885 127 50663
425 41167 42066 67 27233
426 41185 46920 82 196571
427 41208 45610 43 48553
428 41268 42010 33 12084
429 41364 42612 20 7206
430 41414 41659 77 8629
431 41610 43178 107 73718
432 41616 45531 106 151412
433 41707 42008 4 1163
434 41743 42067 24 18324
435 42125 47125 120 519007
436 42223 57872 27 633953
437 42302 44667 15 20541
438 42327 44556 145 164473
439 42333 43797 48 35292
440 42344 45363 37 31176
441 42411 44745 42 116224
442 42519 57595 99 517462
443 42549 42825 18 5088
444 42593 45134 4 2010
445 42644 44090 15 6980
446 42861 47531 129 217781
447 42950 44327 144 40827
448 43059 44553 107 35482
449 43139 43358 8 500
450 43172 55742 36 246170
451 43182 57012 53 207795
452 43518 54171 45 157709
453 43559 46884 44 123273
454 43576 60277 48 147865
455 43692 52302 22 60949
456 43697 47939 48 184194
457 43726 50402 66 85868
458 43772 44753 26 24692
459 44159 50244 108 392091
460 44375 57546 145 694220
461 44383 47668 37 28115
462 44496 51746 138 637788
463 44603 52666 42 175214
464 44824 45969 30 21085
465 44929 47238 16 28995
466 44973 49376 146 434428
467 45162 50485 51 155929
468 45298 52142 107 829719
469 45592 48602 10 17594
470 45778 45971 70 6138
471 46036 51680 126 180895
472 46165 51743 36 60201
473 46765 48154 148 87014
474 46792 49234 35 32455
475 46904 49338 142 59190
476 47011 47754 7 2386
477 47019 51297 14 23893
478 47024 71553 48 800615
479 47186 51916 34 61471
480 47226 50770 88 73434
481 47260 55308 87 305512
482 47285 51536 116 95226
483 47320 54482 4 8123
484 47388 49769 49 40239
485 47447 48291 124 73751
486 47521 48723 4 2686
487 47534 52110 130 109286
488 47785 53645 101 658456
489 47889 48849 131 42023
490 48386 49946 17 15322
491 48427 50003 26 50618
492 48586 49163 104 37388
493 48609 49571 80 13599
494 48789 49717 117 34398
495 48957 52855 96 72493
496 48990 49294 110 27944
497 49081 58252 89 209594
498 49125 51351 50 64955
499 49211 59533 44 336519
500 49238 52879 80 247283
501 49433 54558 89 85057
502 49659 50370 115 51013
503 49677 53023 82 84796
504 49724 54914 43 133266
505 49763 50831 114 47640
506 49903 53380 115 161820
507 49950 50492 6 4944
508 50019 62102 93 600655
509 50154 50632 28 16617
510 50167 56209 96 156043
511 50219 63514 37 120037
512 50303 54883 142 438858
513 50404 50793 44 5668
514 50486 50769 4 636
515 50557 51007 26 4904
516 50596 51460 18 7806
517 50606 51602 35 18779
518 50702 64114 22 150548
519 50752 54777 144 86873
520 50842 51457 77 21521
521 50846 54226 88 41890
522 50869 52571 124 98528
523 50871 51390 121 19838
524 51032 53657 30 24888
525 51033 53295 26 30061
526 51068 58485 97 297497
527 51091 51384 125 12456
528 51198 54940 100 345159
529 51307 55827 45 59417
530 51370 56394 106 418293
531 51447 60902 55 171673
532 51483 53394 111 67012
533 51644 52066 7 1931
534 51927 61273 64 164041
535 51981 62007 4 14563
536 52114 54176 4 2936
537 52130 52324 54 7947
538 52268 52819 112 40606
539 52382 53051 15 6339
540 52449 57051 15 31440
541 52477 59492 32 210760
542 52505 55882 55 50840
543 52545 57380 133 383491
544 52665 56779 136 167318
545 52753 52765 58 278
546 52843 61056 45 149821
547 52905 55271 78 37107
548 53549 53655 67 2851
549 53687 54906 44 30036
550 53839 54312 39 7586
551 53974 61919 104 1095148
552 54268 54308 70 1203
553 54271 58421 101 42642
554 54334 58561 29 120028
555 54378 60663 28 50512
556 54421 60188 61 110992
557 54437 55258 103 56108
558 54674 68255 84 364267
559 54726 59110 81 75868
560 54740 58671 109 265394
561 54745 60535 83 188350
562 54814 55088 13 815
563 54904 55917 139 104827
564 54937 59634 5 11085
565 55200 55791 26 25716
566 55215 57644 17 24188
567 55372 56089 100 31471
568 55514 67220 5 24186
569 55549 56178 9 8257
570 55739 59239 52 58858
571 55769 58189 7 5586
572 55784 56285 29 9743
573 55960 57106 16 15563
574 56104 58857 15 6966
575 56109 57808 150 133944
576 56353 62585 53 252596
577 56355 57871 41 6841
578 56445 56813 40 15807
579 56587 57263 5 2412
580 56704 57855 80 50887
581 56815 57656 35 51594
582 56832 60539 105 111289
583 56919 56961 69 1675
584 57278 64682 103 488909
585 57383 63494 65 115960
586 57430 57465 15 617
587 57468 64488 58 217516
588 57485 62369 139 224877
589 57525 64058 29 54498
590 57529 58398 44 25723
591 57630 64028 140 550483
592 57681 71163 139 546270
593 57768 61647 121 228348
594 57948 60638 92 79905
595 58018 67495 43 76118
596 58041 63068 10 39213
597 58194 62064 20 16745
598 58219 59423 108 69150
599 58239 58794 26 9273
600 58286 58972 136 39116
601 58442 60166 22 17244
602 58491 59519 7 5234
603 58494 59561 126 38603
604 58504 58702 50 4413
605 58533 63298 27 75335
606 58554 64371 142 119192
607 58685 61686 19 18166
608 58774 64610 139 196536
609 58812 67617 6 7196
610 58862 64592 14 20713
611 58873 64163 85 321200
612 58890 62107 73 105357
613 58907 64189 56 60670
614 58974 62492 20 42170
615 59075 70380 20 60654
616 59090 65097 96 316738
617 59281 60563 93 121233
618 59305 60956 133 146021
619 59338 67868 65 101625
620 59356 59821 37 2988
621 59429 60345 59 23226
622 59529 77170 21 124469
623 59651 60639 104 74930
624 59777 63455 12 12208
625 59823 59996 9 594
626 59920 75435 9 23636
627 60222 61888 17 7513
628 60286 64326 19 43444
629 60295 61334 127 62296
630 60296 63260 80 152383
631 60497 78139 111 1360934
632 60611 60628 99 465
633 60729 65743 38 134317
634 60883 63107 80 41010
635 60920 62205 7 2491
636 60933 62623 39 73801
637 61101 61963 119 65797
638 61265 66573 17 93125
639 61341 62406 43 31366
640 61369 67348 118 198127
641 61523 61587 24 733
642 61660 62778 51 29855
643 61684 63947 7 3296
644 61794 71229 61 357989
645 61836 72724 21 97205
646 61934 62526 120 64584
647 61970 63026 84 55034
648 62038 65203 63 91639
649 62061 62733 12 4255
650 62128 64613 11 16978
651 62342 62615 20 2019
652 62388 62557 11 350
653 62444 68845 58 55647
654 62746 63474 107 47634
655 63143 67063 37 28748
656 63163 70198 60 326576
657 63268 64510 19 6772
658 63323 66211 32 23539
659 63826 64354 57 12769
660 63834 67206 6 7706
661 63887 67107 96 229836
662 63997 65570 84 56157
663 64021 68412 103 217957
664 64030 68544 38 54990
665 64097 67038 88 84164
666 64123 70927 13 85061
667 64252 66357 31 56188
668 64285 70640 134 504549
669 64308 64790 129 12139
670 64338 65147 52 35537
671 64687 69885 73 206220
672 64730 75231 9 33607
673 64731 77253 5 30589
674 64872 68610 55 256209
675 64877 67122 19 15367
676 64945 66268 16 10059
677 64976 69025 8 23399
678 65042 69139 133 383930
679 65228 69269 42 54287
680 65316 66664 99 50115
681 65345 66125 57 25836
682 65602 70143 44 296279
683 65708 67580 53 41104
684 65802 66487 33 10825
685 65833 68924 97 217434
686 65956 66834 136 48725
687 66026 68198 5 1490
688 66168 67151 133 106596
689 66212 71016 47 177734
690 66295 74951 19 233540
691 66375 70944 6 8170
692 66377 67093 60 34206
693 66541 67212 136 13662
694 66746 71083 22 20930
695 66844 76862 35 141113
696 66957 69741 25 56284
697 67133 69274 13 8748
698 67386 67996 53 9020
699 67420 70122 61 105776
700 67528 69348 11 6799
701 67555 72150 120 296125
702 67640 68185 94 67241
703 67788 73136 18 74009
704 67789 67805 23 134
705 67914 68489 26 29211
706 67932 68675 45 7441
707 68099 71348 95 115615
708 68121 71145 55 40290
709 68201 69580 23 24781
710 68231 68922 133 85415
711 68615 76745 45 124429
712 68916 72030 61 164391
713 68987 72152 145 141441
714 69087 70742 62 67400
715 69109 74700 57 67327
716 69362 69721 11 4898
717 69390 70843 52 47258
718 69535 69872 35 2564
719 69558 81341 88 802510
720 69618 72447 36 21813
721 69642 71244 42 30234
722 69742 72758 135 115669
723 69787 72768 123 151921
724 69804 69962 52 17277
725 69841 69879 52 1002
726 70081 72838 107 124905
727 70149 72438 100 62055
728 70160 71943 49 20265
729 70172 71335 17 8804
730 70308 79078 65 365264
731 70349 73315 46 50512
732 70365 70953 23 7623
733 70635 77666 145 398891
734 70804 73287 6 7182
735 70943 75515 34 69515
736 71015 77271 32 43899
737 71147 73230 126 90279
738 71324 72831 118 178471
739 71545 74193 87 147189
740 71666 74075 139 106762
741 71751 79479 51 189437
742 71765 73564 78 57002
743 71771 76943 71 52048
744 71785 73076 37 13701
745 72064 72491 6 1138
746 72147 76371 127 191213
747 72184 72624 114 23002
748 72185 72399 109 13320
749 72228 75408 119 328578
750 72314 74655 35 29707
751 72488 73042 69 18911
752 72544 74939 5 3514
753 72816 73256 37 9658
754 72891 84514 55 602880
755 72911 75637 13 19279
756 72954 73672 52 7007
757 72980 73041 90 3728
758 73034 77873 26 57245
759 73045 74065 100 27564
760 73065 76815 27 64446
761 73212 77214 76 96765
762 73338 76664 18 36528
763 73427 74672 47 52746
764 73429 76314 10 12966
765 73579 81264 14 38931
766 73726 86755 136 897912
767 73834 75114 15 10632
768 73843 82520 18 26334
769 73853 78590 21 31966
770 74079 74237 17 1501
771 74167 75307 42 26617
772 74239 74632 131 20442
773 74284 76952 87 125523
774 74591 77390 32 24999
775 74615 76039 18 4349
776 74661 78829 64 42337
777 74795 75082 17 2404
778 74949 77460 123 262852
779 74976 78121 61 108297
780 75166 75510 133 7518
781 75177 76427 109 80117
782 75254 79752 67 102307
783 75553 76792 27 20198
784 75635 81725 120 146534
785 75640 76871 75 45532
786 75805 84717 125 318757
787 75826 77415 149 68460
788 76026 87000 24 153414
789 76094 80134 6 7864
790 76241 82304 110 187597
791 76626 76693 83 1413
792 76680 79906 87 57090
793 76826 77112 23 5953
794 76928 78649 67 30135
795 77088 81691 74 257046
796 77121 82650 14 27256
797 77151 77975 6 2146
798 77327 78531 44 64589
799 77474 81492 111 324206
800 77532 82359 97 355629
801 77620 82843 4 4297
802 77649 78758 54 24084
803 77795 78549 27 24842
804 77849 88498 21 109840
805 77957 78215 10 740
806 78366 81457 8 4815
807 78418 79331 6 3315
808 78543 80067 8 7260
809 78663 79000 23 1616
810 79076 79599 9 5692
811 79178 86616 7 10330
812 79311 87922 108 277554
813 79326 82017 26 29459
814 79622 81507 74 96270
815 79749 81177 13 6234
816 79934 82522 112 151659
817 80161 80771 54 42770
818 80233 82133 105 179909
819 80478 81427 71 54756
820 80540 84612 131 265344
821 80569 84926 135 383192
822 80614 83655 57 118542
823 80966 81171 140 11421
824 80997 83286 11 8897
825 81296 84198 15 17355
826 81301 88476 19 69705
827 81356 85356 23 41169
828 81437 81591 15 1364
829 81514 81933 54 12642
830 81593 82012 7 729
831 81706 84293 45 36345
832 81846 81853 133 889
833 81981 83676 35 10731
834 82002 85952 127 687332
835 82053 83805 23 31365
836 82118 86924 124 177713
837 82187 83674 63 20022
838 82396 83171 117 15071
839 82436 82579 111 7753
840 82442 82888 55 20373
841 82457 86178 77 80591
842 82701 87244 145 317481
843 82751 85479 8 3230
844 82753 83423 85 19214
845 82858 84326 48 27842
846 83064 84032 115 137089
847 83127 84105 12 22607
848 83319 89827 110 1562877
849 83356 85027 71 17913
850 83413 91738 139 836393
851 83458 85764 136 95811
852 83506 84625 12 4034
853 83516 87622 69 82711
854 83764 84879 7 4042
855 83794 87115 10 19190
856 83812 86567 49 98600
857 83867 84817 79 19642
858 83965 85056 112 37766
859 83983 85206 119 74485
860 83986 84028 46 415
861 84070 87653 53 31755
862 84205 84840 53 13467
863 84438 91018 107 204105
864 84484 86431 16 38717
865 84571 87193 29 11862
866 84652 92792 60 138092
867 84748 86563 12 15244
868 84858 88636 50 90372
869 84876 85562 16 13489
870 84931 88103 114 59418
871 85047 90948 40 186014
872 85142 92299 84 403341
873 85187 86837 45 37046
874 85232 86124 44 17002
875 85303 86545 6 6799
876 85308 89653 95 133623
877 85338 90929 4 12680
878 85488 86461 128 45782
879 85545 89485 14 31966
880 85587 88196 114 286391
881 85604 88533 80 136501
882 85682 89725 36 102842
883 85827 86576 6 3920
884 85882 90605 14 24406
885 85883 87438 33 12323
886 86085 87465 10 10511
887 86164 93177 36 124468
888 86643 93239 68 342315
889 86692 87315 142 87312
890 86706 95374 46 317051
891 86800 89685 120 437694
892 86806 90988 144 114817
893 86893 88962 76 165964
894 86937 87970 17 2268
895 86963 88143 26 13022
896 87146 88541 81 55276
897 87165 91380 69 212924
898 87280 91330 35 140926
899 87357 88329 12 5222
900 87644 87925 67 28841
901 87839 88919 28 27121
902 87891 88641 89 20670
903 87940 98065 50 323415
904 87972 91020 41 92787
905 88045 90183 11 36834
906 88104 92864 21 28134
907 88120 95186 51 113552
908 88129 90667 32 15401
909 88162 88990 38 11794
910 88206 90402 104 45167
911 88234 96941 75 43285
912 88256 90490 14 10924
913 88337 89409 63 25449
914 88734 88807 126 3153
915 89133 91190 84 42746
916 89146 91644 17 42926
917 89273 89723 9 2150
918 89408 98204 13 51747
919 89480 93537 14 14041
920 89517 93187 42 59864
921 89524 90536 75 34985
922 89525 90627 28 10047
923 89639 90192 14 3959
924 89859 91930 26 13004
925 89885 92311 147 152675
926 89992 91108 43 14774
927 90048 90152 5 437
928 90123 90134 39 751
929 90174 93204 27 29030
930 90420 91532 82 65002
931 90449 91124 76 45565
932 90908 97022 138 228318
933 90982 93514 8 23945
934 91060 95534 85 168521
935 91400 92825 74 53026
936 91450 96690 96 142020
937 91470 96731 79 112637
938 91477 96456 24 94302
939 91866 93111 150 145244
940 91895 94151 11 13528
941 91907 94155 57 54607
942 92025 92052 85 1775
943 92065 94425 48 17304
944 92115 92786 26 7030
945 92196 99227 80 384975
946 92218 93824 86 107144
947 92295 94326 63 75338
948 92460 94977 93 263175
949 92620 96130 125 267937
950 92630 96557 80 93763
951 92639 98346 137 548217
952 92674 96930 58 83396
953 92713 94725 146 99215
954 92830 98205 136 230642
955 93073 93604 43 41791
956 93146 96888 37 115351
957 93229 97600 37 77811
958 93300 96613 5 13213
959 93420 96605 95 229922
960 93527 96943 8 24296
961 93629 97921 23 14271
962 93751 94173 87 18384
963 93910 94548 30 23908
964 94016 96174 14 22774
965 94079 97166 112 323401
966 94103 97836 11 10455
967 94111 97470 139 248342
968 94126 94134 43 139
969 94300 99805 45 94009
970 94398 98307 129 219365
971 94616 96588 84 90622
972 94727 95680 5 3167
973 94805 97302 7 6353
974 94969 98324 41 35790
975 94995 96366 17 4531
976 95033 95259 80 9849
977 95273 96722 83 41887
978 95287 95350 110 4226
979 95309 97944 20 17194
980 95629 95857 37 5198
981 95859 97576 14 4331
982 96036 98170 19 32009
983 96086 98949 121 104575
984 96101 96219 72 5098
985 96180 96717 38 5161
986 96267 96945 12 2981
987 96353 97760 141 283722
988 96420 98536 9 6248
989 96940 97096 127 7415
990 96984 98453 147 114224
991 97098 98210 6 3992
992 97352 98727 43 16971
993 97390 99050 49 27577
994 97589 98448 13 3499
995 97889 98875 83 46960
996 98132 99733 100 67737
997 98364 99770 77 68946
998 98555 98883 13 1672
999 99276 99874 7 683
