50 1000 0.093
.......................#.........##.....#####.....
......#................##.......###......#.##.....
......##.........##.....#.......#.##...#...#......
.#.##.....####....##......###.....##.......#.##...
..####..........######..#.##.......#.......#.###..
..###..##......###.###..###.......#.........####..
.......##....##.####............#.#..........#....
....#####....#...##.............#.................
.....###.....#....#.............##.#..............
####...#..........................####............
.#.....#......###....###.....#....................
.#.....##......#......##..##.#....................
......####............#...##.#....#.............#.
.......###....#.............##...##.............#.
#.........#...##............#.#..##.#...........#.
#....##..##.#.#.....#.#.....##...##.#....##.#.....
#.....##..#.#.#.....####....##......####.##.##....
.##...####....#.....................#.#.##.#......
.#..#..#......#..#..................#.#######.....
....###.......#.###......................#.###....
...###........###..#......................##......
.......#.....#..##.#..#...............#....#####..
.......##....#.##.#..##..........#....##....##.#..
.......##.#..##...##..#.........###.###........##.
........#.#.......#####.............##............
###.#..####.......#####.##..##.....#.##...###.#...
...###....#......####.#.##..####.####....######.#.
..........#......###.#####...#....##.....#.##.###.
...............#######....#.##.#..#...##.#.....##.
...............##.####....##..##...............#..
...............##....###...####.......###.........
...###...........#.#.###...#..##....##.......#....
...#.#...........####.###......#...##........###..
.....##.........#####.....##....##..........####..
......#.###...............##....##................
......##.#.#............#.##....#.................
.......#..##......#............####...............
.##...##..........#.......#..............##.......
.......#..........#.##....#..............##.......
...............#....#........######.#.............
...............##..##.#.......###...............##
###................#..##...................###...#
.#.................#..##..............###.####....
......##.##.........#.###.###..........#...#......
.........###.....###....#.#.#..........#...#......
........###.#.....#...............................
.......#.#..#......#.....##.......................
......#####.....#######.####......................
.........#...........#............................
.......................###........##..............
0 9 14547 27 89645
1 15 3917 40 81698
2 106 1233 69 41379
3 347 12227 43 81189
4 540 1810 28 22439
5 710 1217 100 31321
6 720 16518 86 599005
7 866 3345 43 53893
8 1110 3604 78 53871
9 1115 11686 50 542973
10 1155 9092 80 96411
11 1172 3889 68 71507
12 1210 8297 139 186007
13 1343 8947 20 50346
14 1479 11701 7 40125
15 1548 2157 8 4084
16 1571 3946 19 22459
17 1613 5148 43 37611
18 1793 6596 24 199173
19 1995 2687 124 131196
20 2154 3395 39 26082
21 2158 2830 22 13402
22 2230 10228 29 46956
23 2280 5212 23 16041
24 2317 10522 59 452889
25 2382 12610 113 389945
26 2451 3451 123 70699
27 2707 5841 37 24006
28 2745 6494 10 27726
29 2753 4601 111 73634
30 2850 4086 7 2011
31 3041 5104 9 13534
32 3238 3843 45 19249
33 3250 9110 68 298399
34 3305 5553 22 32853
35 3370 3637 114 23408
36 3385 3592 35 12005
37 3430 4439 25 20059
38 3733 16766 32 417080
39 3877 4764 20 3496
40 3935 10331 51 127306
41 3967 5637 134 101636
42 4132 17782 13 169966
43 4255 8734 62 57768
44 4263 29454 11 86964
45 4372 24427 9 23450
46 4448 6576 45 29521
47 4485 10989 21 145134
48 4646 7666 12 22246
49 4661 16301 31 92175
50 4664 12338 104 231425
51 4783 5336 80 7419
52 4820 8398 46 67869
53 4950 6049 5 1281
54 4969 5449 43 6153
55 5026 10875 138 292389
56 5123 35530 138 2234846
57 5129 12201 23 42099
58 5179 8361 81 122228
59 5201 20254 149 587940
60 5238 5977 82 84638
61 5352 29160 19 100240
62 5375 7115 47 30978
63 5398 7537 80 62767
64 5402 18259 88 1271584
65 5438 6080 62 15099
66 5475 5848 6 1148
67 5511 9873 105 1328726
68 5640 17683 148 502844
69 5770 6607 76 38412
70 5849 15245 10 53968
71 5896 6727 42 33027
72 5909 6696 10 4787
73 5956 10294 87 200778
74 6018 6488 43 5549
75 6135 9435 30 27803
76 6292 18710 25 94196
77 6450 13881 39 126078
78 6581 17831 52 70485
79 6637 17547 6 30146
80 6644 9982 17 13124
81 6674 19453 74 490200
82 6961 18193 96 461568
83 7132 14519 18 37934
84 7294 8924 37 122599
85 7490 18102 143 469637
86 7546 29315 26 100647
87 7554 16989 59 407529
88 7622 21385 43 157094
89 7935 25355 33 544110
90 7998 35724 16 145666
91 8113 12192 147 261318
92 8219 8410 5 658
93 8276 38827 56 1113892
94 8427 18081 125 278759
95 8608 9557 119 73131
96 8858 25555 57 232552
97 9045 22717 124 402634
98 9175 13000 82 150282
99 9231 11789 58 78145
100 9262 20598 44 254726
101 9900 12751 48 86985
102 10055 10275 21 2208
103 10141 10617 20 5980
104 10239 13079 5 7133
105 10266 11666 75 73133
106 10282 25208 133 3136718
107 10325 15666 8 19988
108 10413 21829 10 46400
109 10683 14383 71 48098
110 10753 14036 4 3562
111 10810 11181 59 11191
112 10820 40806 119 1763413
113 10836 16519 144 363425
114 10854 14131 9 30349
115 10948 19215 133 520901
116 11103 24245 92 754219
117 11118 25863 131 463454
118 11152 15186 96 297376
119 11178 28936 34 541151
120 11368 13422 119 55055
121 11432 11872 12 1555
122 11437 12647 58 65697
123 11455 12082 129 29248
124 11561 13459 15 29194
125 11571 27223 34 108269
126 11586 11970 145 23785
127 11865 21293 144 580897
128 11882 12824 31 9654
129 11966 22349 60 258041
130 12064 29353 89 256794
131 12102 15504 58 32411
132 12157 14617 12 13793
133 12180 25459 34 149164
134 12226 23755 30 165247
135 12326 12532 21 700
136 12399 12836 48 8757
137 12499 42833 122 1046440
138 12681 23041 136 493267
139 12780 15036 46 15452
140 12842 15704 21 28057
141 12881 12935 27 683
142 12962 22021 39 234963
143 13083 23813 35 193710
144 13164 15697 65 68956
145 13225 16483 48 45701
146 13425 14279 34 14479
147 13465 15970 45 40636
148 13517 22595 18 71193
149 13556 20117 7 30825
150 13636 16467 9 28473
151 13660 16574 34 12755
152 13745 14608 14 1985
153 13785 17064 126 128195
154 13794 21869 41 66740
155 13887 22099 40 150984
156 13928 18751 18 20130
157 14000 29489 30 66272
158 14006 14335 14 2737
159 14080 24860 89 598942
160 14266 16902 109 291950
161 14268 31786 11 91216
162 14271 14513 7 452
163 14390 34420 16 73621
164 14393 42097 16 247187
165 14517 21802 78 203062
166 14914 41794 4 38500
167 14933 22472 37 259578
168 15081 21245 147 362760
169 15165 22890 92 231148
170 15289 16797 23 39306
171 15298 39853 32 144506
172 15491 19918 50 52456
173 15608 27038 27 94839
174 15739 19562 53 61749
175 15761 36403 26 232003
176 16110 18256 116 119643
177 16230 22009 23 11282
178 16400 37208 76 581872
179 16513 27565 114 183351
180 16587 39315 85 688428
181 16631 19504 33 32622
182 16750 41634 113 2344679
183 16938 23504 101 144279
184 16942 23150 25 37393
185 17099 17684 49 19640
186 17195 20313 66 29256
187 17467 23066 5 9923
188 17472 19745 45 14004
189 17699 19801 98 84239
190 17801 28994 97 244664
191 17808 26720 138 905762
192 17835 20501 86 151072
193 17907 31030 28 214311
194 17977 19509 20 27852
195 17993 19743 31 6068
196 18040 41761 105 1254548
197 18126 21690 12 20676
198 18136 29811 31 46226
199 18326 32714 119 1308908
200 18391 30543 19 180209
201 18437 27308 18 89792
202 18497 20757 75 121564
203 18993 19914 21 4108
204 19004 33398 52 225995
205 19066 20793 30 8724
206 19251 33543 14 92766
207 19270 30374 41 230043
208 19803 25877 19 32478
209 20195 25318 29 132108
210 20208 30876 28 146658
211 20527 52278 135 2128808
212 20853 21062 63 4131
213 21011 24838 68 162110
214 21045 21116 5 160
215 21111 29068 48 209787
216 21502 30908 13 37417
217 22035 35780 128 1388930
218 22046 29687 99 179433
219 22078 25273 19 36501
220 22109 22590 57 7087
221 22113 49760 7 14815
222 22221 25059 138 287016
223 22233 24022 72 71264
224 22412 23095 48 27235
225 22417 26467 71 680882
226 22423 22805 19 1041
227 22478 25772 36 57358
228 22555 27319 109 420530
229 22620 25820 6 45425
230 22680 34847 110 715109
231 22857 29678 16 22638
232 22866 26767 38 40145
233 23003 24420 108 33451
234 23139 28292 49 54431
235 23179 28410 6 19792
236 23188 45988 149 1145962
237 23460 34085 23 70263
238 23463 25188 6 4953
239 23533 28782 21 34437
240 23721 31221 5 13123
241 23904 44381 26 197723
242 23977 41093 16 78360
243 23979 29757 98 101968
244 24054 41500 22 84272
245 24111 32017 15 24691
246 24179 32314 110 476642
247 24227 28840 88 99579
248 24249 36969 48 119225
249 24321 40764 122 719506
250 24365 27060 14 28422
251 24426 27681 129 138909
252 24569 28446 36 45968
253 24692 25525 130 116715
254 24794 25868 23 27713
255 24882 29618 126 118915
256 24894 26974 111 46838
257 25087 34673 13 23687
258 25108 32402 60 336443
259 25236 30342 87 128366
260 25346 37485 147 185085
261 25387 31405 12 23289
262 25402 37025 44 489886
263 25475 25954 40 17072
264 25501 30162 34 53439
265 25523 28133 5 5777
266 25806 32378 22 102799
267 25825 29774 61 109330
268 25924 35188 11 57356
269 25926 27300 45 18516
270 26261 27832 36 14043
271 26280 39352 61 602182
272 26584 28051 19 12977
273 26585 31956 8 37896
274 26629 35893 7 34777
275 26732 28742 23 13937
276 26842 38856 148 334529
277 26962 38302 18 211013
278 26986 28699 28 19202
279 26994 51688 81 638306
280 27234 27447 18 3729
281 27237 33057 16 39165
282 27423 34225 16 53653
283 27616 33686 97 267821
284 27658 28089 23 5261
285 27926 36270 38 282919
286 27958 29515 83 151438
287 28058 30542 40 20978
288 28308 45302 58 337967
289 28366 29322 12 5839
290 28381 29867 26 28091
291 28422 36881 122 437786
292 28463 38823 26 174719
293 28512 53007 88 260768
294 28566 30969 71 64002
295 28694 44622 35 352291
296 28765 36430 147 690569
297 28844 39740 89 499296
298 28993 34841 26 145746
299 29163 31376 42 61296
300 29334 39364 25 161993
301 29342 30304 82 27839
302 29486 44362 49 695849
303 29540 29986 5 1084
304 29709 34611 19 27472
305 29773 34524 4 4674
306 29947 44284 5 28158
307 30067 36906 117 287512
308 30291 33047 145 115718
309 30320 34256 18 23143
310 30451 31006 46 15252
311 30470 37681 66 192609
312 30500 32398 14 19230
313 30563 49101 72 168020
314 30581 33629 60 118011
315 30601 43610 29 139828
316 30608 31775 116 122414
317 31089 37853 17 48299
318 31243 34496 22 42716
319 31381 44045 75 628191
320 31404 34696 67 134076
321 31441 33486 34 21357
322 31473 35801 37 304007
323 31582 34338 14 28985
324 31757 34822 136 272931
325 31903 38976 53 123836
326 31979 46994 43 168487
327 32291 33644 117 65855
328 32406 36268 12 8268
329 32447 47393 57 417599
330 32681 43368 50 207686
331 32705 60579 97 1456205
332 32791 51093 116 327715
333 33015 45353 25 53652
334 33329 55370 18 150734
335 33389 39343 27 110026
336 33574 42364 9 11771
337 33621 56572 104 1542903
338 33692 60689 78 289070
339 33712 37860 89 746825
340 33762 40696 21 39586
341 34100 45962 37 181859
342 34102 34751 56 28326
343 34233 57320 145 1631289
344 34316 38362 122 245466
345 34327 39310 24 52287
346 34481 36894 5 2572
347 34614 44516 23 86446
348 34647 40864 149 716563
349 34678 36899 5 5301
350 34685 35715 7 3346
351 34707 42849 147 530548
352 34727 37272 32 34367
353 34929 43393 108 473222
354 34946 50968 32 549803
355 35017 36113 21 8822
356 35137 36764 6 9060
357 35371 42540 133 415798
358 35454 37127 140 125896
359 35463 42931 60 353309
360 35653 38449 59 113079
361 35852 39555 59 195273
362 35907 45873 52 171331
363 35954 36937 57 19788
364 35963 43056 17 55496
365 36014 39173 146 376596
366 36204 44878 48 319653
367 36269 39577 56 49104
368 36462 41953 92 88496
369 36475 48790 134 267014
370 36564 48468 18 97345
371 36576 36823 10 2089
372 36615 43645 6 9103
373 36793 39903 64 102836
374 36822 42791 9 24566
375 37038 38363 10 10116
376 37061 38419 41 30268
377 37117 42937 24 42961
378 37245 40346 131 122264
379 37382 40112 119 118274
380 37446 38397 100 33462
381 37549 62064 118 772182
382 37629 43087 62 111920
383 37795 42692 96 285253
384 37797 39654 63 41620
385 37825 47083 40 141438
386 37833 44788 58 162347
387 37904 40110 113 104963
388 37951 43469 22 76678
389 38023 41961 41 77902
390 38634 56674 64 515818
391 38766 40362 131 185079
392 38797 43021 30 54466
393 38918 70013 73 758254
394 39009 39384 148 44821
395 39079 45210 50 109918
396 39080 40138 52 17440
397 39248 43023 104 342987
398 39275 41729 25 41004
399 39298 46164 60 128965
400 39311 45950 71 426325
401 39359 41200 14 6388
402 39560 55570 51 540095
403 39631 40929 114 73220
404 39667 40714 63 61533
405 39752 41990 79 84029
406 39801 70338 128 2735540
407 39840 58070 13 264373
408 39874 65221 101 916678
409 39886 43192 77 126896
410 39906 44055 123 279706
411 39970 45207 52 113454
412 40018 46404 24 22444
413 40038 42658 50 40043
414 40042 45131 131 218921
415 40072 43154 83 212180
416 40108 42556 27 58290
417 40209 50634 6 27193
418 40257 41757 42 67152
419 40314 52263 120 382533
420 40364 50211 136 431455
421 40442 64416 45 874274
422 40612 45074 71 137050
423 40684 42056 14 11311
424 40859 51232 77 379133
425 40967 41149 27 479
426 41019 45325 28 140989
427 41024 55999 34 246521
428 41198 46589 27 59932
429 41352 93582 9 75421
430 41399 71718 82 1168392
431 41407 42951 102 77749
432 41480 52739 36 558836
433 41662 55588 135 628401
434 41681 61440 113 2846233
435 41838 41847 20 183
436 41903 42969 88 36127
437 42022 43700 110 32385
438 42120 43597 107 119190
439 42166 56141 84 690021
440 42308 57473 108 593032
441 42309 45693 102 392202
442 42355 44640 50 49115
443 42368 48750 122 234375
444 42449 42551 17 730
445 42541 43366 40 9497
446 42599 58607 25 239523
447 42642 46579 120 143196
448 42702 46192 8 8467
449 42752 48509 41 128370
450 42792 44550 12 7014
451 42874 43529 11 2261
452 42962 50287 51 275885
453 43211 52910 12 58284
454 43512 53885 145 454445
455 43558 49683 41 89422
456 43590 53155 55 354618
457 43665 48826 75 289419
458 43688 59540 6 98235
459 43704 83102 9 243252
460 43711 55002 24 183112
461 43716 50401 150 815873
462 43806 50139 15 83710
463 43846 52688 131 1039611
464 43869 51834 14 55311
465 43897 48364 108 69247
466 43940 56431 10 29213
467 44026 44532 52 18363
468 44433 81193 74 920206
469 44591 46541 23 26157
470 44634 48723 112 187688
471 44656 46811 43 33402
472 44727 49757 123 124608
473 44791 49097 7 37129
474 44880 49976 53 56692
475 44993 56036 107 226490
476 45091 55804 27 81785
477 45114 51780 27 68175
478 45177 62491 81 485280
479 45183 48411 14 40238
480 45316 49069 67 85285
481 45328 46577 112 107404
482 45366 65686 6 73946
483 45371 48067 10 7657
484 45405 46949 29 24442
485 45446 51457 27 72320
486 45502 45965 141 14464
487 45677 45859 14 2602
488 45689 59221 126 436082
489 45752 47238 136 113484
490 45766 51634 26 45709
491 46041 52465 74 115047
492 46102 47607 20 18752
493 46209 48357 16 31764
494 46246 54397 23 79874
495 46316 63090 83 186552
496 46317 46757 36 14471
497 46693 48569 57 32398
498 46707 77293 35 531334
499 46747 53867 36 24987
500 46882 47052 23 2422
501 46892 53028 91 165995
502 46932 49440 106 103050
503 46941 47815 65 29043
504 47155 61505 80 589203
505 47163 57385 107 638042
506 47441 53238 51 182761
507 47473 48822 86 183964
508 47476 48637 70 18842
509 47548 52968 18 69989
510 47761 48775 20 13794
511 47990 50136 13 8868
512 48213 54913 75 144758
513 48303 57456 59 125853
514 48508 56942 56 195143
515 48607 51516 91 205229
516 48707 52635 11 45658
517 48722 49595 10 2166
518 48769 52561 139 334641
519 48996 54425 6 19517
520 49200 50030 39 19569
521 49211 49399 15 4616
522 49251 50271 11 1479
523 49365 75195 50 368733
524 49425 67275 120 827732
525 49502 53827 142 285719
526 49675 51318 11 9864
527 49713 57111 11 52585
528 49761 64252 5 41271
529 49981 50913 20 4251
530 49993 51850 75 30877
531 50107 58470 52 265073
532 50127 57404 120 1102688
533 50172 55966 69 101360
534 50264 52728 8 5494
535 50299 51623 5 5474
536 50304 54177 68 118562
537 50306 58459 115 281344
538 50310 65739 64 275750
539 50553 57574 15 35531
540 50595 56012 18 70622
541 50618 62627 34 186793
542 50695 65496 100 301343
543 50729 64506 99 704629
544 50744 56896 102 378690
545 50785 57077 113 126778
546 50862 59451 122 886579
547 50970 53276 132 138371
548 51064 53618 42 57637
549 51101 70892 135 1035321
550 51131 63382 81 221155
551 51205 52748 82 90230
552 51255 54924 23 37861
553 51356 60168 36 138488
554 51413 52240 59 17164
555 51580 52434 6 3242
556 51755 53724 61 27829
557 51856 54356 36 39660
558 51934 54072 106 112032
559 51943 55986 37 88229
560 52002 60578 105 151711
561 52214 57251 5 9739
562 52360 53999 48 38490
563 52536 60838 14 31165
564 52548 57149 23 72994
565 52572 62157 52 271689
566 52696 53074 26 8367
567 52919 75058 4 33525
568 53220 54062 38 16740
569 53234 56234 6 10282
570 53333 61171 22 101727
571 53717 56113 118 232877
572 53754 54371 33 9153
573 53824 58507 26 42428
574 53892 58448 9 23577
575 53967 64719 27 171965
576 54016 59364 69 200257
577 54186 69852 63 263870
578 54311 54564 96 43492
579 54362 63175 7 18677
580 54455 69832 42 140633
581 54602 63602 5 11776
582 54827 59100 44 186717
583 54845 56662 150 131369
584 55014 55038 56 586
585 55023 66117 64 266544
586 55102 55549 6 1516
587 55117 56601 114 73586
588 55227 55363 7 768
589 55288 67192 19 79810
590 55298 55881 16 3792
591 55332 62522 90 363829
592 55344 62264 102 243895
593 55421 60769 89 152098
594 55441 59993 69 61024
595 55473 57872 24 25317
596 55619 64524 112 725015
597 55723 57090 121 154977
598 55755 67433 108 284129
599 55788 58375 10 6270
600 55905 66687 38 273863
601 55948 58821 4 8085
602 56050 74571 20 106507
603 56066 56198 17 906
604 56100 64931 76 272344
605 56132 59216 13 23470
606 56156 62940 26 168999
607 56278 63391 9 52016
608 56381 58787 68 56795
609 56534 56854 33 7572
610 56642 58910 59 56834
611 56677 60696 125 376415
612 56795 58011 63 40276
613 56830 62175 5 7129
614 56835 60064 68 83465
615 56880 62179 17 25061
616 56954 78615 13 55703
617 57043 66815 77 242924
618 57080 57593 30 8319
619 57279 65660 76 261688
620 57550 72792 51 737481
621 57658 61008 133 669748
622 57669 63491 24 196071
623 57859 65153 43 121291
624 58179 58543 44 8238
625 58261 65115 11 44525
626 58272 59435 145 83451
627 58283 69997 57 212570
628 58292 58492 126 35901
629 58509 65228 18 76615
630 58530 61899 46 118177
631 58655 65437 72 148291
632 58668 65386 126 416755
633 58671 60675 52 54882
634 58697 58713 14 114
635 59057 64850 97 188098
636 59184 59708 114 20774
637 59209 61856 70 124865
638 59339 59551 66 4820
639 59594 70903 36 164087
640 59693 76512 119 975491
641 59746 67563 86 771146
642 59765 60540 120 37685
643 59779 62680 52 74819
644 59782 65890 29 223524
645 60005 60196 83 15901
646 60274 80906 16 67815
647 60287 90814 26 274104
648 60364 86227 60 384223
649 60412 71218 138 593998
650 60466 63567 94 175366
651 60513 62303 116 175709
652 60531 65844 7 17101
653 60553 66188 11 19728
654 60681 81146 26 193055
655 60738 66623 93 204413
656 60774 69697 76 254881
657 60833 73407 48 281997
658 60988 70081 37 149705
659 61099 61376 41 25882
660 61115 64870 140 543154
661 61121 64635 16 28398
662 61216 64196 137 142852
663 61275 64574 116 169383
664 61318 62307 73 48995
665 61362 63226 101 42661
666 61512 74158 120 507283
667 61701 62577 56 113735
668 61733 66429 7 15989
669 61821 63124 53 48417
670 61891 75830 144 869268
671 61914 67643 8 23704
672 61943 63103 8 6399
673 61951 63517 111 52274
674 62030 66470 15 13103
675 62370 66054 129 237976
676 62371 63640 5 3278
677 62386 72353 33 102796
678 62556 73982 106 518943
679 62615 62911 113 11902
680 62722 63095 11 1336
681 62750 67923 40 69312
682 62788 69806 27 40032
683 62809 69695 8 19012
684 62862 64396 71 91515
685 62916 63047 7 1176
686 62963 66548 32 19331
687 63362 86167 62 626352
688 63456 69396 128 364952
689 63549 69564 35 74465
690 63636 66601 12 10385
691 63641 63882 40 4783
692 63764 69506 33 113831
693 63828 70804 37 94252
694 63941 71531 42 31700
695 63986 65850 70 63907
696 64004 77103 24 45413
697 64013 67778 62 78728
698 64037 64694 12 3872
699 64074 81339 69 513048
700 64221 84071 44 234040
701 64259 75946 29 80326
702 64274 72365 141 636118
703 64290 78168 106 480518
704 64327 68290 22 37743
705 64362 76417 41 276390
706 64435 75398 114 758181
707 64466 65410 63 12269
708 64513 71555 67 158598
709 64515 68667 61 36838
710 64722 66895 6 5226
711 64759 65870 62 40730
712 64763 66134 44 19051
713 64777 67004 60 129673
714 64954 81119 121 666130
715 65043 67529 89 176294
716 65111 79757 39 624233
717 65275 69438 74 31665
718 65335 71339 109 252189
719 65452 69161 72 191684
720 65462 69288 52 109939
721 65555 67588 73 139922
722 65582 76831 30 104842
723 65655 67242 73 165882
724 66252 66946 85 34994
725 66288 69780 8 18571
726 66454 70874 52 182896
727 66532 72577 113 390439
728 66643 67180 61 43635
729 66735 75578 101 419336
730 66922 67812 43 18786
731 67019 71897 46 88442
732 67320 71647 22 39407
733 67453 71560 106 129015
734 67624 84353 147 1698421
735 67633 68553 25 6583
736 67980 71846 5 9708
737 68151 71488 97 165147
738 68153 71500 13 21977
739 68259 71035 115 218024
740 68322 73455 20 32191
741 68468 72220 122 80918
742 68511 72677 75 86405
743 68592 72440 75 142577
744 68773 88368 11 56814
745 69007 94883 7 49732
746 69153 78225 79 329199
747 69283 69698 41 12144
748 69300 78529 9 59606
749 69572 81773 23 67579
750 69599 70576 19 5312
751 69656 72899 28 57603
752 69708 70214 129 18328
753 69716 81169 31 100534
754 69735 79628 74 275957
755 69736 89371 51 263025
756 69931 74202 10 8207
757 70009 78898 94 303194
758 70031 74969 84 53213
759 70053 71570 51 57908
760 70112 73002 11 20771
761 70180 72030 127 290945
762 70352 71111 96 9978
763 70362 72728 95 135618
764 70466 75247 81 334863
765 70589 76868 74 454003
766 70590 72252 119 75492
767 70622 71863 10 6932
768 70772 75087 20 22295
769 70796 75316 145 194960
770 70818 75535 46 126106
771 70835 78192 14 34128
772 71014 74881 148 139448
773 71147 78349 14 52432
774 71305 77014 129 185066
775 71615 74255 4 5314
776 71631 73014 75 107948
777 71685 88897 12 68989
778 71694 79149 7 14592
779 71788 75161 45 67739
780 71822 72457 49 6656
781 72007 77862 112 136264
782 72057 76028 79 109500
783 72119 74284 127 77511
784 72170 80387 21 26360
785 72257 73893 103 42788
786 72297 73194 5 3378
787 72530 76837 84 426002
788 72569 79607 23 68482
789 72589 73897 100 97035
790 72593 75276 62 79407
791 72738 89326 84 1071966
792 72786 89342 42 319824
793 72787 74242 46 44046
794 72791 72975 67 10941
795 72940 77777 21 196599
796 72979 86590 70 412742
797 73007 80826 137 287509
798 73096 76685 64 25705
799 73198 77044 31 46179
800 73254 74772 54 76296
801 73271 75835 52 45075
802 73282 86485 49 390494
803 73283 79278 7 17988
804 73361 78822 5 5292
805 73482 87307 74 928952
806 73644 77989 110 211530
807 73762 82667 7 21956
808 73853 75396 69 67615
809 73868 74818 19 8100
810 74038 90250 11 91905
811 74135 74282 5 239
812 74149 74433 38 5446
813 74331 76563 143 62048
814 74500 82012 85 132923
815 74512 80701 142 240852
816 74620 81126 105 510888
817 74664 83848 17 38479
818 74668 77910 138 179000
819 74725 80947 73 112006
820 74809 78470 121 454452
821 74824 80753 18 30644
822 75028 77847 4 4350
823 75033 91407 56 600609
824 75065 78693 42 25807
825 75081 81271 35 51823
826 75248 75352 16 803
827 75345 77175 41 22547
828 75463 77582 130 86223
829 75503 79042 144 791549
830 75711 83636 9 32374
831 75923 82541 88 113263
832 75945 97804 5 21850
833 76083 79830 33 35454
834 76163 88156 19 52544
835 76199 84766 96 200913
836 76278 87382 145 603940
837 76502 77603 46 27107
838 76507 79423 6 4068
839 76683 78752 53 104797
840 77031 82934 70 157870
841 77043 89930 10 44193
842 77290 83337 11 24445
843 77374 86647 39 205359
844 77380 88003 141 362257
845 77559 79857 133 334811
846 77561 81100 87 103034
847 77646 80130 33 20610
848 77738 84904 96 468569
849 77878 78104 11 685
850 77956 82740 5 18945
851 77969 86056 81 224413
852 78125 86670 106 529774
853 78127 82816 32 55786
854 78245 78396 7 376
855 78313 83083 112 137049
856 78459 85156 85 429626
857 78554 98088 127 1415066
858 78833 82388 86 203743
859 78999 83721 73 209761
860 79035 83536 4 7321
861 79060 86565 18 29016
862 79257 86513 12 5888
863 79275 82734 116 305963
864 79305 97406 25 227100
865 79322 82030 14 20869
866 79334 85460 49 221884
867 79373 79608 35 4291
868 79533 87580 107 303915
869 79554 80925 74 93540
870 79572 92343 60 206684
871 79641 90184 5 14902
872 79873 80625 6 4420
873 80144 91072 57 73261
874 80172 84719 104 349872
875 80522 95076 42 228703
876 80543 88706 7 81515
877 80586 88093 11 36494
878 80631 81790 68 56004
879 80688 81960 95 232040
880 80963 94061 70 519476
881 81218 96676 8 258696
882 81433 89471 9 88582
883 81624 81937 94 9196
884 81677 85744 90 264495
885 81727 83388 103 76103
886 81731 82821 28 12602
887 82152 90541 5 21935
888 82265 99672 15 75473
889 82270 82517 80 26259
890 82330 82662 20 3452
891 82450 87022 22 22958
892 82513 84595 11 5878
893 82788 99225 96 1188926
894 82865 82899 86 1183
895 83254 84710 37 22310
896 83507 89993 23 52623
897 83563 84841 112 50401
898 83567 87215 28 53467
899 83590 85418 21 8184
900 83611 87237 6 12090
901 83683 95585 92 327088
902 83686 86080 49 31014
903 83832 85105 22 11276
904 83933 89645 47 177568
905 84070 85356 12 8184
906 84236 85686 12 15876
907 84269 85515 24 14632
908 84293 91888 10 31078
909 84470 84785 132 10050
910 84670 88157 17 25022
911 84684 89163 42 63476
912 84745 86113 137 72528
913 84838 84856 67 613
914 84910 87400 143 191026
915 84923 87683 9 16972
916 84953 91334 30 79506
917 84970 85897 64 41528
918 85149 93167 141 590000
919 85187 98466 17 131388
920 85260 93073 53 88421
921 85395 91356 5 8226
922 85488 85933 123 40199
923 85512 86043 53 17141
924 85557 92006 117 222635
925 85964 92689 129 186804
926 86037 89686 26 53370
927 86062 88539 47 20057
928 86238 93447 51 202184
929 86263 87976 6 4164
930 86558 87662 126 71579
931 86699 93586 27 314403
932 86856 89721 8 5892
933 86865 90822 4 2422
934 86959 92577 42 137378
935 87027 91015 74 146906
936 87041 89247 44 51805
937 87261 92786 34 102737
938 87536 93847 43 88225
939 87598 93053 89 159017
940 87740 89056 61 60331
941 87763 88230 43 14945
942 87874 92639 117 169108
943 87940 97102 146 735869
944 87944 93025 27 289728
945 87997 91223 56 106421
946 88020 94847 99 152864
947 88073 89622 112 150064
948 88131 89110 8 4586
949 88282 96398 48 146042
950 88283 91697 123 207974
951 88543 89999 138 112204
952 88690 93184 59 222090
953 88718 99903 6 25189
954 88910 92141 92 88132
955 89383 89973 27 13966
956 89846 92980 85 137964
957 89954 89957 17 48
958 90228 91010 101 54588
959 90498 95883 7 10341
960 90888 94459 44 100911
961 90891 99837 70 292524
962 91031 91174 112 14013
963 91032 94652 135 290573
964 91258 95633 77 247335
965 91388 97661 16 61935
966 91519 91656 93 9875
967 91586 99382 30 77577
968 91587 96057 18 13001
969 91617 98325 92 631754
970 91890 94870 128 144778
971 91991 94286 27 23144
972 92103 92436 75 10629
973 92389 97727 143 361549
974 92533 96523 31 83890
975 92941 98697 40 58316
976 93024 99583 16 72515
977 93499 96463 111 97126
978 93572 98712 8 46336
979 93630 94889 17 3377
980 93704 94522 92 29097
981 93750 94324 23 18235
982 93788 94364 61 18659
983 93873 97726 139 215635
984 94015 96268 45 29629
985 94288 98295 76 99498
986 94337 96769 67 69796
987 95305 97701 71 38313
988 95392 97387 149 171162
989 95448 96132 74 12406
990 95681 97431 106 28091
991 96063 97429 11 6744
992 96936 97561 54 19496
993 97469 97607 41 6606
994 97482 98082 29 8496
995 97554 99792 12 21138
996 98162 98593 64 12039
997 98747 99481 79 60428
998 98926 99533 12 2404
999 99166 99876 142 63191
