50 1000 0.020
..................................................
...###..........##............................#...
...##........####...........#.....................
.#.##.....#..#..##.....#....##...........##.##....
###.......#......##.......................#.......
.#................##.................#............
..................#..................##...........
.#....................................#...........
.#...............#................................
.#...#..#........#................................
.#...#..#....................####..#..............
.##.........##.....##...#........####......#..#...
.#.........##................###...##.....###.#...
......#......................#................#...
.....##.......#...........##......#.......#.......
.............##..........##.......#.......##.#....
.............................#....#.........###...
................................#.#...............
................................##.#.........##...
....###..............##.####...##..#..............
..##..#.#......#.#......###.....#....#............
...#....##....####.#...###.#.###......#..#........
........##.......#.#....#..##..##.......##..#.....
.......#.#.....#..........##.##.#..........###....
.......##..................#.#....................
......#.#.........................................
.......#...##.............................#.......
............#........##..........#........##.....#
...#...........##......................#...#.....#
..##..##.....................##......###..........
..#####..............#.......#.........##.........
.....................#.......#........##..........
........#.......................#.##..............
........#......................##.#...............
......##.......................#..#...#...##...###
..........##...................#...#..##....###.#.
..........#............#...............##...###.##
####...................##.........#.#......#......
##.#.....##............###.....##.###.....####.##.
....####..............#.##..##.###..........##.##.
....#...#.............#.#....##..#..........#.....
......####........................#...............
................##.................#.#............
.................#.................######.........
..............##.............##.......#...........
......................................##......#.#.
.#........##...###...................#........####
...........##...............##......###.......#...
....###.....#........##.....#......###............
.................##.................#.............
0 237 22030 97 921854
1 291 1085 70 39817
2 451 10288 147 499692
3 563 9552 88 508333
4 570 4017 36 30496
5 685 1460 25 15117
6 710 1768 35 22653
7 1545 4828 133 256061
8 1550 3780 57 27198
9 1559 5198 8 5838
10 1615 3646 82 64756
11 1692 6901 9 14690
12 1738 9181 134 294223
13 1742 8385 8 13616
14 1800 3601 138 272197
15 2057 3322 5 2651
16 2069 7785 7 37828
17 2119 31650 37 291010
18 2146 8876 46 113026
19 2603 10744 100 320225
20 2641 15048 7 15134
21 2725 16103 129 303940
22 2819 21043 19 163120
23 2857 34067 12 86016
24 2904 5101 91 133403
25 2981 10987 53 267420
26 3017 13112 54 336998
27 3066 6658 86 186469
28 3348 13391 117 359217
29 3421 6644 103 162307
30 3513 7135 13 20969
31 3615 23826 22 266202
32 3663 7303 14 65548
33 3718 11538 85 145549
34 3734 21493 45 778018
35 3735 5603 50 79421
36 3774 14890 17 149246
37 3823 32779 144 1403534
38 3912 43209 24 482284
39 3979 10128 135 495505
40 4085 12794 21 83109
41 4098 20874 129 316535
42 4110 23698 6 48788
43 4168 12785 8 33637
44 4438 6535 36 49845
45 4487 9365 119 158008
46 4500 6400 39 29721
47 4599 5211 137 48146
48 4668 9944 72 87575
49 4686 5274 13 1575
50 4777 8608 9 9565
51 4837 7072 61 135869
52 4838 14141 22 63485
53 4872 20824 111 680929
54 4875 19674 93 1167966
55 4992 11306 28 65392
56 5036 17022 46 489952
57 5137 9652 36 16994
58 5147 5908 108 14521
59 5323 16627 4 16870
60 5346 7058 27 18523
61 5613 57412 19 594998
62 5650 14219 4 20029
63 5666 18653 57 69422
64 5728 18555 57 239444
65 5914 20658 149 1601698
66 6021 6750 63 27747
67 6038 10573 75 241808
68 6306 30227 90 376139
69 6321 27891 53 427402
70 6615 9154 8 7154
71 6635 6961 100 24372
72 6637 9706 23 18462
73 6731 18771 11 61446
74 6781 12511 127 230194
75 6810 8373 20 10923
76 6811 9513 83 84522
77 6859 8585 47 65532
78 6930 20119 32 98993
79 7136 7895 54 14867
80 7224 10449 99 242051
81 7357 23643 141 777490
82 7390 16283 109 375143
83 7396 11816 84 87174
84 7454 10952 44 47266
85 7582 8925 65 34326
86 7932 10925 57 49489
87 8182 17238 71 270695
88 8189 18254 83 190853
89 8281 9134 50 28389
90 8472 11347 43 48087
91 8773 9123 50 8353
92 8936 26621 31 104826
93 9020 12814 34 55200
94 9104 9180 6 190
95 9155 13531 146 167713
96 9215 15941 50 119039
97 9391 25791 18 151326
98 9482 31941 32 177095
99 9491 32665 9 55604
100 9497 11826 27 48524
101 9545 14533 37 111587
102 9635 10781 31 16072
103 9650 16043 93 148121
104 9846 14017 7 11204
105 9967 15624 104 325689
106 10088 19526 51 172062
107 10163 11376 93 41784
108 10173 17500 23 108407
109 10203 15896 50 249037
110 10338 16631 20 48461
111 10415 14634 99 221473
112 10469 14442 31 147071
113 10745 13035 13 14078
114 10768 43728 19 435550
115 10812 31862 6 51909
116 10813 11190 96 16526
117 10838 15088 45 33242
118 10855 47622 100 2061509
119 10878 19889 136 1039800
120 10901 18327 71 362418
121 10949 22642 52 309732
122 11029 30712 28 133966
123 11111 14648 81 120547
124 11146 13764 23 16920
125 11191 11630 136 32685
126 11203 20969 19 55696
127 11346 11927 44 8530
128 11435 19208 99 180302
129 11626 56121 50 666263
130 12011 15530 61 55290
131 12110 51137 25 230568
132 12341 12463 111 3856
133 12399 16089 85 178132
134 12467 15747 27 16362
135 12623 20343 39 246525
136 12742 13865 12 4673
137 12786 13779 115 44665
138 12863 17694 99 53132
139 12945 17915 7 9393
140 12985 17017 112 142297
141 13045 20459 82 277481
142 13334 19968 144 815156
143 13354 18106 123 187135
144 13440 25106 36 96341
145 13510 14876 8 8811
146 13532 17926 30 30243
147 13545 50527 122 1942914
148 13907 19566 37 66389
149 13980 25425 85 486965
150 14148 40322 45 442398
151 14195 15920 89 107205
152 14238 16198 119 102455
153 14262 20629 6 71449
154 14336 15382 10 12188
155 14575 15979 85 47311
156 14794 16071 82 47541
157 14846 15533 10 3170
158 14864 16776 7 12244
159 14935 35851 85 1406142
160 14936 14965 6 56
161 15191 15886 123 46476
162 15261 28578 7 86641
163 15327 21268 101 165052
164 15331 19785 100 200994
165 15434 30307 18 70213
166 15649 31899 33 167984
167 15978 19245 7 23073
168 16085 22082 59 199337
169 16159 22664 106 211086
170 16179 36740 61 552528
171 16254 19251 137 176036
172 16414 20051 45 22435
173 16424 28071 147 565205
174 16493 40751 116 181886
175 17229 22978 125 105281
176 17276 40140 101 938419
177 17289 34241 51 357710
178 17292 23139 34 57519
179 17425 19988 4 5939
180 17648 27162 63 156608
181 17663 20448 36 86405
182 17907 22509 100 156611
183 18090 29670 86 690135
184 18136 19624 83 38915
185 18228 18969 94 29544
186 18274 19226 18 4744
187 18359 22109 138 111887
188 18388 19547 13 2872
189 18429 18782 75 7967
190 18471 21800 12 27806
191 18484 24582 33 59468
192 18494 24272 61 118994
193 18527 39818 53 836128
194 18723 27496 16 17967
195 18738 21676 24 12898
196 18786 23327 6 8473
197 18808 20266 71 41717
198 18897 29832 59 219754
199 18948 36551 69 802614
200 18981 21398 103 83378
201 18988 36676 11 174462
202 19006 26595 18 38460
203 19084 21990 74 43834
204 19111 21061 146 115134
205 19198 43759 24 207706
206 19404 20989 86 66216
207 19609 28175 96 328377
208 19622 23865 106 168323
209 19681 19788 44 3583
210 19863 26371 146 586404
211 19896 23289 4 8699
212 19898 21500 58 62636
213 19919 21665 12 25622
214 20090 34198 11 100593
215 20269 22351 69 77296
216 20276 20602 109 20698
217 20310 27262 28 135410
218 20351 20737 13 3642
219 20383 20430 119 4230
220 20456 21195 123 230266
221 20505 36032 118 888462
222 20682 22081 123 98564
223 20781 24580 29 28317
224 20882 21690 13 4641
225 20892 35422 7 42936
226 21070 32542 146 178989
227 21307 30039 49 178268
228 21452 28383 79 212218
229 21542 25627 70 173117
230 21553 32461 4 30283
231 21593 21868 6 821
232 21856 26552 149 627404
233 22197 25614 47 106086
234 22467 23744 43 42930
235 22540 35577 44 184420
236 22552 24474 40 88955
237 22682 22940 8 1080
238 22832 48580 133 1034430
239 22876 32033 5 24678
240 22942 37820 64 573462
241 22985 36150 141 542255
242 23018 24434 25 29474
243 23106 34532 111 305262
244 23148 40528 67 877819
245 23301 28404 20 82239
246 23425 23549 115 23127
247 23568 70143 83 2480200
248 23759 28103 144 135271
249 23821 43753 7 30211
250 23953 43850 44 245437
251 24031 48803 127 2163426
252 24174 31652 6 19199
253 24313 31393 105 278469
254 24350 32169 9 34744
255 24441 32407 61 48945
256 24445 27250 86 66647
257 24493 30115 26 49585
258 24918 32510 93 582499
259 25044 29448 115 85161
260 25344 26133 34 24104
261 25361 49364 5 48341
262 25384 33916 88 413971
263 25454 27037 57 61905
264 25456 30919 108 400930
265 25538 32064 10 18470
266 25617 33596 19 55917
267 25731 28984 57 110099
268 25804 32708 6 26999
269 25913 38573 6 12436
270 25983 51785 24 266419
271 25985 30575 92 82291
272 26109 34502 28 57393
273 26242 38860 134 724556
274 26312 28721 45 44661
275 26344 54834 50 354916
276 26415 42014 77 405684
277 26435 27368 58 73554
278 26475 39650 122 684079
279 26521 28020 9 4104
280 26666 27047 79 12909
281 26774 30029 114 288816
282 26879 29734 10 10412
283 27089 29938 51 64945
284 27190 31143 114 260682
285 27300 34411 38 247215
286 27456 36428 76 727436
287 27556 30783 5 4475
288 27708 30360 127 56383
289 27867 46200 43 818898
290 27877 28444 36 15943
291 27933 35280 56 117401
292 27983 31617 19 43900
293 28001 61321 94 1267549
294 28023 36437 31 167085
295 28056 36323 56 172533
296 28245 31036 85 36708
297 28326 31599 69 178490
298 28449 30620 16 11979
299 28506 36413 83 123849
300 28714 32258 51 190728
301 28758 50279 86 1555836
302 28888 50376 55 585128
303 29060 32996 117 202139
304 29089 32560 37 49927
305 29153 77593 63 1149304
306 29235 34393 52 111512
307 29281 29496 45 3439
308 29290 30300 52 62350
309 29530 31738 9 9357
310 29684 35190 78 319639
311 29764 34630 33 34442
312 30023 46283 111 585295
313 30148 39144 31 114225
314 30261 33716 100 468474
315 30269 31885 22 12229
316 30317 37283 21 48466
317 30724 40328 51 121689
318 30884 37615 24 29789
319 30889 32376 112 123923
320 31181 38034 144 229021
321 31412 36062 53 167197
322 31664 47628 10 131775
323 31680 57296 137 1435990
324 31759 33098 148 107545
325 31771 34122 118 163422
326 32157 36605 10 23637
327 32357 55876 89 746030
328 32474 35550 54 177430
329 32492 32655 20 1913
330 32611 39469 25 96189
331 32804 44625 73 509438
332 32875 33473 51 48302
333 32939 36838 142 330600
334 32951 38311 7 11731
335 32960 38969 10 18505
336 33005 34316 17 7533
337 33072 51543 50 145721
338 33082 41954 8 61661
339 33115 37124 60 90757
340 33313 41704 134 920244
341 33551 34569 93 25315
342 33576 35361 121 81027
343 33614 39719 8 12565
344 33795 36870 26 49348
345 33863 36608 144 301264
346 33885 40682 16 77658
347 34301 37947 68 408565
348 34363 47196 106 747518
349 34413 42359 130 816544
350 34491 36426 48 29224
351 34564 43901 118 563556
352 34618 35328 12 5807
353 34643 37520 12 11174
354 34651 42732 14 69156
355 34675 54583 25 142437
356 34931 38356 137 145558
357 34949 47236 16 91371
358 34978 44610 139 207100
359 34990 65818 50 364570
360 35043 46130 45 212531
361 35090 36928 86 21445
362 35106 36206 68 20204
363 35212 41994 17 53737
364 35283 37620 41 57590
365 35407 36762 73 96648
366 35544 51244 9 78968
367 35558 37758 21 27880
368 35711 39340 104 42665
369 35806 35981 19 2214
370 35856 39002 61 82583
371 35976 37700 34 41063
372 36104 44873 7 22230
373 36128 40197 28 51729
374 36234 39449 144 198484
375 36269 44263 6 74055
376 36287 41366 112 291540
377 36438 52012 36 400679
378 36458 47701 9 32419
379 36680 43497 104 280446
380 36681 42423 104 72623
381 36832 52014 99 712997
382 36913 38770 76 95947
383 36960 37337 142 33074
384 37105 42726 15 31562
385 37260 37289 28 370
386 37350 38237 36 18635
387 37366 43895 122 791619
388 37403 42295 33 70643
389 37490 40273 31 39343
390 37531 39168 8 1974
391 37684 41152 11 21419
392 37748 47939 141 464017
393 37857 38767 54 38267
394 37889 47275 5 18482
395 37891 48702 93 1032817
396 37961 42285 30 152466
397 38060 47094 20 74874
398 38088 53534 24 101157
399 38099 55480 80 292635
400 38193 42410 11 18055
401 38203 38929 113 42453
402 38247 42800 13 14781
403 38279 42503 19 12876
404 38466 45984 7 48162
405 38508 40964 144 108396
406 38558 44507 5 7931
407 38662 50975 48 479864
408 38670 41385 149 134261
409 38887 45399 11 25730
410 39133 53038 89 2003612
411 39222 39826 142 47409
412 39288 41077 79 115368
413 39307 53046 67 140254
414 39486 46195 24 49728
415 39540 40523 11 2474
416 39624 40880 27 18796
417 39628 83448 114 2711439
418 39666 40154 39 12630
419 39711 55963 32 335004
420 39773 50620 16 158356
421 39814 44961 50 70302
422 40010 41121 120 58670
423 40147 45438 82 156862
424 40296 49084 50 145567
425 40351 40399 57 393
426 40464 41866 75 54848
427 40486 46730 5 12352
428 40502 40562 125 4400
429 40531 49393 54 247634
430 40724 53973 136 424619
431 40973 42321 6 9464
432 41019 41849 129 60045
433 41071 47695 15 85168
434 41087 48844 40 67502
435 41090 56114 124 752044
436 41091 49297 67 189339
437 41147 44261 25 29968
438 41413 46471 58 64353
439 41465 59826 140 929019
440 41562 42772 26 19952
441 41608 42241 121 8477
442 41611 42121 139 23204
443 41644 43288 52 104562
444 41770 44838 116 90535
445 41815 45640 61 125848
446 41944 71247 84 1363951
447 41977 50660 141 703789
448 42071 48709 17 52323
449 42116 44877 99 77237
450 42168 45519 5 4389
451 42388 47917 125 427876
452 42411 44768 23 14254
453 42549 53283 114 399786
454 42571 43281 29 10768
455 42948 43666 17 9702
456 42972 43233 8 2010
457 43007 55300 129 1023855
458 43071 46758 119 200112
459 43107 55740 67 359546
460 43110 45538 6 6786
461 43208 47345 55 65280
462 43266 44434 64 94988
463 43292 43896 6 649
464 43326 51288 95 403286
465 43451 53268 84 558490
466 43561 50408 32 111354
467 43658 45200 138 128936
468 43663 50593 11 90264
469 43724 45229 91 100123
470 43742 63374 129 564312
471 43980 44070 12 552
472 44089 55305 61 248507
473 44274 49243 124 299467
474 44293 60487 32 203540
475 44412 56381 128 815601
476 44675 56209 103 658610
477 44700 47388 54 30798
478 44727 52804 115 1062551
479 44922 51411 76 537785
480 44991 51786 19 79284
481 45008 58177 59 129429
482 45011 62094 7 35175
483 45111 48509 107 237214
484 45125 52197 37 199334
485 45310 45610 59 17472
486 45422 74564 5 61314
487 45447 49263 37 136366
488 45534 70358 121 1455980
489 45593 47187 7 9162
490 45599 58427 35 387317
491 45634 46249 15 5204
492 45679 47535 10 4423
493 45831 54753 51 230440
494 45842 47889 67 78507
495 45850 48090 49 123735
496 45858 53175 56 134586
497 45903 73684 107 755216
498 45973 50038 42 28491
499 46025 51153 64 143895
500 46149 51468 67 240688
501 46213 62062 44 364943
502 46309 49655 31 27380
503 46383 70138 53 184594
504 46408 48360 148 252257
505 46457 47280 44 7434
506 46466 47534 49 14302
507 46589 48855 72 181240
508 46667 50147 70 101039
509 46762 50390 147 218450
510 46929 50129 24 64862
511 46962 51032 96 128792
512 46999 51257 55 404302
513 47235 61242 57 306476
514 47264 62324 56 291393
515 47497 51263 15 17434
516 47594 50765 10 6508
517 47657 50777 133 155382
518 47739 58098 93 428819
519 47800 48010 12 2924
520 47854 58581 25 140655
521 47863 55959 60 176249
522 47964 62148 147 1096962
523 48012 50716 6 5172
524 48401 54120 96 271621
525 48458 67811 68 305050
526 48728 51212 134 162712
527 48789 63722 14 65994
528 48814 51002 5 6423
529 48833 59778 24 78175
530 49210 56049 15 15408
531 49350 57452 33 88208
532 49413 64209 41 283357
533 49473 71629 57 1244002
534 49609 51452 33 40322
535 49989 59181 8 10446
536 50081 68184 56 232002
537 50316 63126 6 84471
538 50384 53434 26 12314
539 50420 54074 124 85420
540 50645 57238 7 13941
541 50677 53605 30 78916
542 50681 55483 92 491803
543 50736 62019 26 129523
544 50827 55467 14 38692
545 50872 68480 108 319162
546 50911 56078 5 11350
547 50927 55028 121 463230
548 50971 54000 67 89917
549 50979 52349 38 21649
550 51003 71021 11 160653
551 51202 59105 57 184539
552 51210 53636 14 11190
553 51501 58856 53 216715
554 51560 64973 103 810381
555 51609 64653 11 42406
556 51649 57785 62 134661
557 51698 52111 141 19788
558 51737 51739 126 247
559 51951 60011 34 130481
560 52034 57922 110 350992
561 52063 65018 79 286939
562 52084 65558 33 172565
563 52131 56003 5 5806
564 52134 52159 9 117
565 52337 60809 109 501486
566 52406 54298 43 19458
567 52494 68958 14 159687
568 52617 58968 142 550548
569 52707 59700 65 131187
570 52734 63450 51 159824
571 52755 53542 18 10115
572 52907 60095 7 46695
573 53496 58708 97 228241
574 53598 58944 149 283704
575 53661 64459 126 538499
576 53674 69420 142 554253
577 53802 54804 96 43043
578 54068 54823 27 7097
579 54166 57630 135 406694
580 54194 65665 105 438591
581 54266 75542 33 94342
582 54564 58703 81 113778
583 54708 59820 19 36437
584 54720 56908 7 2223
585 54835 62735 10 33525
586 55007 56851 72 46220
587 55274 60557 5 11795
588 55455 79162 130 1710565
589 55462 56132 4 1444
590 55481 59278 52 144524
591 55571 63766 135 690230
592 55651 81346 119 739993
593 55700 55751 26 758
594 55722 56614 44 13790
595 55878 62178 70 456509
596 55933 58401 65 37765
597 56040 61465 83 163132
598 56055 66804 85 447495
599 56194 91292 26 161685
600 56200 68490 80 865410
601 56211 56214 6 14
602 56268 57016 110 45474
603 56295 59343 9 10209
604 56304 69737 98 1438009
605 56337 56579 64 16698
606 56356 63996 59 107551
607 56399 59429 66 51926
608 56514 57017 136 38132
609 56567 58126 7 9117
610 56709 57055 38 23710
611 56757 66264 6 17413
612 56893 71208 19 336064
613 56993 59887 56 11188
614 57059 64943 6 12827
615 57207 60843 45 51408
616 57208 69161 70 178767
617 57253 57581 118 57986
618 57297 70279 18 108358
619 57328 66392 38 88492
620 57330 69112 95 654707
621 57342 60563 40 101120
622 57358 62550 40 237766
623 57362 60812 8 10098
624 57643 61035 40 102106
625 57654 57883 25 12207
626 57791 70576 52 285778
627 57819 65981 86 384113
628 57829 64066 18 30773
629 57865 59984 63 82252
630 57873 76486 86 913906
631 57890 57956 23 651
632 57923 60711 5 4497
633 57983 65724 14 35374
634 58028 66423 46 218399
635 58156 64738 78 319341
636 58324 59267 80 17702
637 58541 63448 53 190408
638 58555 64672 37 37452
639 58628 66493 4 21642
640 58696 71377 147 318707
641 58735 63764 87 116514
642 58744 60361 58 69490
643 58831 64311 134 413172
644 58941 61333 117 73383
645 58980 68731 6 23997
646 59024 66102 77 179618
647 59098 61121 98 114826
648 59170 70528 84 449772
649 59324 59697 10 1353
650 59407 67121 130 455917
651 59498 67783 37 182351
652 59561 71729 40 286843
653 59651 62342 30 40680
654 60207 61601 135 102427
655 60257 68843 53 64195
656 60319 60465 108 5715
657 60343 62059 13 4708
658 60460 61368 94 88716
659 60473 61806 12 6857
660 60514 64868 52 149242
661 60518 62068 9 3857
662 60534 62789 144 161290
663 60777 65816 7 8087
664 60901 65932 96 462218
665 61066 70778 11 26804
666 61204 63137 15 9757
667 61254 65136 8 6499
668 61331 64099 13 41205
669 61510 65001 30 98789
670 61621 68271 43 174841
671 61687 79512 141 392338
672 61962 86802 136 728492
673 62083 67435 37 48806
674 62220 77068 94 891014
675 62252 65529 91 204308
676 62304 64400 42 27434
677 62377 74638 78 364991
678 62435 63541 20 12859
679 62467 79257 145 902495
680 62487 71917 27 123342
681 62608 67409 14 38579
682 62680 71159 129 413886
683 62694 65744 67 54709
684 63000 66574 21 47537
685 63300 63386 94 10341
686 63427 66654 65 72074
687 63534 72266 43 166507
688 63597 79699 89 533577
689 63780 76681 139 533384
690 63823 68879 139 348399
691 63853 64002 22 941
692 63858 71872 41 77584
693 63900 70302 8 36012
694 64369 69248 105 393851
695 64549 92531 5 24943
696 64692 67745 64 85684
697 64765 67797 97 63254
698 64829 67851 87 379501
699 64858 67794 27 26694
700 64970 77236 23 95842
701 65060 66811 30 29731
702 65124 66467 101 58562
703 65342 69747 54 61511
704 65380 70646 17 50810
705 65400 78765 96 364918
706 65443 93441 120 1284052
707 65489 70758 150 476317
708 65722 72480 59 119499
709 65788 77179 83 140603
710 65814 67069 16 11707
711 65859 66078 92 25786
712 66019 67683 21 34706
713 66054 71704 88 125338
714 66058 77131 16 81462
715 66074 74760 52 153904
716 66091 70341 17 40008
717 66159 76376 29 173501
718 66276 77986 103 320954
719 66283 82488 5 25237
720 66321 69065 128 98118
721 66356 85511 17 285962
722 66432 67747 132 47023
723 66442 72084 109 409568
724 66486 69673 140 139451
725 66702 74132 65 229209
726 66833 70476 12 26443
727 67034 71796 95 262281
728 67105 72948 142 228068
729 67139 75751 4 6845
730 67164 70298 97 116342
731 67200 67290 24 1138
732 67220 78760 137 544206
733 67440 71216 23 17649
734 67518 69121 34 22810
735 67559 69870 54 70124
736 67954 73749 141 419317
737 68074 71769 66 60473
738 68207 68209 5 14
739 68225 71374 65 65984
740 68273 74427 67 248733
741 68558 75413 5 6373
742 68580 70446 113 259254
743 68624 73583 7 5607
744 68895 73481 97 66108
745 68980 75242 6 3697
746 69037 75125 63 117353
747 69264 72870 59 104283
748 69267 91324 11 75580
749 69409 86071 88 770118
750 69435 73567 12 9557
751 69512 79022 18 68570
752 69572 71513 5 4810
753 69605 71458 8 4498
754 69843 74697 13 23537
755 69882 71262 41 39946
756 70021 72861 112 89435
757 70160 80253 9 45919
758 70281 70809 132 27961
759 70325 70950 20 7661
760 70663 77159 13 57881
761 70684 75729 59 158020
762 70693 77530 62 119421
763 70768 72219 19 8515
764 70833 75233 73 77072
765 70898 73362 47 102125
766 71074 87181 7 12550
767 71086 75244 62 94961
768 71137 74800 21 24319
769 71260 73743 97 136532
770 71274 89175 8 35692
771 71506 82987 79 1194558
772 71543 79063 106 247294
773 71678 81029 75 383275
774 71846 80730 105 319452
775 71848 76046 109 269176
776 72036 75591 22 17114
777 72116 75710 106 219845
778 72145 82765 144 432829
779 72269 79390 46 103479
780 72476 72875 129 24589
781 72510 73137 137 50413
782 72526 89383 16 152381
783 72857 75946 65 90455
784 72897 73240 133 30055
785 72982 76633 29 45999
786 73063 74101 51 30266
787 73066 79464 115 350722
788 73147 79317 133 512508
789 73431 74458 23 10743
790 73465 83134 78 1158370
791 73572 74789 55 29715
792 73659 76558 24 39539
793 73664 74110 4 526
794 73729 78730 5 5496
795 73781 81571 20 24485
796 73788 75268 145 117676
797 73824 80277 6 7720
798 73871 74468 65 13661
799 73946 76508 26 19712
800 74046 88051 74 640165
801 74115 83677 23 112481
802 74136 96851 6 43029
803 74249 79400 40 84854
804 74319 90646 52 915595
805 74359 76120 29 13127
806 74705 74900 8 736
807 74811 83699 76 160790
808 74914 79368 13 37689
809 74935 80473 84 109716
810 74982 79364 8 15553
811 75054 88542 51 388715
812 75103 98109 103 1153326
813 75179 76369 13 11717
814 75195 76145 23 8917
815 75432 77649 119 124309
816 75531 76942 19 28698
817 75532 90164 29 359962
818 75670 88968 146 1629061
819 75816 79418 11 31656
820 75885 91752 64 460582
821 76030 78742 87 115960
822 76269 80312 77 180865
823 76371 98711 134 1924344
824 76462 83961 9 11073
825 76538 93015 79 480036
826 76541 95234 104 998147
827 76647 86561 72 310063
828 76650 79161 27 39696
829 76659 85215 9 29716
830 77107 87968 65 530137
831 77220 77499 20 1429
832 77222 83435 10 50925
833 77358 84179 24 61113
834 77360 79272 14 9115
835 77419 80885 35 41255
836 77421 83412 83 316938
837 77476 86934 44 81622
838 77490 81868 65 346803
839 77635 86447 11 26996
840 77678 84222 10 32573
841 77697 85550 31 41038
842 77720 77928 11 1893
843 77816 87300 78 433826
844 77844 87102 14 53159
845 78212 89972 22 81907
846 78236 91858 121 981881
847 78365 80862 110 96910
848 78642 88818 113 372164
849 78694 88033 137 679994
850 78758 85581 49 172805
851 78889 81791 105 103942
852 78974 80335 21 33236
853 78978 84759 17 26662
854 79237 83870 59 49788
855 79309 85210 55 112942
856 79339 80346 56 26912
857 79382 83880 91 449707
858 79519 83172 149 123841
859 80006 83213 132 225694
860 80025 89444 83 85423
861 80097 83313 90 158154
862 80185 83237 127 93783
863 80313 84108 9 13911
864 80388 83214 105 74283
865 80427 86505 36 269063
866 80870 92047 78 346261
867 81026 90783 91 156613
868 81171 81828 64 28013
869 81216 84466 52 51554
870 81357 85382 20 82291
871 81406 82955 140 167021
872 81547 88446 28 83100
873 81557 81636 139 3763
874 81655 82711 22 10847
875 81759 83811 13 11678
876 81783 82467 130 56938
877 81829 85096 33 58543
878 82235 84055 48 47504
879 82239 91255 13 24056
880 82263 94644 148 629046
881 82284 85838 20 40241
882 82402 84211 116 78590
883 82505 85489 86 129413
884 82528 89203 86 71953
885 82619 91261 65 231986
886 82651 97709 40 89164
887 82699 92575 135 708898
888 83068 85224 66 135200
889 83097 83782 78 59093
890 83334 98901 67 213649
891 83371 84539 28 20194
892 83570 88178 42 73025
893 83580 86591 15 69966
894 83635 96839 28 249710
895 83643 86500 100 118341
896 83670 86135 47 51079
897 83738 94755 105 305559
898 84034 86343 18 14249
899 84112 92288 96 556989
900 84227 86989 18 14376
901 84694 95030 25 60744
902 84919 85078 144 10914
903 85026 88495 47 147643
904 85183 90634 22 209225
905 85283 87620 93 131012
906 85334 94089 76 289723
907 85415 85850 101 17344
908 85475 99345 17 190275
909 85634 85733 55 4503
910 85702 93056 103 227281
911 85760 90064 92 102128
912 85906 97730 100 365925
913 85948 88768 5 11482
914 86120 93804 14 18072
915 86182 87773 48 64185
916 86324 89259 17 39102
917 86355 87819 65 42593
918 86473 90262 81 198552
919 86624 95246 55 631022
920 86741 98916 90 477026
921 87246 89644 145 82186
922 87329 87574 82 20943
923 87344 88332 29 10100
924 87395 93495 80 341140
925 87490 99251 149 1394855
926 87570 89924 109 84438
927 87601 98848 111 299883
928 87677 89569 120 154464
929 87813 89327 48 57747
930 87846 88084 5 577
931 87893 97746 101 491246
932 87939 98359 9 60722
933 88004 96422 83 253560
934 88123 90170 6 3855
935 88232 90165 58 136611
936 88372 94733 20 49290
937 88695 91899 14 5457
938 88892 99621 16 58308
939 88967 95567 56 71985
940 88973 95143 118 707653
941 88986 98294 17 58829
942 89017 90510 52 46632
943 89257 91785 81 86427
944 89550 90761 136 100662
945 89692 92113 8 9476
946 89726 90414 33 13227
947 89884 96437 83 193197
948 89911 91863 17 26414
949 89915 90917 48 26721
950 90086 94918 146 665616
951 90096 99426 18 70882
952 90131 94638 8 6170
953 90163 99625 142 751352
954 90452 91301 8 6557
955 90698 96767 140 132844
956 90819 93663 4 5472
957 90980 99607 49 50654
958 91098 95949 67 85456
959 91313 93049 21 38101
960 91674 94885 75 158106
961 91766 93755 74 30113
962 91772 94852 58 63361
963 91923 98959 148 959594
964 92528 95479 99 166886
965 92630 96044 23 42367
966 92645 97378 8 5848
967 92675 94727 142 64876
968 92709 96377 12 14956
969 92869 96942 110 139492
970 93113 93682 11 4975
971 93196 94934 87 29722
972 93253 94907 79 247541
973 93516 95115 43 18365
974 93518 96301 8 15027
975 93657 99835 4 17299
976 93819 98284 90 75956
977 93848 95690 143 129048
978 94152 97669 31 45925
979 94165 99455 89 127108
980 94439 97331 20 44707
981 94668 99338 30 146873
982 95064 95545 70 10949
983 95092 99932 34 51375
984 95095 97825 18 18395
985 95334 99436 131 118190
986 95359 97142 120 73264
987 95398 96194 91 36632
988 95689 96335 36 21826
989 95966 99506 140 418357
990 96097 96167 101 4826
991 96315 96800 83 30576
992 96453 97813 97 107440
993 96846 99169 86 78855
994 97024 97606 19 8474
995 97076 97437 109 9993
996 97644 99276 20 5365
997 97775 98402 18 2485
998 97901 99939 7 9854
999 98885 99153 48 5504
