50 1000 0.093
......###..##.....................................
..############....................................
...#..##.##.###...................................
...#....##.##.#...................................
...........####...................................
...........#####..................................
.........#######..................................
.....####.##..##...............................#..
.....#####.....................................###
....#######.....................................##
......#####....................................##.
.....####.##....................................##
.######.##......................................#.
....#####.....................................###.
................................................##
..................................................
..................................................
..................................................
..................................................
..................................................
..................................................
..................................................
..................................................
..................................................
..................................................
..................................................
..................................................
..................................................
..................................................
..................................................
..................................................
..................................................
..................................................
..............##.........#........................
............####.........#...........##...........
...........#####.....#.#.##.#.....#.#.##..........
.........#######.....######.##....######.#........
...........#####.......#######.....#####.#........
..........######.......#####.#......######........
...........##........########........######...#...
...........##.......#######...........###########.
...................##..####.........##########....
...................##.#.###........#######.##.....
..................#######.##......##########......
.................#..#######...........#####.......
................##.#######.............##.........
................###.######............##..........
...............##########.............#...........
................#.####.####...........#...........
..................#####..#........................
0 147 34975 120 734171
1 200 2625 120 195192
2 301 3991 31 53409
3 407 6813 65 244202
4 431 3345 72 89422
5 628 3385 14 18791
6 682 6479 36 70237
7 734 3737 10 18327
8 1022 2934 9 9024
9 1103 1359 81 19538
10 1141 24351 74 711534
11 1150 8499 17 47795
12 1280 3328 136 58949
13 1310 20912 138 1552307
14 1437 13045 99 229838
15 1519 5671 21 64933
16 1522 13725 63 200490
17 1545 2747 76 72311
18 1643 10374 6 21351
19 1672 16822 71 94613
20 1683 6200 86 282539
21 2017 11337 137 147775
22 2110 17287 92 697624
23 2342 5226 44 64647
24 2356 12643 23 85521
25 2422 6060 15 23302
26 2452 8060 68 193119
27 2845 25365 60 842882
28 2885 8469 30 61708
29 2889 6990 86 237257
30 2967 10886 64 213567
31 3070 4309 30 25272
32 3329 7729 42 28951
33 3368 6423 93 112328
34 3557 7401 119 147966
35 3601 6252 44 85738
36 3614 6963 40 45200
37 3618 15000 143 1261409
38 3871 4376 36 5420
39 3961 19130 66 381949
40 3999 14722 33 116056
41 4116 15329 18 88248
42 4312 23177 36 150486
43 4640 10915 5 8041
44 4669 7690 97 104576
45 4757 6365 67 75483
46 4764 7309 82 140167
47 4773 6120 30 21912
48 5034 17141 140 780837
49 5235 22080 33 414240
50 5247 48437 15 237448
51 5334 7953 73 86147
52 5452 20359 144 353369
53 5468 16061 16 74814
54 5614 9994 85 275043
55 5615 14147 90 359766
56 5739 18951 90 274473
57 5754 27466 113 710087
58 5757 6642 139 88650
59 5885 22260 120 288147
60 5933 11043 30 24370
61 6027 15304 82 733916
62 6305 27075 20 336203
63 6378 27287 31 190822
64 6391 22888 16 55150
65 6529 14732 28 80408
66 6748 6790 24 816
67 6780 10521 81 183626
68 6974 19878 17 24415
69 7147 27831 89 522894
70 7167 8740 35 15734
71 7253 8576 114 66788
72 7285 14075 19 100245
73 7395 11998 15 40561
74 7443 8766 9 3598
75 7516 23405 107 514972
76 7828 11819 19 51255
77 7835 16656 8 13212
78 7868 9422 8 3449
79 7949 17721 28 145303
80 8090 13686 126 355132
81 8102 9762 10 3542
82 8188 11636 30 37798
83 8286 42664 138 2365603
84 8375 9441 16 15009
85 8390 25843 74 644454
86 8560 31598 54 636216
87 8623 11058 47 17284
88 8671 12013 19 26230
89 8811 16926 5 22299
90 8835 29925 73 207724
91 9040 22572 41 154435
92 9050 22923 7 36328
93 9519 22396 96 427123
94 9531 18294 70 339889
95 9598 26016 139 497361
96 9657 12672 47 71034
97 9785 15016 79 113812
98 9878 26639 5 66302
99 9974 10363 5 1590
100 10170 15046 88 163834
101 10174 11798 39 11027
102 10190 11165 80 21558
103 10303 13795 42 120158
104 10380 12236 121 124188
105 10384 14341 38 172156
106 10395 13274 101 193489
107 10471 15611 6 17844
108 10498 11445 15 12538
109 10523 12810 4 7419
110 10534 17626 20 66103
111 10571 19542 48 144044
112 10603 16684 63 126014
113 10621 26285 141 447441
114 10709 15678 145 208162
115 10793 20509 107 201847
116 10853 13185 81 113666
117 10867 17551 19 69799
118 11091 20770 15 20928
119 11147 19769 34 104255
120 11288 23992 54 220804
121 11495 34732 16 191765
122 11515 15459 72 123516
123 11516 17116 55 63201
124 11560 15781 36 54364
125 11657 16823 46 100729
126 11685 33257 149 1824250
127 11763 24968 97 1417869
128 11797 16431 22 52624
129 11979 31657 12 98371
130 11987 13842 80 161076
131 12330 13729 97 66367
132 12466 38507 21 326509
133 12612 21314 110 113321
134 12698 13675 33 11102
135 12729 14546 137 214990
136 12909 16714 17 20560
137 12976 14736 25 26705
138 12980 14151 63 41396
139 12990 24836 10 71688
140 13034 22575 26 155772
141 13354 21068 67 572995
142 13367 15554 19 15234
143 13412 18590 101 212344
144 13671 16865 76 69942
145 13693 18765 92 152516
146 13873 15840 125 100199
147 13987 34077 35 142400
148 14001 27601 10 90627
149 14036 28141 60 676335
150 14048 14326 6 1566
151 14070 27072 128 297311
152 14203 18840 28 28137
153 14266 14607 93 7537
154 14390 14848 107 47830
155 14394 18643 6 13870
156 14564 16225 36 28037
157 14788 15011 38 5895
158 14807 23970 30 139581
159 14888 17053 7 10843
160 14991 20100 23 117114
161 15144 19800 20 21786
162 15169 34939 31 161932
163 15302 23726 138 747329
164 15355 20952 107 147174
165 15416 16311 11 3846
166 15570 30345 4 16392
167 15582 29985 16 38463
168 15651 20786 23 38454
169 15782 21790 13 96779
170 15785 16381 39 7007
171 15863 38819 13 162999
172 15883 30303 131 2800269
173 15966 27163 14 64517
174 16153 24203 25 67224
175 16214 24439 5 13542
176 16239 34221 31 373105
177 16505 18407 38 10836
178 16557 21226 44 74139
179 16587 19233 8 11524
180 16975 24237 93 376715
181 17019 25718 30 565594
182 17082 35885 129 533437
183 17095 23525 7 24330
184 17097 27893 43 203354
185 17138 22108 32 127510
186 17181 20550 10 9788
187 17359 18001 41 18550
188 17488 28247 127 373618
189 17509 19315 40 80824
190 17528 20891 136 632216
191 17612 31427 73 228307
192 17632 19428 68 84007
193 17646 23249 111 983106
194 17828 28504 118 312781
195 17834 20801 148 174875
196 17978 19798 56 96209
197 18005 26513 48 113015
198 18045 31187 65 195890
199 18105 25020 21 52584
200 18146 19694 25 12228
201 18420 21335 42 57912
202 18533 20386 149 77113
203 18583 24683 15 40957
204 18844 37865 88 1032548
205 18860 20821 31 22626
206 18884 20461 47 42846
207 18913 25347 49 130383
208 18933 21416 18 17868
209 19546 26638 70 189795
210 19625 30350 5 23847
211 19684 25722 30 18178
212 19727 32578 80 284224
213 19834 26228 119 569933
214 19935 30349 82 225776
215 19940 40032 90 373260
216 19952 37228 11 183343
217 19996 31975 60 275077
218 20127 35962 46 293689
219 20224 36016 36 392735
220 20242 48555 124 1076762
221 20248 35408 69 459687
222 20385 30741 15 67432
223 20506 21309 25 18830
224 20514 39988 77 630969
225 20561 23590 61 59290
226 20625 34515 113 918248
227 20658 49096 122 574522
228 20732 40069 67 454984
229 20742 35665 79 316382
230 20820 59520 16 707232
231 20976 21305 8 1305
232 21032 23488 133 383870
233 21042 29816 19 39380
234 21180 34705 79 231276
235 21222 29499 78 277667
236 21236 35978 65 526935
237 21265 24950 79 164240
238 21268 23522 15 8948
239 21423 26654 128 294179
240 21611 31773 119 514937
241 21726 28219 46 343530
242 21855 44104 45 276044
243 21873 40060 47 147316
244 21878 37928 103 530495
245 22083 46650 43 271218
246 22178 27623 52 163287
247 22188 38827 79 179373
248 22245 51651 44 449294
249 22251 33732 16 179989
250 22282 25075 31 24452
251 22342 24727 130 100679
252 22529 24402 10 7580
253 22545 23078 18 4508
254 22585 23497 75 19726
255 22599 24421 62 28641
256 22647 56118 65 1283239
257 22669 35652 6 44378
258 22698 23152 17 2114
259 22720 26619 7 32182
260 22901 28274 7 23379
261 22951 28388 136 228004
262 22989 33773 55 211156
263 23012 25530 135 160479
264 23020 29615 37 121658
265 23076 23579 33 10235
266 23191 24064 18 5577
267 23265 25707 110 72876
268 23389 29781 30 59257
269 23572 30305 138 321309
270 23760 28673 66 72461
271 23934 24529 48 24749
272 23950 30258 99 411004
273 23986 35544 21 121128
274 23989 32563 109 522168
275 24013 33769 5 26970
276 24044 25451 37 20196
277 24113 33234 23 55547
278 24118 53332 80 994174
279 24166 25896 119 66955
280 24345 29451 136 468761
281 24399 26443 32 19973
282 24561 55709 5 105699
283 24592 24735 5 308
284 24614 30713 13 14930
285 24667 34130 31 111439
286 24933 44661 68 142783
287 25070 64229 28 563591
288 25157 28085 39 32954
289 25253 29060 115 273502
290 25363 40123 121 568640
291 25405 26397 26 4598
292 25545 31112 102 258661
293 25606 38094 134 499031
294 25740 28533 31 19137
295 25998 29109 34 81510
296 26168 35630 65 605928
297 26240 33230 52 122239
298 26465 26472 9 70
299 26474 33522 44 72860
300 26483 31420 11 39650
301 26648 33009 75 211092
302 26804 40733 111 202446
303 26845 27413 11 4745
304 26873 37409 119 416647
305 26996 28625 20 28660
306 27044 30133 94 143589
307 27179 36943 21 82048
308 27225 38008 34 278192
309 27261 51563 39 532770
310 27284 35865 28 65468
311 27430 29053 14 13418
312 27514 47841 9 68902
313 27598 37105 105 464482
314 27645 28444 24 7072
315 27647 28843 82 89497
316 27652 40281 57 110180
317 27954 30910 37 52978
318 28035 30935 104 140200
319 28116 33366 64 156043
320 28155 28275 137 9197
321 28300 28580 4 1133
322 28324 29260 19 5555
323 28499 48459 16 72122
324 28503 36115 47 111658
325 28514 46360 8 18071
326 28532 42616 60 367988
327 28613 39980 111 542867
328 28620 36349 10 31695
329 28786 31509 12 9824
330 28878 31269 60 42285
331 29194 33608 54 161445
332 29213 50169 8 31348
333 29216 32046 15 12464
334 29269 35632 21 44914
335 29426 29855 5 2124
336 29497 56819 49 503462
337 29643 37686 64 114360
338 29711 41451 15 60839
339 29725 35309 25 136645
340 30034 35365 28 69799
341 30116 31304 48 30778
342 30202 51851 10 64981
343 30286 34125 50 115804
344 30401 36165 4 6972
345 30402 32345 47 61012
346 30488 31454 94 127102
347 30537 53165 19 120442
348 30567 36483 101 295685
349 30687 37463 74 129471
350 30688 34983 36 231537
351 30709 45183 111 586064
352 30790 34257 49 147455
353 30845 34099 55 93898
354 30865 32665 79 69453
355 31134 34110 134 226279
356 31207 37959 22 88880
357 31243 37716 13 28443
358 31337 50706 20 118618
359 31338 45040 119 904102
360 31440 32921 141 35319
361 31507 33657 127 130625
362 31638 33027 129 92562
363 31654 35946 46 152921
364 31660 40394 6 7094
365 31727 32168 22 8051
366 32029 41845 29 197628
367 32031 40542 138 424457
368 32137 34197 12 4831
369 32189 57992 53 112933
370 32250 32413 62 2991
371 32258 43340 85 350315
372 32352 45319 58 316223
373 32446 36345 10 42268
374 32549 42463 108 596521
375 32699 44731 15 208209
376 32712 35797 4 11856
377 32766 33711 19 18649
378 32806 54985 47 533768
379 32808 48833 24 334009
380 32812 39234 12 25946
381 33032 38209 5 3134
382 33071 34549 99 58318
383 33218 34128 141 71608
384 33535 39670 29 81977
385 33708 34884 61 52071
386 33905 39731 51 126115
387 33996 46494 75 289602
388 34119 35953 65 42739
389 34229 36865 70 135709
390 34253 37245 12 19861
391 34554 37116 43 31470
392 34579 34725 20 3916
393 34640 56268 14 104215
394 34695 37708 80 189762
395 34775 50884 30 183669
396 34828 42440 47 218543
397 34863 34969 24 2117
398 35212 72199 4 40218
399 35324 36187 142 58656
400 35486 37808 144 210541
401 35606 36246 117 100021
402 35679 47539 13 81011
403 35763 37392 138 61515
404 35832 40599 106 328277
405 35910 40707 44 92989
406 35949 36056 111 3318
407 36012 42270 5 9050
408 36103 39349 62 41094
409 36181 39863 8 41809
410 36258 41308 14 39518
411 36386 41111 24 82763
412 36401 36606 15 2895
413 36479 39058 5 2110
414 36502 51734 21 125724
415 36538 40072 32 101458
416 36548 37845 47 61746
417 36550 38625 64 56240
418 37059 50357 12 27272
419 37185 46608 5 34530
420 37215 45916 59 718448
421 37319 41074 19 18446
422 37491 40290 42 40786
423 37619 39689 41 51079
424 37762 60939 67 790351
425 37862 41534 22 34723
426 37944 46621 26 76126
427 38003 39069 63 16592
428 38005 39545 66 32433
429 38033 57065 39 178248
430 38127 47021 113 542855
431 38150 50867 121 333856
432 38384 43152 7 7764
433 38413 41080 10 7564
434 38432 46950 32 301056
435 38455 38787 127 27093
436 38665 76335 42 244340
437 38673 40721 97 32692
438 38690 45807 36 202570
439 38869 39220 21 7668
440 38901 41278 53 66030
441 39165 46661 56 89659
442 39337 41030 85 111237
443 39387 42140 36 27084
444 39411 48475 11 22376
445 39470 40775 30 48003
446 39605 51957 36 185861
447 39697 54960 108 386806
448 39810 52314 149 568689
449 39887 46414 45 78671
450 40016 41848 89 83644
451 40050 41448 65 47459
452 40128 45247 96 315340
453 40246 45340 93 521281
454 40392 42236 79 68650
455 40757 52445 109 931314
456 40762 53767 147 613108
457 40948 47373 83 177748
458 41009 61915 42 262451
459 41274 46540 60 199741
460 41292 42080 18 5946
461 41468 41959 34 3333
462 41557 45915 40 197177
463 41623 48052 11 35776
464 41626 52553 21 41676
465 41655 45195 7 20926
466 41668 42691 28 12636
467 42011 58104 107 819588
468 42019 51793 71 203470
469 42381 50025 114 384744
470 42451 52379 36 84316
471 42800 45907 62 104949
472 42812 58914 26 345699
473 42896 43646 49 15213
474 42991 46088 65 114767
475 43089 44357 18 7300
476 43101 59085 19 73458
477 43141 59065 27 182910
478 43192 43641 17 5095
479 43203 47584 59 138058
480 43447 48898 88 167105
481 43585 57346 70 178938
482 43610 44367 12 6185
483 43709 50261 88 226401
484 43844 65502 30 334773
485 43879 44569 148 39868
486 43944 44470 19 7655
487 44063 50382 68 126046
488 44087 45746 147 54244
489 44204 66508 6 66746
490 44281 48161 6 9371
491 44349 45429 60 33618
492 44451 47573 100 235702
493 44505 55804 58 661039
494 44508 46084 10 4479
495 44564 71302 14 273238
496 44620 50336 64 238455
497 44635 46278 21 26485
498 44638 50592 6 11763
499 44749 50902 49 170004
500 44751 46002 16 49260
501 44842 46103 7 3880
502 45012 62486 37 274449
503 45115 53655 30 150592
504 45185 49005 37 107905
505 45202 46779 39 26609
506 45209 48921 30 43406
507 45272 58474 26 120323
508 45480 46709 58 85333
509 45633 50004 43 115183
510 45655 51252 142 217939
511 45683 48909 37 73676
512 45723 50605 23 31354
513 45766 49117 76 36377
514 45958 51906 98 303109
515 45959 48800 73 216720
516 46011 51617 75 176931
517 46177 58017 90 1099777
518 46490 46577 8 473
519 46527 55652 26 79023
520 46645 53813 93 150665
521 46715 50228 132 510239
522 46733 52966 104 433523
523 47202 63056 115 497726
524 47379 49003 93 94187
525 47398 47946 84 15247
526 47425 50956 102 76475
527 47482 49701 21 17771
528 47549 52252 11 23233
529 47593 55394 26 97736
530 47612 64572 9 42529
531 47627 57498 5 23228
532 47668 53892 6 7777
533 47704 51407 107 377880
534 47804 48468 144 60254
535 47825 48996 122 50207
536 47869 62417 133 533341
537 47923 71826 13 109050
538 48050 52893 6 18815
539 48138 49365 93 75209
540 48260 50268 110 281086
541 48352 54623 94 154793
542 48431 60109 83 156175
543 48665 61166 94 298202
544 48699 54870 110 260799
545 48768 53368 12 29894
546 48796 55334 91 397403
547 49077 51828 51 54943
548 49140 52544 22 30303
549 49176 50312 24 16568
550 49215 53902 92 115530
551 49402 59655 98 1123572
552 49712 57028 65 311956
553 49868 50485 83 30487
554 49897 52474 72 103284
555 50058 53848 75 199943
556 50071 55226 129 511192
557 50111 52175 5 2448
558 50204 69083 104 1048698
559 50324 57376 6 33227
560 50399 55586 111 436591
561 50401 54451 24 39130
562 50447 54897 49 53554
563 50484 51980 84 18242
564 50520 87758 140 2899221
565 50577 50998 144 18711
566 50746 53861 17 22101
567 50819 57096 106 216663
568 50916 62192 48 111222
569 50957 55074 72 104290
570 50986 58372 105 451901
571 51027 53622 78 100479
572 51034 70976 49 806788
573 51102 70980 81 571279
574 51173 55734 20 12613
575 51223 68760 7 43978
576 51542 89532 136 1382301
577 51556 61067 31 167137
578 51744 71718 37 505552
579 51811 60604 73 374238
580 51874 65777 27 146291
581 51930 74857 28 408344
582 51965 62890 132 442904
583 51970 52095 20 2697
584 52018 53588 13 29830
585 52159 62534 144 1304128
586 52293 53537 67 50912
587 52300 70546 28 166893
588 52503 86080 5 36555
589 52558 58198 50 157098
590 52831 53772 7 1727
591 52912 55732 115 218718
592 52991 60447 5 11612
593 53027 60151 41 76827
594 53028 73809 148 923832
595 53220 58166 127 479151
596 53314 69576 34 232298
597 53445 65546 12 62657
598 53464 65239 79 358583
599 53496 54335 38 18997
600 53558 54392 12 11566
601 53805 55625 36 24339
602 53821 61308 23 28951
603 53868 74276 41 341744
604 53877 60316 47 70897
605 53938 66553 13 38213
606 54226 73013 148 670786
607 54276 55478 44 19019
608 54320 65853 116 549055
609 54407 75343 77 833876
610 54543 57047 11 6440
611 54585 66207 33 240523
612 54638 64470 89 350223
613 54654 55572 31 20219
614 54684 54770 12 191
615 54775 58081 68 109116
616 54874 60092 70 127484
617 55199 88671 99 435807
618 55210 56606 94 48334
619 55437 65484 103 457734
620 55508 64521 82 129838
621 55528 64322 150 710257
622 55536 57427 36 55040
623 55736 70580 7 44834
624 55795 60679 87 262972
625 55799 56703 33 15035
626 55838 60241 52 73987
627 55855 56906 115 34531
628 55926 76617 41 285028
629 56113 59430 7 20410
630 56129 77722 40 382167
631 56210 61996 45 40805
632 56342 59301 20 30442
633 56524 69863 129 697363
634 56583 58619 17 10545
635 56596 62470 53 66764
636 56737 64235 56 176641
637 57029 57334 48 7126
638 57048 67389 68 427779
639 57120 57914 77 30339
640 57178 66786 117 471292
641 57181 74319 55 1242572
642 57303 67897 122 566889
643 57436 85855 119 1271737
644 57488 62019 75 100392
645 57620 58611 144 92038
646 57702 86605 4 15932
647 57714 76107 22 228114
648 57839 64002 22 51537
649 57930 60689 28 34012
650 57953 64515 150 985918
651 58150 64298 89 175295
652 58269 59215 100 36862
653 58305 82497 13 107258
654 58309 58577 34 6110
655 58424 60816 139 408224
656 58445 68900 133 1103450
657 58692 62310 23 110046
658 58714 62660 132 114807
659 58721 83172 97 1144864
660 58731 64044 95 154020
661 58737 71629 141 357763
662 59016 61646 36 144479
663 59042 72852 12 121241
664 59055 60033 12 3015
665 59081 70965 7 15487
666 59197 61157 89 57166
667 59317 76970 100 306866
668 59331 61255 61 63441
669 59498 70768 71 204492
670 59721 71364 76 368125
671 59884 67839 27 75802
672 59921 60828 72 29906
673 60152 76919 7 27104
674 60234 74831 97 406822
675 60264 71570 59 405493
676 60275 77232 77 236747
677 60409 72568 49 194820
678 60425 67387 41 331709
679 60483 66324 91 235118
680 60560 61800 148 69586
681 60621 65551 70 134122
682 60625 74429 28 129361
683 60662 75334 46 131109
684 60736 69053 41 320263
685 60833 65332 102 149537
686 60884 63041 19 39855
687 61176 64368 113 180118
688 61211 69933 124 548644
689 61342 63388 18 62225
690 61391 72384 126 271143
691 61526 75698 32 151892
692 61603 63280 37 65783
693 61640 72539 14 66968
694 61714 69493 100 374089
695 62252 68300 113 502668
696 62347 68470 22 68205
697 62351 66509 104 249869
698 62715 64471 59 81633
699 62721 65649 5 8711
700 62791 63091 48 5520
701 63029 68090 70 117815
702 63175 63572 75 7094
703 63199 69953 104 161733
704 63242 72755 11 79245
705 63312 80067 25 134339
706 63720 65695 27 50795
707 63789 68976 36 41357
708 63977 77865 30 114299
709 64009 89133 7 64325
710 64116 94615 83 468127
711 64123 64405 28 3097
712 64157 69108 25 54608
713 64288 67368 81 96485
714 64363 73105 15 168943
715 64374 66598 76 70393
716 64439 70475 23 39969
717 64570 68542 40 26288
718 64669 67051 104 246196
719 64904 69836 120 398996
720 64934 67638 83 72596
721 64996 75392 22 178892
722 65095 99449 30 219974
723 65142 76864 103 457231
724 65155 67017 150 106398
725 65359 73889 129 143510
726 65364 71961 107 272293
727 65532 77486 20 60789
728 65610 65940 73 7807
729 65723 69640 128 247444
730 65821 66654 75 24936
731 65903 74687 19 170760
732 65973 78343 99 529180
733 66012 82138 67 351605
734 66013 74073 16 21654
735 66111 84443 49 385136
736 66191 82629 63 128217
737 66267 67156 13 7506
738 66370 99401 37 168003
739 66374 67807 38 41505
740 66467 70214 61 87439
741 66487 74222 90 406513
742 66593 68657 23 21556
743 66600 68729 23 33247
744 66636 71692 14 21741
745 66688 67237 5 1921
746 66697 67126 51 14971
747 66759 69584 8 7282
748 66849 85733 82 137601
749 66870 67245 57 13448
750 66895 73273 23 50910
751 66970 77681 116 276286
752 67080 77611 55 1241959
753 67147 83012 27 163391
754 67178 67581 17 4642
755 67189 70515 128 77673
756 67288 81743 64 221265
757 67499 71935 68 118399
758 67555 81444 6 38728
759 67587 70139 49 12243
760 67609 69217 35 27555
761 67652 80817 61 257851
762 67679 80055 47 262823
763 67751 71284 95 40178
764 67777 78164 46 186058
765 67804 98586 28 414223
766 67950 75898 14 110182
767 68014 70168 127 143243
768 68150 77908 25 147769
769 68184 72294 8 30691
770 68251 76557 93 338375
771 68361 71175 21 65265
772 68417 76982 130 328821
773 68421 74555 58 221496
774 68764 74020 35 100307
775 68789 74853 25 53337
776 68830 72375 90 161551
777 68882 81053 5 19451
778 68965 71789 23 31079
779 69049 93633 43 533645
780 69180 78050 33 59859
781 69211 75665 54 321670
782 69252 70439 126 39784
783 69320 69484 48 4525
784 69429 70781 31 26939
785 69700 76861 18 17530
786 69743 73912 98 58809
787 69964 82900 26 125373
788 69990 83201 52 436391
789 70033 80510 58 243157
790 70157 73400 54 70730
791 70324 88988 72 840032
792 70368 90511 5 27389
793 70410 73628 73 131672
794 70438 76365 12 39036
795 70495 71474 28 23288
796 70610 74309 40 46231
797 70751 73220 32 35688
798 70755 75784 20 69091
799 70769 71319 60 14935
800 70804 72562 68 122580
801 70848 91306 132 724654
802 71054 72547 20 10949
803 71286 72889 12 7138
804 71406 73429 9 5702
805 71422 94310 9 43556
806 71534 89647 99 670262
807 71584 73102 75 41941
808 71599 72124 42 10391
809 71727 86056 9 84633
810 71747 79505 36 211611
811 71929 73238 5 2936
812 71930 89459 12 150085
813 71973 81912 65 281123
814 72108 81702 14 27097
815 72266 80374 14 17045
816 72322 75893 6 5586
817 72841 83916 53 155967
818 72861 82516 70 561362
819 72884 77492 6 18639
820 72929 86793 105 414191
821 73228 90678 77 229319
822 73376 81834 8 12147
823 73557 81212 24 164410
824 73572 80481 141 994667
825 73573 75458 68 115162
826 73614 80080 30 41288
827 73917 82500 46 156398
828 73970 84858 93 261696
829 74057 77212 45 36879
830 74069 85088 86 323764
831 74101 75092 44 9136
832 74427 79116 23 85114
833 74490 87534 128 825304
834 74659 76208 32 51440
835 74722 76295 125 134818
836 74762 85415 38 216514
837 74870 76413 137 54799
838 74892 95717 126 1748030
839 74932 75357 81 18160
840 75039 75054 55 457
841 75268 77115 122 124894
842 75361 78671 5 6744
843 75468 84982 102 755944
844 75660 77017 40 24057
845 75693 93799 26 95820
846 75762 86501 33 182547
847 75916 84193 65 336908
848 76099 87766 90 1081474
849 76270 83646 15 37523
850 76271 83957 135 474698
851 76289 80783 28 82226
852 76324 76483 91 8949
853 76755 82201 33 57288
854 76825 89565 13 91305
855 76999 79794 105 138874
856 77135 79612 25 9351
857 77205 78123 83 50356
858 77236 77427 30 4883
859 77313 77953 143 162126
860 77580 91181 148 1146693
861 77805 79177 32 12358
862 77854 92419 7 17072
863 77882 82057 135 480437
864 77923 85824 37 70708
865 77995 79677 71 43815
866 78051 78960 29 10511
867 78072 86784 130 366390
868 78140 80042 138 239022
869 78210 82383 89 109517
870 78221 81245 98 676635
871 78273 92668 27 130033
872 78276 83976 27 19659
873 78305 82132 33 62838
874 78337 84170 8 33144
875 78462 91926 62 260989
876 78650 84399 102 299378
877 78781 86161 103 211429
878 79121 84424 11 13890
879 79349 81760 59 64195
880 79384 80166 81 84978
881 79701 86710 26 112459
882 79714 89625 15 58387
883 79724 89820 124 282067
884 79739 80360 28 7299
885 79961 90226 115 386856
886 80063 95636 6 61544
887 80077 87982 56 368903
888 80128 84463 6 11484
889 80182 95620 33 139609
890 80373 81821 65 35803
891 80392 87051 62 245001
892 80407 82502 42 27401
893 80420 83379 81 105666
894 80574 83296 25 7258
895 80620 87737 58 109769
896 80673 85884 13 8371
897 80729 84578 50 80728
898 80748 82571 132 77997
899 80903 96684 53 846327
900 80910 90997 28 349836
901 81041 81675 7 2277
902 81052 89394 20 132058
903 81161 94120 54 203292
904 81197 81289 43 2111
905 81234 84662 132 84890
906 81292 82714 19 10032
907 81352 89934 6 14500
908 81783 82498 7 3018
909 81904 89535 82 170760
910 81954 82274 71 13385
911 82167 90542 82 247323
912 82173 84606 130 258567
913 82270 86288 69 63120
914 82325 85544 6 17158
915 82358 93416 31 31578
916 82369 99130 80 828489
917 82580 83232 30 7517
918 82608 85326 24 20462
919 82736 90553 42 130438
920 82899 98763 25 130244
921 82923 87669 123 347931
922 82943 84669 34 52360
923 83011 83897 11 2533
924 83179 91368 90 280413
925 83573 88104 40 65954
926 83735 92328 112 252883
927 83737 96416 24 53448
928 83771 87270 79 110210
929 83854 84895 126 175846
930 83989 86495 105 99786
931 84083 84237 13 1857
932 84087 88661 5 9816
933 84088 91199 19 44797
934 84155 87910 38 50730
935 84256 93321 19 53526
936 84314 88007 21 24057
937 84470 84808 21 2172
938 84715 91229 19 45588
939 84741 97559 91 587782
940 84866 93866 49 125640
941 85447 87792 25 35088
942 85556 94784 47 59486
943 85760 93892 110 594900
944 85937 97289 55 263587
945 86019 86991 93 210152
946 86041 95889 53 94993
947 86124 87751 103 33740
948 86158 86224 56 1637
949 86222 87188 11 3640
950 86323 96596 144 900573
951 86402 95515 51 269876
952 86612 89059 50 29775
953 86877 90574 102 344203
954 86920 96413 102 532673
955 87240 87740 20 7676
956 87587 89810 39 29592
957 87892 90034 66 93342
958 88057 89442 84 52209
959 88323 99785 111 716460
960 88348 98929 119 521229
961 88359 91757 131 113978
962 88706 89901 5 4556
963 88791 92129 39 39919
964 88831 88965 126 10220
965 89152 94819 33 29195
966 89369 91659 51 67304
967 89747 94231 119 191975
968 89839 89984 131 14797
969 90793 94436 9 15867
970 90829 97303 12 31234
971 90924 94815 123 596380
972 91138 94091 110 220729
973 91156 96198 94 281060
974 91451 93314 60 109927
975 91653 99098 131 151799
976 91774 93467 30 40176
977 92038 95361 52 107409
978 92201 92905 92 51394
979 92650 96938 93 93921
980 92671 92740 119 1945
981 92790 96285 14 33197
982 92930 93659 18 3089
983 92949 94919 10 8448
984 93146 94163 148 111955
985 93254 93678 62 10055
986 93562 94778 103 32457
987 93642 97760 99 252917
988 94135 96189 15 8537
989 94572 98769 137 516320
990 94813 97298 6 4909
991 95476 97674 40 53760
992 96422 98080 142 57679
993 96722 98262 56 18635
994 96734 99664 83 96719
995 97088 99317 79 67313
996 97955 99418 111 152510
997 97985 98451 20 2385
998 98628 98847 15 1069
999 98637 99892 32 15473
