50 1000 0.091
##.##...............##....................#.......
####..#.........###.###.........####......#.......
####.##.#......###..#.#..........###......##......
#..#.####.......##.#..............##.....##.......
...#.##..........###.................#.####.......
...##............#.#.......##........#.#.###.....#
...##......................#........#######..###.#
..####...................####........#.##...###..#
...####.....................###........#....######
.....#.......##..##......#.#####......##.....#####
..........######.............#...........#...#..##
.........#.####..............#.##...#...###.......
.......###.#.##...............##...#####..###.....
.......#####..#.#.#...........##..#...#..##.......
......###.#...###.#..........####.###.#..##.....##
.......#....#####.##.........###.###.....#.......#
.............###..#.............#####...........##
............#####.##.............#.#..###...#.##.#
.............##.######..........##.#.#..##.#####..
............##...####.#...##....######..#.##.###..
#....##............##.######......#####...#.......
#...###.#..........#..######....#####...#.#.......
#....######..............######...###.#####.......
#...########.............#.####..####.####.....###
....###.####.............#...##..###.###....#..###
.#..##.#####............##..######.#.##.######...#
.###..#####............#######.#####.##.##.#######
...##..##.................#.########.##.#..###.#.#
....#..###................#.#...#####.#.....##.#.#
................#.........#....####.#.......###.##
................##.........########.........##...#
..............#####.......##.#..#............##...
.................#.............##.................
..................###...##...........###..........
..................###....######....####..........#
.....#####.........####...######....###...#.....##
.......###.........###......#####.....######....##
.........##..#...............##.#......####......#
........###.##...##.#..........##.......#.##..#.##
.........#.##.....###........###..........##..####
..........##......###........###..........#..##.#.
###......###....#####.#.....##............#####.##
#.......###........#.##.....#.##...#........##...#
.......#.#..#..#...#.#..#.#####.####.............#
.......##.####.##.##.####.#.######.#.#...........#
........##.###.#.########.###.#.######.#....##....
##.##...##.#####.#.#..#...###.########.#..#.###...
#####...########..##.......#...###...###..####....
.#.#.....##.###...##..........#####..##.######....
.###.....#....#.................##.........###....
0 1 8425 88 399570
1 172 4644 11 16227
2 287 11478 32 224322
3 329 705 25 2486
4 479 4532 49 82225
5 577 1421 63 11084
6 709 8050 4 14248
7 776 5067 120 188795
8 817 1430 107 16599
9 840 6915 15 49623
10 943 4818 8 29168
11 972 1261 33 16372
12 1031 4401 30 26586
13 1089 14713 24 144649
14 1103 7759 18 127107
15 1130 11768 31 84095
16 1173 1293 71 8553
17 1389 4175 5 2804
18 1419 8547 4 5171
19 1598 11330 8 31089
20 1911 2696 36 8523
21 1969 9311 118 671228
22 2075 8673 40 116603
23 2153 6876 76 56106
24 2350 2483 118 13397
25 2383 3914 30 18939
26 2387 3252 34 7755
27 2440 17147 69 430046
28 2491 4779 13 10922
29 2794 3281 111 39895
30 2905 4146 113 183288
31 3020 4064 31 10542
32 3021 13427 23 79829
33 3126 4774 113 61547
34 3308 3896 94 19370
35 3422 6447 58 49262
36 3425 8987 27 52426
37 3556 9237 12 34533
38 3585 5946 118 179930
39 3587 11318 75 155498
40 3796 31967 6 40535
41 3854 6653 14 26419
42 3856 8441 42 51832
43 3963 8705 21 26834
44 4074 10025 42 71409
45 4149 11921 75 166279
46 4170 12317 141 432925
47 4296 9243 10 17231
48 4346 11808 12 47345
49 4632 5925 5 4532
50 4667 5084 111 19705
51 4748 7484 70 181852
52 4974 6175 91 82893
53 5015 15928 112 298138
54 5070 8148 17 7070
55 5094 7053 31 36692
56 5195 8443 99 66374
57 5346 8859 32 75912
58 5448 7560 99 154726
59 5450 6092 31 15148
60 5453 9353 8 17602
61 5787 12362 8 18303
62 5851 8736 47 113088
63 5856 13412 14 22181
64 5871 8675 4 2302
65 5950 14138 6 26184
66 6056 6500 135 18803
67 6065 6095 148 5448
68 6119 8538 77 148656
69 6235 10242 142 220945
70 6319 7505 20 27543
71 6332 9118 61 64428
72 6388 14928 134 434537
73 6390 7167 7 4637
74 6567 9208 116 214906
75 6868 11084 75 63074
76 6971 7183 5 704
77 7028 9547 68 41920
78 7062 9526 89 57972
79 7132 12914 90 293394
80 7423 11660 69 78404
81 7598 20472 11 63031
82 7650 7711 6 119
83 7804 8850 65 40874
84 7964 10371 16 41817
85 8002 8797 49 15781
86 8139 9357 71 56489
87 8172 12464 66 46013
88 8308 8879 80 12420
89 8516 9135 83 33188
90 8525 11481 95 99093
91 8666 9056 11 1727
92 8715 14386 76 532466
93 8728 9907 57 28148
94 8745 8869 97 9129
95 8819 12136 26 26324
96 9016 9649 35 13757
97 9020 10312 129 94692
98 9737 10981 41 39432
99 9741 12405 37 11647
100 9929 17959 38 117125
101 9962 14431 56 98299
102 9992 17845 140 434785
103 10017 10627 51 7985
104 10427 19993 136 228974
105 10637 10886 106 44323
106 10659 11273 117 88751
107 10836 13809 13 20452
108 10902 13402 63 182988
109 11064 18183 8 33295
110 11068 19329 150 474746
111 11101 30057 57 818694
112 11264 12782 125 78145
113 11315 14105 67 64845
114 11317 28693 20 89094
115 11384 14001 17 57191
116 11445 13512 114 170663
117 11471 12179 16 10285
118 11764 15161 140 256478
119 11784 14597 71 75528
120 12039 13070 19 6976
121 12080 14095 50 58067
122 12315 13474 21 39095
123 12395 16205 108 202967
124 12685 13081 24 4615
125 12841 16063 93 158290
126 12848 16631 136 178727
127 12908 20135 79 224410
128 12975 19672 126 318112
129 13015 21668 114 211017
130 13418 14192 112 35364
131 13454 14988 114 252171
132 13469 14108 61 12113
133 13549 16235 37 72724
134 13648 15219 46 72464
135 13873 15666 122 56494
136 13969 15095 66 16552
137 13995 16629 20 36847
138 14072 14270 4 170
139 14280 19727 112 548979
140 14366 15045 137 52769
141 14453 16086 133 113311
142 14694 16978 7 2943
143 14695 17618 142 367216
144 14815 15637 29 19163
145 14879 15765 143 36283
146 14891 16212 109 79151
147 14893 20786 80 121420
148 15082 16277 143 242617
149 15106 16050 79 62064
150 15132 16463 93 94091
151 15251 15356 104 4183
152 15284 16742 104 28948
153 15443 17186 111 140023
154 15451 19794 7 19276
155 15554 22719 135 247150
156 15599 21726 14 57308
157 15764 20146 51 84307
158 16193 16639 39 10149
159 16259 20427 53 127083
160 16470 24295 133 363943
161 16578 18861 7 7341
162 16908 16919 18 163
163 17012 32153 74 559612
164 17022 21278 87 184357
165 17272 17673 23 3106
166 17296 20009 32 26991
167 17324 17514 102 12169
168 17505 24451 38 64198
169 17581 19077 74 39640
170 18182 19994 32 21078
171 18192 18538 26 10222
172 18202 19058 52 55520
173 18306 19216 12 15100
174 18471 20209 57 48849
175 18553 18609 88 1487
176 18642 21107 32 15115
177 18737 18940 27 2119
178 18826 24384 123 226999
179 18955 20094 41 26812
180 18973 22149 147 230807
181 18974 19875 122 43575
182 19083 26327 109 99209
183 19100 21226 24 14001
184 19346 26728 15 94747
185 19348 22734 74 84035
186 19457 29862 60 275417
187 19582 23813 41 64446
188 19642 22995 36 59667
189 19712 27213 59 87054
190 19752 21514 115 65919
191 19806 21000 18 23665
192 19874 19990 148 13876
193 20084 25300 105 371404
194 20105 21491 19 7021
195 20218 28789 4 8661
196 20351 25876 37 114085
197 20421 24997 62 263616
198 20703 23243 120 74029
199 20818 30179 46 230665
200 20852 21522 30 13046
201 20996 29216 49 94025
202 21196 23525 45 80246
203 21244 23555 15 12261
204 21373 25951 6 4927
205 21392 24294 17 32580
206 21418 21789 13 8850
207 21432 25820 65 157154
208 21454 21495 143 6976
209 21621 23576 4 4800
210 21739 30028 94 213644
211 22039 22796 33 10463
212 22137 22649 124 33134
213 22536 27427 10 10428
214 22617 24779 57 53939
215 22629 24310 112 85546
216 22819 31121 10 43312
217 22836 26303 55 112248
218 22862 24851 48 47352
219 22868 25725 100 24995
220 23025 26122 86 69992
221 23363 25512 94 131100
222 23547 31901 53 145236
223 23659 34477 32 200413
224 23767 28525 88 102554
225 23820 24941 18 4058
226 23866 26713 12 14760
227 24082 24280 95 8717
228 24103 27008 39 77095
229 24223 28364 70 153846
230 24413 28071 45 74924
231 24558 26629 13 17163
232 24657 25294 119 22337
233 24690 24900 81 11974
234 24725 24797 52 3913
235 24726 29167 136 241512
236 24909 26954 115 121556
237 25094 25906 127 116325
238 25183 26201 5 1656
239 25217 26422 71 31845
240 25273 25633 8 1474
241 25409 34515 26 66166
242 25439 26423 11 4621
243 25481 25739 137 13162
244 25516 26712 81 100336
245 25549 35285 81 237474
246 25640 29006 77 241806
247 25769 25982 131 12214
248 25824 30107 89 87227
249 25889 28829 16 6402
250 25965 31444 57 116505
251 26076 26449 24 2177
252 26185 28530 38 61900
253 26329 27847 50 33530
254 26409 29884 32 50616
255 26450 31643 38 139747
256 26661 28067 25 15188
257 26684 44012 106 378659
258 26692 33268 80 347661
259 26718 27500 29 5525
260 26810 28499 9 29549
261 26896 31306 131 299226
262 26900 29152 59 88034
263 26933 31029 33 82531
264 27056 28654 95 105999
265 27101 28167 143 86987
266 27540 30171 29 70604
267 27544 27713 92 3395
268 27676 28521 59 11788
269 27935 31339 4 6725
270 27939 28274 129 10878
271 28221 31162 141 154014
272 28257 29950 20 20007
273 28301 31347 37 86180
274 28317 29869 30 43780
275 28406 36854 30 84961
276 28753 32533 30 16928
277 28886 31634 126 209293
278 28935 29086 11 1300
279 29001 31293 10 4060
280 29003 34399 142 363031
281 29020 34925 108 617506
282 29098 33247 63 129289
283 29153 36139 39 74150
284 29258 36180 42 171331
285 29367 31873 89 58788
286 29488 31914 11 20100
287 29529 37851 25 73880
288 29644 32843 124 264889
289 29875 30204 48 9436
290 29946 35843 9 9544
291 29991 32074 9 7641
292 30135 34656 15 19104
293 30266 34063 143 117526
294 30304 31832 5 2476
295 30335 34055 59 112213
296 30396 31140 85 47478
297 30486 31185 53 106418
298 30544 32205 79 85999
299 30574 31190 57 9929
300 30697 31919 80 69229
301 30943 31705 62 59662
302 31080 45476 34 225061
303 31081 31968 97 44630
304 31101 40239 130 453262
305 31179 37089 49 176270
306 31266 35940 27 49178
307 31366 41687 75 413511
308 31386 32596 132 78357
309 31405 44407 35 625728
310 31408 33291 121 70224
311 31449 31855 11 1302
312 31489 32109 6 3809
313 31520 32462 53 38852
314 31576 36398 76 111065
315 31592 31947 79 34349
316 31649 33094 112 68013
317 31940 33227 68 38648
318 32002 50347 138 1005359
319 32137 34836 79 65533
320 32168 34069 113 69839
321 32392 36576 93 231644
322 32441 33783 32 24140
323 32467 36430 140 129473
324 32494 43291 11 39632
325 32527 40594 23 26480
326 32668 34110 18 49776
327 32824 33994 34 6264
328 32861 37688 9 52449
329 32905 39117 9 6330
330 32988 37575 80 127674
331 33104 36553 29 70348
332 33636 33691 8 469
333 33735 34865 8 3537
334 33781 51097 40 252271
335 33944 34350 9 4227
336 33992 38356 70 207038
337 34211 46420 41 99536
338 34442 43293 9 23636
339 34664 49363 50 190106
340 34675 59093 26 347840
341 34722 38612 115 508334
342 34908 42446 50 137336
343 34924 38267 109 207984
344 34938 37202 24 19402
345 34986 42322 98 207759
346 35011 35148 22 2687
347 35065 48109 55 539945
348 35089 41440 81 143479
349 35158 40274 141 536900
350 35336 41118 12 35939
351 35341 40077 5 8361
352 35573 37427 9 13124
353 35598 35621 45 1008
354 35631 38865 14 11935
355 35692 37671 12 8835
356 35856 37712 18 7730
357 36117 37704 82 62725
358 36234 41189 149 251164
359 36268 37625 7 5206
360 36276 37809 22 21173
361 36366 40528 52 65662
362 36435 45368 29 162027
363 36663 36918 55 5739
364 37199 39223 95 172149
365 37203 40280 79 113595
366 37297 41011 5 17422
367 37357 42958 18 31926
368 37377 38555 10 4281
369 37405 39588 21 11131
370 37634 41554 99 66365
371 37661 38659 65 119100
372 37810 56092 97 932849
373 37836 38350 34 8382
374 37926 44390 134 188256
375 37984 40952 4 5940
376 38091 38989 82 9835
377 38097 38687 19 5778
378 38211 52727 40 149543
379 38325 39945 87 38130
380 38447 39985 31 34936
381 38485 43513 64 32173
382 38536 52693 98 845861
383 38564 43754 67 135698
384 38617 39064 105 33253
385 38669 38857 141 6138
386 38771 44835 16 32637
387 38841 49760 47 137833
388 38867 39786 72 21105
389 39002 42224 11 13163
390 39049 46679 56 259513
391 39159 39874 86 47561
392 39292 40199 137 69861
393 39294 41179 86 135801
394 39671 41798 29 17728
395 39714 40228 49 14447
396 39840 43289 144 339962
397 39960 41661 135 77663
398 39981 46778 16 122848
399 40066 42884 80 420361
400 40157 45296 55 193990
401 40219 49867 88 254059
402 40261 41944 109 60504
403 40365 45583 19 29754
404 40376 41129 47 28365
405 40429 43006 49 98401
406 40492 44455 12 10127
407 40744 40900 69 3615
408 40771 41139 22 2263
409 40829 47649 75 332662
410 40871 44381 12 17757
411 40891 41569 6 1355
412 40987 43487 22 27060
413 41062 56483 56 725761
414 41088 49324 71 496098
415 41349 44136 17 30354
416 41446 46998 7 14507
417 41465 43450 61 45306
418 41491 46202 32 47542
419 41556 45729 126 463673
420 41658 46380 120 195134
421 41741 48828 28 127020
422 41953 48331 121 439219
423 42003 50162 126 625882
424 42013 42128 10 769
425 42076 43472 24 17380
426 42137 43233 18 4172
427 42213 43033 13 3045
428 42354 43539 90 105582
429 42359 48290 115 306595
430 42386 43066 35 10519
431 42484 45851 63 107265
432 42611 46768 119 267437
433 42626 48337 129 279446
434 42649 58741 6 19876
435 42875 43890 41 21455
436 42934 46472 30 20162
437 42947 43047 24 2268
438 43115 43502 40 6361
439 43203 43966 124 17860
440 43248 44626 52 33938
441 43259 48125 5 12550
442 43287 49960 81 155094
443 43288 47545 17 65353
444 43541 47156 8 15984
445 43572 43805 41 8524
446 43613 53375 7 27783
447 43717 43786 91 2462
448 43794 44072 115 14012
449 43936 46027 8 13986
450 44042 59730 6 29955
451 44084 50675 44 178309
452 44275 53483 118 509704
453 44372 45318 36 11276
454 44480 46715 61 45175
455 44481 45170 133 108175
456 44503 48566 71 59438
457 44597 44829 58 3639
458 44612 52749 143 523407
459 44808 47071 132 161289
460 44905 45816 46 63731
461 44932 51174 5 14672
462 44984 45324 13 1539
463 45003 55023 46 109011
464 45024 45610 54 12863
465 45048 45409 143 74104
466 45063 45605 6 1863
467 45278 52140 121 203671
468 45705 48713 5 4269
469 45784 49478 67 217995
470 45798 47357 82 41671
471 45876 47069 104 20642
472 46270 47155 75 20335
473 46351 46832 68 11847
474 46373 66152 29 139336
475 46430 49163 59 135795
476 46501 49340 44 49597
477 46528 49111 29 28806
478 46589 48916 55 95408
479 46634 49925 21 53277
480 46908 47665 69 18115
481 46933 61539 30 41419
482 47006 47561 61 9302
483 47127 47884 6 4718
484 47289 52547 100 464699
485 47424 58922 63 428376
486 47570 47765 76 3010
487 47669 50316 119 193117
488 47698 48924 110 24063
489 47734 47999 16 2026
490 47770 49630 95 101190
491 47869 54137 38 202786
492 48455 48783 20 4510
493 48636 53510 13 13469
494 48660 48866 87 12164
495 48669 48944 112 18093
496 48807 53009 125 106649
497 48962 49566 30 10176
498 49003 52161 101 37772
499 49424 53317 12 15979
500 49485 51885 10 2963
501 49511 49799 16 2837
502 49609 50799 28 10032
503 49696 50069 13 3679
504 49786 50269 29 11726
505 49811 52310 70 78852
506 50569 69478 9 99107
507 50841 53649 24 23437
508 50941 51538 11 4256
509 50975 54183 64 22284
510 51001 54764 63 68887
511 51075 51265 31 6100
512 51099 54668 8 18788
513 51194 57514 144 118937
514 51312 52671 11 2594
515 51543 59300 108 310940
516 51580 54854 147 147078
517 51613 51748 99 6136
518 51702 52489 4 3580
519 51773 54736 77 67197
520 51936 55173 99 170373
521 51949 58669 48 201266
522 52116 53900 57 49333
523 52130 55518 41 82766
524 52193 54543 123 204637
525 52285 54327 66 56293
526 52315 52369 8 253
527 52347 55264 20 59051
528 52411 56838 121 535717
529 52511 55098 42 66394
530 52619 53920 46 23443
531 52846 59228 114 223906
532 52905 55921 22 13856
533 52940 54025 7 5992
534 52957 59158 34 64660
535 53038 53766 15 2413
536 53208 54255 5 2879
537 53367 54839 20 22149
538 53400 56824 39 30553
539 53472 55833 96 63594
540 53495 54928 63 29861
541 53525 58295 145 278732
542 53578 53668 42 2579
543 53657 60417 5 16330
544 53669 57307 39 64732
545 53951 55639 14 18737
546 54151 57624 46 25748
547 54293 63090 64 86494
548 54359 55977 28 18197
549 54362 56822 34 46741
550 54370 57161 7 4239
551 54409 60958 62 483383
552 54630 73173 54 1030423
553 54777 61744 65 279496
554 54803 55760 20 5528
555 54886 59255 58 45890
556 55127 55320 106 9889
557 55185 60212 14 13241
558 55208 57306 30 27527
559 55305 55993 34 8913
560 55345 56214 87 23944
561 55356 58795 93 460003
562 55387 59268 56 119893
563 55714 57824 78 108445
564 55875 57386 50 47597
565 56335 60753 37 48930
566 56428 58283 55 31532
567 56446 59546 96 46674
568 56596 67866 62 187358
569 56713 60865 98 168498
570 56739 65603 18 63497
571 56891 65043 32 116727
572 56909 58278 10 8370
573 56974 63890 17 40202
574 57396 66649 7 26009
575 57434 59504 36 49252
576 57477 58391 94 47956
577 57541 58728 44 27422
578 57768 60435 34 31293
579 57776 59095 24 8632
580 57811 58493 17 4316
581 57831 67551 30 170258
582 57937 63790 118 559864
583 58235 60945 7 8841
584 58268 59626 5 3640
585 58347 61198 93 200971
586 58387 60574 80 50573
587 58442 64976 18 59505
588 58449 76796 5 61272
589 58533 60358 45 44279
590 58809 65684 5 7562
591 58921 62694 56 74741
592 59103 64980 11 12662
593 59232 60873 24 25888
594 59241 61564 36 35438
595 59424 59548 101 5449
596 59436 76970 47 354472
597 59712 62519 110 226131
598 59772 65201 27 84097
599 59794 63191 53 48863
600 59817 68360 18 14470
601 59986 60757 19 3220
602 60058 61492 16 9178
603 60064 64088 87 217065
604 60146 60377 7 520
605 60347 62737 40 23005
606 60454 60638 14 2623
607 60472 61091 38 7400
608 60711 62136 19 17306
609 60980 64137 142 262903
610 61122 62435 41 31039
611 61172 66473 39 54042
612 61223 71263 32 158253
613 61418 72851 8 51791
614 61896 63596 85 91743
615 62036 64043 7 5286
616 62082 67180 46 75763
617 62277 73679 27 48051
618 62507 71130 64 111612
619 62827 69728 38 518388
620 62849 71332 60 114110
621 62851 64358 10 3775
622 62878 78063 28 168805
623 62890 63949 98 71325
624 62982 73919 143 483530
625 63175 72626 133 696809
626 63186 65204 112 116141
627 63206 69079 89 197294
628 63209 71448 59 104802
629 63222 67548 149 159243
630 63308 65946 23 37607
631 63337 65017 18 30797
632 63356 64180 61 43330
633 63420 63959 36 11621
634 63471 65509 95 181019
635 63478 69316 104 544759
636 63484 64149 94 16409
637 63683 69034 74 58367
638 63750 69200 5 7349
639 63836 65662 20 67858
640 63986 64773 38 12046
641 64032 66653 107 157336
642 64139 65510 81 49104
643 64178 65197 26 16088
644 64282 64375 64 6897
645 64313 66165 7 3985
646 64381 65362 116 102876
647 64413 64490 129 3856
648 64496 67732 23 14609
649 64513 66016 7 8397
650 64562 69884 91 497356
651 64615 65335 21 12945
652 64797 67531 17 35333
653 64825 64932 7 508
654 64916 65387 17 5776
655 65014 65922 25 13249
656 65018 68128 15 24642
657 65072 68831 35 152017
658 65101 65693 39 11886
659 65168 69951 8 37272
660 65203 66107 62 22445
661 65217 69920 143 210622
662 65253 82175 58 647127
663 65298 68203 145 299143
664 65344 66811 141 104917
665 65361 73596 51 57242
666 65512 66410 95 34722
667 65643 67407 99 33894
668 65647 72081 7 18056
669 65661 70268 38 29515
670 65686 75634 136 377097
671 65699 66115 142 19602
672 65773 73685 34 85468
673 65812 74993 29 87359
674 65919 68578 9 18447
675 66000 71553 100 170657
676 66006 78040 43 418035
677 66209 72024 45 78441
678 66232 68373 59 21468
679 66247 66804 92 83045
680 66283 66892 59 23193
681 66295 70250 30 69297
682 66328 68269 51 45027
683 66330 83736 46 670828
684 66401 88067 104 959804
685 66413 76362 91 349334
686 66477 74537 113 974396
687 66667 85596 8 58616
688 66908 68011 36 9110
689 66923 68334 63 55152
690 67074 76030 40 65576
691 67078 73169 42 114178
692 67113 73894 48 252353
693 67225 76093 147 674359
694 67229 73193 50 150497
695 67305 67957 38 13170
696 67351 76907 14 52406
697 67480 72466 41 84300
698 67536 72660 9 33702
699 67754 78002 55 134553
700 67811 72193 6 12884
701 68119 68914 148 37308
702 68166 71207 18 11269
703 68385 72395 41 56045
704 68456 75816 38 352107
705 68576 75387 20 119465
706 68623 74912 5 21275
707 68637 69845 28 25305
708 68797 73518 135 334653
709 68812 74091 21 62535
710 68945 74053 132 344651
711 69135 69196 67 1900
712 69271 70306 146 48868
713 69423 69674 13 1986
714 69426 70206 24 18199
715 69550 76124 66 116554
716 69624 72361 136 121893
717 69643 70508 64 21623
718 69722 71629 33 32601
719 69759 69907 107 7032
720 69834 70665 6 2023
721 69970 71226 101 57493
722 70000 72099 88 216951
723 70040 72056 131 88807
724 70134 81244 83 566765
725 70237 70504 47 10973
726 70258 73647 11 25837
727 70363 73280 18 43190
728 70413 72756 71 98365
729 70537 71562 140 50389
730 70619 73431 133 246053
731 70637 71575 6 6306
732 70700 72171 29 15237
733 70758 72820 40 28583
734 70831 73213 116 382306
735 70846 71119 97 17427
736 70894 77421 29 106170
737 70960 79913 12 23584
738 71025 72848 5 1586
739 71031 77951 150 549834
740 71058 78126 78 103471
741 71523 71925 56 25584
742 71717 74270 5 20342
743 71911 73383 114 41653
744 71997 79740 76 610228
745 72090 73120 28 17864
746 72138 75326 148 529008
747 72160 78521 93 53478
748 72226 72446 16 2372
749 72292 72430 93 5702
750 72299 78438 21 54794
751 72330 80146 114 130769
752 72422 72575 35 2463
753 72538 79117 41 67777
754 72574 73911 89 58505
755 72916 92006 36 167380
756 72985 83616 21 48421
757 73216 74752 43 35427
758 73458 78074 112 201963
759 73516 79125 59 215057
760 73537 74226 100 28173
761 73561 77134 57 46151
762 73589 74609 35 53483
763 73728 76882 144 163912
764 73782 74236 28 5367
765 73839 81028 89 306892
766 73997 76556 80 62605
767 74042 74628 21 9315
768 74233 80437 84 159333
769 74237 76298 5 3628
770 74378 75562 119 67440
771 74503 77712 132 258274
772 74603 81608 48 116296
773 74612 75750 25 13895
774 74672 78069 9 19884
775 74944 79104 82 41564
776 74999 81936 65 248979
777 75034 79425 14 18976
778 75052 81594 9 6802
779 75191 78455 71 68276
780 75258 76982 49 33424
781 75373 80362 100 255113
782 75756 82308 94 273297
783 75821 79100 143 403210
784 75831 76381 93 26054
785 75887 78964 104 164141
786 75933 77937 124 171134
787 76055 76387 4 1519
788 76117 78027 132 99672
789 76150 78878 53 66553
790 76231 80283 8 10107
791 76293 76376 114 24645
792 76512 80469 111 116830
793 76553 78615 40 55544
794 76568 90003 72 463421
795 76902 83930 144 356925
796 77219 77971 27 4976
797 77342 79258 6 5092
798 77427 79910 145 142280
799 77599 78966 139 76289
800 77636 81037 101 123766
801 77718 79832 92 351471
802 77956 79078 9 7742
803 78080 79304 131 59109
804 78109 80244 28 21182
805 78370 81170 6 8106
806 78481 83420 117 152901
807 78497 96940 136 635273
808 78572 82574 30 137561
809 78695 80996 27 19370
810 78816 80144 70 51789
811 78843 85494 80 172676
812 78914 92527 20 144030
813 78988 80105 135 25954
814 79129 89330 130 916701
815 79167 83054 87 209001
816 79204 80208 34 16705
817 79221 84933 26 82212
818 79308 83657 83 328835
819 79374 80855 27 46024
820 79482 83232 34 32541
821 79491 91793 47 104103
822 79670 82477 130 145413
823 79939 82309 10 23548
824 79974 81075 21 5503
825 80141 80652 21 2619
826 80219 83033 91 188183
827 80291 80788 113 56353
828 80352 81610 134 125406
829 80508 82578 124 133466
830 80602 80746 81 7683
831 80609 85356 10 12858
832 80781 81205 5 968
833 80929 82824 144 78966
834 80954 82613 59 42667
835 81046 83428 40 53187
836 81050 82747 74 25051
837 81073 81348 103 26504
838 81089 83006 101 108772
839 81309 81363 103 4052
840 81466 95802 88 2075022
841 81509 82593 117 48297
842 81657 81911 125 29330
843 81758 84355 8 7556
844 81982 82328 6 2058
845 81993 86183 143 209089
846 82101 83093 28 11339
847 82226 84998 23 42697
848 82314 82829 85 50712
849 82356 90782 16 74366
850 82421 87948 30 64541
851 82467 85636 85 65991
852 82551 84584 82 102197
853 82761 88032 57 411148
854 82956 93027 18 134519
855 82983 87180 106 170896
856 83081 83710 59 21940
857 83208 87986 17 63097
858 83307 87800 85 118715
859 83308 85697 75 125217
860 83503 85595 89 41237
861 83506 86854 140 104827
862 83519 86190 35 23715
863 83584 83706 111 5576
864 83659 88947 17 12602
865 83686 94166 36 228931
866 83957 84106 76 6331
867 83960 84563 144 53335
868 84069 85781 103 81827
869 84109 91272 5 12768
870 84322 89962 87 124949
871 84373 86606 29 11521
872 84409 88461 99 260781
873 84558 86281 26 59821
874 84799 87479 39 88274
875 84811 86387 13 10322
876 85083 89594 20 20075
877 85115 85176 107 4077
878 85346 95201 19 86109
879 85416 87792 24 24511
880 85435 90637 93 76462
881 85525 88263 145 68349
882 85669 97923 9 21014
883 85761 90753 6 28490
884 85938 89754 6 8882
885 85946 86518 65 18135
886 86060 91796 16 63156
887 86188 89057 6 5783
888 86622 91764 47 24504
889 86738 86748 10 86
890 86762 91200 12 49659
891 86875 89119 53 31583
892 86879 92335 60 57127
893 86882 86947 73 4263
894 87043 91474 11 11157
895 87106 97497 93 354466
896 87119 89681 35 43657
897 87162 89600 39 47924
898 87187 93298 46 149100
899 87250 91506 89 146982
900 87350 88519 18 12962
901 87405 88663 93 38325
902 87467 91421 45 35444
903 87522 98524 83 468640
904 87556 88421 85 21808
905 87589 93306 33 65400
906 87594 93853 49 333472
907 87799 95675 108 333273
908 87819 89562 51 75674
909 87836 88676 32 10904
910 87874 99072 43 545167
911 87955 98636 56 95172
912 88030 88645 34 7577
913 88157 90288 144 256178
914 88478 94145 37 99407
915 88684 93180 47 120360
916 88723 90600 121 126228
917 88758 90342 14 10388
918 88798 98403 13 85101
919 88958 92817 95 292318
920 89027 89579 112 53837
921 89088 90719 9 10264
922 89405 92271 38 46312
923 89479 93768 79 231618
924 89490 93534 21 51156
925 89556 92650 30 56979
926 89564 91153 70 70265
927 89568 94731 19 24421
928 89812 91945 92 71690
929 90265 90954 7 1672
930 90306 91179 20 9014
931 90403 91330 58 31829
932 90508 95252 33 36557
933 90560 91145 116 19569
934 90619 91248 15 2270
935 90741 97369 141 493259
936 90845 93924 102 151193
937 90855 99201 73 487438
938 91030 92018 84 61777
939 91061 91120 129 3146
940 91115 93779 20 12090
941 91152 91898 44 37941
942 91205 94060 128 123169
943 91522 92932 25 13234
944 91830 93290 18 12351
945 91886 92355 39 10383
946 92074 92154 100 1633
947 92121 99602 78 90474
948 92192 94638 147 361589
949 92230 99671 15 31483
950 92256 96240 12 51910
951 92284 95238 9 14560
952 92357 97472 6 41257
953 92439 97777 75 76902
954 92577 94306 149 108304
955 92611 96034 22 13168
956 92830 93483 148 28046
957 92873 93120 62 18941
958 92902 93116 37 4858
959 92907 93126 69 7580
960 93005 99073 145 241880
961 93410 93421 128 1119
962 93455 93773 114 35332
963 93461 98006 133 557915
964 93481 97710 85 196306
965 93527 95292 9 4377
966 93607 93669 31 610
967 93867 98107 98 302894
968 93869 95936 7 5851
969 94114 95849 32 19681
970 94119 96007 39 47019
971 94174 97463 18 22223
972 94217 97013 105 84840
973 94507 99751 40 154980
974 94642 95608 33 20361
975 95019 98633 23 18791
976 95123 96395 39 19001
977 95183 96450 27 20973
978 95303 95928 24 12297
979 95349 95875 40 8513
980 95378 98233 71 100299
981 95489 95723 91 12417
982 95729 97500 52 57377
983 95801 96979 7 8119
984 95924 96136 73 10960
985 95926 96973 132 39777
986 96520 97487 16 6016
987 96953 97987 6 4276
988 96969 97195 27 2213
989 97119 97841 53 21687
990 97382 98252 108 19263
991 97854 98307 94 10538
992 97975 99505 139 82179
993 98687 99917 15 38480
994 98689 98862 119 37237
995 98783 99214 58 8464
996 98912 99521 94 39685
997 99279 99699 95 23117
998 99354 99384 25 353
999 99530 99689 101 7544
