50 1000 0.098
..................................................
..................................................
..................................................
..................................................
..................................................
..................................................
..................................................
..................................................
..................................................
..................................................
..................................................
..................................................
..................................................
..................................................
..................................................
..................................................
..................................................
..................................................
..................................................
..................................................
...........................#......................
........................#####..#......#...........
........................#.##..##.##...#...........
.......................###########.#.###..........
.......................####.############.#........
................#.......###############..#........
..............#.#.....###.#.#####.########........
.............####...##..###.##########.####.......
..........#..####..#############.########.........
.........###.#############################........
..........############################..#.........
..........##########################...##.........
.......##...############################..........
.......#########################.####.####........
.........###############################..........
.......###############################.##.........
........##############################............
........###############################...........
...........##########################.............
........###.#####################.##..............
.......#########################..###.............
.......#.########################..#..............
.......######################.##..................
........###########.###########...................
.......###.###..############.###..................
..........#####.###.######.#####..................
..........#......#..#########.....................
.....................#..###.#.....................
....................##............................
..................................................
0 94 564 20 7903
1 147 3651 33 123133
2 173 938 30 38617
3 210 279 34 1785
4 362 658 54 6008
5 422 1867 149 96534
6 515 2423 79 55163
7 537 3208 61 98914
8 622 7047 47 149108
9 877 2427 127 32089
10 928 1126 55 1977
11 1000 2323 45 38285
12 1014 8048 35 57256
13 1024 2917 124 119798
14 1078 4728 20 33789
15 1088 1810 20 3620
16 1103 1194 25 1392
17 1136 2858 15 13992
18 1383 3197 13 9804
19 1400 13308 48 325343
20 1471 4054 71 33783
21 1692 2767 67 61514
22 1716 3543 9 4574
23 1782 1921 34 2476
24 1791 7160 131 406737
25 1812 3744 93 34322
26 2002 9025 122 289874
27 2109 2508 16 8209
28 2315 3771 74 73225
29 2444 8582 43 140551
30 2573 3809 8 6193
31 2798 4495 148 148821
32 2868 3010 35 4781
33 2894 3968 103 16000
34 3061 6011 28 21430
35 3083 3671 65 11482
36 3116 9644 117 293465
37 3129 4969 25 20070
38 3133 7849 67 59316
39 3145 3632 54 11700
40 3232 4036 6 4976
41 3334 14426 149 964300
42 3421 3990 148 30371
43 3705 3790 125 15159
44 4181 6615 15 25626
45 4243 6856 44 266198
46 4296 4890 35 7316
47 4356 5253 39 21022
48 4585 12258 109 347281
49 4601 4760 11 1992
50 4626 5115 19 3976
51 4824 5427 7 1762
52 4958 15958 9 20635
53 4964 4972 6 39
54 5149 8778 51 65433
55 5165 10170 47 93455
56 5371 6875 41 7335
57 5514 9989 139 391848
58 5550 11712 137 304339
59 5599 9661 9 26116
60 5684 6791 91 44115
61 5706 10024 13 31920
62 5834 6457 142 37554
63 5930 7051 60 19558
64 5981 14886 108 432376
65 6021 21205 123 809281
66 6090 8409 49 157593
67 6274 11186 13 14743
68 6535 13944 12 36870
69 6550 12522 134 238006
70 6821 12850 55 207767
71 6851 7194 142 158589
72 6914 6938 109 1894
73 6970 8855 15 30984
74 7025 7053 63 1828
75 7533 9738 114 86561
76 7549 8603 117 33376
77 7551 11103 9 15584
78 7734 8275 134 23036
79 7795 10627 134 181250
80 7991 8182 52 3915
81 8082 16637 80 216935
82 8353 9925 11 9458
83 8388 9613 30 9939
84 8569 8585 80 609
85 8675 13724 32 80220
86 8988 11827 6 3163
87 8997 15943 33 58035
88 9052 14343 42 147553
89 9214 9618 112 62950
90 9314 14526 81 122459
91 9393 11107 87 218564
92 9550 11892 97 98617
93 9627 20689 115 587036
94 9803 14216 64 188102
95 9815 10117 85 15550
96 9830 11519 47 26234
97 10093 10677 106 23616
98 10274 11890 58 35588
99 10290 11326 5 1973
100 10429 14157 50 66524
101 10534 13113 6 4985
102 10694 15155 7 9672
103 10792 13173 113 222300
104 10848 11753 137 36210
105 10926 11825 139 103225
106 11084 13675 19 52700
107 11169 13116 8 5503
108 11236 12542 81 21717
109 11239 15235 121 288074
110 11295 15054 8 7339
111 11330 14197 14 5622
112 11440 14726 14 15484
113 11529 11789 111 8540
114 11745 15766 37 96280
115 11856 17246 48 77482
116 11993 13088 33 19328
117 12006 14602 110 203132
118 12026 13096 105 35479
119 12249 27830 6 38190
120 12496 13136 135 75084
121 12566 13604 106 39858
122 12601 27688 32 256035
123 12820 23559 23 77765
124 12906 15395 41 21384
125 12956 14246 28 21351
126 13043 15680 65 88798
127 13094 14362 12 3812
128 13151 16170 36 50398
129 13188 21682 139 408755
130 13207 16082 147 212790
131 13273 16301 27 32701
132 13320 17475 97 125679
133 13461 13544 74 5215
134 13505 13828 117 53696
135 13857 14901 5 3580
136 13903 19731 39 144140
137 14044 14844 14 19159
138 14149 14471 100 5985
139 14230 17579 116 211375
140 14231 28546 13 188298
141 14666 15180 28 10301
142 14677 18854 129 243159
143 14854 19555 52 158764
144 14863 15932 63 34016
145 14986 15032 40 1418
146 15247 16513 120 125963
147 15360 15521 123 13048
148 15683 18653 37 52557
149 15807 26470 33 132785
150 15841 22315 86 280294
151 16025 21204 122 210982
152 16125 19059 27 59321
153 16306 20357 127 189000
154 16414 17069 147 65143
155 16440 28268 89 112934
156 16467 21482 92 121282
157 16494 16893 47 8486
158 16554 18007 32 20456
159 16627 20983 78 130658
160 16643 18749 18 11109
161 16739 17675 25 21537
162 16759 24861 143 547006
163 16776 26594 95 364076
164 16795 24116 19 195040
165 16820 19489 91 153891
166 17058 22066 136 131972
167 17182 19082 19 26392
168 17203 21078 129 145972
169 17264 19020 64 63242
170 17341 18730 118 39232
171 17343 21906 9 66626
172 17355 19502 53 56350
173 17368 19974 78 132087
174 17458 19926 82 72039
175 17463 17945 109 52337
176 17518 17620 56 3861
177 17710 23348 14 46517
178 17939 18970 119 43254
179 18044 22490 11 39629
180 18077 24403 57 250778
181 18097 23468 36 123751
182 18130 22849 119 461587
183 18181 20222 20 29192
184 18256 19453 52 39995
185 18448 23758 100 489294
186 18574 19755 66 24426
187 18585 21433 25 27419
188 18693 18799 84 3583
189 18856 19114 72 26645
190 18957 22043 33 85921
191 19037 24496 79 241193
192 19176 21017 5 3268
193 19285 20226 143 84504
194 19309 24884 20 57568
195 19357 21852 74 53761
196 19417 20516 15 14876
197 19633 26169 6 11188
198 19709 21106 106 115215
199 19713 22275 20 12911
200 19892 22202 146 86029
201 19945 29170 140 567987
202 20009 20769 13 9080
203 20146 22708 55 9838
204 20170 21199 31 8646
205 20266 23729 10 24730
206 20291 23329 6 14586
207 20348 32159 17 81548
208 20416 24252 32 66142
209 20470 26883 120 299002
210 20485 20852 86 13688
211 20650 23043 63 63983
212 20676 21041 59 5801
213 20875 21587 127 12377
214 21119 23610 74 67755
215 21134 21697 70 22589
216 21161 21339 51 3727
217 21637 22083 32 6219
218 21686 28615 21 100011
219 21756 22556 67 34159
220 21787 25724 83 54250
221 21788 33784 51 406145
222 21800 21982 120 14657
223 21916 28431 19 55965
224 22104 27514 33 74852
225 22106 26568 10 15334
226 22287 23393 4 6036
227 22339 22731 69 21139
228 22527 29269 130 768599
229 22566 24873 20 16212
230 22581 28089 9 38115
231 22689 23865 14 14790
232 22972 25477 79 52189
233 23111 29620 36 240433
234 23354 25142 132 63990
235 23434 33475 80 499347
236 23447 24780 121 110823
237 23613 26987 131 129762
238 23656 30987 89 191854
239 23671 24190 38 25563
240 23697 27247 143 432287
241 23746 26501 125 119363
242 23830 27116 36 50379
243 23888 25134 21 29285
244 24073 27152 128 292086
245 24183 29091 64 65934
246 24292 26207 21 19764
247 24334 25709 20 12606
248 24519 26100 104 122965
249 24525 24700 72 1773
250 24589 26332 121 135536
251 24591 25410 91 110761
252 24606 25054 46 7385
253 24609 27724 93 72901
254 24624 25650 64 30363
255 24736 27518 21 17140
256 24820 25796 43 73545
257 24917 25154 82 15819
258 25107 26006 77 60420
259 25151 26590 144 97488
260 25238 35024 26 141024
261 25330 28540 148 341357
262 25418 26390 36 49516
263 25753 28015 60 45595
264 25797 33497 144 402862
265 25907 27898 135 142999
266 26035 27242 20 29612
267 26038 28514 13 17828
268 26136 26157 39 214
269 26364 29272 15 19804
270 26428 29305 20 29366
271 26490 26540 72 2234
272 26510 29725 61 61809
273 26557 30384 31 25834
274 26565 26673 70 3621
275 26604 27864 16 6206
276 26643 30650 5 10046
277 26692 31908 126 488734
278 26747 27765 117 22577
279 26752 28598 108 54943
280 26799 29693 62 49379
281 26852 27618 88 15925
282 26864 32607 139 1009525
283 27100 34589 89 720090
284 27103 29811 93 76343
285 27110 34194 112 365042
286 27277 28043 36 11979
287 27293 30588 12 19829
288 27331 29861 56 77325
289 27341 28195 13 3495
290 27541 31211 91 45761
291 27773 27806 80 1461
292 27826 28049 60 3819
293 27912 29941 143 46393
294 27920 29289 28 6367
295 27942 34628 122 396229
296 28595 28891 19 2437
297 28634 35153 71 248321
298 28698 30531 81 38066
299 28731 28758 16 346
300 28838 34332 6 19633
301 28844 30203 5 3956
302 28940 32287 42 25889
303 29040 32194 73 157397
304 29044 35276 78 117011
305 29071 30006 99 74691
306 29188 33196 82 111329
307 29249 29447 52 6534
308 29345 30155 71 20310
309 29378 34293 53 84773
310 29379 30850 53 38247
311 29386 29901 11 4116
312 29418 29513 58 5556
313 29477 29697 76 4835
314 29632 33442 35 39307
315 29684 29712 129 3116
316 29747 30779 23 13131
317 29828 36025 79 156363
318 29844 30457 100 88598
319 29960 35725 34 38169
320 29972 30816 69 46302
321 30064 30658 81 9798
322 30110 38076 39 207664
323 30162 30236 55 2934
324 30182 40447 109 395320
325 30223 30846 32 5471
326 30264 32347 104 109399
327 30550 36975 20 66265
328 30709 30782 91 2320
329 30719 31541 136 51367
330 30729 46959 16 186663
331 30780 31088 72 28963
332 30802 31849 115 59395
333 30922 30990 5 174
334 31051 38773 23 50128
335 31065 32821 81 112306
336 31126 33018 53 33547
337 31349 36980 11 42691
338 31520 33081 23 14535
339 31539 32310 27 38650
340 31780 33032 92 37634
341 31975 32610 10 6508
342 32133 36827 42 50103
343 32149 32646 48 18011
344 32324 33789 99 73592
345 32410 38978 65 180803
346 32626 35189 61 98509
347 32711 33134 36 4548
348 32804 35094 20 35015
349 32812 38153 95 207035
350 32813 38524 22 56468
351 32816 36105 95 100742
352 32891 33086 59 3659
353 32917 37495 21 68419
354 32938 42952 7 24439
355 32978 40995 95 415343
356 33059 36252 18 6601
357 33120 36299 16 20378
358 33142 33898 75 10955
359 33341 37267 147 310550
360 33373 35292 77 115540
361 33421 36142 11 7047
362 33457 38567 25 30998
363 33462 48407 67 128288
364 33569 35876 25 7108
365 33634 36729 133 275090
366 33645 36492 99 277082
367 33649 39645 43 135542
368 33656 35438 125 148803
369 33723 46171 135 605767
370 33771 35368 98 26016
371 33969 34660 105 34105
372 34100 35112 110 66657
373 34211 35337 56 19176
374 34314 34379 93 5265
375 34330 37629 118 232262
376 34333 39616 19 12332
377 34452 40360 137 135534
378 34475 43862 33 139589
379 34594 36081 67 55301
380 34614 35119 45 8966
381 34629 38140 113 86778
382 34826 36046 18 5705
383 35042 35293 52 3331
384 35154 35248 12 448
385 35240 41830 91 271281
386 35251 35377 47 3565
387 35379 36322 63 19349
388 35498 35988 148 44618
389 35703 39589 25 58415
390 35893 37369 21 12758
391 35977 38576 81 67696
392 36534 41198 4 12155
393 36687 39392 51 51735
394 36800 40622 18 29859
395 37334 40331 7 4104
396 37471 41144 34 45073
397 37505 37576 88 5803
398 37598 37693 118 7107
399 37677 40501 103 384100
400 37735 38372 90 56159
401 37736 50761 61 481778
402 37811 38766 55 19982
403 37981 39364 77 64600
404 38057 43554 82 106128
405 38139 38882 34 20945
406 38197 41120 136 179871
407 38302 44794 8 20100
408 38475 39329 17 7523
409 38815 40716 13 6003
410 38874 42824 39 44907
411 38880 38932 12 385
412 38883 39352 141 37181
413 38900 44909 149 395755
414 39074 40044 21 6179
415 39182 40465 121 56027
416 39196 46856 75 713159
417 39242 47737 64 594464
418 39408 49899 100 444707
419 39522 44021 6 5156
420 39541 43269 68 216505
421 39660 41187 22 6206
422 39796 41909 96 129925
423 39887 48622 98 504153
424 40018 43971 45 85335
425 40053 42707 62 52988
426 40142 42882 122 162281
427 40199 48454 11 38222
428 40471 47618 51 284540
429 40534 47874 118 246203
430 40837 46110 17 26321
431 40898 44101 74 141735
432 40899 44337 41 22572
433 41009 45660 49 67001
434 41074 41832 58 17044
435 41208 45738 10 11928
436 41252 41687 57 9854
437 41298 41552 69 17914
438 41662 43200 31 24372
439 41731 47942 10 23523
440 41826 43768 69 67567
441 41937 43234 53 46842
442 42071 44231 8 7562
443 42103 42286 5 425
444 42116 43010 17 22951
445 42253 42686 138 50363
446 42305 50940 21 56883
447 42441 42822 122 18633
448 42458 44708 28 16468
449 42574 45534 132 162245
450 42710 45630 96 128289
451 42778 43940 17 13221
452 42859 48669 129 300072
453 42913 44871 18 41400
454 42922 43524 7 6647
455 43071 44620 59 30081
456 43134 45205 15 7125
457 43208 51486 122 426936
458 43241 43673 107 26593
459 43262 44533 147 88303
460 43450 44215 77 36482
461 43469 47876 145 243708
462 43540 44009 5 462
463 43603 46292 103 138022
464 43638 47781 4 16761
465 43639 54382 105 173151
466 43749 45184 80 30084
467 43931 44581 9 2165
468 44503 44796 9 887
469 44623 60506 149 748982
470 44730 45279 36 7445
471 44891 51718 50 60501
472 45153 45617 63 17574
473 45239 46287 47 8464
474 45858 50108 146 151026
475 45859 49838 90 116002
476 46002 53665 47 172642
477 46015 48877 26 26269
478 46099 48390 49 51590
479 46108 46452 71 4884
480 46138 50991 37 126904
481 46315 46590 63 7956
482 46340 48925 115 77194
483 46617 47939 71 48479
484 46621 49512 60 48570
485 46694 53979 7 58889
486 46732 52823 57 121777
487 46863 47405 19 8174
488 47032 51302 79 163895
489 47051 49732 19 70410
490 47093 48817 60 86518
491 47146 51411 25 32011
492 47169 54393 63 70361
493 47231 52761 16 19949
494 47275 48582 14 10204
495 47446 52756 96 84184
496 47485 54223 119 1075745
497 47663 49259 4 2071
498 47749 55867 51 118625
499 48091 49190 6 5708
500 48158 50932 34 77661
501 48267 50901 60 101785
502 48308 52513 48 50964
503 48535 50141 10 6201
504 48548 56905 94 217171
505 48599 48871 142 21214
506 48686 48725 22 1286
507 48887 66754 4 28504
508 49032 60184 12 48436
509 49041 51209 44 63870
510 49080 52100 118 166684
511 49291 51698 21 10541
512 49322 49379 25 1213
513 49428 55183 82 177921
514 49469 50970 14 14040
515 49517 50871 12 9513
516 49688 50120 12 1804
517 49951 52166 38 39494
518 50023 69950 148 2497377
519 50057 51926 65 181216
520 50083 52629 41 38374
521 50196 53445 7 14226
522 50216 58098 9 18494
523 50235 51246 20 10259
524 50310 60364 67 343664
525 50378 51706 56 55192
526 50424 55017 141 147176
527 50461 54443 22 25179
528 50510 52933 50 86469
529 50615 53159 93 93531
530 50625 55082 143 425898
531 50640 51052 123 22212
532 50685 51829 57 53628
533 50764 50852 72 4077
534 50812 58557 16 35169
535 50846 60604 8 9081
536 50939 63436 37 86639
537 51019 51641 71 50022
538 51081 60225 45 108407
539 51115 67345 136 614805
540 51276 56074 11 28226
541 51277 51365 124 3507
542 51362 52335 10 5046
543 51653 52001 90 20627
544 51834 63748 18 151693
545 51871 55242 102 57589
546 51918 52089 11 908
547 52030 52674 54 9545
548 52107 52744 8 5211
549 52132 63572 96 309636
550 52171 52337 143 16834
551 52227 55752 10 15276
552 52233 53836 147 84771
553 52410 52476 26 728
554 52516 56605 145 518313
555 52518 53024 67 40268
556 52611 53514 94 33822
557 52649 57191 119 227805
558 52718 54316 28 25970
559 52758 59258 15 56439
560 52830 53121 141 33815
561 52891 55963 38 94892
562 53080 59402 111 691860
563 53100 62341 149 1135667
564 53164 55424 14 12246
565 53681 58846 11 21230
566 53855 59251 147 168145
567 54011 63550 14 73307
568 54023 56345 5 7676
569 54058 62359 73 230896
570 54069 54137 9 191
571 54078 55153 39 48423
572 54125 60358 38 30402
573 54150 63413 95 263036
574 54340 59306 135 317883
575 54351 60849 66 325306
576 54424 57972 58 89719
577 54486 54799 73 12102
578 54713 55988 106 191021
579 54727 59321 84 246131
580 54819 56522 105 30318
581 55003 55233 7 435
582 55034 56894 63 66939
583 55045 59652 95 206023
584 55092 56668 32 23780
585 55499 55863 150 41522
586 55546 58422 87 96160
587 55571 57450 141 212093
588 55768 57493 145 89733
589 56018 57816 16 5893
590 56070 56377 98 50621
591 56108 59577 68 51924
592 56236 57381 92 34035
593 56237 57196 70 28282
594 56756 58108 39 12584
595 57073 60335 5 5228
596 57203 60686 5 13264
597 57239 64924 25 92711
598 57393 59921 42 54510
599 57396 59432 25 29125
600 57526 61731 86 105902
601 57628 63132 51 259853
602 57641 60404 103 143999
603 58033 64553 88 52828
604 58121 66274 98 422604
605 58128 73107 67 385960
606 58139 61302 46 56193
607 58363 65914 129 1947481
608 58520 65697 55 115220
609 58828 60207 54 68722
610 58849 68536 23 36806
611 58874 59005 13 1026
612 58977 60752 64 66594
613 58981 60557 65 19595
614 59001 61824 46 28516
615 59013 60705 79 65551
616 59032 61353 23 28743
617 59055 64525 130 482695
618 59136 61070 12 16926
619 59330 67055 7 36228
620 59414 61105 98 164019
621 59586 59992 144 10747
622 59612 60986 39 34331
623 59648 69832 43 153217
624 59784 61650 138 74451
625 59829 61615 64 80309
626 59878 61542 7 8340
627 59911 60868 56 46924
628 60159 61400 115 140920
629 60177 60771 13 5402
630 60212 60803 48 11764
631 60223 73224 65 347303
632 60452 62073 10 2868
633 60663 67549 115 604713
634 60883 64419 144 311032
635 60987 63168 15 4897
636 61139 62601 41 25972
637 61218 68667 8 25583
638 61300 69031 25 119164
639 61390 65557 17 27647
640 61560 62764 126 38709
641 61614 63195 60 47625
642 61689 63274 43 31988
643 61718 61984 18 2380
644 61720 64286 11 14189
645 61822 61827 39 142
646 61892 65347 143 246758
647 61995 64764 142 219482
648 62019 62904 71 10202
649 62058 64288 103 203655
650 62063 62952 40 28458
651 62100 64282 60 55729
652 62229 64940 86 63214
653 62378 64629 59 91437
654 62385 84705 9 73621
655 62408 63660 90 59444
656 62658 68198 108 277103
657 62752 74961 44 121766
658 63030 72528 144 512356
659 63094 65280 78 58188
660 63144 68001 144 214850
661 63200 67207 126 221963
662 63242 63258 59 825
663 63266 63610 16 1817
664 63284 70864 70 290717
665 63363 63722 31 4921
666 63442 64822 33 47037
667 63664 63696 15 263
668 63837 64216 23 3024
669 63960 69548 46 331466
670 63970 66154 13 10000
671 64025 64754 29 16313
672 64029 64689 53 51885
673 64153 64735 127 48805
674 64381 65203 20 12850
675 64478 65154 83 6881
676 64506 66384 105 191405
677 64516 83231 115 443041
678 64651 65048 141 105197
679 64667 67522 12 55482
680 64706 74004 63 413106
681 64719 68781 128 260174
682 64827 66933 34 15433
683 64925 65078 4 576
684 65374 67340 101 50359
685 65454 65956 21 3466
686 65676 72330 74 269489
687 65879 69522 13 12301
688 65895 67628 93 30973
689 66232 67881 7 3521
690 66370 68332 99 129484
691 66385 67092 18 10812
692 66538 66831 25 809
693 66778 67854 99 23617
694 66820 69052 138 229457
695 66823 74660 89 372465
696 66895 68546 70 93118
697 66948 69761 36 25538
698 66978 68936 17 16339
699 67077 74079 10 30958
700 67148 69659 115 192200
701 67288 71059 121 253868
702 67465 69865 39 97541
703 67505 68160 15 2145
704 67572 67835 29 1303
705 67681 73913 52 118183
706 67739 72733 58 64548
707 68111 69183 57 18527
708 68230 68669 74 12136
709 68239 73209 16 40560
710 68477 68647 5 729
711 68706 71278 22 16950
712 68718 69252 131 38507
713 69401 80118 53 82904
714 69576 71264 85 96627
715 69617 70402 9 7495
716 69807 70454 58 5203
717 69821 70767 12 4431
718 69933 70320 5 190
719 69964 82351 93 186678
720 69993 77160 85 361624
721 70049 71180 44 21938
722 70079 71400 59 26261
723 70162 70881 12 2320
724 70262 70283 5 32
725 70276 70604 13 2563
726 70363 73051 140 251888
727 70373 70515 20 1188
728 70754 71144 138 19906
729 70799 73191 56 51873
730 71134 75282 13 22405
731 71279 71364 4 411
732 71323 73031 32 20242
733 71376 74413 50 170542
734 71603 72245 49 23110
735 71836 73949 12 9607
736 71842 71872 27 589
737 71855 72271 59 11346
738 71939 75971 13 21227
739 72197 76573 117 85253
740 72457 81451 51 118457
741 72794 83039 128 447445
742 72884 82444 41 126457
743 72994 73595 48 23559
744 73058 73953 62 6866
745 73105 81158 38 99992
746 73117 73120 106 491
747 73129 75429 38 45630
748 73151 73657 7 467
749 73237 74739 101 57646
750 73323 73722 60 34764
751 73352 75812 7 20518
752 73364 76060 16 30623
753 73461 79705 109 178965
754 73502 78251 36 112322
755 73510 74815 69 34205
756 73579 75889 140 286969
757 73879 74474 62 31863
758 74089 83401 51 175125
759 74148 74853 126 27572
760 74195 74870 26 31176
761 74303 76256 22 17243
762 74320 80739 148 509857
763 74392 77501 57 125035
764 74503 75049 6 1705
765 74615 79464 146 420542
766 74735 91078 31 452405
767 74898 84915 97 330868
768 75016 75426 128 36020
769 75150 76164 39 56322
770 75193 76458 40 20274
771 75238 82883 82 465165
772 75512 75948 36 8465
773 75595 76924 83 19751
774 75715 75739 12 316
775 75963 77836 65 27052
776 75998 76043 37 1604
777 76017 76293 40 2281
778 76099 76120 97 4223
779 76125 80254 52 185458
780 76177 82911 20 70343
781 76205 76936 66 11221
782 76252 81821 83 204884
783 76424 76610 113 4456
784 76510 80088 55 160131
785 76566 79301 17 16974
786 76664 80407 77 100607
787 76733 76945 63 14563
788 76756 83928 111 190993
789 76998 77883 117 44578
790 77272 79544 30 42005
791 77287 81679 18 38508
792 77423 79306 147 392981
793 77521 78893 71 46439
794 77573 80269 17 25372
795 77581 83567 52 129992
796 77670 79815 55 31834
797 77762 78097 59 2869
798 77888 78327 7 953
799 77982 81114 41 47445
800 78038 79013 121 64471
801 78065 81354 116 282921
802 78090 90196 73 279072
803 78181 80288 34 27521
804 78240 78424 83 12574
805 78250 84815 35 120554
806 78457 80223 15 6157
807 78527 78925 6 2332
808 78581 89520 12 91616
809 78584 78821 35 4461
810 78774 84670 97 155489
811 78808 79795 46 19940
812 78960 88306 15 68728
813 79110 80765 37 31212
814 79276 81490 16 12293
815 79433 82520 30 130005
816 79490 82737 70 163356
817 79588 80029 83 35099
818 79669 79920 15 2160
819 79716 81959 53 69607
820 79846 85643 51 147405
821 79929 81954 65 17119
822 79940 81626 116 196378
823 80000 81155 5 2191
824 80035 84956 127 210476
825 80187 80554 14 3411
826 80206 80908 21 6833
827 80207 80757 78 21300
828 80292 86567 139 159898
829 80735 83023 101 47049
830 80809 85769 132 208985
831 81026 93412 38 410195
832 81071 90944 7 32980
833 81329 94317 20 61813
834 81463 82096 11 1338
835 81514 84638 6 9886
836 81520 82319 63 19585
837 81524 88241 46 236161
838 81562 82713 77 38780
839 81603 85180 52 68423
840 81709 84282 26 17570
841 81817 91369 52 257336
842 82101 83733 104 53975
843 82151 84181 144 58451
844 82228 88336 19 81306
845 82392 87400 32 122364
846 82481 93935 11 39225
847 82542 82814 43 5150
848 82557 86238 97 137831
849 82835 82841 55 260
850 82885 92598 27 101895
851 82891 87384 77 161172
852 82958 83360 38 4639
853 82964 84022 57 23481
854 82980 83371 40 10520
855 82987 84339 80 42106
856 83115 83220 81 5958
857 83147 95244 11 31774
858 83209 83579 7 869
859 83265 83747 20 7198
860 83339 87982 85 82460
861 83356 83378 4 57
862 83364 84665 13 6202
863 83445 83989 66 24460
864 83486 99900 6 64834
865 83551 85193 14 6726
866 83620 85951 45 24185
867 83743 84899 124 44060
868 83937 86498 23 23465
869 83950 92085 16 67724
870 84215 84953 41 26614
871 84272 85022 73 15711
872 84373 86722 66 70048
873 84472 85973 44 77557
874 84476 85077 8 946
875 84499 84813 109 28208
876 84581 86658 30 38370
877 84691 92455 130 716794
878 85065 91820 60 199706
879 85066 86925 117 54067
880 85349 91788 15 52627
881 85445 86606 84 23697
882 85476 91179 76 431102
883 85642 91295 19 129772
884 85746 98733 75 517708
885 85753 90321 138 90491
886 85871 85876 142 685
887 85892 87472 16 17501
888 86102 86931 37 9753
889 86193 99515 20 185741
890 86290 90704 119 153240
891 86360 86982 8 6411
892 86417 87027 106 46969
893 86485 86859 14 2712
894 86537 91823 65 328008
895 86543 93405 138 401052
896 86635 90720 17 23499
897 86817 90308 108 73159
898 86958 89852 74 53219
899 87133 90335 130 181419
900 87154 99350 93 456143
901 87187 89258 4 2004
902 87199 90232 122 97928
903 87290 88265 91 42021
904 87313 88637 21 19331
905 87490 88021 117 35348
906 87672 89303 23 15709
907 87848 88892 19 12268
908 87968 88517 79 39226
909 87977 88651 99 18688
910 88123 91109 99 304567
911 88266 92145 10 15575
912 88342 89340 6 3342
913 88504 90757 37 87053
914 88540 92984 46 120489
915 88600 92870 90 247621
916 88667 90977 48 53390
917 88763 94163 25 21625
918 88918 90257 6 3866
919 88939 94837 40 58498
920 89352 90732 26 50955
921 89508 94912 52 38615
922 89509 90957 20 9162
923 89671 91654 15 10367
924 89679 95060 15 102723
925 89700 91677 131 140455
926 89745 97108 18 20385
927 90022 91115 139 72405
928 90202 98053 148 319458
929 90262 95330 4 12432
930 90461 92628 16 24463
931 90568 95938 4 6294
932 90891 92371 119 91853
933 91050 92357 49 17724
934 91175 94111 60 138928
935 91229 93326 79 57644
936 91245 97058 72 213466
937 91277 94876 10 15572
938 91348 91556 113 8866
939 91358 91672 34 3359
940 91367 93829 110 49842
941 91405 93341 137 104568
942 91675 94640 45 73732
943 91696 94148 28 41473
944 91703 98031 142 277187
945 91782 93745 38 88048
946 91909 98634 71 157002
947 91976 92616 11 3667
948 92005 93990 47 61490
949 92034 96408 45 83413
950 92069 92687 65 33141
951 92132 93001 56 14651
952 92221 95794 133 532786
953 92356 99842 5 9359
954 92505 92693 147 11813
955 92654 95476 148 196766
956 92758 96510 78 113679
957 92958 98251 107 207287
958 93201 97099 5 9953
959 93240 97071 103 415564
960 93334 95854 32 8614
961 93458 93562 21 2104
962 93657 95456 116 106156
963 93720 94075 28 1643
964 93796 95636 24 12481
965 93877 98441 46 52952
966 94016 96457 70 242775
967 94269 95806 94 53474
968 94342 94347 98 602
969 94343 95537 100 48777
970 94385 95208 11 4494
971 94459 96828 32 33151
972 94672 95673 80 27732
973 94674 98375 9 12440
974 94678 95109 101 29532
975 94867 95193 8 2068
976 95022 95133 11 687
977 95374 96831 5 3505
978 95828 96970 8 5517
979 95879 96908 112 38318
980 95931 97236 75 62717
981 96147 96656 66 9104
982 96193 97225 83 56020
983 96274 99833 18 31812
984 96561 99871 27 14693
985 96661 97227 40 10052
986 96784 98387 28 37931
987 96852 96922 148 4349
988 97183 99623 18 16724
989 97354 98266 83 36153
990 97644 98393 43 13788
991 97809 98724 141 61235
992 97967 99398 7 3224
993 97978 99924 9 12576
994 97998 98094 120 4519
995 98201 98714 76 23891
996 98371 98695 22 3508
997 98715 99946 10 10989
998 99188 99790 77 14863
999 99239 99630 12 5936
