50 1000 0.019
..............#####....########..#####.#####......
..............###.......#######..######.####......
.............#######......#.#...#.####...#........
...........#########.#..........##.#######........
..........#####.######..........#####.#...........
.........###...###.###..........#######...........
..........########.##.........########............
............########..........#########...........
............#.####.##......###.#########..........
...................#.....#######.#####............
................#........#####.#.#.#####..........
#..#.....#########.......###.#..##.#..#...........
#####......########.......#....####...............
###.####....#.###...............##................
#######.......###...#....................#........
######....#..#########.##...............##........
#.###.....########.#####................##.#......
#..#.......##.#####.####....####........#####.....
...........######..######..###...........####.#...
..........##.....#######....#.........##...#####..
...........#....#####.####..##.......##....######.
.............##.##########.##.#.....###...###.####
...#.###.....############...####.....###.#.###.#.#
...######...##.##################....##.#####..##.
..####.#.....############.#.#######.#.######......
...###.#.#....#.##.###############.#########......
..#########....##...##..#.#####.###.########......
....#######....###..#...#.....###...######........
..####.######..#...##..##.....#.......##.#........
.##.##..#.###...........#..............#.#........
#####..................................#..........
######......##...........#.#.##...................
#####.......#...........##.####...................
##.###......#...........##..####..................
######...#####.........#########..................
...#.#.########.........##.#####..................
...#...#########.........##.##.#..................
.......#..######..........#.#.###.................
............##.............##.#.##................
.............##............#..#.#.................
.....####..###.##.................................
....#######.####..................................
#######......##...................................
#######.#.........................................
###.######........................................
.####.#.#.........................................
###.#.............................................
##................................................
###...............................................
.#................................................
0 13 562 30 13694
1 224 635 64 18799
2 406 6528 92 317031
3 615 11267 111 894544
4 821 14518 52 356259
5 849 4333 43 55587
6 878 21141 40 186865
7 1013 13188 11 98141
8 1204 4237 8 5647
9 1299 3835 14 23603
10 1362 8672 44 249376
11 1378 3820 58 114796
12 1474 11495 101 415761
13 1499 6958 66 608281
14 1505 2216 113 64047
15 1691 5037 34 81751
16 1700 20518 26 194066
17 1753 2553 100 57870
18 1765 17282 10 67148
19 1789 3622 144 278070
20 1921 12072 15 49355
21 1984 4894 133 349839
22 2020 3744 118 52622
23 2053 5158 83 342271
24 2093 2384 28 4636
25 2128 6358 72 232468
26 2178 3303 52 46972
27 2289 5345 16 23657
28 2308 4569 92 71312
29 2383 9464 19 47154
30 2427 18739 14 70568
31 2472 2746 23 11607
32 2491 4729 15 23220
33 2512 7238 14 6273
34 2518 6130 139 192513
35 2551 3340 98 9779
36 2716 3232 14 6556
37 2792 14963 13 30472
38 2877 14470 72 551149
39 2959 13227 65 127079
40 3204 25032 6 71745
41 3228 7757 26 45184
42 3310 8930 100 155661
43 3323 4097 31 14753
44 3410 7087 4 6005
45 3476 15324 70 402166
46 3581 4101 16 1906
47 3623 7583 37 32375
48 3674 5984 5 34349
49 3732 12556 34 127191
50 3812 5201 61 62410
51 3831 8617 79 187096
52 3880 5287 118 96408
53 3996 8783 9 18684
54 4079 8118 32 88973
55 4105 16032 45 234601
56 4187 14822 28 115196
57 4188 7846 69 152611
58 4193 5646 10 9997
59 4380 12784 15 48143
60 4648 22713 17 204429
61 4715 12732 6 30516
62 4792 20602 15 120771
63 4944 6218 30 10767
64 5023 6647 48 81510
65 5044 7034 24 46413
66 5107 13931 15 40714
67 5114 8032 54 56501
68 5150 15451 115 416784
69 5321 43892 5 38541
70 5528 6557 13 9642
71 5552 7477 38 38164
72 5656 7393 11 4859
73 5829 10411 61 151754
74 5968 12630 82 522612
75 5995 9220 26 46952
76 6001 17092 99 654002
77 6156 13180 7 17221
78 6158 9529 7 16420
79 6245 30712 23 189082
80 6270 32809 77 522243
81 6291 7934 15 6296
82 6298 12402 13 16350
83 6525 16106 121 211299
84 6811 18308 137 881932
85 6951 16108 6 19957
86 6990 19750 33 146313
87 6994 23708 85 634975
88 7008 8999 40 27584
89 7044 11762 63 186568
90 7145 15984 20 90242
91 7232 9043 4 1865
92 7308 14328 18 37724
93 7407 25223 129 1192726
94 7636 11392 31 17918
95 7812 27044 7 62434
96 7826 16017 41 110948
97 7847 12761 68 187774
98 7874 17154 32 242618
99 7915 15636 85 117437
100 7929 10293 22 23200
101 7947 16675 23 124707
102 7960 14183 21 51203
103 7984 13710 145 1243728
104 8005 14299 12 23460
105 8141 9096 42 12534
106 8304 8607 19 1702
107 8322 10537 77 40055
108 8355 10837 10 12614
109 8465 30897 126 1246497
110 8485 18300 108 468658
111 8564 13044 49 83964
112 8638 20734 49 180867
113 8666 13819 77 55310
114 8688 11293 114 309344
115 8802 9026 58 6344
116 8841 9199 38 3600
117 9048 13277 122 407576
118 9134 13451 98 406003
119 9148 16756 119 327599
120 9153 17046 8 14078
121 9398 19711 17 34191
122 9409 23224 15 111086
123 9528 10281 28 14418
124 9653 24510 131 729197
125 9728 11758 29 13069
126 9776 14006 112 132987
127 9831 12314 31 34770
128 9838 15661 8 42706
129 10174 25389 99 809205
130 10378 21608 13 63334
131 10388 15849 7 11777
132 10575 17160 39 287337
133 10630 26624 39 174083
134 10920 11066 28 1314
135 11065 16642 147 187027
136 11186 13332 12 23755
137 11858 12588 35 5431
138 11940 13419 126 45597
139 11943 12398 56 21950
140 11960 24980 10 56161
141 12182 13093 5 2527
142 12343 23266 15 45154
143 12412 22853 7 16024
144 12501 15358 32 49264
145 12652 14738 82 61338
146 12691 23994 31 102673
147 12738 17630 67 226379
148 12765 20496 13 31072
149 12819 14599 144 160867
150 13269 18443 33 62356
151 13380 29782 76 551756
152 13746 30417 139 1184274
153 13788 42993 8 73237
154 13882 19271 11 48660
155 13988 29359 138 669581
156 13997 22820 26 180937
157 14135 15967 63 39967
158 14141 15899 16 5509
159 14442 54977 39 347195
160 14469 14866 83 41779
161 14709 17301 11 8653
162 14857 17927 142 235876
163 14960 36368 14 86275
164 15052 16555 20 36181
165 15137 24659 142 505443
166 15332 17294 139 44208
167 15343 16347 28 19377
168 15384 16492 127 121776
169 15402 15717 136 24086
170 15476 19840 112 645404
171 15528 36080 26 209377
172 15646 28732 12 70587
173 15851 16374 37 20678
174 15945 17962 7 8705
175 16025 23865 20 158948
176 16040 25605 104 540159
177 16066 22452 31 117972
178 16260 20309 10 19078
179 16354 16649 35 6423
180 16648 22640 147 622874
181 16749 50921 14 323692
182 16804 27523 60 319905
183 16885 18658 8 7047
184 17076 18741 133 187222
185 17080 20035 102 680002
186 17163 21615 26 32555
187 17174 22595 75 69078
188 17308 27760 13 52942
189 17425 18437 6 2803
190 17491 21538 14 21562
191 17557 60537 121 2444071
192 17572 22755 17 37125
193 17580 21211 108 161073
194 17732 18043 138 22965
195 17866 29201 24 284116
196 17916 29730 27 128549
197 18055 21999 141 194195
198 18126 26990 13 19222
199 18342 34234 26 63739
200 18350 25236 24 58816
201 18434 24118 91 192839
202 18497 29924 32 174017
203 18548 42077 115 438840
204 18797 23004 4 6723
205 19157 24023 88 327976
206 19323 33109 86 1632018
207 19410 28282 26 158373
208 19575 27879 7 64149
209 19699 22635 63 65439
210 19775 29978 48 337271
211 19855 20388 22 3004
212 19896 20059 80 10919
213 19917 23193 63 67867
214 20051 20728 125 30555
215 20105 22824 11 4370
216 20168 36600 17 101741
217 20403 21774 145 221527
218 20435 20706 6 1108
219 20510 26242 11 21920
220 20603 28631 115 694446
221 20766 26144 12 17177
222 20810 41534 71 624539
223 20836 28750 56 213493
224 20856 23488 70 149353
225 20899 25346 20 12901
226 21054 25615 4 6549
227 21371 23509 124 255423
228 21691 25436 65 71101
229 21820 29669 10 46415
230 21899 39062 28 97963
231 21901 30091 85 302297
232 22021 32524 84 499799
233 22068 22141 107 4167
234 22091 22637 78 16617
235 22112 43547 61 340015
236 22247 31615 139 305715
237 22275 31806 26 63085
238 22419 33030 126 352969
239 22598 26821 6 9082
240 22715 28787 17 40942
241 22741 25441 86 286918
242 23021 29785 111 636013
243 23117 24669 42 34352
244 23271 24189 62 32784
245 23292 33780 55 720378
246 23382 31626 44 117530
247 23403 24762 37 9769
248 23433 23689 31 9308
249 23512 33217 21 56895
250 23567 25608 20 25099
251 23604 36586 15 163501
252 23829 27407 79 110695
253 23874 36809 41 108525
254 23915 37132 31 148997
255 23980 46940 30 585446
256 24025 24330 41 8169
257 24071 28985 149 380620
258 24237 28317 34 58264
259 24245 33863 135 219990
260 24255 39012 48 214186
261 24294 34153 5 9883
262 24318 33970 52 209118
263 24508 40397 57 445031
264 24729 32460 84 81865
265 24815 27303 4 10947
266 25251 35060 29 138001
267 25342 30057 129 332907
268 25404 31969 13 27699
269 25852 42756 91 353479
270 25911 35570 16 37182
271 26105 44619 131 279338
272 26161 35653 15 84361
273 26402 28729 46 22591
274 26508 38968 29 46638
275 26535 28945 38 62162
276 26698 33836 135 305385
277 26710 38838 50 198135
278 26745 31868 28 116709
279 26817 28528 62 80655
280 26948 30724 105 139066
281 27029 33455 133 314677
282 27279 31616 140 409183
283 27415 35111 17 74369
284 27459 28792 14 7551
285 27514 29769 22 14492
286 27652 31524 32 27858
287 27697 34304 45 167712
288 27707 40755 99 1268141
289 27708 28168 75 14650
290 27870 56095 49 482999
291 27874 34000 22 61067
292 28124 34237 21 83045
293 28138 28778 55 7412
294 28189 32286 69 146706
295 28222 38311 39 170283
296 28382 30046 14 18426
297 28391 47898 61 509822
298 28618 50029 117 387681
299 28676 35830 97 303541
300 28746 29476 107 29474
301 28809 30392 66 26917
302 28845 39479 28 58883
303 28881 30571 101 70287
304 29165 35398 13 96010
305 29263 37822 115 480889
306 29298 39990 146 352025
307 29353 31564 33 28202
308 29511 48877 122 729660
309 29626 45597 23 68920
310 29673 54142 55 308469
311 29720 36985 7 10330
312 29856 35138 70 82522
313 29964 49950 45 749822
314 30023 38263 80 477806
315 30267 35104 8 12374
316 30791 48504 128 230503
317 30853 36516 56 196724
318 30933 32563 104 93092
319 31046 59104 37 445494
320 31088 39669 145 362159
321 31400 31760 65 12978
322 31433 38369 5 12573
323 31471 34755 45 62064
324 31517 40766 46 428457
325 31529 36039 27 44899
326 31576 36663 39 56437
327 31636 40288 135 327092
328 31701 35967 10 23074
329 31853 38433 143 890168
330 31945 36264 137 134763
331 31984 34576 114 178472
332 32008 45160 115 746109
333 32176 34282 73 85587
334 32191 32614 23 3283
335 32230 32938 72 19181
336 32256 32584 85 35964
337 32406 34966 23 23005
338 32651 32729 31 930
339 32668 40816 37 68397
340 32690 38807 134 968780
341 32704 33553 148 24427
342 32711 38255 40 171675
343 32764 33233 99 29396
344 32782 60057 118 1079996
345 32883 40400 44 163090
346 32964 41238 11 40688
347 33031 34899 127 39243
348 33089 37367 132 268977
349 33095 39317 88 152074
350 33205 43310 72 110274
351 33282 35738 50 72390
352 33373 54285 77 252544
353 33541 44555 74 437163
354 33621 42860 12 25744
355 33650 34333 30 15113
356 33783 42853 126 455546
357 33986 63252 54 1273824
358 34231 35188 85 19949
359 34479 37691 131 305612
360 34567 52755 59 175432
361 34678 41128 114 834009
362 34733 40465 138 194618
363 34766 39923 116 247129
364 34770 49390 89 532448
365 34828 41595 12 32341
366 34856 48630 87 599082
367 34890 45837 15 122812
368 34959 57017 69 365899
369 35059 47614 22 131480
370 35102 51441 19 226758
371 35131 42442 50 172266
372 35622 40827 35 66471
373 35828 42151 121 449824
374 36095 72559 8 22647
375 36115 40226 12 41739
376 36240 46885 31 165809
377 36354 43520 44 177830
378 36420 41830 8 21499
379 36437 37072 42 34650
380 36459 56836 12 56826
381 36469 40299 141 111069
382 36528 57637 18 153650
383 36616 57674 14 350723
384 36735 75652 33 349421
385 36765 40311 136 167748
386 36981 42456 15 35757
387 37081 48890 28 192343
388 37178 43581 5 31752
389 37213 38328 110 62907
390 37223 39455 119 157014
391 37237 45669 35 126396
392 37269 42816 48 215158
393 37405 49976 5 26335
394 37423 44694 4 11239
395 37654 40515 60 58625
396 37679 43609 121 227672
397 37807 38607 74 106965
398 37853 39352 8 9371
399 38191 51926 56 461582
400 38234 47728 47 520913
401 38248 51831 128 1007733
402 38429 38699 123 17309
403 38462 40322 7 8483
404 38505 63814 65 1165956
405 38850 44238 60 91255
406 38942 39199 95 12363
407 38981 45682 68 219815
408 39015 86372 46 392799
409 39091 44374 122 208119
410 39138 43176 23 44662
411 39240 39752 70 53773
412 39281 46090 45 129117
413 39373 49619 129 1347414
414 39417 64056 31 116050
415 39419 51941 148 983252
416 39565 42575 43 104069
417 39600 46280 32 76192
418 39612 51334 102 340697
419 39657 49186 21 33256
420 39758 43457 43 168103
421 39881 46765 50 171624
422 40130 52835 6 20827
423 40162 41141 32 22735
424 40443 41793 85 48121
425 40538 45701 27 40583
426 40753 44318 65 49308
427 41019 53358 131 263718
428 41073 51283 65 398105
429 41105 43318 14 21859
430 41180 42083 6 5424
431 41206 44887 82 269607
432 41379 47180 37 28704
433 41493 43052 84 172959
434 41536 47986 83 254480
435 41701 50112 54 332897
436 41755 47059 24 103447
437 41879 58503 36 75527
438 41914 46664 79 697727
439 41984 48513 109 298970
440 42145 43277 64 37807
441 42150 56993 33 164752
442 42195 45267 29 34981
443 42226 45003 32 21999
444 42237 53757 74 338160
445 42272 43855 40 26084
446 42325 46036 12 20604
447 42392 49208 9 29837
448 42469 86703 115 2119843
449 42623 53895 63 473487
450 42666 43069 82 25941
451 42715 46632 93 218834
452 42792 43158 77 32308
453 42815 69311 84 528305
454 43080 44242 142 52887
455 43335 44573 17 8225
456 43351 64167 131 1792353
457 43374 44620 40 27289
458 43453 48731 67 131608
459 43464 44026 45 18104
460 43733 53429 64 154675
461 43737 44551 4 757
462 43741 43810 9 345
463 43800 44079 127 48903
464 43909 50457 63 358305
465 44028 48390 82 97308
466 44030 55284 147 877790
467 44046 54483 47 593624
468 44091 46313 149 210563
469 44109 45466 71 50339
470 44269 47224 102 63729
471 44295 48596 97 365732
472 44331 44456 52 7017
473 44334 48514 9 3217
474 44590 64533 45 277514
475 44683 49664 18 54013
476 44919 49951 60 55649
477 45020 48905 18 32330
478 45085 54079 133 961021
479 45157 53366 91 276096
480 45239 53328 111 358190
481 45344 48336 29 23553
482 45604 48244 141 547323
483 45731 55436 57 239725
484 45804 46557 19 12233
485 45841 49653 81 52522
486 45864 51452 60 258141
487 46061 49154 86 78146
488 46102 51165 51 124457
489 46206 68688 33 60437
490 46217 46436 14 1285
491 46242 49967 36 25222
492 46249 50407 4 4501
493 46299 47811 62 67473
494 46524 49165 78 67705
495 46527 50463 27 29547
496 46714 59915 111 973974
497 46725 47398 13 4688
498 46747 52163 64 176941
499 46865 54364 20 75709
500 46892 46982 101 5254
501 46906 76380 12 110639
502 47139 47444 75 25217
503 47258 54346 11 51931
504 47306 50150 140 219926
505 47489 76566 55 197879
506 47593 50566 10 8039
507 47625 63889 52 182790
508 47744 55476 54 234452
509 47770 75666 101 1681592
510 47873 64016 39 483445
511 48038 52210 107 88397
512 48291 51750 39 114201
513 48294 48522 20 1638
514 48920 53652 79 347391
515 49022 51176 53 37932
516 49055 69220 34 180023
517 49077 61256 56 116952
518 49126 51464 13 6234
519 49218 57722 96 303360
520 49354 53874 78 169104
521 49471 53559 8 12557
522 49605 50553 4 1190
523 49678 52113 112 86652
524 49704 54907 16 35767
525 49794 64614 54 145703
526 49927 55785 49 338536
527 49944 57111 5 13935
528 50045 52813 116 117320
529 50177 54711 82 651257
530 50318 51971 27 11549
531 50385 51827 10 14981
532 50500 53614 6 4623
533 50670 59713 47 276225
534 50710 51392 52 14961
535 50739 64092 15 98551
536 50799 55500 128 253095
537 51070 67827 63 252040
538 51246 56730 28 14524
539 51319 55030 6 9470
540 51338 55490 94 197092
541 51339 54392 50 53583
542 51444 53213 14 3028
543 51554 52368 61 17654
544 51691 71229 137 2305400
545 51764 52450 17 2814
546 51849 59675 53 151908
547 51886 54205 41 20495
548 51933 57688 9 13775
549 51996 55049 26 14623
550 52092 53684 9 6177
551 52126 59153 56 152809
552 52343 55403 69 28840
553 52411 54137 146 87566
554 52422 57128 69 41903
555 52448 55098 60 57736
556 52543 62531 7 17764
557 52658 54480 119 128472
558 52668 52966 20 4164
559 52783 53683 35 13618
560 52938 57374 75 126378
561 52942 57278 73 153026
562 52977 79581 9 82712
563 53017 56843 87 160927
564 53204 54056 40 39481
565 53271 65175 39 161437
566 53283 67975 6 78081
567 53562 76597 33 447692
568 53737 56516 77 41904
569 53943 58925 119 166971
570 53995 70021 101 663014
571 54354 65844 96 859354
572 54366 65272 147 1466930
573 54399 58479 6 12456
574 54414 68270 39 39189
575 54454 66846 79 343121
576 54456 55250 43 8453
577 54497 56713 66 69660
578 54535 66290 11 46729
579 54563 56601 42 15313
580 54604 80537 89 1044683
581 54628 60754 5 28951
582 54652 55110 45 25547
583 54729 78377 14 80108
584 54780 56260 69 44023
585 55052 71789 32 453872
586 55539 66726 143 1466815
587 55738 61499 69 111204
588 55914 57864 99 81839
589 56079 62804 41 185588
590 56165 61133 113 96394
591 56166 59719 59 98452
592 56198 56333 101 7014
593 56217 60239 145 179333
594 56257 67940 61 410762
595 56543 59320 11 17566
596 56609 57179 43 5275
597 56610 60259 42 48612
598 56662 60350 84 87873
599 56723 63848 8 30554
600 56764 72406 53 830921
601 56804 64063 96 330176
602 56854 78015 15 37569
603 56886 57300 123 48092
604 56989 79653 34 433485
605 57018 69010 52 252351
606 57389 62627 111 131434
607 57470 60187 41 50633
608 57670 70096 12 65732
609 57828 65065 75 137800
610 57979 62570 39 44446
611 58116 67247 24 33210
612 58340 61601 128 112307
613 58612 58913 26 10210
614 58730 64254 25 147219
615 58911 60775 118 219573
616 58961 75891 75 627256
617 58975 62589 24 19114
618 59058 61298 38 56068
619 59093 60978 35 36340
620 59103 72885 51 333076
621 59170 64373 122 217342
622 59257 76543 45 208209
623 59261 60083 31 10295
624 59359 61402 64 53836
625 59437 71672 24 122345
626 59597 77618 26 157326
627 59679 64543 4 18164
628 59902 70163 34 461587
629 59928 61511 22 37931
630 59991 74586 11 42539
631 60004 78449 99 735582
632 60025 60408 6 2525
633 60102 69624 120 803595
634 60193 64637 112 130683
635 60267 72955 92 682939
636 60284 60876 86 18993
637 60427 85400 86 1368637
638 60438 70011 73 192584
639 60532 70478 17 36674
640 60564 61198 35 6775
641 60568 61420 51 10309
642 60605 76252 31 85689
643 60642 61486 5 796
644 60645 66506 36 297071
645 60706 63754 42 58801
646 60737 65039 29 40826
647 60899 71984 115 1515154
648 60953 65234 81 114640
649 61162 75366 12 66482
650 61295 62749 51 28327
651 61361 74142 24 90062
652 61422 62554 106 134999
653 61463 66126 149 160325
654 61567 77704 20 91360
655 61678 79941 89 491855
656 61680 62401 13 4407
657 61701 67274 33 47276
658 61966 80688 146 893890
659 61973 70626 94 162490
660 62028 91543 108 889941
661 62491 70842 6 54666
662 62493 67077 84 178608
663 62598 65397 5 6951
664 62619 66657 148 350699
665 62720 63444 37 13026
666 62851 65953 13 15306
667 62866 68106 67 233790
668 62955 65760 46 57635
669 63065 72532 6 18491
670 63212 71119 71 342670
671 63245 65699 77 73008
672 63385 64776 23 21721
673 63455 66670 39 166092
674 63566 75646 57 206641
675 63685 66802 65 109198
676 63702 66094 38 46507
677 63730 94439 130 632640
678 63923 76990 8 22082
679 63981 68826 15 24695
680 64159 72749 81 142373
681 64297 93355 138 3238752
682 64404 74212 46 326943
683 64421 65061 34 13429
684 64603 65601 15 7514
685 64773 66528 13 15962
686 64787 68302 138 527526
687 64882 76727 92 316098
688 65153 65929 88 25136
689 65268 68773 87 151438
690 65430 67180 8 3382
691 65843 66845 56 10102
692 65890 72680 14 54067
693 65893 71913 55 37337
694 65936 66650 143 65102
695 65939 71625 124 327936
696 65984 67597 5 5985
697 66109 71978 142 151645
698 66182 66519 133 63496
699 66343 68367 24 32794
700 66569 67219 98 32026
701 66598 70428 15 21223
702 66645 68008 85 42442
703 66719 81313 42 339487
704 66728 68806 65 44653
705 66788 68489 89 30368
706 66833 68443 10 12047
707 66953 67213 5 563
708 66958 86860 51 483731
709 67008 71141 9 23650
710 67026 83476 44 505127
711 67079 78269 14 33308
712 67133 74060 108 121017
713 67215 69025 33 40480
714 67235 68805 89 117039
715 67282 88456 77 673621
716 67356 86057 28 151104
717 67366 70271 52 88158
718 67403 93847 34 268696
719 67427 82722 53 360048
720 67573 75294 43 233290
721 67619 71123 70 165886
722 67629 67860 44 6072
723 67782 73560 54 327432
724 67851 74598 21 31604
725 68080 73862 20 158529
726 68125 70893 20 11878
727 68293 91984 142 2220173
728 68417 76798 122 637764
729 68578 72711 82 164239
730 68632 77429 5 25223
731 68787 72828 20 29275
732 68868 74232 7 56386
733 68960 73434 148 307652
734 69046 71029 96 287085
735 69090 88900 84 4330834
736 69249 77047 26 63848
737 69346 75593 39 62614
738 69378 71279 19 25338
739 69458 69907 135 37720
740 69547 73708 44 102704
741 69551 76112 92 689821
742 69643 85331 18 92306
743 69858 70613 57 8096
744 70121 71861 76 36461
745 70244 83537 129 831763
746 70251 82085 26 225608
747 70290 72505 58 116382
748 70313 82135 74 632678
749 70436 73667 105 141750
750 70451 77779 17 24860
751 70515 77782 124 418424
752 70516 80183 71 652190
753 70521 74025 141 188793
754 70570 82947 36 112836
755 70667 81047 129 1300300
756 70680 73461 74 282350
757 70886 76313 55 311506
758 70999 81929 8 43588
759 71067 71280 104 5057
760 71118 83245 11 104240
761 71219 74347 27 84929
762 71401 85925 127 429536
763 71454 85829 53 370356
764 71522 76353 27 65774
765 71690 81162 140 710244
766 72044 84064 55 292733
767 72049 76614 8 14761
768 72088 83642 37 176883
769 72300 74611 37 28556
770 72357 75141 127 392171
771 72371 75634 103 139379
772 72429 81575 94 253376
773 72430 98440 70 221927
774 72448 75337 81 63974
775 72598 81054 107 274168
776 72622 99875 40 320742
777 72647 79760 34 82995
778 72738 74265 76 13992
779 72759 98376 7 131248
780 73010 82865 18 80756
781 73182 78800 34 92369
782 73262 79721 116 1009950
783 73474 88411 41 331641
784 73641 99812 19 165984
785 73643 79924 46 51264
786 73776 78067 147 164858
787 73808 84560 114 579862
788 73855 76375 129 213007
789 73927 74762 20 9588
790 73962 78841 4 10111
791 74026 85583 67 147837
792 74180 75733 42 18224
793 74197 78434 88 307613
794 74274 74487 4 490
795 74284 77689 31 42052
796 74336 96800 147 2695603
797 74502 82370 29 144520
798 74573 75974 14 12038
799 74600 84268 101 676961
800 74643 81412 5 7400
801 74716 75658 52 20750
802 74770 76083 77 33661
803 74942 92902 12 71238
804 74963 77434 101 174019
805 75049 76042 15 4674
806 75314 80957 18 20295
807 75358 75706 22 2704
808 75362 90449 106 588268
809 75365 75401 60 1050
810 75447 75472 80 1300
811 75463 75815 8 990
812 75721 78954 137 157118
813 75819 76300 31 4045
814 75858 78738 134 61294
815 76011 94843 5 26558
816 76184 80947 64 146745
817 76219 80133 93 202880
818 76510 78095 15 9769
819 76587 87596 109 616481
820 76646 86011 23 62685
821 76690 78113 19 16002
822 76819 78549 143 146671
823 76955 80662 131 812068
824 77002 84222 21 92950
825 77218 86009 18 46747
826 77290 83386 149 668358
827 77408 78563 62 24779
828 77427 80755 98 95389
829 77581 85562 9 49884
830 77842 79147 16 5036
831 77913 79300 16 2069
832 77989 81055 146 151776
833 78598 80230 90 233271
834 78762 87077 18 12547
835 78783 78817 33 1079
836 78844 97054 45 276647
837 78918 98585 98 1711634
838 78993 82933 21 36960
839 79198 95056 10 68622
840 79220 89431 76 235425
841 79238 93730 38 88029
842 79254 82352 27 11594
843 79870 86381 23 31896
844 79876 84137 108 135884
845 79885 84263 20 41700
846 79978 88801 88 335761
847 80003 87860 82 582538
848 80075 90136 44 70364
849 80095 83040 23 19182
850 80541 97907 125 1111658
851 80556 84029 110 194726
852 80659 83586 75 80542
853 80780 81997 71 63854
854 80907 82639 11 6681
855 80948 94487 101 345884
856 81212 81237 11 324
857 81235 82847 64 56981
858 81399 84324 59 102393
859 81583 82083 30 11292
860 81620 84820 8 15164
861 81664 93190 100 642856
862 81674 84020 51 27419
863 81826 85839 97 262682
864 81862 87027 59 94312
865 82060 91554 77 317164
866 82065 84532 56 61651
867 82107 84479 56 73090
868 82159 87048 9 19426
869 82463 83167 105 28994
870 82672 87115 72 60764
871 83100 90146 74 237590
872 83129 83935 149 32134
873 83135 85923 45 30506
874 83138 95126 38 204575
875 83195 91620 43 110076
876 83463 95798 74 368289
877 83497 86480 64 113762
878 83609 96144 66 670322
879 83684 89229 21 58794
880 83826 87107 28 71360
881 84062 97981 18 69889
882 84107 95211 90 650910
883 84118 90126 88 513265
884 84202 87818 61 144386
885 84251 84526 133 38251
886 84365 93044 58 43966
887 84642 84904 109 30303
888 84780 90367 57 306632
889 84781 90363 54 103641
890 84843 86560 111 357294
891 84853 96051 96 335709
892 84891 93173 8 33963
893 84928 89881 113 108122
894 84935 86229 107 76771
895 84970 85383 138 87494
896 85036 93224 113 543700
897 85100 90805 7 11162
898 85288 98162 79 95955
899 85318 89190 27 34322
900 85335 93318 119 509530
901 85515 89359 8 10193
902 85552 86763 106 145666
903 85618 86447 6 4250
904 85642 88153 112 173759
905 85833 91673 7 25548
906 85846 86448 70 17374
907 85892 89231 119 108468
908 85906 89053 149 287227
909 85932 91341 78 134028
910 85982 92997 21 43170
911 86148 98779 21 70678
912 86347 90063 45 14014
913 86492 90274 67 354995
914 86562 98311 5 21751
915 86640 95556 60 398324
916 86678 91515 67 101752
917 86772 91790 88 188973
918 86795 95513 16 78900
919 87090 96616 53 490146
920 87245 88525 149 96055
921 87267 88964 82 50214
922 87307 94026 129 519944
923 87479 87492 32 637
924 87487 91689 9 7675
925 87697 98561 64 361897
926 87794 87985 140 14353
927 87843 90564 63 115444
928 88118 97000 70 421432
929 88194 91727 55 65521
930 88257 96387 135 299204
931 88379 90372 77 44835
932 88476 99985 29 136761
933 88511 93413 83 86239
934 88594 90634 5 4284
935 88650 99991 55 104161
936 88881 92377 74 218519
937 88903 99694 132 842958
938 89136 95575 84 234234
939 89175 97700 28 99417
940 89182 93458 10 13349
941 89234 91317 6 12809
942 89250 97215 5 14457
943 89278 89525 109 26098
944 89601 94637 8 6783
945 89779 97930 115 338695
946 89838 92497 68 108980
947 89883 91091 68 71841
948 89908 91051 24 11107
949 90059 96311 46 208396
950 90088 91446 38 21800
951 90123 91585 112 97287
952 90259 91819 17 22444
953 90435 91955 116 161252
954 90537 93836 43 32110
955 90797 99951 102 221797
956 90992 92434 76 17719
957 91025 96633 23 54516
958 91064 98601 70 87212
959 91208 99682 29 84984
960 91330 96524 46 151231
961 91552 99706 111 205760
962 91704 93070 33 24997
963 91893 95225 104 130591
964 92242 92753 81 32273
965 92392 99251 147 593570
966 92407 96245 75 165526
967 92408 96945 23 121337
968 92566 93558 128 35297
969 92624 97630 19 53038
970 92632 93708 34 15972
971 92837 92890 125 3253
972 92967 94396 93 64386
973 93052 93175 57 3665
974 93137 95037 148 108026
975 93330 96784 8 11364
976 93387 96818 29 84991
977 93605 99384 5 31835
978 93651 96084 40 30499
979 93855 98151 50 119626
980 94491 96149 29 28035
981 94672 97274 108 181278
982 94768 96916 7 4422
983 94852 99537 45 79617
984 94858 96553 40 6067
985 94888 98518 35 71853
986 95007 96678 124 162263
987 95202 97282 110 95459
988 95415 99266 87 99905
989 95591 98707 59 37424
990 95602 97684 129 122585
991 96316 98062 128 80822
992 96767 99889 28 28113
993 96845 99942 144 150143
994 96976 98487 85 125327
995 97010 99541 49 81926
996 97372 98075 16 4474
997 97714 99109 22 11192
998 97801 99755 12 45120
999 97854 99013 55 43637
