50 1000 0.028
.............##..............#............#....#..
.............................#...............###..
......##...##................##....#..............
.....##.....##................#....##.............
....###......##..#.................#..............
.##.###.......#.##.......................#........
.............###........#...............##..#.....
..###.##......#..........##.............#...##....
..##..#.....#.#......................#.##...#.....
###..#.#...###...................#...##.#..#...#..
###........##...#................#....#.##.#......
.#..........##..#.......................###.......
.#..........#....................######..#........
...........##.....##.............#.#......##...##.
..........##....#..#.##...................##..##..
..........###.####..#.....#.##................#...
.#.........#..###...#.....####....................
###............#...#.......##.....................
##.................###.....###..............#.....
...................##..................#..######..
..#..#.##...........#.................##..#..###..
......#####...........#................##.........
.......#.#...........####.#...........###.........
.....####......##....##...##..........##..........
#.....##........#......................#..#.......
......###...#.........................#...##......
#.######.#.##......###....##........###...#.......
..#.....#####.......##..#...........#.#...........
..#........#........#..##......#..####.....#......
.......................##.....###..##....###.####.
..........##.##.#.....##........#............##...
...........###..##....##.......................##.
...............##..............................#..
...........##.............................#...##..
..........###..####...##................#.####...#
...#.......#..#..#.....................##.###....#
..#####..##...#...........#.##..........#...#.....
.###..###.....###.........#.####........#...##....
....##....#...#.......########..##..............#.
.....##.###...........##...#....###.###.........#.
......##...............##..###...#..##..........#.
............##................#......#.....#......
#..........#.#.......##..............#.#####.....#
...........#..#.............#............#.#......
..............##...#........##.....##......##....#
.............##.####......##.......#...........###
..............##.#................................
..............###..#..............#......##.......
.............###..#....#.................##.......
.......................##.........................
0 191 9024 23 60888
1 255 767 116 13058
2 401 931 117 42561
3 434 3059 6 6586
4 454 6311 48 449636
5 584 13573 87 770985
6 818 1652 28 7473
7 841 5837 19 19016
8 842 1938 38 19831
9 889 3683 13 10900
10 897 4540 46 50437
11 969 3860 10 11743
12 1064 1254 56 18447
13 1140 10687 37 125262
14 1305 3624 5 11078
15 1413 6056 89 136573
16 1448 1859 145 18610
17 1491 1720 137 6275
18 1676 9283 14 54600
19 1796 3071 71 116663
20 1974 4313 50 30457
21 2228 6783 62 241196
22 2390 3253 17 7406
23 2438 11426 81 402740
24 2511 4023 70 90868
25 2522 8666 34 239039
26 2532 4738 43 29193
27 2636 4358 116 68923
28 2666 5786 52 234946
29 2808 12716 140 315161
30 2848 4224 81 27689
31 2973 22828 89 862406
32 3046 5150 63 52826
33 3068 5659 12 5381
34 3256 7213 13 63443
35 3400 3470 16 741
36 3401 14051 105 422124
37 3599 12102 116 549829
38 3609 12030 23 172951
39 3616 8030 68 212816
40 3874 4144 89 24646
41 4021 15559 118 452800
42 4058 6525 11 16383
43 4066 9875 73 118485
44 4143 21355 128 630504
45 4147 9250 146 238919
46 4170 6571 45 32420
47 4261 11477 113 244091
48 4386 7075 99 52696
49 4480 8801 27 6921
50 4487 5836 5 3648
51 4507 8215 31 27711
52 4539 15108 58 79849
53 4574 12565 12 24969
54 5007 12241 58 247056
55 5044 6048 150 75174
56 5047 6391 10 7481
57 5120 9620 11 52637
58 5535 8384 33 43350
59 5548 6845 68 48591
60 5601 11399 38 84624
61 5655 8602 6 8443
62 5672 16582 144 399964
63 5708 9269 7 12313
64 5818 7509 60 42848
65 5883 9239 22 9373
66 5930 9306 13 89141
67 6031 12136 8 32140
68 6083 7218 66 19973
69 6225 7417 47 16314
70 6308 10190 78 111920
71 6329 7732 116 80763
72 6330 11654 6 30046
73 6354 12047 91 250848
74 6422 8050 51 18834
75 6612 13261 64 255153
76 6797 11978 27 127278
77 6828 8388 36 40425
78 6865 11737 145 286523
79 7277 7361 67 3570
80 7307 8777 18 38567
81 7615 8066 4 914
82 7708 8962 27 13365
83 7715 12091 71 70560
84 7730 27162 135 1145253
85 7736 7848 9 759
86 7767 9459 123 52653
87 7890 10704 17 9973
88 7910 8406 64 70214
89 7977 11164 7 22668
90 8110 13440 5 10723
91 8112 8209 9 669
92 8299 18281 24 59265
93 8300 10568 22 43332
94 8344 11512 143 166956
95 8354 11513 143 364331
96 8386 10806 29 14379
97 8525 45226 34 270399
98 8572 9735 13 4982
99 8609 10534 4 1279
100 8650 9384 79 9782
101 8761 9185 118 45901
102 8816 10752 42 35384
103 8960 17880 93 214381
104 8966 12665 36 44515
105 8992 10684 8 4101
106 9099 13240 26 54535
107 9125 9622 7 787
108 9178 14440 94 237687
109 9236 10169 35 21317
110 9241 12114 5 4138
111 9452 12022 90 110391
112 9666 10055 24 5644
113 9667 23933 17 92348
114 9700 16580 24 139775
115 9731 38581 41 459175
116 9773 10718 140 45291
117 9818 12602 8 10953
118 9839 11473 4 4124
119 9970 12361 6 4571
120 10062 10298 121 30391
121 10174 18809 108 399887
122 10215 15576 73 129750
123 10297 10500 85 40564
124 10303 11201 93 52769
125 10308 11273 24 15537
126 10328 14154 10 29201
127 10337 12000 28 33654
128 10575 15154 132 100879
129 10581 11666 55 17522
130 10703 17662 69 319907
131 10805 11714 38 8980
132 10930 12403 82 105648
133 10975 13050 110 57075
134 11305 11807 85 18335
135 11455 13956 81 102864
136 11582 19399 123 139624
137 11668 13407 51 40475
138 11779 20087 125 404144
139 11864 17820 32 83751
140 11885 11952 20 934
141 11897 14164 110 75186
142 11899 20568 64 97724
143 11900 13199 62 30016
144 12186 14566 16 23019
145 12223 12475 61 9031
146 12226 24017 86 308818
147 12385 18874 40 119704
148 12552 22998 88 385699
149 12569 15123 37 34381
150 12580 21025 118 921899
151 12648 19512 52 229479
152 12756 12821 130 4485
153 12864 15946 104 149174
154 12868 13684 5 803
155 12878 18283 24 58653
156 13217 18945 137 218104
157 13378 20771 34 83833
158 13502 25507 124 251471
159 13521 15637 101 60482
160 13710 14806 43 60275
161 14002 19926 75 162004
162 14097 14976 18 7526
163 14156 15303 60 28177
164 14159 15500 138 31764
165 14216 15465 13 4026
166 14298 20036 22 62471
167 14508 15704 46 9784
168 14584 14649 123 3957
169 14685 15871 130 61161
170 14779 26772 67 238327
171 14833 18582 71 160828
172 14896 17079 54 56095
173 14933 17890 77 25903
174 14938 16779 7 6933
175 14944 18364 38 86298
176 14965 14980 19 83
177 14974 17019 22 40937
178 14985 16609 76 45530
179 15041 16443 138 78664
180 15152 16449 13 4232
181 15164 17665 127 148096
182 15402 16138 86 26182
183 15572 16760 22 18598
184 15606 23122 16 124231
185 15617 24742 106 463132
186 15819 17181 50 11019
187 15952 18166 38 16914
188 16157 26745 79 367251
189 16250 19747 107 305290
190 16433 20845 84 65074
191 16437 19595 131 72142
192 16439 29221 83 678682
193 16532 21741 5 17035
194 16533 20688 7 7383
195 16751 23688 100 744846
196 16790 17305 117 34069
197 17203 26851 4 17178
198 17285 22414 37 79981
199 17458 18225 5 1953
200 17660 18141 42 18011
201 17782 33523 79 852339
202 17873 18728 131 60377
203 17956 18936 16 5027
204 18033 21280 35 42733
205 18079 18821 51 11532
206 18157 24775 58 90471
207 18176 21236 27 20449
208 18235 18314 43 4397
209 18319 24707 67 293733
210 18638 20440 70 82991
211 18679 23729 22 188736
212 18948 21394 124 93163
213 19122 22743 96 98481
214 19383 27406 46 139831
215 19474 20581 124 68489
216 19503 35734 135 475901
217 19680 23097 26 92381
218 19682 21200 11 7633
219 19707 21312 81 68351
220 19770 21426 8 6462
221 19790 24022 15 13290
222 19802 27405 16 46863
223 20002 35001 16 57788
224 20144 32612 14 97990
225 20234 30547 69 469199
226 20259 21653 8 15737
227 20268 24856 8 31911
228 20354 45486 49 849509
229 20421 32264 45 92148
230 20453 20966 37 6869
231 20506 24612 144 93396
232 20597 28306 19 98113
233 20706 21503 25 9123
234 20719 35496 71 199872
235 20818 21847 115 99480
236 20932 24827 19 13111
237 21007 21282 48 20307
238 21112 21512 119 64208
239 21181 21695 10 1517
240 21301 32221 24 38008
241 21508 22947 74 15996
242 21514 22274 12 7700
243 21543 31775 9 27395
244 21545 23875 121 72905
245 21698 25832 24 56766
246 21766 28912 82 239673
247 21867 41687 23 178743
248 21936 38523 69 352752
249 22071 24278 101 63583
250 22073 22508 44 6175
251 22118 27324 136 384085
252 22123 22679 27 2965
253 22129 23424 43 22073
254 22178 39502 32 246247
255 22371 32299 62 303528
256 22467 33676 5 8977
257 22476 25917 10 22502
258 22520 24333 13 16769
259 22639 23524 105 47967
260 22710 46330 115 482429
261 22858 26448 9 12982
262 22921 25734 9 24926
263 23068 26478 148 149653
264 23176 23202 85 1741
265 23288 26472 57 24729
266 23538 43343 86 748364
267 23816 25237 109 20163
268 23834 33709 61 319108
269 23873 25216 111 95640
270 23900 31444 45 157920
271 23951 25950 145 91597
272 24101 30692 39 29156
273 24375 25157 116 32812
274 24508 30999 53 145644
275 24846 27280 50 35702
276 24852 35499 94 251709
277 24913 27335 50 51700
278 24955 29680 130 404039
279 25135 28921 8 7831
280 25254 27671 141 259328
281 25279 31143 58 221418
282 25740 32940 59 383144
283 25767 27582 130 184954
284 25805 27181 67 131486
285 25893 28769 107 330299
286 25946 32215 114 454857
287 26014 29850 57 90729
288 26218 42370 101 1297658
289 26406 31029 26 121787
290 26430 28477 20 13933
291 26492 27231 88 56605
292 26638 31894 45 107196
293 26732 28206 140 74332
294 26733 27607 141 94222
295 26801 47942 43 261746
296 27218 27597 138 14770
297 27292 32351 74 229214
298 27382 27801 22 2693
299 27477 43498 6 92598
300 27638 33610 23 65726
301 27703 29298 133 45343
302 27711 30732 36 42448
303 27773 30298 147 269118
304 27783 28133 91 25194
305 27844 31183 10 8904
306 27908 34101 149 754978
307 28625 28980 31 9095
308 28746 29474 29 12094
309 28756 33687 11 7874
310 29109 33995 40 177701
311 29254 29688 40 1377
312 29326 35955 121 294164
313 29344 31231 43 60674
314 29421 36017 122 203898
315 29565 33226 48 153491
316 29593 30325 58 47064
317 29615 32786 46 46033
318 29729 29910 24 5927
319 29843 30727 23 19535
320 29849 30341 139 33121
321 29893 33451 63 103632
322 29913 30151 118 16827
323 29947 30852 77 48532
324 30017 30601 32 7382
325 30078 34094 25 94162
326 30288 39566 46 66527
327 30303 32562 29 198701
328 30421 30758 96 14869
329 30648 32059 87 32274
330 30873 31989 6 1208
331 30965 31732 67 26844
332 31020 50715 57 485353
333 31069 35444 47 48113
334 31213 32304 14 13609
335 31287 41030 145 547352
336 31302 37550 87 234016
337 31320 34183 18 40136
338 31354 37037 19 40912
339 31459 32248 18 6870
340 31498 37960 84 250236
341 31622 45796 4 11476
342 31637 47514 96 1749174
343 31718 35828 70 202414
344 31807 33653 7 7235
345 31860 32619 81 9499
346 31862 38300 82 210519
347 31883 36068 15 13703
348 31900 32011 31 1132
349 31939 47639 145 505876
350 31968 39389 42 252733
351 32042 42833 26 86622
352 32141 32597 7 1816
353 32279 32609 18 4141
354 32314 34376 65 97325
355 32315 41119 46 494818
356 32348 38849 62 202542
357 32436 36854 34 49029
358 32461 33176 24 7219
359 32486 40488 142 603712
360 32690 42578 25 87067
361 32746 41750 54 134018
362 32842 36516 35 24091
363 32860 34027 7 3604
364 33023 33586 26 9874
365 33059 42650 41 203332
366 33155 34057 12 6961
367 33257 35927 19 14690
368 33410 41967 112 843308
369 33411 33843 122 12745
370 33719 34801 150 72567
371 33800 35245 6 1978
372 33869 41083 22 70353
373 33997 35411 78 21556
374 34012 46626 55 304577
375 34082 35766 134 88049
376 34212 34455 48 12119
377 34267 34506 5 348
378 34278 41176 107 213169
379 34603 48627 125 974648
380 34726 40545 28 87646
381 34871 45719 143 1320462
382 35127 35567 74 23435
383 35372 42488 83 315872
384 35450 40132 10 18969
385 35592 49530 12 191572
386 35678 45535 74 372280
387 35703 45328 5 19330
388 35921 37542 38 41771
389 35929 36461 43 5568
390 36155 36336 88 10424
391 36214 36584 72 8182
392 36526 47879 29 121653
393 36914 37560 95 65678
394 36937 38488 26 11805
395 37145 43889 90 106990
396 37271 38750 40 25447
397 37499 37918 84 26622
398 37527 40400 26 24873
399 37535 41565 31 73564
400 37607 43500 51 97368
401 37861 38009 9 1290
402 37982 45003 83 717258
403 38085 52854 41 415499
404 38104 48656 32 86002
405 38163 41095 114 91204
406 38215 48734 34 148697
407 38306 38982 46 12925
408 38442 39145 54 38245
409 38454 41209 113 188325
410 38532 45036 132 382657
411 38810 50439 26 54077
412 38820 39265 111 42143
413 38873 51317 5 13102
414 38954 46274 139 449310
415 38980 44441 18 68357
416 39090 40857 106 89872
417 39380 50461 52 155356
418 39477 51493 62 247103
419 39479 44935 15 33732
420 39511 42347 106 180755
421 39683 46251 17 63814
422 39778 43548 39 45737
423 39797 41800 12 8716
424 39861 42057 28 18705
425 39928 43671 6 19668
426 39948 41359 119 98646
427 39951 40551 8 4636
428 39978 42249 12 8552
429 40108 40472 21 1744
430 40122 42471 15 25796
431 40246 44113 22 62918
432 40269 54320 117 524504
433 40293 45021 52 49797
434 40332 44311 125 212433
435 40350 48038 99 258678
436 40418 45082 13 30442
437 40422 41991 4 9087
438 40602 44190 68 139153
439 40679 41846 94 47628
440 40783 45819 117 102186
441 40870 51640 56 576379
442 41109 42849 116 91861
443 41253 43623 9 9737
444 41514 50026 30 135495
445 41659 48119 112 383306
446 42021 54220 146 537109
447 42286 42789 5 1891
448 42318 50785 10 26504
449 42479 45016 12 19770
450 42508 58095 72 109334
451 42551 47227 20 25649
452 42596 44438 46 61370
453 42639 53526 43 367846
454 42779 44819 58 23059
455 42897 43159 14 3419
456 42943 53658 131 313356
457 43337 46938 138 135099
458 43399 49183 54 82782
459 43476 57638 127 2164857
460 43486 43607 118 9081
461 43965 45778 25 13657
462 44093 49795 94 204912
463 44321 46207 87 70680
464 44386 49875 56 187757
465 44403 44530 83 9387
466 44462 51540 5 13869
467 44533 58642 30 173977
468 44716 46483 135 138597
469 44719 45523 8 6115
470 44775 49897 43 71695
471 44841 48104 133 118375
472 44920 49918 107 494036
473 45014 50344 138 432873
474 45139 55828 19 59112
475 45179 47541 90 96972
476 45303 62733 19 237692
477 45319 45351 93 1748
478 45379 47024 56 95245
479 45638 45830 56 6084
480 45734 46973 62 101402
481 45767 51037 41 69056
482 45786 47877 14 13620
483 45829 60825 67 600262
484 46150 50261 33 93194
485 46164 47342 141 132868
486 46313 52194 99 109363
487 46388 52033 85 177614
488 46399 47580 37 23780
489 46457 48367 9 6994
490 46503 56345 107 399058
491 46592 50270 67 101662
492 46596 66357 38 153383
493 46647 53641 46 39914
494 46683 56664 63 242418
495 46737 46983 149 28724
496 46836 48865 121 278665
497 46849 55124 94 457367
498 46850 48716 19 18470
499 46948 53734 76 83016
500 47252 51652 9 15423
501 47299 54443 62 387221
502 47400 48973 12 7541
503 47418 51329 137 247024
504 47595 47899 91 29926
505 47620 50340 35 34666
506 47687 49870 147 80441
507 47796 48097 50 6712
508 47799 52864 140 481578
509 47830 48032 84 14206
510 47891 50339 38 47364
511 47922 48122 148 17521
512 47955 51844 51 89529
513 47976 51482 91 196838
514 48045 52497 123 264279
515 48168 51519 53 214385
516 48247 48951 69 36035
517 48251 49727 57 32430
518 48298 52100 38 28932
519 48353 48774 7 2433
520 48427 53067 92 161942
521 48571 52093 123 251550
522 48586 51409 96 153297
523 48626 50254 42 43579
524 48727 56034 16 23760
525 48785 51838 31 19779
526 48792 58716 84 530155
527 48896 50867 61 96272
528 49002 56113 105 261636
529 49052 54075 89 229748
530 49298 50225 32 9842
531 49334 51608 125 198368
532 49347 54125 40 40059
533 49365 54652 31 34676
534 49533 63528 42 186971
535 49635 51975 132 84169
536 49663 49904 17 5168
537 49746 51980 91 80374
538 49814 72910 53 225354
539 49818 54058 84 86672
540 49916 65314 116 497337
541 49957 50391 18 6606
542 50355 59691 110 674749
543 50364 66045 23 267659
544 50419 57232 42 66763
545 50530 51208 27 8182
546 50616 56277 49 40130
547 50692 54799 122 275514
548 50748 56092 12 52783
549 50766 53066 46 25875
550 50860 54622 115 143984
551 51185 59190 48 436957
552 51293 54257 141 137309
553 51378 58856 14 49658
554 51627 52434 127 32888
555 51724 53112 39 52017
556 51761 59013 12 26922
557 51836 52123 59 8928
558 52039 53062 5 2673
559 52091 55987 70 48192
560 52134 60886 94 130747
561 52146 64120 42 219940
562 52371 58118 139 744617
563 52478 68432 114 310905
564 52498 64793 29 279583
565 52892 66257 29 147196
566 52912 53120 40 3068
567 53315 55000 19 17459
568 53317 59195 110 144595
569 53361 56407 12 14101
570 53565 53817 105 18898
571 53643 73037 24 181411
572 53837 54921 110 113347
573 53902 58121 55 150875
574 54068 54225 36 9474
575 54109 70567 27 174591
576 54275 55417 60 22518
577 54279 57975 128 103996
578 54389 61574 73 350927
579 54572 55832 127 99111
580 54577 65400 69 366969
581 54584 70576 126 1345744
582 54659 55153 17 7096
583 54797 71628 37 370797
584 54867 56014 58 37483
585 55013 56278 136 101335
586 55042 56403 42 19659
587 55048 55860 27 13998
588 55050 66658 46 366935
589 55228 81662 52 104161
590 55255 70181 147 1323116
591 55345 63180 26 83631
592 55396 55618 4 712
593 55421 61350 109 268113
594 55460 60101 29 67216
595 55465 58689 70 61586
596 55469 57267 75 64304
597 55793 60517 147 398894
598 55854 61659 7 21662
599 55923 57784 118 38620
600 56189 61231 17 60279
601 56242 56597 5 914
602 56333 59496 74 43323
603 56496 62581 6 12447
604 56507 70630 101 421672
605 56552 64699 8 18004
606 56601 70764 108 709795
607 56649 62281 7 10888
608 56684 57669 7 1287
609 56716 57483 61 21971
610 56721 56996 19 2923
611 56781 61082 72 132597
612 56823 62864 68 348214
613 57082 59067 5 3668
614 57117 60037 7 10738
615 57121 57977 16 8952
616 57235 59130 80 47981
617 57286 63626 5 17744
618 57400 58698 49 20985
619 57468 67078 49 355496
620 57817 61188 22 22952
621 58058 59210 67 43994
622 58231 58617 40 7662
623 58326 65191 5 10650
624 58501 60293 40 45027
625 58530 62096 38 57595
626 58578 61719 43 71097
627 58726 64601 127 157363
628 59007 70909 9 46482
629 59157 61247 79 179690
630 59249 59402 42 2114
631 59337 62770 49 49126
632 59450 59748 95 11595
633 59542 61063 46 29178
634 59727 69139 65 120519
635 59802 62809 55 108895
636 59856 70284 82 252721
637 60250 62335 34 11784
638 60296 66749 9 18931
639 60348 62403 32 35147
640 60386 61071 89 34680
641 60393 60985 6 1483
642 60452 72998 25 86373
643 60551 63110 45 25033
644 60847 73312 62 156519
645 60933 63361 92 65847
646 60996 72678 13 41237
647 61156 64959 64 176695
648 61366 63989 65 25165
649 61382 62486 122 51789
650 61632 63533 6 7649
651 61765 67343 75 89681
652 61864 65222 26 36219
653 61911 72022 130 467518
654 62328 62763 146 32798
655 62563 69651 122 182602
656 62632 64003 50 31918
657 62706 63754 31 10439
658 62805 62989 14 1993
659 62816 72915 24 75788
660 62956 64268 38 29135
661 62986 66503 59 36721
662 63139 78658 77 626131
663 63173 64128 24 6734
664 63275 71121 13 17957
665 63278 70654 125 457274
666 63307 73179 24 119177
667 63435 69217 34 111151
668 63441 65787 110 50295
669 63529 66402 70 157767
670 63614 66267 142 268576
671 63623 66061 45 41542
672 63632 64374 50 20199
673 63646 65763 14 13912
674 63667 69037 49 290706
675 63698 66008 5 8677
676 63782 66246 128 145569
677 63847 68234 122 361440
678 64030 65603 101 66204
679 64113 76855 14 271263
680 64122 64866 110 38111
681 64313 71286 18 73983
682 64383 67501 70 136337
683 64390 71460 20 55972
684 64649 64952 61 30418
685 64695 69703 122 178637
686 64766 68350 11 12821
687 64785 68182 19 45607
688 64828 69116 87 305652
689 64933 77978 138 746140
690 65020 76783 37 172343
691 65158 67129 38 40976
692 65208 66049 6 4969
693 65226 70169 17 20930
694 65296 74670 111 485848
695 65304 82891 42 509673
696 65500 72472 49 258473
697 65650 72211 93 362597
698 65688 74777 108 216735
699 65701 94538 107 1607673
700 65819 73054 143 1641898
701 65835 81962 31 161154
702 65886 71106 23 26823
703 65893 66878 141 42765
704 66150 75450 65 187555
705 66233 83373 8 43869
706 66240 82473 19 152959
707 66255 68216 113 168284
708 66326 71739 98 142587
709 66354 80837 41 191465
710 66546 74418 16 53580
711 66632 84701 76 445592
712 66672 71535 102 143682
713 66981 77487 144 323269
714 67062 74179 9 37409
715 67148 73629 95 300727
716 67169 70960 13 31111
717 67257 67826 126 141760
718 67263 73347 64 151988
719 67446 69201 20 15354
720 67448 71941 149 428445
721 67537 71579 111 248044
722 67574 88669 86 1265355
723 67849 73153 42 123522
724 68040 72026 8 14564
725 68143 69465 22 6033
726 68225 72054 89 108062
727 68233 70075 24 26300
728 68281 84850 20 139022
729 68348 69179 89 47890
730 68402 81400 122 560214
731 68408 69558 15 12127
732 68702 77294 81 395669
733 68863 80731 96 813796
734 69015 72612 7 5715
735 69101 72973 40 38356
736 69104 69182 55 1409
737 69187 75536 18 14734
738 69306 83515 12 104488
739 69364 76181 46 122370
740 69476 72460 25 70138
741 69495 78691 61 166303
742 69615 88216 73 665853
743 69644 70855 12 3593
744 69653 70453 9 5478
745 69723 74907 24 147416
746 69814 81780 17 104927
747 70026 80823 7 24211
748 70084 71438 46 44377
749 70150 73070 66 148619
750 70222 74399 49 113713
751 70500 76499 23 63161
752 70728 70859 6 859
753 70739 70947 15 732
754 70843 79198 11 12138
755 70908 77519 101 461703
756 70920 76569 133 301862
757 71108 73622 68 38726
758 71109 76044 28 33948
759 71183 74122 56 108926
760 71213 74462 56 111389
761 71320 79791 121 500519
762 71352 75652 15 25351
763 71563 72333 51 23630
764 71571 74152 97 154885
765 71616 80669 30 66863
766 71645 72482 21 4131
767 71809 72189 31 2588
768 71882 73620 126 55710
769 71889 72668 43 20494
770 72202 78370 52 174937
771 72303 72490 5 330
772 72530 76107 7 6963
773 72555 83731 76 259161
774 72775 72835 5 100
775 72830 74273 57 29449
776 72863 75011 33 12869
777 72876 76309 42 71290
778 73006 93557 7 46907
779 73073 75053 42 47922
780 73212 74224 119 173007
781 73221 76553 140 212820
782 73405 75995 6 11257
783 73419 79786 147 188075
784 73843 78860 117 647413
785 74001 74245 5 910
786 74020 74886 4 1139
787 74064 76924 8 32254
788 74087 75597 31 31358
789 74092 88781 123 320140
790 74115 75102 41 18044
791 74280 76857 25 18479
792 74283 75110 58 8997
793 74330 78854 91 521336
794 74400 76473 73 57293
795 74592 78340 137 151497
796 74626 92392 86 720157
797 74644 77771 107 225253
798 74894 78156 71 219474
799 75056 79999 116 379001
800 75180 76255 105 60160
801 75228 87756 28 126581
802 75367 76405 126 95370
803 75406 92854 93 267622
804 75692 76360 90 42137
805 75731 76873 6 995
806 75745 78655 6 8936
807 75760 76976 88 30696
808 75853 79545 145 295910
809 75890 81926 7 9575
810 75996 77999 21 31669
811 76009 87777 4 15942
812 76043 78759 77 115721
813 76056 79086 8 10417
814 76215 78097 60 61127
815 76406 91248 9 71108
816 76408 76723 125 28499
817 76460 80940 33 199886
818 76517 95586 149 2014787
819 76536 86608 15 42120
820 76758 77061 94 18081
821 77026 79511 82 72834
822 77078 79356 102 47474
823 77165 90547 35 133493
824 77223 86969 21 32681
825 77280 78821 89 68749
826 77287 78786 44 48407
827 77521 82740 6 3394
828 77573 87069 56 520242
829 77606 82235 104 123625
830 77648 82948 14 45101
831 77682 82877 12 25226
832 78012 81384 45 61371
833 78060 78696 44 30887
834 78117 78697 121 23662
835 78240 80798 17 48427
836 78316 79660 12 2817
837 78391 92449 10 50483
838 78427 78945 28 5505
839 78594 80357 111 152077
840 78651 81818 84 88645
841 78711 82031 53 123361
842 78735 81477 102 253340
843 78889 79483 112 19106
844 78932 80309 4 4286
845 79016 79459 5 813
846 79074 82482 10 27528
847 79075 86421 47 201334
848 79349 95245 76 227499
849 79623 84764 21 73104
850 79627 91412 42 278381
851 79815 92027 16 63332
852 80046 80469 67 21481
853 80223 92279 107 974329
854 80308 83834 39 120834
855 80351 82364 134 75859
856 80369 84434 18 16972
857 80458 81767 12 5920
858 80687 83183 10 10447
859 80834 82871 60 68313
860 81138 86243 29 42906
861 81249 95721 4 47906
862 81474 86574 5 18368
863 81652 84259 7 3499
864 81953 95488 50 362981
865 82023 87675 58 57366
866 82135 89708 57 156259
867 82218 83065 34 19588
868 82413 82741 22 4310
869 82424 91715 38 155451
870 82510 84676 148 118597
871 82633 84653 79 34989
872 82709 87423 90 223436
873 82854 88460 41 82670
874 83092 83126 12 213
875 83200 85131 70 50270
876 83293 85363 129 231164
877 83309 86453 8 25135
878 83356 85927 71 98363
879 83358 87509 140 192641
880 83413 83563 7 609
881 83700 91367 133 966000
882 83713 87324 14 8966
883 83729 95185 114 686534
884 83732 94325 36 48111
885 83754 87548 73 86812
886 83756 84887 15 2950
887 84046 89910 48 90177
888 84137 90766 119 318317
889 84161 84611 14 5536
890 84175 99423 48 308264
891 84203 91219 112 253700
892 84224 84672 46 11824
893 84292 89293 69 139398
894 84314 87883 109 188834
895 84438 85100 8 3212
896 84510 87381 30 17945
897 84743 97759 132 1019437
898 84758 87576 110 153767
899 84800 85346 119 112561
900 84942 93047 149 303802
901 85029 87912 41 140363
902 85087 95366 103 359877
903 85257 86718 40 41241
904 85411 86096 41 30493
905 85554 85953 65 32931
906 85801 86361 69 30419
907 85847 87328 134 97104
908 85946 93199 5 36472
909 86111 94830 8 53844
910 86176 97086 81 171132
911 86255 90871 63 138059
912 86513 88558 106 164860
913 86761 92362 149 509447
914 86838 94023 69 273834
915 87008 88803 104 89953
916 87225 90202 63 74586
917 87286 90662 79 274995
918 87493 89526 7 6574
919 87807 95404 95 329415
920 87946 90900 5 7350
921 88190 89434 27 9640
922 88488 91410 14 34519
923 88539 89903 90 77741
924 88777 92635 65 92696
925 88919 95083 100 1102989
926 88925 92642 53 67362
927 89069 90931 6 1689
928 89363 92440 53 68320
929 89408 93318 61 151938
930 89623 94383 52 271115
931 89786 94679 113 601169
932 89846 92677 109 46694
933 90176 90276 5 269
934 90180 94713 86 135479
935 90245 93970 11 5924
936 90274 95866 20 33171
937 90536 91650 10 11467
938 90613 92108 23 9027
939 90720 96820 31 73411
940 90786 98048 50 249642
941 90813 95835 92 116330
942 90881 93483 56 62002
943 91103 93099 27 33295
944 91229 91329 105 8860
945 91415 91875 67 8662
946 91502 98343 80 120594
947 91720 97749 19 32252
948 91764 95540 49 66763
949 91883 98867 18 94088
950 91951 97510 5 3677
951 92511 96584 6 13669
952 92686 93302 149 50905
953 92880 94039 17 3491
954 92952 97069 124 1353683
955 93027 95136 98 146512
956 93053 93789 8 5976
957 93328 93551 6 844
958 93454 93582 28 1907
959 93570 96249 45 39571
960 93627 94878 37 8603
961 93802 99457 5 8784
962 94018 95311 76 53147
963 94123 99086 43 85602
964 94134 94826 120 20868
965 94170 96017 11 15819
966 94273 95475 70 44274
967 94276 94479 87 22230
968 94289 95383 28 15437
969 94321 95969 138 67970
970 94572 96845 123 344702
971 94675 97911 6 6630
972 94711 96308 48 81580
973 94836 98050 108 531283
974 94886 95266 58 7610
975 95113 99172 14 31170
976 95145 95841 69 32386
977 95313 95348 8 113
978 95459 95546 7 256
979 95544 96802 47 31476
980 95705 96079 85 18758
981 95845 99561 36 105199
982 95907 96742 46 22118
983 96182 99238 27 31811
984 96270 98677 29 66097
985 96743 99968 17 44718
986 96857 97921 56 24950
987 97024 99135 110 122308
988 97310 99185 129 74282
989 97557 98542 22 19810
990 97578 97934 131 44377
991 97721 98322 19 3669
992 98196 98707 7 4675
993 98243 99805 5 7159
994 98375 99651 122 83897
995 98599 99006 94 18075
996 99150 99532 20 5739
997 99263 99619 23 8293
998 99310 99337 60 562
999 99602 99610 11 63
