50 1000 0.076
.#####.................#####.............########.
###.##....###.......##...#.#..............#..####.
.#####.....###.##..###.....#.#............##.#....
###.#......######.####...#####............#..###..
........#.############..########.#........####.###
.......##.#######..#.#..#.###.#..##...###########.
........########.....#..#..##...###....###.###..#.
..........######.....#..##..##.######......#####..
.........##.####.............#...###.......#......
...........###.#................####..............
..........#.##.#................##................
.........#####..................###...............
..........####....................#...............
..........###.....................................
...........#....#.................................
..........###..###................................
...........###.##.................................
.............######...............................
...............####...............................
...............#.###..............................
...................#..............................
..................................................
..................................................
..................................................
..................................................
..................................................
..................................................
..............................##..................
..............................###.................
......................#......#####................
..................######.....#####................
...#.............#######....####.#................
######.........########........###................
####............######............................
...##............######...........................
.......#...........####..............##...........
...##.####..........#..............###............
....#.#............................###............
#######...........................######..........
##..###.............................####..........
########............................##............
.###.###..........................................
..##.####.........................................
..##.........................................#....
..#..........................................#..##
..#..........................................#####
..............................................###.
..............................................####
...............................................##.
..............................................##..
0 182 1362 19 11224
1 250 604 121 41309
2 431 3192 66 265928
3 515 5342 117 545073
4 793 5139 8 28738
5 1059 1474 69 8552
6 1153 4642 110 137396
7 1341 4006 10 17918
8 1358 6612 9 21331
9 1414 7954 24 39268
10 1471 6797 65 262044
11 1600 3275 77 219443
12 1879 4244 10 19012
13 1983 8344 87 226182
14 2001 7851 127 310241
15 2067 5872 92 60249
16 2212 3636 42 16159
17 2227 2800 34 8815
18 2275 5919 139 240199
19 2329 3450 12 4600
20 2534 5243 17 26120
21 2799 3454 126 27350
22 2876 5064 101 133792
23 3050 3491 117 20208
24 3051 9613 16 34212
25 3231 4602 94 75453
26 3232 3238 54 275
27 3344 3445 26 764
28 3393 6701 77 44140
29 3397 8012 128 209380
30 3463 11841 107 636498
31 3510 7988 9 13232
32 3652 6169 6 4847
33 3781 4045 41 5983
34 3815 4492 7 1074
35 3833 6181 19 47280
36 3852 4310 16 1109
37 3936 3958 13 300
38 4015 7000 85 56936
39 4038 7167 83 134657
40 4351 6678 126 175914
41 4359 5463 79 39390
42 4471 5933 138 75729
43 4486 6755 90 50368
44 4694 9073 134 171072
45 4894 10265 32 64099
46 4897 7638 4 3984
47 5110 5121 137 960
48 5143 8683 9 44245
49 5148 5586 42 12210
50 5197 7998 16 31017
51 5220 5954 30 16873
52 5232 5700 116 27017
53 5290 8324 29 53641
54 5636 13968 61 231810
55 5657 6126 56 11147
56 6076 10862 59 118580
57 6349 7554 90 80860
58 6415 6436 34 259
59 6463 8676 150 73908
60 6636 13560 45 180971
61 6637 12639 55 89246
62 6887 9633 87 96898
63 6971 9152 35 37062
64 7040 14754 24 153356
65 7042 8586 73 63857
66 7170 13347 66 185370
67 7186 11506 133 376243
68 7217 15143 119 121280
69 7333 8539 4 1598
70 7443 9739 27 52283
71 7451 8510 51 19134
72 7469 8158 11 2729
73 7519 12966 18 38246
74 7621 13444 43 129677
75 7625 8704 72 107237
76 7868 16189 63 255545
77 8050 8454 25 2215
78 8247 9991 7 6748
79 8256 9509 105 58921
80 8453 17748 8 68766
81 8653 12171 119 310389
82 8720 9374 59 25725
83 8777 9767 119 37371
84 8815 10135 147 122607
85 8992 9096 88 15737
86 9066 15974 25 73785
87 9126 11557 42 23644
88 9128 12344 8 5025
89 9218 10861 6 6209
90 9260 17516 109 672527
91 9348 20603 123 438900
92 9431 10503 7 2503
93 9521 16158 128 379119
94 9604 10751 123 113149
95 9762 10190 76 11598
96 9780 11735 33 41574
97 9840 14712 31 97602
98 9900 13713 121 158634
99 9914 9973 6 405
100 9950 15000 4 15284
101 10012 14105 134 148972
102 10256 10659 8 1784
103 10302 15055 22 98912
104 10483 12583 31 16007
105 10598 19544 139 1029054
106 10615 14471 141 175116
107 10782 11353 37 17242
108 10879 12146 120 90837
109 11055 14681 100 433805
110 11086 12776 7 4853
111 11240 11466 57 3634
112 11442 11450 10 83
113 11449 18032 144 345616
114 11859 13238 143 36966
115 11927 17431 28 40992
116 12016 13614 47 7270
117 12073 14328 78 40436
118 12097 12646 99 29817
119 12223 14559 18 29177
120 12327 16698 45 95229
121 12445 18576 128 289931
122 12702 15239 44 62058
123 12789 23140 7 10133
124 12871 13944 63 40275
125 13150 14270 53 43309
126 13218 17790 108 271444
127 13339 16218 43 51693
128 13368 13815 141 21938
129 13511 15328 36 14873
130 13538 14723 91 58788
131 13656 14308 106 24269
132 13757 13886 104 14903
133 13758 15930 86 202188
134 13833 15217 58 21864
135 13939 14160 104 6738
136 14142 14906 147 63716
137 14169 16102 28 17476
138 14190 14742 16 5356
139 14479 20108 21 76709
140 14534 16990 14 46793
141 14572 15118 49 20301
142 14676 16772 99 79924
143 14752 17310 46 51074
144 14873 16251 44 12561
145 15183 22079 113 304911
146 15213 21139 53 83126
147 15220 18667 119 156274
148 15235 17580 16 6541
149 15279 17079 82 84495
150 15352 15712 22 2901
151 15418 18555 142 179699
152 15593 18105 20 27817
153 15702 18224 69 126267
154 15833 17425 15 29424
155 16015 18545 27 37001
156 16231 20833 144 298862
157 16390 20025 55 61594
158 16478 20281 62 82316
159 16605 20376 12 24488
160 16693 17490 71 23434
161 16700 19175 74 119973
162 16777 17258 139 32506
163 16871 19922 124 231626
164 16958 17742 7 998
165 17088 26340 57 145040
166 17257 20111 84 101122
167 17386 18391 13 6529
168 17488 18604 138 188008
169 17494 19484 27 17140
170 17532 20588 88 227289
171 17613 18388 66 15659
172 17675 18324 33 9423
173 17763 17835 9 577
174 17844 19476 100 48248
175 17924 21086 149 307023
176 17935 21935 78 55729
177 18090 22743 112 241452
178 18316 18366 119 4070
179 18570 22105 21 30934
180 18678 24690 37 32786
181 18760 19751 51 18220
182 18840 20122 70 26694
183 18877 19711 50 43075
184 18934 21062 71 177039
185 18975 24179 50 75747
186 19167 21524 79 50371
187 19232 20010 103 43637
188 19261 20468 38 26552
189 19336 23291 20 24718
190 19399 19412 34 132
191 19417 20156 34 11211
192 19511 19736 98 9155
193 19523 20007 9 1781
194 19819 20793 16 18248
195 19852 20278 113 19434
196 19992 22414 71 111061
197 19997 20171 126 7709
198 20013 28066 97 93430
199 20128 20609 48 5968
200 20129 22121 9 8344
201 20206 24259 53 111252
202 20218 21189 112 39964
203 20351 24766 91 231208
204 20437 21623 23 10801
205 20503 27000 121 635377
206 20506 21349 142 23872
207 20546 21905 51 30160
208 20577 22714 91 80626
209 20637 24949 107 214612
210 20710 22473 9 10593
211 20733 22701 92 154000
212 20845 25121 118 258740
213 20863 21750 27 12348
214 21030 26161 12 13530
215 21123 21663 130 86594
216 21163 24573 42 41721
217 21193 21986 16 8849
218 21274 25987 41 69472
219 21331 22391 149 37445
220 21360 21441 39 683
221 21362 22214 5 1826
222 21393 28653 65 264904
223 21540 24544 97 257619
224 21654 24399 25 19874
225 21760 21901 97 9032
226 21811 23644 144 151621
227 21863 24874 36 24364
228 21880 23317 17 13318
229 21918 23106 10 13777
230 21968 22360 41 7957
231 22210 23277 92 43874
232 22326 26349 13 11042
233 22425 39122 56 584722
234 22606 30920 62 646248
235 22607 24268 109 91585
236 22622 23913 100 25367
237 22644 29486 113 72609
238 22889 26357 116 91301
239 23026 23454 116 10382
240 23194 28295 45 114276
241 23331 23937 137 45674
242 23408 27741 62 79579
243 23645 27730 12 50710
244 23680 29284 111 303601
245 23707 23850 149 5620
246 23816 25853 10 4690
247 24037 25332 40 30459
248 24058 26930 113 124986
249 24218 32908 18 18196
250 24451 26941 7 18095
251 24463 24975 56 6999
252 24731 25275 47 9213
253 24892 26366 16 23142
254 25192 31665 60 351712
255 25217 27018 111 83671
256 25353 29586 62 134853
257 25507 26351 27 18460
258 25657 25799 59 8021
259 25696 26777 9 2798
260 25807 26620 52 32430
261 25867 32578 92 391803
262 25971 26892 124 46007
263 26152 33782 11 14171
264 26283 28380 112 255699
265 26352 27184 5 1392
266 26396 27340 87 42076
267 26462 29919 102 328273
268 27007 28663 85 46088
269 27068 34526 26 32980
270 27095 28409 35 29979
271 27159 28233 87 70077
272 27289 29145 124 178173
273 27393 34076 69 92391
274 27452 32650 17 19255
275 27463 30745 61 96883
276 27648 28985 80 53200
277 27675 34399 31 166354
278 27875 28100 71 5060
279 27995 28269 16 1181
280 28093 30233 138 38643
281 28104 31136 5 9685
282 28354 32958 6 12267
283 28398 28730 121 27479
284 28578 34490 8 14596
285 28604 31398 118 192611
286 28749 29595 21 6468
287 29009 33734 79 199192
288 29093 32303 103 337690
289 29214 35337 97 422348
290 29220 29796 11 5450
291 29241 41502 39 124571
292 29385 30224 141 174133
293 29433 37427 78 217583
294 29487 31863 136 93687
295 29497 29679 11 2987
296 29639 31323 26 68354
297 29740 31100 20 8329
298 29893 32146 85 83212
299 29925 35935 76 282946
300 30393 30867 31 11786
301 30559 45205 20 75352
302 30599 32270 74 144962
303 31029 34194 13 24934
304 31039 31637 4 1941
305 31232 36536 107 213900
306 31259 32817 127 30847
307 31406 31765 56 9639
308 31569 33596 12 5868
309 31582 32691 8 2905
310 31967 32261 94 25008
311 32093 32957 69 27021
312 32206 34352 5 4161
313 32213 33877 80 129973
314 32227 32931 84 10262
315 32231 33748 122 113716
316 32425 35296 8 17316
317 32512 34269 33 72931
318 32800 34306 135 54481
319 32849 34906 25 28244
320 32892 34955 8 17640
321 32907 36379 45 127303
322 32978 36168 100 107570
323 33047 33074 107 990
324 33319 33671 120 20857
325 33365 45895 104 581281
326 33381 35524 31 21989
327 33422 39139 109 182667
328 33580 35048 24 7788
329 33620 41558 53 82314
330 33672 36271 6 20749
331 33674 33711 18 945
332 33699 37827 53 161186
333 33803 33866 25 915
334 33822 35016 9 2630
335 33902 40987 6 28706
336 33906 35024 54 12715
337 34002 36391 57 30967
338 34097 35528 16 4931
339 34111 34332 5 880
340 34140 35912 77 54172
341 34213 34925 51 14774
342 34420 35817 110 36992
343 34446 39884 53 94267
344 34466 35704 5 4751
345 34948 35190 5 752
346 35052 37074 6 12376
347 35096 35502 100 24286
348 35112 36014 74 52179
349 35115 42035 68 134086
350 35261 35768 24 3228
351 35314 35457 60 10570
352 35381 41738 20 85571
353 35399 36556 80 141026
354 35494 36393 74 26730
355 35496 35967 63 20587
356 35514 41903 108 427316
357 35555 36893 55 65813
358 35729 37685 29 65035
359 35852 36755 33 26468
360 35923 38994 61 61120
361 36004 38307 60 22375
362 36009 38333 91 68006
363 36135 39969 78 140365
364 36146 39441 7 32350
365 36154 40418 30 42062
366 36207 38745 26 17127
367 36217 37871 46 39744
368 36229 39209 77 171951
369 36281 41349 101 125569
370 36460 45335 115 494003
371 36473 37418 42 6656
372 36477 38592 8 4144
373 36507 38225 74 63869
374 36759 42140 5 14712
375 36861 39340 101 152762
376 36940 40511 23 29475
377 37044 39315 45 44180
378 37083 39788 58 87507
379 37128 37921 29 9560
380 37190 38105 68 20003
381 37211 40764 25 44530
382 37337 42723 6 10936
383 37401 45212 51 210267
384 37578 38230 66 28632
385 37630 44232 57 263165
386 37681 44762 122 494299
387 37739 38259 128 82507
388 37787 45367 7 8720
389 37788 39973 55 43130
390 37916 47258 107 185992
391 37957 41750 6 13354
392 38110 40143 21 19698
393 38240 40261 14 13229
394 38410 43355 137 193834
395 38514 40327 19 9704
396 38515 41017 98 104306
397 38591 46740 19 199836
398 38701 40313 27 27122
399 38737 40182 29 20814
400 38810 41174 21 25609
401 38885 40130 21 14916
402 38935 44553 58 75840
403 39243 57280 83 1531220
404 39258 43234 37 98737
405 39317 40573 73 63829
406 39350 44900 44 86060
407 39386 39544 19 568
408 39402 41990 20 45993
409 39454 42119 96 71312
410 39516 40482 18 5130
411 39593 41282 73 69559
412 39886 43884 11 27316
413 39898 40292 19 3542
414 39906 40533 121 98492
415 39965 44253 57 44661
416 40031 40648 9 4531
417 40203 40618 96 14004
418 40282 41383 57 20751
419 40384 41259 24 18454
420 40386 41604 104 94619
421 40832 44480 119 248507
422 40975 42616 11 14027
423 41112 44845 36 75648
424 41139 52379 19 95766
425 41405 44890 83 272360
426 41412 46498 64 183062
427 41651 47911 83 284730
428 41720 41967 9 1185
429 41821 44299 50 25096
430 41992 43441 113 74583
431 42008 46563 69 389742
432 42194 49526 5 21521
433 42345 51124 127 274525
434 42380 44769 84 79305
435 42554 43091 59 5135
436 42575 44270 33 42365
437 42650 48402 48 103201
438 42737 43233 15 6896
439 42785 45371 144 122664
440 43011 43827 94 55525
441 43019 43246 8 1196
442 43097 44608 88 101913
443 43323 43343 7 316
444 43348 46138 116 107393
445 43554 47978 20 66590
446 43624 45134 20 8917
447 43843 44818 49 24280
448 44055 55878 12 104674
449 44306 46035 75 104177
450 44386 46022 104 188129
451 44464 46885 28 57441
452 44513 52928 91 343483
453 44521 46963 13 22839
454 44741 45021 99 14781
455 44743 45723 46 19712
456 44777 48951 27 33108
457 44934 51851 31 86752
458 44961 46726 20 11112
459 45070 45456 19 2115
460 45104 49627 59 201700
461 45127 46969 140 113125
462 45246 46623 69 36343
463 45315 46109 25 7300
464 45347 45541 28 7690
465 45519 45802 13 1425
466 45648 51545 73 113193
467 45711 45907 145 11262
468 45715 48896 7 4593
469 45859 47485 93 78537
470 45909 50137 84 77255
471 45975 50182 5 15463
472 46102 46514 10 2001
473 46410 48322 136 56876
474 46588 47504 112 127128
475 47093 47578 79 3358
476 47125 47210 121 7634
477 47158 47600 127 21228
478 47226 48853 31 5221
479 47296 48400 13 10128
480 47459 55936 52 221093
481 47509 48216 58 12082
482 47555 56370 125 607248
483 47605 48165 23 4134
484 47613 52669 28 31286
485 47789 52185 8 10283
486 47967 50089 136 52405
487 47980 53361 118 149552
488 48058 48398 121 40245
489 48192 53866 132 356721
490 48235 52373 101 259856
491 48265 49673 15 10351
492 48451 59897 14 236542
493 48855 49838 7 3204
494 48877 58237 118 233504
495 48895 62430 19 76406
496 49019 52850 54 60393
497 49057 51728 23 21412
498 49133 52396 30 67303
499 49243 50811 26 8008
500 49296 53414 24 27503
501 49365 54555 138 260796
502 49405 50103 81 16960
503 49490 49887 41 6989
504 49545 49724 147 11110
505 49817 50444 103 92494
506 50027 54058 32 64062
507 50157 52317 143 150417
508 50279 51795 96 42237
509 50325 57466 35 103170
510 50347 50449 116 7178
511 50388 63136 49 538266
512 50501 51587 23 13260
513 50608 52165 45 50490
514 50682 50854 32 8602
515 50841 51768 112 77203
516 50924 53681 69 79419
517 50989 53970 7 22937
518 51004 51704 13 2596
519 51204 52608 10 3349
520 51212 51687 60 13755
521 51267 56850 35 114826
522 51442 57961 95 483312
523 51529 57281 122 425085
524 51574 56662 115 140587
525 51578 53714 78 108611
526 51681 54115 7 3956
527 51715 55071 30 61915
528 51732 58641 11 49596
529 51802 53940 30 41061
530 51812 52217 105 14750
531 52070 63093 27 113171
532 52142 52506 85 22387
533 52418 54240 46 17444
534 52607 52778 43 3813
535 52627 53449 116 32774
536 52881 56849 4 5882
537 53007 59447 31 163623
538 53052 53412 36 8727
539 53194 55456 100 134644
540 53278 54110 48 44834
541 53308 54769 54 17975
542 53320 53734 17 2083
543 53584 60541 112 621070
544 53672 58259 10 34226
545 53728 54614 5 1695
546 53743 54143 110 16163
547 53878 58086 77 217613
548 54049 54918 5 3744
549 54218 56200 25 24639
550 54238 55742 9 6876
551 54319 55464 4 3267
552 54520 55620 40 23003
553 54677 62370 85 361190
554 54754 63022 40 79734
555 54768 56500 71 138855
556 54788 55022 96 8451
557 54827 64873 12 37276
558 55087 60367 147 619328
559 55321 59456 39 215283
560 55358 58018 76 160164
561 55366 56791 79 36921
562 55429 57367 7 8725
563 55601 56996 45 67675
564 55704 56724 15 3639
565 55721 57416 119 127766
566 55734 55952 34 2192
567 55894 62572 10 28381
568 55897 56297 81 22028
569 55908 57487 113 90481
570 56058 58650 136 259985
571 56066 56213 124 23027
572 56273 56879 6 1682
573 56314 57457 112 77312
574 56823 58803 15 26629
575 56884 65139 18 75209
576 57087 57274 100 45098
577 57127 60081 35 85139
578 57525 59788 53 158778
579 57717 61962 117 413699
580 57847 62235 5 5740
581 57849 63533 30 103558
582 57897 62959 23 45171
583 58076 65085 44 120377
584 58276 59773 140 230597
585 58397 58765 90 11538
586 58465 83991 37 222736
587 58676 60809 4 2700
588 59030 62843 19 38741
589 59138 61768 50 70193
590 59308 62086 4 13317
591 59437 59900 131 89122
592 59454 64056 136 641202
593 59481 62356 6 22239
594 59507 66330 17 44172
595 59530 63244 23 36650
596 59644 59729 69 3136
597 59696 60650 12 4535
598 59742 62497 5 1878
599 59797 60958 17 15783
600 59830 61474 73 26535
601 59993 66676 24 39679
602 59997 64092 39 68783
603 60102 64785 11 14887
604 60106 64617 91 247353
605 60171 73088 97 621206
606 60236 66484 20 39676
607 60269 67197 5 18292
608 60344 63326 21 24494
609 60392 62731 9 12686
610 60465 62052 61 91699
611 60639 62337 20 16765
612 60680 62141 54 24476
613 60871 61042 58 4720
614 60985 75195 77 761721
615 61014 63142 33 68893
616 61144 71210 63 502005
617 61149 64509 33 32047
618 61203 62910 53 72652
619 61298 61315 35 436
620 61565 66004 8 19745
621 61623 64035 32 38587
622 61632 67482 55 65638
623 61690 63834 112 122398
624 61751 62822 61 17629
625 61788 61859 12 1880
626 61834 65979 17 55749
627 61964 62303 6 414
628 61988 66356 130 366707
629 62002 66210 11 20203
630 62123 62573 73 15746
631 62292 63485 36 6471
632 62422 65897 134 100417
633 62446 65134 72 125316
634 62510 63253 21 11834
635 62530 62834 82 10199
636 62739 63488 49 32333
637 62745 68361 23 60642
638 62816 64192 87 53605
639 62835 66460 115 1266274
640 62854 67172 67 52437
641 63036 63864 85 41646
642 63062 70457 50 142943
643 63098 63910 103 20056
644 63177 67023 7 11070
645 63271 69030 13 23436
646 63385 65204 18 8926
647 63394 66900 100 108751
648 63433 66687 134 244937
649 63445 64854 63 21590
650 63566 64848 55 20456
651 63608 65199 60 27075
652 63660 65065 12 4610
653 63663 70675 8 22801
654 64087 67272 99 192775
655 64154 64398 136 17306
656 64422 69488 47 276569
657 64429 71023 118 340928
658 64800 64807 40 154
659 64835 67693 12 39434
660 65001 67344 75 35878
661 65003 66890 43 25458
662 65035 71940 112 341292
663 65043 71540 53 108043
664 65113 65833 121 41023
665 65222 66092 128 60235
666 65406 66172 46 52595
667 65430 69510 62 139760
668 65482 70971 37 93000
669 65532 71140 8 5640
670 65592 71207 72 125388
671 65733 70048 88 82971
672 65804 67159 4 1753
673 65992 68805 29 38159
674 66030 66313 140 20108
675 66343 69072 111 147346
676 66466 70056 7 6230
677 66624 67044 65 20730
678 66652 68358 13 31655
679 66688 71253 22 31683
680 66948 70144 26 27175
681 67006 67475 80 46336
682 67013 68046 5 3472
683 67090 68996 50 71441
684 67184 72284 23 49608
685 67186 72920 26 39901
686 67193 73142 42 137733
687 67256 69796 109 447293
688 67270 67352 53 3365
689 67277 70907 25 102723
690 67282 67337 82 2569
691 67313 75127 11 30356
692 67385 67799 7 1692
693 67487 68413 8 2071
694 67599 70966 10 16270
695 67718 74761 134 658080
696 67720 70860 59 164265
697 67723 76079 51 400094
698 67748 69656 47 26684
699 67829 70857 99 66941
700 67915 70451 82 55322
701 67932 68837 54 16884
702 68007 70668 15 23945
703 68023 68169 77 3922
704 68124 70294 68 32357
705 68404 74278 88 151302
706 68583 73561 35 123795
707 68793 70797 95 40902
708 68812 73435 51 95915
709 69158 78921 143 502440
710 69301 70579 88 78140
711 69404 70097 121 37115
712 69411 70607 139 62983
713 69448 69633 5 564
714 69551 76338 15 74831
715 69599 77904 12 41090
716 69608 75050 43 228137
717 69620 73912 12 21907
718 69629 70881 17 11454
719 69657 78031 100 224309
720 69672 77467 144 354000
721 69704 71685 91 258240
722 69874 86082 13 65777
723 69894 77941 16 118333
724 69941 72548 7 5881
725 70001 73700 10 24973
726 70125 74241 102 192777
727 70142 74494 112 264101
728 70395 71946 136 101991
729 70687 75434 60 70986
730 70912 71588 17 3877
731 71013 72433 13 5998
732 71070 72301 22 9740
733 71311 73230 8 5299
734 71376 74406 7 6816
735 71494 71581 4 206
736 71535 72565 31 41221
737 71623 74359 76 62908
738 71643 73186 67 102557
739 71927 73099 139 155234
740 72120 73118 124 101089
741 72212 77976 70 212674
742 72287 72398 25 1801
743 72365 79995 68 236366
744 72466 76064 29 70585
745 72572 72878 44 8742
746 72631 73293 142 137514
747 73049 79658 8 51967
748 73262 75666 134 132031
749 73392 75786 109 163940
750 73414 74649 83 34919
751 73451 73588 14 1235
752 73467 77086 10 9025
753 73517 77262 65 101138
754 73585 75589 54 39734
755 73636 77308 74 65469
756 73668 74876 23 20322
757 73683 76111 43 28314
758 73776 75712 9 9337
759 73809 75765 60 31208
760 73836 75870 77 233453
761 73845 75176 111 82216
762 73856 74699 16 8181
763 73923 76347 144 158587
764 74067 75191 14 12210
765 74445 76812 107 182922
766 74814 76925 54 25134
767 74914 88188 64 138102
768 74951 77861 112 272687
769 74985 75323 6 1150
770 75017 79700 9 33567
771 75038 81955 122 234525
772 75097 76846 27 10861
773 75390 78948 41 99091
774 75392 77229 11 11061
775 75499 76436 17 7302
776 75599 88769 87 329486
777 75665 76731 82 24588
778 75883 80951 35 25150
779 76051 76301 30 3506
780 76327 80177 28 137580
781 76609 86280 49 211201
782 76687 77236 11 2992
783 76761 78870 73 53094
784 76822 76979 13 1260
785 76917 77791 44 12117
786 77028 85401 116 816220
787 77098 80253 7 10773
788 77104 80085 34 40774
789 77414 85466 6 7116
790 77651 85027 78 337540
791 77668 80705 6 16605
792 77760 78509 48 16380
793 77897 81393 9 21144
794 77942 80078 66 84696
795 77947 78511 20 6418
796 77951 85384 23 228297
797 78016 78426 141 34597
798 78026 78706 28 6324
799 78087 79679 105 70057
800 78416 79171 80 43242
801 78421 81468 62 115286
802 78437 79458 55 32697
803 78469 79279 41 37362
804 78571 80875 4 5574
805 78778 80107 120 28989
806 78889 79684 82 23184
807 78924 83013 139 221227
808 79133 79375 40 4153
809 79153 86844 22 59091
810 79365 84717 66 132990
811 79491 82525 149 156764
812 79508 80630 43 29452
813 79729 81626 75 72780
814 79735 84018 89 89095
815 79784 81494 9 9411
816 79807 81602 82 35125
817 79840 83977 49 38035
818 79880 81061 28 13994
819 80090 80421 8 513
820 80257 80967 21 5327
821 80332 80395 7 406
822 80552 85919 89 162320
823 80568 83409 15 26674
824 80685 88702 13 42857
825 80698 83454 20 15535
826 80743 81460 10 2258
827 80773 81326 11 3796
828 80943 81206 23 16039
829 80969 87787 28 80074
830 80982 87605 93 183735
831 81014 90817 21 74718
832 81299 81902 10 3023
833 81411 85769 14 61434
834 81645 81949 121 21860
835 81882 82608 82 47251
836 81939 84749 28 48305
837 82035 86104 65 78097
838 82055 86311 116 373443
839 82059 85758 4 17091
840 82169 82991 25 4421
841 82312 86524 47 126817
842 82326 84454 135 38142
843 82528 82670 55 2735
844 82644 85005 112 23521
845 82687 86366 100 259682
846 82712 85071 69 72891
847 82763 85189 7 12256
848 82886 88586 5 20300
849 83032 86189 28 144482
850 83141 84604 77 38224
851 83325 84512 33 17082
852 83387 87959 54 148108
853 83477 86579 122 158463
854 83508 83798 68 14127
855 83513 83663 48 3521
856 83515 84224 95 36568
857 83572 84287 20 11569
858 83959 88183 49 97635
859 83990 84376 6 1500
860 84329 86109 21 23369
861 84508 84630 136 13626
862 84526 84719 82 7470
863 84553 86435 42 42488
864 84576 91177 45 126147
865 84640 89419 64 62939
866 84766 87258 22 26851
867 84889 88657 138 335747
868 84897 88859 21 23071
869 84909 87473 129 75026
870 84953 85924 89 32464
871 85074 91894 67 196560
872 85084 91251 61 166906
873 85126 90835 42 355812
874 85172 88281 29 30867
875 85387 85770 42 5104
876 85434 86326 77 16462
877 85819 88290 98 87532
878 85853 87364 124 61109
879 86035 86474 91 7493
880 86130 90137 52 139132
881 86236 88332 24 18830
882 86384 90290 121 133456
883 86551 90772 7 15963
884 86810 87970 5 5888
885 86916 86958 20 484
886 86984 89516 7 2281
887 87082 93176 36 79926
888 87154 89084 10 9394
889 87267 90171 63 47968
890 87320 87463 20 3144
891 87323 91170 15 14842
892 87366 87384 19 207
893 87446 93716 92 402883
894 87464 89254 104 53603
895 87651 93621 60 89943
896 87715 88783 116 69052
897 87817 88042 8 806
898 87884 91149 11 18768
899 87911 90264 48 38781
900 87998 91594 8 11962
901 88028 90028 34 18146
902 88090 88668 46 17280
903 88104 89571 75 14694
904 88262 88984 46 8452
905 88396 90807 124 72686
906 88587 91631 7 31489
907 88599 91359 85 102773
908 88648 95086 7 22819
909 88675 92814 13 25396
910 88727 91221 103 69310
911 88837 93867 24 48875
912 88906 89611 15 9647
913 88977 93048 81 189404
914 88985 92770 15 41510
915 89027 91962 36 70273
916 89065 93351 40 132048
917 89225 91547 40 37408
918 89371 91934 112 84959
919 89391 98605 39 228242
920 89793 94004 85 56887
921 89802 91198 42 19075
922 89857 90513 87 28467
923 89892 91477 36 27689
924 89919 96010 137 260644
925 90114 90447 57 14300
926 90374 92746 27 35328
927 90411 92347 111 59320
928 90427 91858 35 7659
929 90718 92690 84 140655
930 90726 96533 16 26208
931 90750 92024 101 81773
932 90935 92142 94 121420
933 91050 91965 56 35765
934 91128 92611 7 3712
935 91167 95553 41 63962
936 91244 92332 55 28551
937 91290 92824 5 3870
938 91322 92832 17 10429
939 91442 93596 31 20572
940 91502 93109 43 33639
941 91558 94917 115 700165
942 91584 98928 17 212715
943 91616 92928 97 120533
944 91639 93739 13 17798
945 91714 96231 52 36082
946 91768 95413 34 72310
947 91789 93367 122 135408
948 91891 92307 130 30928
949 91984 92206 25 2128
950 92049 98918 106 601123
951 92098 95038 19 47138
952 92177 98200 14 38563
953 92301 96516 62 131027
954 92408 94283 15 5967
955 92471 98126 70 41934
956 92634 94761 87 168537
957 92810 92946 109 28304
958 92896 94902 6 6678
959 93070 97853 16 26403
960 93216 97372 14 36640
961 93472 95144 106 81267
962 93508 96241 6 4957
963 93530 95131 47 17329
964 93870 95887 18 10425
965 93883 95568 5 8749
966 93920 98052 16 31072
967 93937 94424 148 29195
968 94001 94652 75 31337
969 94109 95291 63 12965
970 94265 95085 10 2165
971 94307 95149 85 61924
972 94347 97759 100 75734
973 94350 99621 5 25319
974 94553 95207 142 42212
975 94712 95334 40 60173
976 94728 96087 82 89217
977 94881 99394 9 12185
978 95161 95238 58 6536
979 95266 98570 32 31171
980 95642 96850 141 27177
981 96068 96473 121 76461
982 96128 96946 75 16588
983 96133 96784 38 20582
984 96173 97239 116 59898
985 96346 97123 11 1667
986 96881 98338 104 44246
987 96883 97158 98 27546
988 97570 98666 147 78392
989 97692 99493 4 2180
990 97974 98547 97 89897
991 98023 99294 41 15679
992 98099 98978 6 1171
993 98129 98705 88 38073
994 98198 99922 93 142806
995 98715 98892 115 3055
996 99011 99189 36 3565
997 99012 99245 43 3078
998 99307 99472 7 697
999 99639 99964 135 17008
