50 1000 0.025
..####........##...................###.....#####.#
###..##.......##..................###.....#....###
.#####.........#..................####...#########
##.##.##.......##.............##...##.....#.#...#.
.....#.####...................##.........##.#....#
.....#..####.#................#...........#####..#
....##..##..##...............###..........##...###
###.#####...#..................##..........##..###
##.....#####..##.............####...........#...#.
###..#....##...#..............####................
#.#.#######...##........#...#####..#.......######.
##.############.........##...####..##.......###.##
###.#.#..#.##.#........#.##........#........##...#
###..#######........#.#####........#.........#..##
..##..#.#.###.......###.#.#.####...#..............
...##.########.......#########................#...
...######.#.####..####.###.###................#...
.####.#.#....##........##.###........#.#......###.
.###...#.##..##.........#..#....###.####.##....##.
.####.#####.###.........#........#######.#..#.##.#
...##..######.##..................##..####..####.#
.##.....#.###.###..................#####.#..######
###.......#.#.#.#...................####.#.......#
##........#...........................#.###.......
......................................##.###......
...........####................#....###.#.##......
..........###.#................#......#####.......
..........#.##...............####......###.##.....
........#...#.##.............###........##..#.....
.......##.##..####.............###..........#.....
.....###.#.######................#..........##....
.......###.##..#..................................
......######......................................
.....##.##........#.........................#.....
.....##.####....###.#....................#.##.....
#.....####.....#..#####..................###......
#.....###.....#######............##......####.....
#.....####....####.####.........#########.##......
.#.......#.......##.##...........###...####.......
##.##............##..##.....##..####.#....#.......
###.####.........##...###.###....#######..........
########.........###..#.....#....#.####...........
##..#.....##....######.....##........####..###....
.##......####....####.......###........#....##.#..
.......#..###.....###....#.#..................####
.......#.####..#...###...#.##.##.....######.....#.
.......######..#..###....####.#####...###.##......
.......#...##.##.##......#..#..........#..#.......
............####..##...###.............##.........
..................#..#####........................
0 80 18243 145 1906793
1 185 10086 73 63894
2 246 4134 58 101287
3 592 18484 140 1627362
4 663 2177 103 54728
5 729 7427 48 266096
6 746 24710 122 1946812
7 839 8860 33 232038
8 984 6428 11 29957
9 1024 5120 132 190561
10 1171 3568 56 55868
11 1212 3462 87 279917
12 1269 8778 83 124384
13 1347 13732 149 1831154
14 1360 9680 59 95698
15 1436 9202 130 198041
16 1439 7147 97 473036
17 1457 17026 82 666055
18 1606 14364 18 59344
19 1628 14500 24 82100
20 1633 3101 97 92084
21 1702 13135 85 347827
22 1711 3110 58 39624
23 1727 6443 98 181457
24 1755 3217 107 47275
25 1767 15245 116 710320
26 1790 7295 26 109309
27 1819 2805 148 53569
28 1876 2576 121 25043
29 2011 4873 58 190648
30 2133 3308 91 22908
31 2138 3729 139 139596
32 2159 9814 139 827269
33 2164 2806 65 12649
34 2178 5245 131 91239
35 2184 3716 12 3097
36 2339 7784 8 20290
37 2480 19645 97 1771673
38 2523 5395 6 5550
39 2580 8536 108 95205
40 2664 3706 74 75942
41 2703 17766 29 161628
42 2777 2904 49 2633
43 2790 7795 33 53697
44 2931 13996 16 62343
45 2945 6362 89 95188
46 3038 8085 20 13406
47 3143 5372 113 106641
48 3149 13499 125 1606603
49 3269 3288 47 2219
50 3391 9337 17 49488
51 3659 4275 34 4367
52 3678 4350 15 4227
53 3868 6532 33 92749
54 4075 18402 37 180003
55 4392 5664 6 2801
56 4709 7707 57 32599
57 4863 18789 8 39877
58 4991 23162 5 27776
59 5283 19979 94 450399
60 5284 9203 27 43958
61 5308 11858 99 268036
62 5336 7713 121 126047
63 5345 10731 120 321386
64 5405 10703 9 25404
65 5550 14753 67 505824
66 5686 5895 6 1825
67 5701 10139 6 5074
68 5703 14931 31 94095
69 5745 31836 7 76452
70 5768 9747 96 82704
71 5840 40737 11 242258
72 5867 10846 69 110070
73 5914 10319 11 33800
74 6187 7146 31 46783
75 6286 7324 25 18125
76 6382 12201 82 181471
77 6385 12545 9 39304
78 6463 6629 150 21494
79 6547 11172 15 34435
80 6665 8659 32 86526
81 6671 13709 21 117359
82 6718 9250 126 188791
83 6783 7649 104 32168
84 6929 9143 6 6137
85 6949 13600 41 129949
86 7242 10591 77 90191
87 7481 9024 35 26145
88 7629 14429 52 333384
89 7676 11798 140 264140
90 7777 21825 27 92801
91 7964 10947 60 70459
92 7986 18701 7 41178
93 8079 14697 108 628271
94 8300 25463 144 1112375
95 8349 10369 21 49563
96 8826 9039 16 2232
97 8863 8872 83 1185
98 8937 19055 73 223808
99 9221 31207 95 832562
100 9459 12113 39 55627
101 9468 13867 21 44554
102 9470 18324 16 63824
103 9612 13680 5 5248
104 9667 20560 23 126813
105 9726 12966 73 252454
106 9754 13032 42 56632
107 9764 18870 59 248299
108 9803 22756 116 608960
109 9858 22228 132 1095001
110 9935 15571 129 195187
111 9989 16005 41 107500
112 10020 10137 13 1448
113 10092 12305 140 57539
114 10115 11308 57 53745
115 10503 35921 61 618015
116 10527 16182 6 7937
117 10544 29508 22 162181
118 10554 58576 17 570569
119 10579 14050 16 48294
120 10581 16319 58 403315
121 10693 21230 43 132274
122 10717 19373 96 555777
123 10798 13160 62 21063
124 10848 35879 56 388590
125 10903 16194 130 220012
126 11005 12947 68 157503
127 11199 13492 15 22003
128 11498 14616 32 43542
129 11566 22434 26 263250
130 11606 20217 144 240406
131 11826 12232 87 16921
132 11892 21824 77 137992
133 11936 17781 45 92283
134 12128 15166 5 4315
135 12293 14386 14 8785
136 12306 13649 54 75345
137 12330 13085 80 32741
138 12481 18948 72 168192
139 12490 16751 44 126633
140 12868 15408 73 43647
141 12870 13416 13 2207
142 13047 13278 39 9381
143 13286 18395 4 6584
144 13391 14982 6 5439
145 13425 21593 59 225768
146 13949 21425 15 34637
147 14042 21939 146 488022
148 14162 23166 123 455922
149 14477 26123 12 60591
150 14551 50512 129 3313986
151 14622 21530 13 131157
152 14701 26172 25 113375
153 14734 17127 10 10557
154 14843 27221 113 303752
155 14979 22195 30 127036
156 15095 16309 108 51787
157 15108 24477 11 37435
158 15208 16376 62 38512
159 15600 17973 136 173201
160 15735 23213 18 82792
161 15879 16755 79 70394
162 15979 20116 94 58661
163 16000 37719 19 51281
164 16069 22239 133 489565
165 16155 36065 7 21795
166 16159 21088 87 123420
167 16223 31177 30 471751
168 16252 19763 135 206486
169 16266 20382 143 237869
170 16350 21429 13 40482
171 16413 32992 26 330796
172 16616 23472 139 368472
173 16957 17932 9 4607
174 17022 27499 60 163640
175 17318 17712 27 4556
176 17332 17649 9 6090
177 17612 21002 40 54302
178 17641 30077 19 42781
179 17652 21446 82 414698
180 17667 21113 6 10411
181 17714 22835 41 67286
182 17734 30663 129 495526
183 17741 36948 50 432108
184 17771 22508 109 183190
185 17863 19250 19 12753
186 18029 19268 104 42802
187 18044 19169 93 17194
188 18091 30937 32 85406
189 18111 30446 7 34982
190 18137 34352 4 15495
191 18155 23204 65 287272
192 18296 21250 6 10061
193 18336 37324 136 1262095
194 18437 23539 53 166926
195 18440 21339 22 31063
196 18445 21639 50 72393
197 18528 28854 80 310954
198 18574 23541 93 158794
199 18596 22338 16 21577
200 18632 37266 130 459392
201 18694 20324 101 126508
202 18767 24443 25 59009
203 19042 24454 22 44312
204 19059 22981 109 212861
205 19095 19622 107 46798
206 19182 19526 90 8261
207 19239 21906 74 320219
208 19253 19978 40 22531
209 19308 22311 111 413302
210 19345 23404 44 119760
211 19397 28833 52 296890
212 19566 22609 30 105936
213 19670 25766 95 181338
214 19698 25691 129 186766
215 19848 43546 33 338137
216 19909 40433 80 445228
217 19943 27183 13 87626
218 20170 33697 110 616344
219 20292 21134 24 21125
220 20370 20412 16 400
221 20712 22229 13 6267
222 20734 21560 14 6813
223 20821 40498 24 272858
224 20912 21551 44 16598
225 20955 21926 24 8129
226 20986 31539 125 343002
227 21003 22245 49 36555
228 21073 26246 106 154712
229 21212 21215 136 254
230 21348 21475 91 3514
231 21449 29669 86 253693
232 21500 41463 10 148673
233 21597 22628 19 5171
234 21606 26929 16 17694
235 21625 23419 123 86410
236 21660 23330 7 4873
237 21757 22677 80 47765
238 21772 30761 124 732122
239 21819 33126 14 214775
240 21914 32266 73 288693
241 22157 33834 64 168134
242 22162 34285 35 51405
243 22174 39256 11 42740
244 22177 23011 60 33983
245 22196 22249 110 5733
246 22201 24407 10 10386
247 22233 26805 8 15893
248 22238 24821 87 68308
249 22554 29654 69 115013
250 22659 26987 56 331018
251 22821 69023 141 1229529
252 23143 26617 94 264783
253 23467 23522 62 4076
254 23477 26646 41 39205
255 23478 27703 109 503494
256 23530 23622 78 3581
257 23662 28233 19 85666
258 23837 30478 6 12908
259 23952 28748 113 123058
260 24094 25319 137 47745
261 24235 35263 8 25148
262 24358 32177 14 37355
263 24525 30645 7 17457
264 24553 26292 27 44975
265 24665 28921 36 41986
266 24787 25711 28 15961
267 25202 29486 15 12528
268 25410 26163 73 76033
269 25488 49422 116 2082391
270 25526 30005 101 266159
271 25610 33986 117 501233
272 25634 32541 43 87001
273 25787 27611 27 19285
274 25896 28837 21 17612
275 25912 34895 48 179417
276 25921 28783 26 44572
277 26057 27911 74 28274
278 26078 27378 141 30995
279 26104 28159 114 58649
280 26117 29222 55 143438
281 26349 27232 47 21615
282 26419 28618 30 15717
283 26424 37459 118 463968
284 26475 30324 117 220119
285 26494 30541 90 591362
286 26527 47848 47 476518
287 26659 33636 37 67933
288 26833 30365 19 26988
289 26910 30687 150 191320
290 26939 44455 84 241067
291 27063 31845 11 8694
292 27368 36270 77 330136
293 27381 33454 24 58631
294 27456 28532 127 62804
295 27464 28247 88 40380
296 27480 40829 21 113175
297 27567 29184 88 26582
298 27714 30472 79 160549
299 27755 31868 27 117199
300 27763 27880 12 560
301 27953 51859 44 330241
302 28036 32758 36 114979
303 28037 40374 46 101564
304 28136 29235 58 49915
305 28344 44631 67 309547
306 28528 33619 65 255420
307 28683 36152 24 39204
308 28707 51458 56 939882
309 28757 39329 49 82036
310 28872 35477 9 11274
311 28887 34995 84 230754
312 28905 29479 21 4816
313 28952 36946 118 456290
314 29073 31034 71 76791
315 29139 31439 59 34079
316 29241 33942 147 1406011
317 29284 35739 127 161306
318 29392 44378 56 167468
319 29571 94712 69 4857879
320 29623 30227 122 21238
321 29704 30726 10 7538
322 29722 31626 5 2315
323 29735 32187 13 11639
324 29784 43913 52 253703
325 29795 32445 22 40442
326 29848 59844 7 144744
327 29884 30693 142 51220
328 30191 39958 8 17621
329 30219 30536 4 385
330 30231 35117 147 154073
331 30532 40689 56 445719
332 30542 40047 23 104224
333 30637 33020 82 75802
334 30781 32020 39 23640
335 30808 40396 35 224618
336 30928 40258 57 238851
337 31002 39902 42 342213
338 31119 35418 148 480392
339 31145 36723 38 42763
340 31377 38435 73 631098
341 31467 33808 138 63397
342 31502 32834 39 19545
343 31567 33424 93 45702
344 31711 40257 37 101938
345 31748 34263 16 25747
346 31805 41159 33 146508
347 31819 35519 55 96595
348 31910 33643 36 18798
349 31916 36252 81 79861
350 32046 33998 82 64976
351 32130 40435 14 88198
352 32203 32660 93 19818
353 32367 36229 25 39661
354 32574 44390 91 320193
355 32727 37912 143 504924
356 32752 48879 57 442400
357 32819 42736 4 31804
358 32904 53736 16 118154
359 33151 35523 55 26846
360 33154 39222 15 19058
361 33338 50158 39 271156
362 33369 35526 112 139092
363 33918 37993 52 68481
364 33967 37080 22 46050
365 34144 34288 114 5581
366 34195 35495 7 1794
367 34292 34898 17 3720
368 34342 34749 27 7694
369 34509 34533 144 2767
370 34564 42522 115 323965
371 34571 50072 9 20793
372 34645 44387 8 30817
373 34727 39841 116 241632
374 34787 77332 86 756810
375 34890 37176 22 19110
376 34955 36299 75 25532
377 34960 46655 116 442514
378 35039 39075 6 13878
379 35065 36502 114 78199
380 35111 38432 114 161057
381 35172 38819 62 159584
382 35261 36647 43 37407
383 35278 39886 71 120406
384 35279 45774 95 483715
385 35486 40011 12 31662
386 35512 48832 42 237594
387 35953 37581 35 18022
388 36037 40723 65 28409
389 36272 40805 64 150314
390 36354 40016 108 131413
391 36450 40695 13 36797
392 36480 42200 92 305256
393 36489 43178 142 290779
394 36493 40338 26 52180
395 36516 40507 77 439140
396 36659 43130 104 196222
397 36930 37525 86 64798
398 36970 46171 40 106180
399 37025 40576 15 16486
400 37070 37575 150 53415
401 37354 45547 17 68265
402 37397 54025 110 388026
403 37489 38044 97 43549
404 37494 38533 15 6072
405 37502 42630 51 135369
406 37679 53484 11 32927
407 37688 53723 117 500317
408 37816 45365 34 49941
409 37818 58842 57 275601
410 37852 40386 109 254359
411 37917 39236 135 80247
412 37928 54203 53 205124
413 38057 40677 13 50998
414 38152 47195 30 115381
415 38162 46157 9 54844
416 38192 39025 61 31101
417 38446 38505 11 625
418 38454 40715 87 83910
419 38734 38783 37 1316
420 38811 39713 4 1596
421 38980 69429 115 1142233
422 38989 39854 127 71819
423 39040 45505 9 20863
424 39052 43299 8 29697
425 39158 51133 87 430435
426 39201 40426 17 13585
427 39449 41295 148 109933
428 39555 46619 53 149201
429 39566 41174 15 7854
430 39751 75749 146 2779321
431 39812 40092 51 17739
432 39836 47965 18 35722
433 39939 43132 12 20888
434 40010 42589 7 14653
435 40215 43668 144 508247
436 40237 42418 18 45548
437 40296 49027 128 169018
438 40370 42243 111 50109
439 40380 40622 39 2260
440 40427 44612 59 201500
441 40430 42374 39 22278
442 40612 42877 107 280137
443 40838 41227 71 15503
444 41256 42885 18 17023
445 41269 43246 6 5138
446 41394 49531 59 236916
447 41602 44680 132 367571
448 41705 53046 86 445028
449 42001 53185 37 388054
450 42030 42554 7 1508
451 42100 49123 51 240007
452 42241 44282 116 100226
453 42462 46474 106 454278
454 42470 51912 105 1012125
455 42559 47458 22 12131
456 42626 42951 103 67730
457 42647 44586 132 149808
458 42787 50498 4 14984
459 42813 45190 53 36830
460 42920 43789 79 27522
461 42976 53915 77 184515
462 42980 52445 9 24251
463 43077 49381 122 503070
464 43260 44611 76 48270
465 43480 44301 20 11002
466 43649 44618 110 105293
467 43791 56185 115 1140729
468 43887 47108 6 7289
469 43956 44066 45 1854
470 43958 46836 7 5230
471 43977 49734 107 106341
472 44071 45734 6 7035
473 44267 54368 125 620704
474 44281 44960 31 9712
475 44314 48292 26 28527
476 44446 46014 85 30893
477 44475 55091 10 71715
478 44711 55364 111 825631
479 44723 70060 124 1298715
480 44739 54111 62 671298
481 44750 45588 48 24034
482 44798 50344 34 75031
483 44867 48690 51 72364
484 44996 45530 90 19916
485 45013 51461 120 372984
486 45061 53338 13 41534
487 45088 46508 101 85430
488 45185 46686 131 104540
489 45264 57936 89 184709
490 45269 49195 6 14219
491 45345 45542 53 6049
492 45500 47089 38 14740
493 45571 49040 53 53055
494 45682 46298 8 1074
495 45685 52464 117 599441
496 45690 63851 128 1113994
497 45869 52317 7 44910
498 45962 75916 37 340975
499 45984 47304 62 57469
500 46042 47443 4 1593
501 46061 47436 7 2594
502 46116 46435 84 10597
503 46235 51307 122 405967
504 46261 59448 7 155029
505 46300 47127 17 9796
506 46315 51488 22 93497
507 46415 47345 123 97945
508 46431 48825 30 24630
509 46469 47775 84 51720
510 46604 53883 129 354941
511 46912 48121 101 39514
512 46969 47284 22 5766
513 47303 50459 69 72500
514 47355 50380 53 160987
515 47475 50154 115 66384
516 47505 47832 10 1258
517 47526 55149 50 294390
518 47585 73947 18 248399
519 47655 52733 23 29147
520 47768 48248 11 1414
521 47815 49418 141 72158
522 47872 48826 94 50377
523 47996 57725 6 30556
524 48065 48955 76 59007
525 48088 56717 141 429228
526 48100 51531 139 75922
527 48171 57305 6 47346
528 48240 53034 10 17569
529 48301 49916 18 15714
530 48555 49173 53 9849
531 48941 53186 97 167418
532 49138 50277 20 8810
533 49163 52469 55 24299
534 49200 51734 73 96096
535 49229 59546 40 193627
536 49348 49939 94 15968
537 49378 58832 145 472143
538 49557 56803 24 81718
539 49580 57973 60 77532
540 49612 50142 58 9416
541 49676 49778 37 1407
542 49856 63499 128 379614
543 49954 55889 142 783963
544 49970 51384 32 28997
545 50073 53276 139 257244
546 50074 54557 84 165169
547 50096 52035 6 4210
548 50127 71357 5 46700
549 50230 51398 49 9788
550 50319 50838 52 45289
551 50373 55862 64 55178
552 50383 52974 146 270258
553 50409 53923 5 6968
554 50419 62176 35 152913
555 50422 55603 104 348396
556 50511 56736 72 171762
557 50542 61388 83 552084
558 50636 54632 32 137427
559 50668 52810 56 93550
560 50683 62447 122 433855
561 50746 59345 130 226164
562 50843 52649 21 28653
563 50894 55164 7 6515
564 50909 53515 25 43570
565 50936 61640 63 230172
566 50937 50940 6 17
567 50946 60116 10 116361
568 51261 59147 34 70610
569 51448 56247 8 19174
570 51475 58301 52 153560
571 51789 60151 8 28025
572 52034 55212 6 5165
573 52173 53240 51 33795
574 52586 84602 39 1026967
575 52757 54043 137 134447
576 52782 53676 90 37888
577 52843 73140 71 220095
578 52889 57515 129 196131
579 52901 61672 103 922092
580 52905 63819 114 426019
581 52948 58289 34 43271
582 53030 55495 5 5721
583 53038 57287 44 169258
584 53158 53265 91 11386
585 53172 55414 128 297547
586 53640 60972 111 369471
587 53860 63778 119 434690
588 53948 60464 102 300896
589 54002 72990 84 1282622
590 54004 54522 10 3728
591 54092 56578 73 45441
592 54095 55934 94 93824
593 54192 68504 146 715273
594 54278 81004 39 231298
595 54333 58217 100 223170
596 54517 56194 69 99355
597 54545 54998 27 8949
598 54596 58020 7 25915
599 54622 59376 28 53770
600 55057 63625 66 206116
601 55329 57699 28 11233
602 55395 70426 37 162571
603 55474 59942 7 19028
604 55565 60583 121 193519
605 55745 56003 33 4724
606 55933 56313 127 27290
607 56051 65115 102 241976
608 56134 56395 21 1326
609 56144 59612 91 52335
610 56327 65019 14 22680
611 56486 56615 143 23093
612 56536 56760 10 1945
613 56555 68740 11 31871
614 56602 67188 5 20742
615 56611 57560 108 54267
616 56729 72428 112 295857
617 57198 71027 6 49833
618 57308 63172 108 165226
619 57750 66218 120 462947
620 57833 58589 26 10201
621 57861 75088 115 414357
622 58182 61367 122 267147
623 58207 60197 66 81263
624 58443 59719 140 99465
625 58445 59340 83 27082
626 58814 60694 19 29439
627 58905 75883 68 429651
628 58929 59168 88 24658
629 58963 63417 32 29671
630 59033 63299 105 168159
631 59104 76696 75 450505
632 59142 60685 100 51687
633 59170 62351 14 28797
634 59276 62446 16 43847
635 59339 61564 31 14578
636 59353 60937 8 3402
637 59355 82419 17 107143
638 59555 59575 10 303
639 59625 69717 74 105902
640 59695 66181 134 338171
641 59895 70208 22 205779
642 59931 60913 60 32142
643 60049 60407 25 2663
644 60143 64959 65 40772
645 60152 61877 136 71619
646 60218 79705 82 341396
647 60353 66236 5 12269
648 60415 71527 63 322005
649 60647 70259 36 57358
650 60669 66722 42 67563
651 60690 93203 13 166165
652 60743 86232 79 898675
653 60751 69744 37 182120
654 60787 63019 114 54115
655 60856 70728 107 225076
656 60902 64606 61 59868
657 61047 72232 82 641353
658 61114 65551 63 89387
659 61349 69330 50 332703
660 61389 63793 127 134196
661 61424 65572 14 36545
662 61512 65061 53 135687
663 61566 77447 96 638298
664 61791 64543 6 4426
665 61799 62062 70 18658
666 61857 74939 61 383937
667 61946 68848 31 60449
668 61956 67320 46 126032
669 62047 71509 121 429755
670 62165 62719 14 2265
671 62170 63494 51 28652
672 62273 63386 39 31949
673 62318 63557 68 25069
674 62550 64108 57 60806
675 62557 66366 45 195221
676 62583 70746 119 459285
677 62665 87575 19 448872
678 62685 71942 115 298958
679 62838 69285 112 234447
680 63181 63582 62 25444
681 63193 78217 9 96257
682 63267 67241 75 233661
683 63328 68942 62 204569
684 63382 65870 11 5185
685 63384 75431 69 222643
686 63396 65993 76 47152
687 63411 64783 22 14894
688 63413 66404 16 32195
689 63655 63902 34 5611
690 63708 66700 29 30101
691 63713 66875 120 161854
692 63884 70478 111 261880
693 64057 70829 67 241464
694 64061 65605 88 57438
695 64111 76501 133 460139
696 64326 70233 75 263168
697 64340 68433 73 237997
698 64362 68820 7 13758
699 64476 65018 8 3355
700 64484 66908 7 10169
701 64564 68109 68 110548
702 64641 65989 20 5964
703 64851 68674 13 64750
704 65022 75243 130 105599
705 65103 71589 27 57273
706 65106 68531 52 35480
707 65287 68781 35 105484
708 65995 66789 8 2511
709 66004 75271 96 403365
710 66135 76811 6 46549
711 66200 75509 120 787270
712 66201 67988 52 58089
713 66231 84417 134 2316796
714 66459 71255 31 28238
715 66477 72325 9 44637
716 66621 69086 108 197649
717 66709 66803 113 9795
718 66766 71703 6 29014
719 66880 72840 104 203594
720 66886 68401 117 175923
721 66892 70327 20 21599
722 67058 68207 7 4751
723 67119 81478 46 221999
724 67209 74893 64 630784
725 67352 70789 9 38581
726 67384 73631 53 138039
727 67453 78829 27 97767
728 67514 75819 82 491802
729 67563 70854 24 49835
730 67762 69576 95 40842
731 68012 75526 27 39875
732 68023 74763 50 64299
733 68034 68637 27 4935
734 68248 80430 11 18648
735 68274 70328 12 5573
736 68371 68387 147 1601
737 68399 69292 24 9222
738 68412 73378 32 96786
739 68446 76518 9 50450
740 68482 70260 116 200325
741 68500 71267 9 13357
742 68722 71178 55 29841
743 68821 70173 53 21625
744 68879 72643 147 310965
745 68979 78564 8 32326
746 69094 77647 8 66061
747 69118 75523 27 75936
748 69272 75066 21 50766
749 69426 70528 67 27633
750 69573 72949 61 39140
751 69860 72635 5 6816
752 69933 77217 38 40003
753 70297 70795 108 44507
754 70427 74092 12 11104
755 70555 73641 14 21219
756 70689 88143 63 770027
757 70755 73791 58 168972
758 70896 71956 41 43784
759 70916 71356 25 9889
760 70936 95571 55 414235
761 71260 76512 6 15735
762 71268 71851 5 1420
763 71570 74388 9 8733
764 71631 76504 70 80935
765 71686 77063 40 73473
766 71730 73085 41 34880
767 71762 72135 8 1481
768 71943 83108 17 49090
769 72047 73529 80 50402
770 72098 80351 19 90334
771 72122 72587 61 32945
772 72340 74649 37 53872
773 72408 87632 5 35524
774 72493 73012 13 3520
775 72549 73244 71 21161
776 72578 73355 52 15196
777 72682 78832 79 233258
778 72703 76445 12 38900
779 72756 73071 95 11575
780 72836 75367 14 7325
781 72909 81783 11 36953
782 73038 75438 66 85330
783 73077 74275 66 23106
784 73143 75100 4 4152
785 73253 75542 13 7572
786 73314 77883 146 757888
787 73352 75531 56 58511
788 73553 79080 72 285861
789 73658 73771 115 13560
790 73682 92087 10 28423
791 73697 95131 46 455237
792 73711 85623 80 349488
793 73762 80687 117 200055
794 74098 77667 113 196865
795 74238 85612 45 242131
796 74355 77107 74 126082
797 74369 79212 113 339033
798 74557 78374 73 143270
799 74832 76380 33 19268
800 74937 85400 19 31739
801 75115 76671 136 51578
802 75224 80685 26 43504
803 75364 76544 6 5594
804 75396 77922 59 49404
805 75503 88645 43 142284
806 75608 79580 25 61089
807 75624 80309 139 471613
808 75644 81142 121 802916
809 75675 88093 63 452975
810 75897 77043 87 53349
811 76120 82772 35 142963
812 76157 79462 118 297212
813 76174 81406 43 122084
814 76204 78001 43 30476
815 76310 94860 14 126542
816 76561 91497 55 131017
817 76643 95190 9 66431
818 76758 94670 8 21477
819 76767 82278 139 309407
820 76885 82127 4 3183
821 76995 85264 20 79658
822 77047 78616 145 103396
823 77162 82359 72 87334
824 77247 85979 106 399555
825 77250 87625 68 218888
826 77261 94064 36 217577
827 77294 80085 74 135726
828 77347 77746 23 4946
829 77432 84547 23 55760
830 77540 84704 33 160966
831 77670 78560 47 22511
832 77808 81693 102 205476
833 77954 78345 51 23169
834 77966 87351 59 183582
835 78124 90778 27 225956
836 78170 85342 14 23867
837 78357 78629 47 13377
838 78478 84702 126 479476
839 78520 78703 5 661
840 78525 78572 128 5304
841 78569 80896 103 139087
842 78623 81451 120 106364
843 78729 95354 105 576133
844 78892 83132 47 79074
845 78900 81904 55 64044
846 78934 79933 120 122663
847 79033 80730 44 68113
848 79211 93617 86 482511
849 79347 79587 35 4516
850 79585 83261 9 6816
851 79604 84932 45 136900
852 79906 81696 22 18052
853 79916 84977 83 222757
854 79944 80328 10 3709
855 79995 84463 125 359792
856 80218 84022 117 197289
857 80307 83449 5 8610
858 80414 81485 46 37172
859 80440 84120 5 26025
860 80525 83678 4 3932
861 80542 90721 64 761038
862 80548 81154 71 18098
863 80758 80969 16 1246
864 80814 82796 12 10460
865 80881 82676 27 35078
866 80967 82497 50 30597
867 81071 87671 143 1305448
868 81100 90292 7 14629
869 81126 85565 135 239270
870 81329 82404 60 31665
871 81459 81575 21 423
872 81462 83616 7 9798
873 81536 86716 30 89842
874 81668 84575 148 187244
875 81851 86193 147 176931
876 81952 88262 14 113548
877 82073 86804 86 211505
878 82076 84034 18 14787
879 82380 92372 66 174251
880 83157 94099 20 49260
881 83218 85357 44 18019
882 83233 96200 121 438203
883 83284 86420 146 433474
884 83304 98486 34 107851
885 83544 85988 6 3160
886 83630 88592 11 22684
887 83652 85992 61 26854
888 83742 88650 8 11789
889 83743 85895 14 12857
890 83820 87233 6 8836
891 83870 84526 86 61373
892 84122 85005 53 16027
893 84388 89298 132 225705
894 84429 84590 11 462
895 84574 88796 74 110614
896 84606 86892 28 47025
897 84684 97504 137 1635409
898 84744 87359 15 6951
899 85032 92562 132 802918
900 85173 89620 28 21547
901 85321 86667 92 72439
902 85573 92078 16 100991
903 85603 85722 4 149
904 86031 92560 126 271299
905 86118 88323 17 10599
906 86220 92172 103 565991
907 86279 90886 115 153756
908 86295 92485 115 588623
909 86463 99140 20 35192
910 86482 93686 42 100968
911 86575 97236 72 117792
912 86683 92528 18 91836
913 86937 91429 4 9811
914 87020 88284 131 22828
915 87031 92481 34 43069
916 87200 99217 44 332093
917 87440 95443 21 86547
918 87523 88017 109 12868
919 87650 88582 29 22534
920 87724 87972 93 31737
921 87725 88571 9 2914
922 87800 96263 5 24760
923 87920 92597 30 140229
924 88000 90592 24 21299
925 88176 90354 35 38415
926 88189 95114 25 67145
927 88231 88606 24 9622
928 88400 89045 133 25788
929 88480 88547 70 2562
930 88491 96078 99 167828
931 88622 92270 11 31516
932 88626 97099 91 259071
933 88861 89780 111 27992
934 88944 93658 44 134649
935 88948 89634 95 60369
936 89101 89659 14 5926
937 89202 99241 28 153844
938 89527 91466 93 93298
939 89590 92867 114 76229
940 89604 90740 31 22579
941 89899 91307 95 43556
942 89961 94109 24 24523
943 90026 91149 57 27684
944 90027 90735 18 5929
945 90191 91845 64 67182
946 90218 91754 13 5858
947 90264 90789 96 39023
948 90321 93534 88 101895
949 90394 92613 20 9649
950 90431 97970 47 178266
951 90794 97583 26 43291
952 90818 95895 14 27570
953 90889 97662 17 29565
954 91084 97996 16 197799
955 91123 94335 33 61096
956 91375 98816 63 131930
957 91379 94763 20 31562
958 91401 94808 75 421592
959 91419 93696 30 46436
960 92129 95234 44 58601
961 92303 96402 90 137093
962 92323 92970 84 60160
963 92490 97327 77 218175
964 92521 94673 44 12660
965 92559 99536 120 254440
966 92813 97109 17 26480
967 92939 96536 113 188491
968 93027 94034 122 114206
969 93077 97721 30 66883
970 93092 94708 32 37274
971 93293 96279 7 23592
972 93667 97311 45 54258
973 94047 95252 149 181078
974 94140 98148 122 229098
975 94169 97542 26 48691
976 94215 97277 5 9694
977 94323 97406 5 9221
978 94434 95817 38 39768
979 94520 98442 72 61692
980 94649 95184 119 82871
981 94822 96434 103 48551
982 95256 97219 84 82790
983 95265 98429 89 82091
984 95476 96400 18 6213
985 95482 96341 127 117960
986 95655 99126 57 72185
987 95901 98647 18 28027
988 95919 98287 23 51542
989 95931 98717 57 74652
990 96032 96501 132 47685
991 96072 97624 5 6014
992 96326 99863 8 9885
993 97052 98272 46 16477
994 97789 99563 29 17097
995 98053 98802 48 49013
996 98234 99992 120 182384
997 98570 99129 95 17591
998 99021 99815 11 5106
999 99440 99792 113 48955
