50 1000 0.016
.............##########...........................
............############..........................
...........##########.............................
.............#.#####.##...........................
..............########............................
.............######.#.............................
.............######.##............................
.................####.............................
..................................................
..................................................
..................................................
..................................................
..................................................
..................................................
..................................................
..................................................
..................................................
..................................................
..................................................
..................................................
..................................................
............#.....................................
.........#..#.....................................
.........#######..................................
......#######.....................................
........##.###....................................
........#######...................................
.......#####.###..................................
......#.####..###.................................
......######.###..................................
.....##.########..................................
........######....................................
...############...................................
.#...#.########.##................................
###..#############................................
#####.###########.##..............................
##..################..............................
#.##.#############.#..............................
#####################.............................
###################.###...........................
###.#.###########.................................
....#.#.#######...................................
...#########.###..................................
...#.#.#####..##..................................
........#.#...#...................................
........###.......................................
.........#........................................
.........#........................................
..................................................
..................................................
0 42 14228 129 566072
1 43 15037 126 495951
2 137 5575 57 97448
3 142 1947 104 98791
4 174 332 128 12892
5 205 3140 41 93695
6 289 979 8 6433
7 425 14266 6 23214
8 596 9829 37 226773
9 692 1688 123 29532
10 839 2925 14 6330
11 881 18301 110 320439
12 924 15698 61 1996971
13 930 1930 47 26338
14 996 2703 82 120885
15 1000 23655 7 64052
16 1213 9358 102 357323
17 1232 3422 17 6680
18 1284 4154 54 82604
19 1293 9309 131 429563
20 1333 4443 5 2239
21 1371 10043 27 126836
22 1405 1609 62 4251
23 1505 5428 36 112027
24 1596 2184 105 30362
25 1752 5926 39 121216
26 1808 3084 128 24303
27 1810 5517 52 176029
28 1817 16186 74 256885
29 1836 3324 45 17899
30 1848 3441 23 36733
31 1941 1983 97 3064
32 1944 7966 12 32027
33 1970 3119 124 68579
34 2134 11065 106 309169
35 2215 2655 31 5974
36 2233 4546 17 10084
37 2240 13758 106 941937
38 2300 2976 69 36273
39 2399 4042 108 49253
40 2403 5448 43 56775
41 2476 3745 13 7690
42 2582 5043 21 18069
43 2601 8127 140 426754
44 2614 5743 43 77809
45 2661 8996 137 163493
46 2856 4876 117 257666
47 2894 23204 69 342775
48 2905 8595 26 62758
49 2936 4169 9 5766
50 2941 4140 88 110320
51 2951 15381 142 768966
52 2995 6631 19 26532
53 3062 5343 23 61301
54 3127 4864 70 37957
55 3319 5063 33 26005
56 3494 6938 18 37609
57 3517 4870 111 40216
58 3554 4279 64 11814
59 3719 7533 131 463423
60 3928 6149 14 28241
61 3960 4047 32 1343
62 4014 10627 77 263045
63 4176 4257 80 4880
64 4211 9870 91 259475
65 4275 6116 47 30957
66 4483 5560 15 4753
67 4531 20440 125 481492
68 4583 4678 6 260
69 4826 8821 7 2504
70 4889 14844 57 148281
71 5058 16713 108 425639
72 5557 14392 110 1202515
73 5595 9321 56 76361
74 5680 18931 83 564387
75 5771 10763 20 35774
76 5955 8957 135 134099
77 6321 19778 80 524788
78 6430 8137 140 91056
79 6561 16749 33 172453
80 6615 6731 5 325
81 6630 30262 61 452841
82 6634 6949 54 22518
83 6645 7433 30 10320
84 6688 8514 34 54146
85 6730 7223 140 71112
86 6830 10921 33 36801
87 6831 8900 148 205991
88 6833 25516 25 230126
89 6895 8286 38 12604
90 6911 9325 24 22410
91 6928 11765 12 27335
92 6961 12831 67 325851
93 7055 10576 144 101312
94 7195 16329 143 560654
95 7203 11445 76 88213
96 7214 10982 109 112368
97 7267 9145 137 59869
98 7616 22401 72 278491
99 7665 7836 91 25928
100 7824 9354 6 5200
101 8049 8536 89 19726
102 8387 11713 13 24416
103 8432 16167 59 469260
104 8691 15660 15 31514
105 8701 10699 147 520794
106 8914 13149 93 162110
107 8944 17215 76 277194
108 9167 9516 5 1285
109 9260 10011 12 5065
110 9300 20375 45 593419
111 9353 15338 89 312321
112 9444 15620 16 70916
113 9445 10203 26 8049
114 9576 10119 8 2772
115 9754 10495 8 3128
116 9756 13286 19 35746
117 9934 14234 9 15055
118 10076 25351 114 360359
119 10130 16270 24 43173
120 10166 18273 131 591379
121 10297 16490 90 168197
122 10393 14406 21 40055
123 10414 12501 94 100003
124 10652 20319 48 85026
125 10728 17911 15 51874
126 11057 15930 10 6309
127 11293 18951 14 39219
128 11379 26405 22 171774
129 11428 32299 66 1293626
130 11444 16975 30 90133
131 11471 13605 108 94686
132 11540 19521 78 1081082
133 12008 17100 28 41243
134 12124 14143 6 6242
135 12163 14327 134 164177
136 12292 36361 4 61705
137 12309 16399 7 43445
138 12582 21134 102 348000
139 12722 14622 136 103676
140 12777 17661 55 179312
141 12902 24233 12 63560
142 12933 16131 61 79984
143 12984 14727 8 7095
144 13079 17036 89 154630
145 13137 20811 34 308002
146 13196 25923 7 18745
147 13201 13346 81 11587
148 13243 15202 15 29374
149 13408 19040 107 150472
150 13429 13993 30 9792
151 13484 23521 5 44168
152 13505 23454 99 459220
153 13663 22396 75 382659
154 13768 16987 20 15777
155 14035 18179 51 176015
156 14047 29599 65 395369
157 14158 29358 53 467692
158 14231 14763 14 5818
159 14315 22449 80 109238
160 14416 17762 119 518477
161 14451 42311 16 115748
162 14529 19657 24 42390
163 14544 21192 10 61843
164 14618 17694 5 2318
165 14620 24576 13 19873
166 14639 20550 101 116386
167 14888 17068 8 6317
168 14924 16344 12 2388
169 14926 15576 34 13547
170 15009 15047 47 1254
171 15209 15883 66 19818
172 15286 16791 11 10222
173 15419 24592 117 149927
174 15454 22565 45 117217
175 15473 16098 51 11400
176 15580 16777 6 2327
177 15663 25173 18 37146
178 15670 24682 48 290211
179 15780 23451 80 103462
180 15888 26220 57 284911
181 16299 21609 140 84139
182 16356 21538 112 131029
183 16443 26897 25 92818
184 16496 22593 101 295936
185 16576 23744 82 570937
186 17290 19487 36 23426
187 17339 18531 25 11433
188 17477 23997 106 376212
189 17493 19529 4 2969
190 17793 34490 65 312031
191 18061 30257 43 472807
192 18152 18785 91 16271
193 18500 20529 7 8853
194 18685 35199 144 820365
195 18760 31102 37 151185
196 18822 19450 37 20675
197 19217 23748 146 315545
198 19276 23519 18 51136
199 19277 20095 58 20886
200 19359 22790 20 13996
201 19391 21746 107 152998
202 19528 36162 5 17284
203 19794 26093 19 25140
204 20110 25719 110 512835
205 20160 22891 38 30364
206 20231 30364 44 107397
207 20480 21835 109 36228
208 20486 37837 70 300773
209 20583 24441 137 194942
210 20642 24853 117 609433
211 20829 21710 34 10936
212 20833 22897 94 101973
213 20874 33761 46 136412
214 20917 34214 51 160913
215 20953 25753 106 282879
216 21070 23033 91 133251
217 21136 28125 94 205677
218 21247 24729 121 221786
219 21314 24507 87 136537
220 21369 21545 38 7246
221 21445 25945 110 501001
222 21494 22247 4 1032
223 21497 25593 85 88262
224 21657 23529 71 32420
225 21739 21763 17 301
226 21805 23294 116 189958
227 21919 31873 92 822787
228 21967 34578 22 67938
229 22062 22854 99 76818
230 22220 23935 52 90708
231 22290 23014 15 8885
232 22297 25335 110 146669
233 22344 26841 50 73090
234 22412 31146 29 72468
235 22871 34493 13 34555
236 23015 26189 110 143722
237 23197 42773 117 830479
238 23249 33512 127 906679
239 23309 26383 14 13520
240 23444 26003 41 17653
241 23461 28951 6 7487
242 23501 31720 62 186421
243 23573 24124 134 87147
244 23574 27303 17 50841
245 23664 35681 111 631977
246 23705 26605 9 7293
247 23914 33960 68 170792
248 24010 25180 90 51912
249 24038 36815 34 379153
250 24087 30607 147 748786
251 24178 34787 13 34595
252 24227 29903 53 84180
253 24260 38829 80 628410
254 24299 24567 22 8127
255 24300 34685 26 100687
256 25000 41724 66 199494
257 25105 35242 91 215437
258 25160 30158 10 30047
259 25297 26584 6 8891
260 25364 30958 84 231890
261 25377 26655 8 6977
262 25428 27700 42 18966
263 25647 26448 110 16029
264 25792 30672 13 15823
265 25838 28960 134 470756
266 25936 39396 32 149401
267 25964 28343 7 17426
268 25983 26730 132 68478
269 25991 33139 13 19557
270 26233 28083 51 61380
271 26341 30540 51 72858
272 26386 26620 75 9285
273 26461 33599 122 475694
274 26510 43268 134 719608
275 26628 27324 40 8197
276 26659 40428 125 281956
277 26779 35946 43 299611
278 26787 28630 64 73565
279 26828 28564 47 96157
280 26871 27178 84 19233
281 27011 34780 87 505851
282 27084 36171 70 135183
283 27185 27230 11 226
284 27455 30052 16 35415
285 27474 34452 8 27600
286 27556 27964 12 3278
287 27593 27810 60 7794
288 27835 32270 83 264490
289 27837 33473 78 163113
290 27912 34959 107 201979
291 28005 32763 40 33053
292 28014 36210 14 37507
293 28026 35297 39 397591
294 28072 28957 124 59529
295 28123 33311 141 105011
296 28323 30870 105 227100
297 28344 28776 89 19339
298 28671 30769 93 133899
299 28674 36691 21 115813
300 28683 31744 6 18418
301 28777 38610 17 36386
302 28802 47764 25 248643
303 28832 35675 15 33614
304 28834 32816 18 17423
305 28931 29807 93 105048
306 29005 37476 34 117391
307 29129 37729 26 117478
308 29330 31073 35 23350
309 29363 32020 148 199745
310 29523 32804 44 77098
311 29543 56337 7 52143
312 29561 43537 84 390232
313 29578 43767 86 292036
314 29591 38912 28 311391
315 29686 31263 80 46608
316 29779 30599 85 73784
317 29800 30641 85 18979
318 30147 31140 23 7942
319 30277 43091 45 275047
320 30345 35370 98 156522
321 30872 46204 114 478213
322 30908 36631 15 38499
323 30987 35274 145 249518
324 31177 31237 35 985
325 31417 32869 34 21225
326 31470 32688 118 16291
327 31604 53180 138 1503357
328 31662 33284 37 25854
329 31663 44743 11 52266
330 31838 36476 121 150507
331 31891 49753 37 95834
332 31965 35551 8 17181
333 32048 44521 105 711639
334 32190 36104 128 197735
335 32293 49624 36 281767
336 32336 36636 144 215898
337 32417 33552 55 24765
338 32438 44474 7 14759
339 32468 35720 70 140274
340 32686 37349 60 171317
341 32764 34742 64 34476
342 32798 33905 72 12064
343 32803 38693 116 187105
344 32857 44862 69 270132
345 32911 35900 10 9074
346 33015 41680 57 124244
347 33137 37787 81 184838
348 33199 33461 51 5205
349 33277 36038 47 31144
350 33370 33440 41 1387
351 33470 36313 87 109764
352 33628 47896 64 445268
353 33968 34079 95 8214
354 34055 36873 111 114646
355 34077 44908 27 165255
356 34278 38032 12 22756
357 34286 35924 34 33664
358 34350 36823 74 201980
359 34367 39230 17 34593
360 34462 36276 64 64368
361 34513 38380 95 182576
362 34514 37809 10 6102
363 34590 38033 95 407316
364 34675 38057 142 207903
365 34719 36825 86 105225
366 34915 44441 57 179106
367 34969 44275 30 116251
368 35003 35889 15 5865
369 35052 39974 99 115851
370 35136 35707 12 2922
371 35208 36993 35 31525
372 35423 38710 32 56045
373 35509 37590 129 100417
374 35916 39676 14 58074
375 36055 37963 112 189315
376 36127 45972 41 239729
377 36158 38370 45 58878
378 36258 38313 36 51257
379 36335 39703 57 124519
380 36610 42481 26 72386
381 36637 50572 38 123571
382 36641 37720 6 2210
383 36812 40620 48 149299
384 36865 39736 56 119192
385 36910 37944 51 15731
386 37135 43960 23 61092
387 37223 38067 56 27781
388 37499 39763 85 58367
389 37723 42655 40 117354
390 37803 46133 88 240046
391 37839 44011 57 123420
392 37859 43450 25 36289
393 37974 40898 137 181690
394 37976 40469 143 113780
395 37982 48726 74 177076
396 38009 40177 7 3107
397 38047 41630 18 19938
398 38061 40114 14 7774
399 38131 39983 56 18533
400 38143 43066 30 122205
401 38235 48120 137 510438
402 38316 39354 42 6476
403 38338 38416 68 9445
404 38417 39899 11 24003
405 38512 53507 25 72624
406 38762 41805 143 167015
407 38810 54656 51 503791
408 38886 39144 119 15594
409 38945 46546 53 129145
410 39003 63048 39 162569
411 39019 42579 7 28141
412 39049 51062 7 31921
413 39123 43850 56 321512
414 39244 42425 102 177130
415 39323 41191 140 111555
416 39329 39996 18 3220
417 39345 40796 102 62861
418 39420 42392 37 139568
419 39497 40348 124 86192
420 39675 49341 49 139201
421 40010 40892 60 17965
422 40020 41315 31 17178
423 40093 47959 127 291297
424 40152 45062 111 556646
425 40166 46625 9 13824
426 40227 43442 29 26732
427 40229 40621 10 2430
428 40280 47756 8 18791
429 40336 40778 128 32040
430 40395 48332 93 333603
431 40443 48737 5 37499
432 40455 47688 47 167868
433 40486 42980 5 11337
434 40593 44397 50 242930
435 40897 47354 5 5893
436 41169 42851 92 88010
437 41241 47506 91 279263
438 41439 42091 109 38474
439 41440 42687 21 9994
440 41483 54415 4 8798
441 41509 44342 65 175069
442 41536 53155 24 130379
443 42126 45476 67 88844
444 42304 42782 104 17126
445 42333 43319 49 14433
446 42355 47719 27 126148
447 42589 51681 70 186496
448 42701 46052 87 161431
449 42811 62994 134 1105109
450 42948 44493 5 1988
451 42966 56797 125 584642
452 43004 52761 63 264673
453 43060 43730 99 22481
454 43073 44265 25 13100
455 43114 43975 101 64272
456 43119 48607 66 103833
457 43349 44178 9 4101
458 43433 44281 122 40556
459 43517 56269 93 283605
460 43524 46412 72 55310
461 43548 46700 8 17162
462 43644 54408 40 328655
463 43654 52069 42 335034
464 43673 53239 77 220304
465 43751 46470 62 61238
466 43870 67547 49 597605
467 43947 44031 25 441
468 43949 45183 49 25643
469 44341 50144 8 14221
470 44396 54176 43 150774
471 44529 48467 7 7104
472 44532 50283 37 122253
473 44574 49332 106 289222
474 44687 54516 84 1045641
475 44835 48671 53 69012
476 44865 55341 15 36976
477 44892 45929 7 4600
478 44918 46273 17 5989
479 45017 53199 49 40249
480 45022 46890 46 54826
481 45159 51382 35 35266
482 45187 51460 132 293599
483 45254 48328 81 58298
484 45412 66906 5 24623
485 45487 54518 141 428777
486 45512 49118 33 55778
487 45516 47446 108 92081
488 45533 51447 93 141782
489 45848 46808 11 4068
490 45855 48465 120 251807
491 45991 65535 128 1516859
492 46249 47830 120 88827
493 46288 63171 103 762501
494 46472 51078 51 271237
495 46519 55802 40 87603
496 46608 57535 42 212725
497 46653 49168 5 3464
498 46831 60132 62 334769
499 46854 51782 32 49923
500 46937 49103 20 39224
501 46988 47431 44 4092
502 47011 68664 24 88878
503 47038 50180 5 5142
504 47069 61540 19 100540
505 47136 49001 74 115350
506 47159 49135 93 151929
507 47236 48410 76 52973
508 47245 50984 13 46912
509 47427 66383 26 228722
510 47552 52220 87 152348
511 47604 49260 35 104771
512 47624 51024 41 70606
513 47707 48256 147 80303
514 47733 48403 60 60539
515 47936 51866 6 15908
516 47939 59621 98 930333
517 47942 60041 143 1956376
518 47971 65091 43 287653
519 48024 50398 147 207974
520 48300 57510 6 11559
521 48380 50092 126 101312
522 48386 58476 24 123983
523 48416 52322 71 85455
524 48429 52915 142 572643
525 48435 48557 94 3706
526 48454 51458 125 138386
527 48693 62659 86 2091078
528 48791 52162 11 27932
529 48909 51642 41 39387
530 49173 51743 43 55536
531 49293 56192 12 24060
532 49475 52218 11 10136
533 49621 51703 45 28305
534 49687 52696 29 32403
535 49707 49916 12 2062
536 49785 51911 5 3995
537 49790 59183 92 249409
538 49961 50514 78 15678
539 49974 56138 8 17843
540 50097 55836 49 163473
541 50119 61245 29 76239
542 50161 60024 41 579641
543 50178 52973 100 174410
544 50319 54139 9 6992
545 50450 51906 18 9060
546 50463 64959 35 236396
547 50517 59096 16 67845
548 50877 57586 26 153870
549 51026 54064 21 25440
550 51061 56161 56 217158
551 51089 56214 29 55369
552 51154 54923 89 81122
553 51229 54559 15 14067
554 51271 52228 127 26983
555 51379 68584 35 459470
556 51407 51745 21 7500
557 51416 61154 22 225446
558 51426 51493 77 930
559 51630 54997 4 10968
560 51645 57927 26 30637
561 51895 55650 22 13355
562 51921 64748 76 799319
563 51925 63660 98 349754
564 51941 52283 14 5557
565 52058 52229 16 1686
566 52329 67687 17 237003
567 52355 69084 109 1735155
568 52489 56052 52 69565
569 52503 56560 95 79720
570 52536 52659 38 4805
571 52542 58126 34 121076
572 52698 54359 93 46958
573 52728 87640 136 1434677
574 52752 59350 9 27849
575 52808 61778 145 416282
576 52857 56345 10 14969
577 52931 60424 98 135168
578 52942 68345 49 1340977
579 53011 54196 141 63273
580 53170 60417 49 157269
581 53278 55521 112 224420
582 53340 63642 114 629666
583 53368 55339 88 93216
584 53753 63122 129 412267
585 53912 54874 75 26456
586 54047 74878 16 154932
587 54372 59160 34 53447
588 54437 59037 5 8779
589 54505 62657 7 55536
590 55046 56820 9 2707
591 55055 55058 65 172
592 55107 57589 134 261216
593 55110 61546 138 389212
594 55141 55257 97 6734
595 55152 56071 25 11876
596 55156 81531 89 671684
597 55251 55984 94 75017
598 55377 57865 27 23408
599 55427 67006 18 85878
600 55448 56914 41 51284
601 55551 55587 18 471
602 55556 61366 20 53773
603 55571 61440 108 622153
604 55600 71206 69 212101
605 55691 72792 9 36125
606 55863 60262 41 83487
607 55913 56372 14 3507
608 55931 62067 16 28264
609 55941 59178 27 45816
610 55949 61343 86 121757
611 56058 57104 30 35046
612 56087 64271 104 449668
613 56344 61625 5 9222
614 56822 61404 92 69755
615 57019 61122 46 124048
616 57179 58423 148 70767
617 57357 60111 5 5103
618 57516 66243 116 539819
619 57530 65815 131 297431
620 57558 61340 23 50202
621 57587 59333 84 26741
622 57630 58603 120 79386
623 57827 63646 77 527080
624 58030 60551 5 3357
625 58130 71798 38 391352
626 58132 58490 21 5111
627 58183 65624 86 307705
628 58203 59323 144 74131
629 58226 58969 51 31079
630 58236 62395 28 47357
631 58328 73809 19 70021
632 58357 69051 19 52017
633 58448 60250 72 46698
634 58464 64216 67 123674
635 58472 64738 110 176217
636 58517 62515 74 127595
637 58694 64878 105 154840
638 58841 59227 25 966
639 58842 59524 123 38265
640 58905 60085 138 38238
641 59217 66858 82 388081
642 59264 62180 26 54603
643 59293 59776 77 14973
644 59346 62367 115 181596
645 59390 61463 142 174776
646 59396 66267 48 132218
647 59453 62700 126 90313
648 59520 61738 88 45308
649 59569 60627 59 26962
650 59892 64320 46 195211
651 59952 61913 85 52778
652 60107 63104 7 15436
653 60189 70173 64 247376
654 60484 62625 6 3110
655 60527 72206 140 2382116
656 60742 61970 12 17108
657 60857 72097 6 25705
658 60910 61200 116 17388
659 60973 67087 28 83876
660 60980 72675 78 717595
661 61010 67474 114 236909
662 61050 64608 12 9392
663 61182 66557 4 7844
664 61580 64104 144 103195
665 61627 62800 81 39032
666 61650 61834 11 1561
667 61718 71672 9 48765
668 61773 70191 60 97241
669 61930 62053 131 16704
670 62115 69846 97 499125
671 62133 68529 70 85748
672 62193 68200 136 425808
673 62245 70254 81 215429
674 62302 68591 17 28858
675 62406 63779 4 3712
676 62454 65019 74 42251
677 62875 68858 78 136476
678 63082 67672 51 131949
679 63094 69075 11 26397
680 63305 65656 97 52650
681 63409 66480 68 96988
682 63441 64004 106 62158
683 63493 73800 27 88448
684 63735 70182 17 74430
685 63772 72538 27 30766
686 63790 64672 23 25353
687 63939 69165 5 17856
688 64169 78180 78 1617816
689 64408 65275 46 20641
690 64450 65779 56 41621
691 64662 69741 142 601570
692 64906 67316 107 80889
693 64912 70532 4 10171
694 64968 70665 30 76046
695 64972 69658 10 17716
696 64990 68467 29 39066
697 65031 67709 10 6170
698 65200 69246 22 60962
699 65237 65526 20 5271
700 65357 77286 9 16084
701 65476 69559 10 23744
702 65573 66759 66 39326
703 65586 85295 127 1161334
704 65630 72735 46 203423
705 65757 77630 46 157074
706 65872 69682 8 4043
707 65922 78625 19 102367
708 66205 69603 8 6327
709 66346 76951 85 88463
710 66394 68909 89 179182
711 66402 66606 57 11677
712 66426 84707 23 113606
713 66534 67529 28 31037
714 66593 70481 7 25655
715 66612 73716 7 20944
716 66682 66708 6 151
717 66688 67502 118 74084
718 66820 67406 19 9447
719 66827 67099 136 36377
720 66844 72409 35 39657
721 66870 69553 98 221075
722 66969 68060 14 15015
723 67142 68532 117 164437
724 67404 95167 5 63305
725 67607 69097 10 5330
726 67612 69004 116 46357
727 67727 78716 143 334245
728 67731 74833 9 46525
729 67789 69640 83 83513
730 67946 69398 29 34530
731 68266 76443 48 511493
732 68408 77917 118 350034
733 68498 84266 17 154689
734 68585 98845 108 1624590
735 68598 70501 132 227764
736 68704 73807 8 9960
737 68765 93463 43 508359
738 68807 72117 52 45808
739 68849 79517 110 845768
740 68851 80068 106 969100
741 68916 84895 14 44395
742 68998 69284 109 12594
743 69040 78062 148 806899
744 69059 70333 23 21271
745 69078 69673 67 33759
746 69123 79426 106 604604
747 69162 74953 130 131084
748 69191 72542 24 19464
749 69208 72309 5 6487
750 69227 71020 62 20629
751 69433 78122 72 218428
752 69507 80200 58 240487
753 69529 74371 19 60434
754 69579 72289 62 197689
755 69613 80510 42 168740
756 69724 77999 34 82984
757 69758 75128 5 12998
758 69761 72720 25 58738
759 69838 71371 55 42752
760 69840 71930 45 58492
761 69858 81603 8 44533
762 69955 71124 130 74877
763 69985 72196 92 228754
764 70014 72553 121 74900
765 70015 87316 29 167822
766 70081 80388 9 15233
767 70092 70449 50 19672
768 70141 71464 19 12495
769 70359 73876 12 5552
770 70382 71129 148 118277
771 70416 82858 59 130104
772 70417 76287 6 18513
773 70526 78084 12 52257
774 70539 74774 80 279597
775 70545 83016 5 47567
776 70635 76324 6 14700
777 70726 76835 40 100021
778 70774 78577 37 74527
779 70807 75212 149 458708
780 70882 83178 24 124831
781 71008 73792 77 91110
782 71138 78489 112 277211
783 71139 71345 121 7733
784 71164 76669 62 137460
785 71202 75743 13 15336
786 71876 73749 66 57979
787 71998 82053 14 60845
788 72046 79498 121 718836
789 72120 72193 110 5239
790 72256 75638 105 72237
791 72336 76456 6 23507
792 72475 84364 109 383196
793 72504 79677 119 539903
794 72543 76635 110 218302
795 72709 77346 76 226872
796 72771 72818 29 1068
797 72825 75067 28 21880
798 72858 84424 106 481717
799 72912 96076 5 98644
800 73020 75692 25 16834
801 73120 75516 6 8125
802 73143 74134 4 1997
803 73174 77988 86 161377
804 73573 73834 119 12735
805 73760 81954 44 65148
806 73796 78142 133 527226
807 73881 75367 8 5768
808 74091 80726 54 184244
809 74180 78419 113 142950
810 74261 75080 30 18002
811 74267 91548 133 3254341
812 74323 76454 19 21083
813 74368 79083 27 40099
814 74687 79317 34 33493
815 74839 79955 108 607669
816 74959 77965 124 42326
817 75083 86229 68 200035
818 75172 76773 13 22740
819 75199 85191 33 64795
820 75247 90155 82 1397953
821 75253 90165 94 2737477
822 75302 76382 45 31892
823 75430 79862 19 63962
824 75454 75543 89 12242
825 75515 80784 36 113696
826 75644 78276 16 10610
827 76114 80976 81 159490
828 76189 83165 103 229988
829 76205 76994 149 84287
830 76302 78162 76 51653
831 76330 77511 65 25941
832 76558 76769 83 8796
833 76568 77608 100 106612
834 76583 77233 12 3608
835 76811 79141 20 9261
836 76921 86695 10 14699
837 76935 82738 122 272552
838 77052 93621 53 440045
839 77120 77624 96 59042
840 77193 90260 38 229434
841 77195 83994 4 11925
842 77272 80085 14 33295
843 77572 80825 121 162861
844 77606 81785 17 10489
845 77901 79132 56 85887
846 77941 79646 13 7662
847 78080 94363 60 815025
848 78443 83990 16 23670
849 78541 84447 54 66238
850 78667 81741 123 63930
851 78720 80695 43 46816
852 78814 83075 133 484662
853 78862 94244 6 25601
854 78865 80587 7 7753
855 79051 89571 16 49459
856 79055 95561 44 214161
857 79224 83492 101 258904
858 79272 85595 17 42343
859 79324 81915 74 255271
860 79357 79605 49 5973
861 79582 81310 5 4354
862 79586 80971 6 9132
863 79635 81621 12 5781
864 79647 88298 7 16251
865 79689 84874 4 24362
866 79813 80197 82 23872
867 79863 83537 79 113955
868 80000 81383 5 3446
869 80003 80528 117 16301
870 80148 81990 135 80120
871 80267 81386 130 72482
872 80401 83364 80 150992
873 80657 82815 117 22752
874 80800 99866 49 152403
875 80862 90818 92 900969
876 80873 86188 57 208065
877 80972 92051 14 32406
878 81148 96495 105 1160315
879 81156 89493 17 41394
880 81235 83729 82 54590
881 81249 84636 64 45775
882 81325 81830 12 1375
883 81371 83229 8 5744
884 81455 86289 59 84031
885 81472 84904 119 74804
886 81721 82166 140 26275
887 81759 90912 30 60095
888 81780 91705 117 178633
889 81797 81865 21 1956
890 82106 86148 118 95834
891 82188 86526 125 313995
892 82411 87300 17 72973
893 82502 82704 46 8763
894 82653 84324 69 30045
895 82674 85132 121 85973
896 82716 85756 66 30999
897 82807 83898 24 14217
898 82965 84629 80 35747
899 83046 85316 103 73678
900 83184 84995 6 6759
901 83248 85927 53 110167
902 83375 94133 71 190592
903 83409 85718 64 84648
904 83436 83736 51 5174
905 83445 85084 19 24031
906 83484 86240 128 335276
907 83485 86342 77 87820
908 83598 85896 14 15782
909 83619 85068 34 45855
910 83684 90547 46 131176
911 83698 84597 21 6076
912 83728 84499 111 26217
913 83781 84085 114 28271
914 83840 88634 5 22030
915 83957 88630 96 138541
916 84170 88248 25 40895
917 84399 99073 65 85413
918 84476 85407 10 4318
919 84589 90382 91 104391
920 85066 88742 17 30447
921 85179 96483 53 265043
922 85219 87856 60 123104
923 85307 88014 90 81009
924 85310 85704 86 12558
925 85373 93519 5 24729
926 85616 86434 8 1510
927 85701 92219 129 214828
928 85711 89111 24 41786
929 85789 88249 126 100886
930 86072 91387 61 35035
931 86077 95741 145 2882722
932 86280 92915 49 142818
933 86305 88526 30 20134
934 86366 92393 72 224362
935 86442 87148 60 51168
936 86672 89498 33 99882
937 86793 88467 25 18794
938 86958 88286 54 39874
939 86984 89843 96 210902
940 87022 87578 9 1148
941 87485 95670 5 5913
942 87559 96899 33 149065
943 87686 89598 104 108766
944 87824 93030 53 113549
945 87972 89142 140 42708
946 88251 89895 105 55772
947 88253 97697 113 498181
948 88545 93565 16 33681
949 88576 89924 135 155749
950 88782 90291 125 79924
951 88909 89040 11 2304
952 88965 90835 51 23814
953 89045 93289 21 18306
954 89118 91351 59 49235
955 89358 91764 79 62724
956 89394 90148 27 8589
957 89803 94025 24 162288
958 89905 98052 129 264414
959 90479 90894 146 37518
960 90571 90645 93 5179
961 90711 91221 91 57038
962 90740 91628 8 1814
963 90878 91448 77 18268
964 90941 93848 72 69278
965 90958 92457 76 71716
966 91078 97364 41 286441
967 91214 91687 93 22162
968 91409 97452 115 143497
969 91483 92602 27 34605
970 91510 99276 127 358173
971 91624 92769 7 2411
972 91631 94758 73 281367
973 92330 96769 124 440758
974 92408 93023 4 1555
975 92413 97841 145 258185
976 92832 96629 108 121267
977 93529 98166 43 51482
978 93536 97000 55 108045
979 93546 94678 34 6714
980 93729 94168 123 24138
981 93830 93919 10 370
982 93924 94639 63 14319
983 93974 96408 45 57491
984 94235 95069 84 22877
985 94356 95144 8 7157
986 94420 94882 23 7091
987 94869 97287 25 42383
988 94907 98330 49 36977
989 94922 95107 13 2306
990 94972 97292 41 32908
991 95608 99834 139 119942
992 96014 97628 58 22709
993 96499 98233 7 2346
994 96522 99103 85 58784
995 97103 98811 32 49888
996 97191 98651 67 83230
997 97197 97871 57 4930
998 97527 97956 25 8961
999 98385 99997 61 33215
