50 1000 0.020
..................................................
..................................................
..................................................
..................................................
..................................................
..................................................
..................................................
..................................................
..................................................
..................................................
..................................................
..................................................
..................................................
..................................................
..................................................
..................................................
..................................................
..................................................
.......................................###........
....................................#######.......
.....................................##.####......
......................................#####.......
..................................##.##.#####.....
..................................##.#.###.#......
.................................########.........
..................................#####.##........
.................................................#
.................................................#
................................................##
.............................................#####
..............................................#.#.
..............................................#...
..................................................
..................................................
..................................................
...................................#..............
...................................#..............
..............................#.#.##..#...........
..............................#########...........
..............................#..###.#....#.......
................................###########.......
................................#######.#.#.......
..............................#..#####....#.......
............................###..###...#..........
.............................#######.###..........
.............................#####.#.#.#..........
..............................####.#######........
..............................##########..........
................................####.#.#..........
..................................#.##............
0 92 28083 46 271748
1 104 4750 67 275916
2 161 3965 52 72083
3 295 3028 29 15050
4 316 4125 105 133081
5 634 2472 27 45301
6 907 13209 119 830603
7 921 21911 11 169926
8 1274 4162 36 23288
9 1528 5842 23 93135
10 1687 3814 17 9739
11 1797 4341 50 39548
12 1798 10070 52 64573
13 1833 7977 76 459487
14 1878 2571 13 8417
15 2040 6316 30 35819
16 2045 4551 139 215253
17 2309 3324 87 60096
18 2437 4668 6 11225
19 2480 8440 72 200351
20 2597 17053 83 954519
21 2646 5373 22 36789
22 2703 3645 73 61761
23 2805 7677 131 281478
24 2884 7767 12 26416
25 2919 8765 26 35205
26 2970 4672 29 7557
27 3051 6626 8 6039
28 3655 6581 18 41280
29 3682 7843 56 120067
30 3742 5049 142 31319
31 3780 23133 9 44697
32 3800 24220 29 260850
33 4023 12395 5 12322
34 4080 12410 26 78783
35 4195 7360 95 159906
36 4282 26530 146 1941112
37 4285 4765 19 3704
38 4361 4373 31 116
39 4372 7960 34 28718
40 4424 4466 19 446
41 4482 12218 28 103059
42 4519 5104 146 30621
43 4675 16249 16 33836
44 4698 6973 56 46586
45 4766 7588 7 9002
46 4772 8590 147 362276
47 4859 9662 11 13984
48 4906 5050 108 13404
49 4939 6339 104 54193
50 4964 11386 7 30656
51 4965 7011 15 15045
52 4985 5347 17 9374
53 5090 7089 41 31443
54 5151 7322 30 47695
55 5153 16629 113 647525
56 5162 9757 118 300590
57 5185 15861 22 68791
58 5385 7257 15 25144
59 5450 6787 11 4860
60 5490 10549 10 14926
61 5684 15224 5 20413
62 5780 8260 92 36450
63 5841 6466 29 8318
64 6063 15354 8 29486
65 6289 6818 14 3581
66 6300 7292 11 4754
67 6335 7060 148 25613
68 6444 9966 9 13012
69 6500 25860 36 335927
70 6504 10164 117 178645
71 6524 17484 94 340131
72 6615 11341 13 34479
73 6631 8305 11 3741
74 6761 7303 128 84950
75 6831 9029 13 6589
76 6853 20549 30 85122
77 6884 7050 28 7900
78 6935 12537 60 164539
79 6975 27046 9 71079
80 6998 52856 17 347557
81 7030 8284 136 52295
82 7438 9120 111 63104
83 7483 9306 31 39602
84 7507 14801 5 5799
85 7547 18876 16 123933
86 7585 10926 140 209906
87 7663 8474 83 23565
88 7733 7760 16 681
89 7907 10329 108 76708
90 7926 13529 44 89673
91 8024 11969 6 17484
92 8037 13962 23 50850
93 8183 23561 119 1096932
94 8306 9338 72 19411
95 8353 20001 95 209267
96 8361 14252 24 72377
97 8569 20989 144 770943
98 8663 19833 56 197974
99 8806 10752 15 13006
100 9047 9496 24 3589
101 9066 13137 92 147755
102 9092 14703 14 34191
103 9254 12597 104 107259
104 9283 10568 10 3637
105 9328 11102 7 4840
106 9697 14075 9 18699
107 9738 11702 24 5432
108 9890 26617 4 16648
109 9990 11694 103 118953
110 10034 23808 109 131966
111 10039 11297 55 52353
112 10299 16986 47 245053
113 10318 15238 20 94339
114 10531 13072 17 33254
115 10616 10691 99 3054
116 10626 16721 45 129382
117 10629 11168 146 21864
118 10877 18575 129 419857
119 10932 12094 107 65016
120 10966 21151 121 762545
121 11071 11582 17 7991
122 11117 29214 11 153661
123 11131 18143 122 243225
124 11221 17917 29 59113
125 11405 13205 82 56533
126 11412 13847 146 409540
127 11440 23387 96 807695
128 11465 15751 34 94549
129 11551 19160 5 11557
130 11578 15068 37 19573
131 11580 14828 26 65802
132 11798 16052 109 99184
133 12291 17302 42 64433
134 12397 14123 148 96002
135 12423 22145 74 465837
136 12439 12711 73 47200
137 12566 14536 13 13392
138 12702 12728 42 635
139 12867 19541 78 563913
140 12876 16811 77 137047
141 12888 13252 6 2097
142 12902 32713 106 647475
143 13136 26944 121 243380
144 13229 22290 29 247865
145 13277 20422 11 32889
146 13380 21003 111 687367
147 13421 21344 107 283960
148 13449 21433 24 145611
149 13455 15931 46 42299
150 13628 15964 141 287037
151 13641 15094 14 5784
152 13858 14225 149 18573
153 13865 39549 80 733755
154 14065 15932 7 2355
155 14212 14815 13 2253
156 14234 21438 11 35899
157 14471 31919 48 329070
158 14560 16323 5 1678
159 14626 24230 149 583984
160 14982 21706 54 309211
161 15004 18984 6 12156
162 15057 15404 10 2035
163 15074 17951 35 44618
164 15152 22233 117 190256
165 15175 19391 85 199609
166 15246 24227 23 75417
167 15330 26636 15 53748
168 15453 26328 7 21351
169 15472 25180 43 180426
170 15488 16333 124 39436
171 15563 22958 38 97015
172 15578 24089 80 189026
173 15628 29082 12 73085
174 15641 22685 12 19815
175 15843 18901 42 63354
176 15967 18049 29 23635
177 15991 22896 84 187431
178 16012 17115 85 29883
179 16054 18945 29 38354
180 16062 18407 57 29758
181 16130 23186 39 248115
182 16263 22191 110 246769
183 16378 17891 133 107048
184 16403 22730 63 141326
185 16571 26517 37 70334
186 16586 18085 140 86855
187 16659 22199 123 478331
188 16890 18616 7 7774
189 17065 18349 130 68899
190 17066 36317 108 682412
191 17079 21485 87 166507
192 17236 17984 103 83378
193 17271 18209 5 4076
194 17300 19422 65 58700
195 17322 18848 41 18557
196 17446 26178 79 219354
197 17487 21812 19 40908
198 17559 45653 101 2168444
199 17568 21972 32 28170
200 17575 25565 127 711798
201 17591 32792 146 1233902
202 17597 29765 98 1274751
203 17615 37173 120 782690
204 17631 18138 74 21953
205 17705 17710 9 43
206 17739 22701 112 618944
207 17742 21386 13 37217
208 18063 33460 138 881997
209 18064 22930 8 25637
210 18133 33281 99 514986
211 18183 26359 66 181881
212 18431 31080 8 42306
213 18706 21617 79 89599
214 18727 22400 42 38911
215 18739 31871 26 169123
216 18994 28382 21 152255
217 19014 20097 83 35470
218 19093 22128 87 110511
219 19152 33802 12 87805
220 19326 20389 55 73503
221 19333 21546 11 8592
222 19359 22309 73 244164
223 19384 20444 67 24574
224 19405 21914 7 11634
225 19493 25219 140 1005233
226 19502 24275 7 12733
227 19550 26710 68 205219
228 19556 23483 10 19901
229 19669 28738 20 147612
230 19746 26580 30 70066
231 19796 28592 11 28287
232 19832 22359 41 28452
233 20086 22105 59 78216
234 20101 27639 14 69354
235 20128 20300 45 4204
236 20147 21140 132 77578
237 20208 24168 51 118652
238 20253 24924 146 356225
239 20267 23674 104 116411
240 20368 29106 12 46278
241 20563 22549 85 50739
242 20583 24591 135 257749
243 20597 24323 137 115297
244 20658 32394 56 239619
245 20674 22721 16 58564
246 20783 21299 57 18952
247 20788 25088 86 180598
248 20795 20803 16 97
249 20827 43495 80 434618
250 20831 24217 93 194690
251 21323 24648 15 27548
252 21387 26293 100 228659
253 21633 23299 144 90213
254 21671 26622 148 492035
255 21701 23384 41 72599
256 21887 22808 114 113782
257 22178 27423 139 217641
258 22313 29227 15 40666
259 22345 23947 77 43978
260 22490 23912 79 29027
261 22505 35085 18 66309
262 22641 27020 75 304717
263 22651 24560 43 34447
264 22665 31915 37 96247
265 22728 23850 128 209142
266 22780 34136 13 60940
267 23034 33250 70 235973
268 23053 23464 58 45615
269 23183 33398 7 18877
270 23280 44552 18 241041
271 23885 31935 28 168874
272 24005 25545 91 160889
273 24020 27668 149 326289
274 24074 36551 28 102310
275 24366 40173 52 131154
276 24373 29257 84 75855
277 24432 33735 103 229129
278 24530 27722 12 10966
279 24572 27178 48 33361
280 24579 24939 6 1697
281 24595 25636 102 61913
282 24603 25486 124 216004
283 24862 27129 98 50042
284 24899 27490 115 125971
285 25098 25894 31 11344
286 25255 36539 5 18844
287 25291 39633 94 420185
288 25294 35101 32 83789
289 25299 32143 50 711979
290 25446 28468 123 329893
291 25469 36738 120 1702708
292 25471 27452 83 48765
293 25499 30577 109 235884
294 25631 33627 123 305332
295 25735 32296 98 336758
296 25977 35481 38 96657
297 26046 28578 142 106828
298 26179 27677 36 7784
299 26183 29207 29 17896
300 26268 31113 132 433116
301 26292 32276 46 110972
302 26331 27974 50 59099
303 26375 30941 102 249391
304 26410 33127 134 231960
305 26525 28757 4 4847
306 26687 42265 120 451894
307 26803 35963 5 21527
308 26955 29922 58 68075
309 27018 27882 6 6833
310 27172 34583 110 315328
311 27214 28133 61 25138
312 27231 39149 6 4454
313 27234 30986 54 126668
314 27274 27378 7 731
315 27409 41283 62 269276
316 27546 32568 57 122585
317 27592 31671 68 134931
318 27595 34016 37 65453
319 27696 31088 32 41873
320 27703 32398 6 15483
321 27842 56161 22 516514
322 27887 42789 143 2928499
323 27891 33954 66 166434
324 28026 35887 59 340937
325 28145 32072 17 32656
326 28320 28402 135 5136
327 28325 30249 28 27723
328 28536 33705 23 85809
329 28595 41972 6 46916
330 28667 28799 105 15434
331 28672 30026 56 66887
332 29049 29620 114 35267
333 29126 30415 146 152010
334 29177 32513 101 136230
335 29320 36900 6 21871
336 29582 44361 62 406591
337 29717 32579 4 4975
338 30040 30715 16 4749
339 30120 42890 15 64839
340 30123 33400 83 53750
341 30124 49406 67 528346
342 30163 32052 19 12140
343 30247 40984 107 1121790
344 30283 31851 122 40376
345 30315 35860 62 424454
346 30401 51194 35 231482
347 30456 32946 131 103087
348 30638 39023 17 34820
349 30740 32632 15 13877
350 31031 37863 48 145501
351 31041 32722 56 24978
352 31075 34992 92 154462
353 31238 34659 117 182073
354 31239 31936 148 38549
355 31310 38488 4 12999
356 31390 40249 16 17256
357 31391 48004 55 349193
358 31402 41707 134 366932
359 31693 50771 44 823224
360 32071 40648 52 276870
361 32211 38662 22 167281
362 32333 39984 23 35272
363 32524 35137 67 61284
364 32538 33467 69 36482
365 32558 36201 146 208340
366 32571 33392 67 42774
367 32628 36419 43 265172
368 32650 33977 67 36764
369 32696 34412 122 201102
370 32811 45637 38 214561
371 32897 45618 122 606202
372 32905 35598 90 152652
373 33201 38870 119 161553
374 33245 36830 38 67408
375 33565 45399 64 569001
376 33714 44572 132 474539
377 33746 39143 18 36833
378 33926 33959 80 2918
379 33960 38357 17 21285
380 34259 37226 16 31940
381 34272 41771 58 82940
382 34351 35630 107 90966
383 34635 35691 34 11276
384 34638 34687 9 541
385 34924 36484 49 51722
386 34981 36255 17 25182
387 35242 40969 150 491906
388 35244 40190 90 118333
389 35332 48749 136 879575
390 35384 39123 107 106713
391 35392 43050 35 93303
392 35467 52177 136 1009041
393 35484 50933 74 191022
394 35499 44642 66 464741
395 35608 36548 34 35441
396 35824 35870 90 5963
397 35843 39174 72 62068
398 35862 37186 80 53750
399 36169 45000 87 380133
400 36186 43054 127 121503
401 36294 36937 58 17130
402 36304 42270 90 139041
403 36364 43305 11 25476
404 36397 53362 32 205914
405 36617 41420 20 37851
406 36660 40700 22 43439
407 36779 37509 12 1787
408 36879 40942 8 20986
409 37091 39981 114 182757
410 37273 43445 5 8073
411 37515 46344 16 38398
412 37548 38672 17 7560
413 37779 37805 53 1540
414 37858 38815 109 160773
415 37978 42303 88 87086
416 38303 38366 35 1776
417 38392 43931 87 98000
418 38475 50508 14 91377
419 38537 44414 119 255904
420 38719 42146 4 5984
421 38822 46500 15 93071
422 38828 48910 137 689438
423 38867 41559 46 32373
424 38952 70393 37 571538
425 39004 46238 11 75567
426 39054 45899 44 122262
427 39296 51628 6 29680
428 39350 41322 133 94540
429 39481 41397 4 1061
430 39521 40975 24 36730
431 39534 48677 21 77552
432 39637 41759 13 10051
433 39664 56569 78 764368
434 39713 47768 30 55998
435 39752 41053 15 10827
436 39845 54572 88 538944
437 39864 48620 83 719566
438 39872 40078 5 662
439 39880 42225 17 20457
440 40294 41732 75 84440
441 40328 43205 107 70057
442 40424 57170 49 99471
443 40531 50772 14 46414
444 40583 41375 35 6850
445 40692 43584 21 20167
446 40780 43827 63 69711
447 40794 46586 49 73710
448 40807 49765 58 381796
449 40894 44223 9 13774
450 40915 43147 9 10598
451 40983 41744 88 35743
452 41001 50260 138 298360
453 41142 44336 7 4802
454 41146 45761 53 285057
455 41269 52975 8 52961
456 41390 45187 116 67810
457 41442 46271 66 236563
458 41476 47560 89 580143
459 41542 41731 9 829
460 41563 58325 22 195897
461 41905 43452 4 3329
462 42035 52549 82 573537
463 42296 44063 16 25465
464 42423 46033 100 107145
465 42501 56922 128 2373226
466 42506 42602 107 5695
467 42566 54144 20 78103
468 42679 52378 111 654692
469 42712 49521 117 551253
470 42891 45198 34 18562
471 42908 44782 22 12245
472 42976 44679 6 11042
473 43005 50625 142 688502
474 43221 58819 60 546554
475 43370 54949 141 217926
476 43426 62355 120 2613601
477 43569 56622 29 62922
478 43744 57827 70 170379
479 43984 44600 30 2389
480 44051 47132 125 179328
481 44073 64168 125 816169
482 44106 52583 63 208150
483 44263 48375 62 147733
484 44303 45207 61 35867
485 44352 51724 109 235799
486 44368 63415 115 622836
487 44397 51268 6 25325
488 44435 50202 100 260112
489 44462 50979 70 359471
490 44520 54301 24 103884
491 44825 48123 143 146015
492 45019 45066 7 209
493 45169 48491 35 98924
494 45388 46381 144 145742
495 45391 47813 61 116509
496 45454 48947 38 45161
497 45588 66429 15 113120
498 45606 49165 74 113168
499 45613 50158 52 118371
500 45849 48526 76 88660
501 46139 72173 24 427860
502 46142 61022 79 341790
503 46177 47450 5 2257
504 46497 46848 21 3529
505 46547 65823 110 546895
506 46599 49092 90 52173
507 46807 48818 17 9193
508 46839 53309 72 72798
509 46861 49527 78 123050
510 47153 51773 16 27582
511 47256 49875 17 42328
512 47282 53029 13 46338
513 47370 49477 86 64575
514 47566 52790 53 53425
515 47857 49666 146 106442
516 47946 51755 25 39784
517 48185 53179 131 810805
518 48270 52776 112 311681
519 48306 57623 52 167776
520 48322 49221 36 34956
521 48401 51171 132 222338
522 48577 52797 77 188630
523 48605 48813 13 1193
524 48628 51193 38 25573
525 48989 49266 80 10086
526 49117 54302 98 291855
527 49158 51648 101 104763
528 49262 61234 23 105498
529 49345 54042 20 81470
530 49373 59597 75 107990
531 49394 53969 13 34477
532 49446 50491 23 25753
533 49610 49918 35 12090
534 49654 65623 25 210394
535 49676 49959 104 15125
536 49696 56448 90 109277
537 49795 50303 69 17740
538 49824 53916 15 43389
539 49831 52018 90 96615
540 49848 54018 81 239775
541 50021 65690 4 23683
542 50109 57457 87 483243
543 50144 57863 123 572442
544 50264 52473 10 11153
545 50492 51555 26 7412
546 50767 50872 25 1037
547 50873 53144 34 30871
548 50882 52133 66 54452
549 51017 51957 38 47103
550 51126 53100 6 3427
551 51154 58084 14 97083
552 51252 67936 95 616496
553 51461 52333 91 30313
554 51463 60398 63 76547
555 51581 69626 87 537359
556 51695 59360 130 442785
557 51912 52095 24 3137
558 52050 56045 75 163281
559 52158 52219 114 1874
560 52525 57444 13 37471
561 52895 61889 31 102607
562 52933 53267 126 41109
563 53032 63385 24 85579
564 53033 54099 73 31565
565 53081 76921 29 106597
566 53154 57971 132 207028
567 53212 57393 127 242356
568 53239 54490 5 2774
569 53325 63100 69 201758
570 53391 54760 73 98120
571 53470 53674 24 1147
572 53856 59698 23 30188
573 53907 60874 65 302098
574 53984 58883 10 22977
575 54024 55997 29 31494
576 54190 72243 54 537821
577 54474 54841 98 11744
578 54662 61777 31 275654
579 54691 56098 25 6639
580 54753 58752 88 320304
581 54766 56392 121 100614
582 54801 55846 122 40708
583 54998 57988 13 21069
584 55168 55464 9 1404
585 55486 55549 85 6579
586 55598 56068 65 15929
587 55708 58980 27 22262
588 55783 58054 32 20836
589 55949 59170 6 14947
590 55977 56176 40 8823
591 56075 57104 150 69987
592 56183 56535 89 16983
593 56197 59996 148 300415
594 56199 59070 87 105312
595 56348 59705 128 195651
596 56464 58265 59 86462
597 56526 59453 20 64382
598 56616 66456 51 269817
599 56631 57796 94 113554
600 56669 57014 11 1611
601 56670 61825 54 152484
602 56788 72166 80 616760
603 56867 59755 65 39342
604 57063 78782 43 354486
605 57114 63200 25 41364
606 57173 57974 80 25570
607 57179 59082 12 9296
608 57195 57604 103 21402
609 57256 58840 45 56431
610 57368 62123 94 83247
611 57478 61167 141 431376
612 57620 59525 78 28012
613 57622 63950 59 92949
614 57692 62551 124 350145
615 57706 66903 94 354961
616 57795 62139 56 141882
617 57937 64719 148 644087
618 58097 58251 44 2456
619 58104 58691 44 10055
620 58122 63169 86 293609
621 58167 62498 120 485459
622 58272 58909 59 15367
623 58432 60696 12 11279
624 58461 60440 118 327711
625 58507 68779 107 744068
626 58512 71468 138 207331
627 58667 62216 12 30439
628 58735 69850 17 51968
629 58872 63301 114 286897
630 59228 60096 22 22555
631 59310 89933 50 602924
632 59312 68040 50 66354
633 59569 60391 55 13340
634 59625 67066 100 374026
635 59734 64298 119 396204
636 59746 61851 78 60181
637 59770 66920 8 35725
638 59916 60735 6 1571
639 60139 63378 122 148726
640 60255 65709 111 278306
641 60405 60609 41 4814
642 60429 61690 26 24185
643 60718 63457 17 26705
644 60761 61312 86 49375
645 60791 69728 131 185086
646 60900 86195 21 275616
647 60909 68271 33 137679
648 60913 64472 139 280644
649 60966 63882 123 364458
650 61015 68416 78 89362
651 61147 69755 85 298298
652 61193 68787 14 52494
653 61217 66747 7 6696
654 61240 67153 4 10831
655 61393 69430 120 106680
656 61478 62179 44 22877
657 61493 62460 58 10794
658 61557 63396 19 25204
659 61659 62686 98 63545
660 61771 77949 84 535513
661 61822 69252 17 70667
662 62107 64612 148 96746
663 62511 64724 80 102258
664 62535 69988 85 301193
665 62827 65159 24 11483
666 63155 66753 30 22136
667 63159 63191 132 3219
668 63268 67345 108 98550
669 63282 64620 39 69661
670 63483 67870 74 96342
671 63539 74889 54 122001
672 63551 69628 13 11293
673 63612 69567 97 90827
674 63638 67465 54 171668
675 63678 69785 15 27491
676 63792 66061 106 177398
677 63865 67953 132 169359
678 63884 66505 100 111461
679 63917 65834 88 82793
680 63923 71469 17 45369
681 64132 64505 18 3060
682 64136 68714 41 234131
683 64287 68433 13 49535
684 64328 65384 90 44349
685 64358 70778 50 152079
686 64368 65817 5 2676
687 64532 71178 4 4652
688 64619 81687 46 348690
689 64647 79330 63 713329
690 64827 72592 39 391113
691 65009 72871 143 702525
692 65185 72613 44 232413
693 65278 77387 12 37653
694 65385 66799 73 75161
695 65585 66010 25 3924
696 65924 68369 144 232732
697 65930 66183 27 2887
698 66143 77222 17 111354
699 66176 71065 15 51251
700 66320 67020 93 26738
701 66327 84370 8 18141
702 66360 71199 81 240059
703 66432 67614 145 159441
704 66572 67006 47 30366
705 66643 75573 92 283615
706 66718 78739 73 382808
707 66782 74428 15 24752
708 66818 73819 53 224051
709 66998 70345 135 171445
710 67051 83507 57 212070
711 67106 77917 135 891343
712 67416 74826 69 110045
713 67471 67571 83 7144
714 67490 81268 44 156614
715 67672 81763 148 455019
716 67705 80190 40 167108
717 67728 75160 72 134818
718 67759 68228 13 5819
719 67781 77064 8 14890
720 67795 81368 83 1043285
721 67876 74730 49 290775
722 67977 77370 47 152882
723 67999 69983 127 141508
724 68039 87533 63 867975
725 68072 68716 21 13521
726 68227 70835 24 17665
727 68484 78033 62 152129
728 68557 72979 93 181104
729 68562 75364 9 6968
730 68594 80230 113 500854
731 68633 71530 7 6138
732 68678 68973 119 12777
733 68741 69504 123 27787
734 68763 78753 5 24952
735 68773 70103 31 28975
736 68786 69796 15 16681
737 68837 78639 116 223567
738 68919 77527 56 269189
739 69005 73240 82 107384
740 69048 72897 73 119444
741 69086 76873 149 171747
742 69108 74029 56 157058
743 69126 76509 29 72174
744 69173 69865 88 73183
745 69277 76533 53 123308
746 69296 77966 111 258731
747 69822 74745 124 108384
748 69844 72852 5 3127
749 70018 93267 132 533367
750 70054 71250 30 29468
751 70081 70725 110 42862
752 70123 87135 17 293226
753 70180 72545 81 77840
754 70246 72167 18 25394
755 70331 75688 112 138754
756 70388 89607 115 569489
757 70425 79367 54 236710
758 70449 82305 53 718260
759 70610 74529 105 187230
760 70729 76374 66 214707
761 70796 71003 39 6172
762 70870 74268 36 73596
763 71136 88140 20 89500
764 71182 76710 38 97880
765 71374 86492 23 99664
766 71622 77981 58 103716
767 71810 85241 114 1388256
768 72135 87567 14 90432
769 72176 73368 26 22947
770 72230 73192 11 3112
771 72237 83384 61 683607
772 72263 72648 121 7848
773 72273 76414 77 327905
774 72281 75515 115 103012
775 72611 82750 4 19700
776 72661 73544 32 13126
777 72768 86025 30 103804
778 72860 80805 12 16701
779 73088 76239 26 52522
780 73132 77012 43 59598
781 73250 78736 9 8999
782 73361 75936 106 160227
783 73433 73492 21 2714
784 73558 79180 66 62185
785 73563 75568 98 290157
786 73595 77487 20 37873
787 73656 82133 42 229434
788 73700 75581 78 52581
789 73908 89985 13 90939
790 74003 78640 56 79200
791 74049 76846 32 34336
792 74174 76224 137 55358
793 74239 74252 62 875
794 74288 84514 29 149464
795 74334 75208 143 54600
796 74386 77248 7 6434
797 74433 75247 10 2481
798 74443 86379 22 90708
799 74481 79162 89 274393
800 74617 75606 7 4125
801 74827 82483 148 365069
802 74861 75782 79 75597
803 75059 80775 70 97441
804 75172 76854 95 139363
805 75203 77020 17 31143
806 75356 76777 6 2271
807 75399 79847 100 275897
808 75426 78497 143 193646
809 75570 76181 64 7104
810 75597 79088 22 28724
811 75677 78908 49 99948
812 75801 81077 5 31837
813 75812 77060 53 90901
814 75869 81733 147 280883
815 76148 80222 40 89085
816 76207 77528 98 17904
817 76229 79911 13 52301
818 76259 98123 13 279158
819 76313 89239 80 308929
820 76519 80006 16 17029
821 76684 85652 85 491708
822 76695 97581 125 1286634
823 76847 79031 108 137824
824 77078 81651 73 184594
825 77352 79758 142 86458
826 77431 82106 39 81115
827 77491 83811 147 118014
828 77666 80108 73 120164
829 77675 91211 4 45963
830 77835 78586 61 11544
831 77983 81648 20 9277
832 78028 82097 28 70211
833 78101 85944 54 133340
834 78117 81208 66 36771
835 78122 80863 129 259610
836 78180 83269 8 46201
837 78369 79009 58 52866
838 78403 85581 10 19595
839 78529 79988 14 5171
840 78674 84510 11 43044
841 78866 80239 129 117375
842 78891 84535 13 24822
843 79057 80767 19 14287
844 79191 80790 7 1182
845 79227 82039 24 17222
846 79252 80960 31 32188
847 79253 80727 99 54655
848 79347 79625 23 4295
849 79460 90338 55 150240
850 79564 81771 82 91619
851 79901 82169 68 56487
852 80290 93537 48 429100
853 80322 91958 43 125811
854 80504 87521 95 227861
855 80639 81250 16 2045
856 80654 81257 39 4529
857 80669 83183 23 32508
858 81001 90719 15 111620
859 81067 83977 119 169723
860 81184 83491 6 10534
861 81248 92483 7 5398
862 81269 86194 27 89630
863 81270 82616 6 1746
864 81278 87682 18 124692
865 81324 88443 17 34429
866 81358 88544 109 188156
867 81375 87126 8 41229
868 81446 90041 90 405939
869 81572 90569 31 132724
870 81672 83052 12 18955
871 81702 89152 96 365626
872 81930 84871 74 100849
873 82031 88121 16 31234
874 82282 82316 142 1574
875 82293 95099 24 170726
876 82502 88989 19 70854
877 82603 97939 38 187215
878 82730 84927 115 99970
879 82736 82746 49 223
880 82749 83926 7 2124
881 82838 85083 70 126187
882 82876 87506 9 14455
883 82988 93277 13 38058
884 83124 83249 10 262
885 83142 83176 91 800
886 83150 83258 94 21646
887 83218 94720 142 911772
888 83406 89191 40 78768
889 83562 84224 40 7842
890 83709 84259 88 35427
891 83807 89055 72 184782
892 83969 91152 144 287712
893 84107 86847 75 91679
894 84141 86180 10 10627
895 84225 96278 7 22631
896 84243 87794 6 22699
897 84585 87205 69 57174
898 84711 90121 138 525337
899 84745 90913 28 74586
900 84864 89140 137 143672
901 85114 96762 70 243271
902 85240 88016 117 301386
903 85483 97273 96 320277
904 85639 98671 12 111573
905 85707 89488 5 6471
906 85721 88193 19 34306
907 85895 88574 18 5531
908 85907 91084 41 65142
909 85984 86218 50 4935
910 86064 89050 33 51947
911 86238 90746 56 227586
912 86258 93019 104 396582
913 86421 87259 71 45350
914 86444 89156 80 125740
915 86497 86909 132 13150
916 86732 94439 133 697207
917 86776 92050 40 36168
918 86786 98256 14 91145
919 86882 97487 19 79027
920 87101 87802 14 10905
921 87232 89700 16 41079
922 87251 93220 119 138271
923 87276 94246 81 357929
924 87293 87495 36 2482
925 87296 90730 65 101904
926 87330 87620 80 18774
927 87356 93498 18 34825
928 87560 87851 54 4423
929 87641 88159 7 3518
930 87856 89418 59 31436
931 87975 98198 38 115876
932 88146 93283 22 58188
933 88263 89400 34 13728
934 88422 88656 38 5306
935 88471 93520 7 14771
936 88512 93720 35 126153
937 88521 90590 65 47222
938 88538 90664 29 67702
939 88573 88668 11 411
940 88700 90360 40 53561
941 88826 94803 8 11134
942 89000 95256 132 280360
943 89133 90059 55 41431
944 89451 89794 47 8699
945 89795 95049 8 27987
946 89922 91040 135 144621
947 90277 90289 116 1070
948 90315 90955 4 1268
949 90354 95060 143 330643
950 90453 90782 17 3322
951 90924 95483 146 114827
952 90956 93002 149 245122
953 90961 92448 44 61770
954 91235 91580 26 4371
955 91255 97824 81 214269
956 91396 93093 25 20107
957 91496 92418 32 14389
958 91655 92443 17 13166
959 91804 96935 30 66322
960 91854 94682 103 101331
961 91898 95881 50 78042
962 92433 97951 147 145745
963 92440 96607 82 205497
964 92464 97564 85 231101
965 92557 98124 34 134265
966 92661 97231 9 17032
967 92715 93448 65 61182
968 92830 96230 7 9041
969 92917 94280 62 45602
970 92998 93730 8 7037
971 93387 94580 133 43169
972 93619 94005 17 4339
973 93725 97603 124 553676
974 93739 96004 5 6990
975 93763 98096 138 107462
976 93834 99181 27 43884
977 94235 95110 136 49461
978 94365 94483 93 9134
979 94512 96967 29 37911
980 94537 98465 4 3110
981 94606 94693 43 3344
982 94809 97065 21 18447
983 94962 98119 38 22877
984 94971 95343 90 37654
985 94987 96671 90 64263
986 95046 97032 80 54479
987 95165 96712 18 18998
988 95179 96564 110 55405
989 95209 99608 22 47404
990 95231 95788 82 30523
991 95369 95981 16 10585
992 95889 98452 62 52590
993 96070 99718 20 19355
994 96206 96742 69 6993
995 96351 98430 21 33180
996 96842 99230 50 105540
997 96893 98163 29 7172
998 98226 99314 28 15155
999 99323 99478 96 7259
