50 1000 0.021
#........#..........##.##.......##.#..............
##.......#..........##.##....#######..............
###.................######....####.##.............
##.............##.....###....##......#............
###..........####......#.##.....#..###.####.......
..#....##.#.#..###....#...#....##.####.#..........
.#####..#####..####.###...#.....####..######......
...####.#.####.###...##..........#.#.###.####.....
....##......##..###.....##...#####.#..............
............#.#####....###..####..##..............
....######....##.##....#.....######...#......#####
.......####...#.####..........####..###.......###.
......##.....##.###.............#...###.......#.##
....####.##...##.#..............##..####..#.....#.
....########..##......###..............#####....#.
.....###.###.#.......#.#.....#.........#..#.......
.....###.#####.##....#.#.....#............##....##
##..##..#########....####...#####...#.........####
###.##..##....#......####..###.....##.......##..##
.#...#####...........#####................###.....
..#...#####..............................###.....#
.##..###.#.#...........................#..##..####
.##.####.####..........................#....#..##.
.#..#####.#.##.........................#...#######
....#####..###.............................#######
......#....##...#............................##.##
........##...#.##.....#...................###.#.#.
......####..###..##..##..................##.##....
......#.##.####...#.##....................####....
##...#...#.##.##..###....................###.###..
.##..#...#.###...####......#...............#####..
.######.####.###.........######.........#..###....
.#.#.##...##.#######...#####..........###..#.##...
.####.######.#####....###..##.........##...#.#....
##..#.##.#.#..#.#......#.#####.........#..........
###...#...............#.####....##..#..###........
#...................###.#####....######.#.........
...................#######..###..##..#####........
.#.......###.......####.#....#.......##.#...#.....
.####....##...#..............##..#.#.###..#####...
.##......#....#..##..........#...########...##....
#...........#######................#####....#.....
##...........#.#.#.........#...............####..#
####..........#####........#..###....###...##.####
..##.............#.#......##..###..####...#.###..#
..#...............####.######..##..##..#.###.#..##
##...............####..##.#.#####..##.####.##...#.
.#..............##.###.####....#....#########.....
.##..............##....####.....##..##..#.#####...
.####...........###....##.#....###....########....
0 125 783 8 3989
1 166 8572 10 50875
2 223 10632 70 456181
3 311 14757 73 196327
4 580 5143 109 426836
5 672 5512 4 13993
6 895 13041 75 632021
7 942 9126 22 120046
8 977 2580 57 18927
9 1044 1932 99 58522
10 1060 11772 81 143824
11 1355 8911 5 2435
12 1372 5233 67 164107
13 1421 1725 35 5016
14 1471 9875 90 434971
15 1488 5264 5 15460
16 1622 8730 45 158925
17 1750 4337 17 21588
18 1974 1996 12 50
19 1983 5815 147 444866
20 2156 3391 39 20202
21 2186 3375 118 58861
22 2233 31791 9 144123
23 2276 27144 147 942621
24 2308 7093 37 142633
25 2414 12084 31 88976
26 2498 3591 117 23899
27 2577 5074 51 45998
28 2605 20269 13 69593
29 2728 10890 137 431520
30 2830 9982 13 35109
31 2862 6583 12 25570
32 2880 3478 66 32804
33 3253 15888 86 498240
34 3316 4233 44 40660
35 3488 8257 86 82770
36 3510 8586 105 261799
37 3521 13243 138 398346
38 3568 7223 124 182587
39 3631 9039 30 29927
40 3736 6150 7 12851
41 3743 4025 123 25497
42 3820 16590 90 342102
43 3853 12364 18 46236
44 4024 5646 30 21285
45 4120 16770 89 636160
46 4360 5766 49 44245
47 4376 7649 51 124417
48 4399 15713 13 51852
49 4439 5928 83 54707
50 4508 10687 108 227590
51 4526 4572 120 2285
52 4651 5989 52 16696
53 4712 6954 110 213161
54 4727 12484 131 414221
55 4844 31209 39 298725
56 4892 13986 9 18172
57 4911 7311 111 123133
58 4917 6924 12 7932
59 5119 14639 139 774657
60 5202 21418 8 78859
61 5223 11148 14 70517
62 5230 6143 9 8869
63 5352 23692 124 1559771
64 5460 29396 126 972482
65 5499 6719 36 35942
66 5857 11866 34 129880
67 6069 15582 120 330517
68 6211 9507 134 231219
69 6219 7945 58 54775
70 6506 20244 16 135825
71 6531 8644 118 57440
72 6589 8146 38 45888
73 6615 13833 8 9876
74 6797 20092 110 814315
75 6817 13116 78 264792
76 6874 12198 85 223101
77 6926 23147 71 362607
78 7145 8110 117 48365
79 7221 7241 41 304
80 7341 17909 25 161113
81 7579 8567 38 17048
82 7637 10137 108 175162
83 7642 9530 82 222849
84 7754 19666 48 266283
85 7855 10029 5 9103
86 7905 11602 59 114420
87 7918 13503 5 4195
88 7925 8712 41 12649
89 7994 8653 132 54169
90 8326 11938 137 342420
91 8390 34546 92 950632
92 8412 13561 45 145240
93 8583 13997 66 163209
94 8671 21591 9 128453
95 8683 11608 13 20403
96 8718 15307 64 635476
97 8724 35135 107 1441962
98 8816 14038 9 52801
99 8920 14619 53 270486
100 8989 31160 10 43435
101 9005 16507 24 66360
102 9035 10764 6 2252
103 9036 15433 11 46643
104 9189 12417 25 56273
105 9191 13954 17 28778
106 9402 11421 133 51802
107 9535 16009 22 61362
108 9592 21827 79 463158
109 9933 17411 40 201542
110 9961 15760 79 249690
111 9975 14069 81 192406
112 10101 19278 49 257179
113 10139 12116 120 180380
114 10161 10198 21 501
115 10218 12478 10 13394
116 10630 33955 117 924208
117 10702 14041 79 371133
118 10738 37759 45 407686
119 10863 17486 70 494427
120 10893 13135 23 17480
121 10909 16852 33 63855
122 10954 33125 78 1068189
123 11185 21993 18 96804
124 11262 16866 80 228547
125 11274 34935 60 1127834
126 11360 20613 38 121532
127 11400 12667 51 33702
128 11477 17172 10 24508
129 11530 13528 95 93067
130 11640 25836 129 1060421
131 11734 23799 27 237087
132 11760 21328 50 174097
133 11884 27618 7 21830
134 12109 18626 5 13010
135 12167 26784 16 34353
136 12227 15317 85 60103
137 12285 19175 142 187321
138 12306 18118 73 97600
139 12495 31377 49 221568
140 12880 16531 4 5790
141 12968 13779 9 1914
142 12980 19735 136 537067
143 12995 17096 116 173224
144 13037 32744 43 156620
145 13396 30706 141 1770094
146 13514 25874 73 375120
147 13553 17216 94 76059
148 13597 24674 63 508549
149 13603 17026 4 5962
150 13688 22890 143 682655
151 13697 14652 127 120430
152 13773 14102 4 1271
153 13885 14751 83 28169
154 13943 15415 56 51958
155 13972 21671 41 377056
156 14040 15306 4 6444
157 14100 19825 44 38884
158 14115 18103 6 11975
159 14262 18816 59 102659
160 14265 21369 9 15427
161 14418 15682 112 63957
162 14419 27075 47 358979
163 14444 25842 4 6612
164 14457 20936 54 76803
165 14915 39957 9 72705
166 14948 36043 103 924377
167 15265 24866 25 73569
168 15364 19140 69 65338
169 15372 26392 29 101576
170 15437 16885 40 115054
171 15460 21874 134 490505
172 15540 18790 17 33321
173 15610 17525 12 9286
174 15677 28050 145 670348
175 15690 30803 70 404631
176 15766 24188 28 57409
177 15812 21464 10 23518
178 15895 18362 75 47216
179 16038 28364 112 723941
180 16115 27157 26 141419
181 16255 18272 82 177169
182 16281 26319 27 83625
183 16571 25653 29 74011
184 16588 61434 12 91165
185 16699 26590 4 18014
186 16752 20500 80 103450
187 16807 21313 38 103622
188 16868 16938 91 4125
189 16916 20676 105 218626
190 17352 31249 110 751618
191 17428 24145 78 91504
192 17492 23920 70 277875
193 17517 28088 39 116539
194 17598 21260 132 120572
195 17733 40894 41 274965
196 17760 27597 52 137923
197 17912 19553 126 79339
198 17987 19380 32 15754
199 18049 18322 5 881
200 18074 24119 45 62262
201 18138 30837 13 94726
202 18267 23874 108 81250
203 18557 18652 40 2287
204 18606 18957 10 1553
205 18697 19056 95 16974
206 18762 26403 18 155604
207 19032 23766 36 105753
208 19103 20506 48 38814
209 19108 24143 21 44414
210 19127 24210 102 226273
211 19513 20739 64 25683
212 19619 19809 23 3059
213 19656 33134 146 948839
214 19676 31415 109 355279
215 20051 25954 138 333415
216 20391 20934 51 20310
217 20458 28190 108 237383
218 20459 26311 91 569578
219 20471 22966 110 234669
220 20499 29278 4 16401
221 20801 45490 148 846448
222 20912 28540 65 187299
223 21178 28210 23 86088
224 21241 33910 18 76120
225 21425 29720 5 33107
226 21620 23774 22 18685
227 21867 24046 34 40714
228 21939 24170 24 41395
229 21980 22065 6 189
230 21986 25213 68 111172
231 22080 28169 40 64462
232 22193 26313 88 167525
233 22237 23532 83 80609
234 22548 22590 44 664
235 22613 25210 36 63214
236 22829 23161 43 3239
237 22894 26418 48 35478
238 22976 52365 10 108848
239 23155 27006 34 53610
240 23272 51887 48 1502399
241 23276 68808 43 443185
242 23495 32118 93 550732
243 23527 23893 30 11757
244 23576 29233 76 113835
245 23675 27602 7 32034
246 23819 50241 20 161651
247 24021 49049 96 678326
248 24054 36933 80 579060
249 24225 34887 11 34971
250 24263 25864 128 169504
251 24280 28625 6 17873
252 24417 25821 99 180564
253 24433 54801 8 85459
254 24452 40378 129 793766
255 24566 29710 108 311523
256 24610 37559 20 160230
257 24762 31153 10 40594
258 24810 36216 17 81348
259 25027 55367 97 2633324
260 25098 26964 31 22236
261 25105 31463 15 51541
262 25191 31111 131 505287
263 25223 28079 30 20218
264 25442 30238 8 10496
265 25443 30542 77 152307
266 25542 28898 114 119746
267 25552 27466 21 14074
268 25580 41703 112 530623
269 25686 33680 113 172046
270 25691 29066 22 28140
271 25769 37737 23 87126
272 25946 46279 68 255542
273 26198 53774 54 487992
274 26231 28097 85 39790
275 26324 31128 103 251462
276 26387 29568 29 25658
277 26428 56261 31 533394
278 26518 33161 64 186132
279 26547 31480 34 103020
280 26563 27086 33 8096
281 26571 32388 97 126457
282 26627 35392 17 77901
283 26630 44820 26 92137
284 26674 31027 48 171025
285 26689 27593 105 64488
286 26750 30604 33 58178
287 26788 29442 135 121867
288 26875 29365 42 166385
289 26973 32275 105 338292
290 27155 30197 22 14958
291 27458 43600 118 138811
292 27492 31672 10 15870
293 27753 28630 44 15187
294 27767 28359 35 16101
295 27780 28371 59 25340
296 27820 52760 12 302221
297 27970 33090 13 47098
298 27979 40043 58 346273
299 28013 34879 12 25246
300 28272 35587 14 32964
301 28275 38864 33 216074
302 28308 37647 133 946626
303 28695 31171 9 8015
304 28743 28937 38 2565
305 28827 34905 79 150624
306 28903 32333 31 52753
307 29108 30616 100 31762
308 29149 31398 107 177253
309 29195 35101 84 452025
310 29207 44233 115 385624
311 29275 29926 20 14688
312 29294 41285 46 369424
313 29330 41151 37 174550
314 29354 32154 121 152612
315 29508 34774 19 73562
316 29783 32844 43 64752
317 29837 58879 46 743620
318 30298 78300 23 325248
319 30377 32521 123 181730
320 30751 42337 66 397417
321 31031 42526 60 528488
322 31056 37051 42 89184
323 31329 37906 23 42861
324 31364 34216 68 70942
325 31562 35436 120 114378
326 31612 38377 5 8531
327 31652 34466 11 5879
328 31853 33145 80 45815
329 31877 43642 47 366654
330 32064 34082 81 93869
331 32106 46020 107 1215227
332 32187 39865 7 17971
333 32199 39008 29 59710
334 32226 38070 13 35489
335 32276 33497 104 50462
336 32287 52973 63 719305
337 32756 35619 12 33526
338 32797 33557 59 21763
339 32840 42333 54 68070
340 32970 38388 51 189829
341 33044 34078 18 5519
342 33131 41236 134 235911
343 33133 45959 21 193947
344 33184 34066 45 23736
345 33295 34418 108 40191
346 33495 39742 54 78135
347 33519 41626 5 10905
348 33670 42204 138 263818
349 33765 36863 48 54494
350 33773 46016 130 1198265
351 33850 34826 91 62746
352 33864 37862 11 36028
353 33869 37903 77 148049
354 33925 39563 75 100845
355 34004 50790 51 248405
356 34024 46840 42 149105
357 34086 42778 35 81577
358 34221 34798 91 50414
359 34317 34911 12 7431
360 34319 48292 74 451826
361 34877 38312 62 160572
362 34885 43385 4 18187
363 34912 39657 60 89341
364 34999 40544 13 9649
365 35015 35427 13 1216
366 35269 35517 5 324
367 35384 36513 44 27885
368 35441 39765 126 214143
369 35685 38893 36 265882
370 35759 42436 86 293146
371 35799 39133 66 86517
372 35804 41200 32 82800
373 35907 36606 14 4597
374 35968 44969 120 509422
375 36111 37890 35 18206
376 36130 52852 15 81323
377 36153 37676 101 109666
378 36219 39832 46 37642
379 36277 50522 78 838125
380 36381 48256 138 611991
381 36392 45779 7 50778
382 36393 39237 90 160197
383 36441 37368 50 34681
384 36672 42712 15 50887
385 36948 42855 150 220477
386 36980 41893 90 96761
387 36999 42498 93 158260
388 37036 38502 32 25764
389 37048 57811 87 188768
390 37175 42179 107 327159
391 37185 39646 134 279280
392 37215 41473 10 20275
393 37260 37399 69 1756
394 37282 39791 38 14312
395 37358 37585 132 25585
396 37413 63101 17 120029
397 37727 51945 14 105210
398 37980 53111 40 328821
399 37996 57206 135 772819
400 38082 41458 14 16969
401 38216 39129 5 1792
402 38329 39565 67 44654
403 38378 46133 75 65615
404 38472 42594 45 162786
405 38516 45047 76 309170
406 38559 40610 118 210992
407 38565 41599 62 109203
408 38628 39462 130 28984
409 38719 45596 87 195086
410 38732 43116 137 290578
411 38825 49158 48 253963
412 38862 45431 145 331564
413 38910 46517 5 29350
414 38921 39964 36 36799
415 38977 39212 147 18038
416 38979 39855 9 4307
417 39051 40830 77 48322
418 39091 41456 24 16188
419 39106 46793 71 269523
420 39234 39553 88 9458
421 39297 45768 14 38634
422 39594 42092 137 88106
423 39795 56312 33 161785
424 39948 41365 96 75078
425 39999 48704 38 174499
426 40052 43271 47 152020
427 40102 45995 43 77666
428 40236 47446 6 14208
429 40377 44629 133 345884
430 40379 43890 15 31891
431 40606 53588 66 423530
432 40691 41418 13 2249
433 40790 42601 88 36755
434 40987 42580 70 12326
435 41069 59718 36 206194
436 41144 52164 19 145513
437 41211 42085 51 20463
438 41477 43792 65 42410
439 41495 46051 4 9222
440 41595 42863 10 12687
441 41596 42384 106 45847
442 41644 52763 33 193678
443 41745 60594 40 411632
444 41809 44357 28 27700
445 41846 46531 88 107418
446 41857 48528 95 489937
447 41964 67015 95 875040
448 42083 43760 139 55917
449 42111 52990 23 107434
450 42163 42437 119 23980
451 42184 43993 47 63647
452 42200 49206 19 60590
453 42250 59570 127 465939
454 42260 54100 10 24904
455 42317 43558 8 8094
456 42322 44162 66 113067
457 42539 44913 21 46924
458 42549 46704 64 183494
459 42581 43031 47 9634
460 42904 57410 23 88324
461 43008 43413 112 106266
462 43019 63505 138 2239695
463 43145 61049 127 1503691
464 43184 44033 77 37546
465 43261 53326 75 300731
466 43300 48040 106 238070
467 43350 46696 7 13936
468 43445 43912 15 6428
469 43479 46872 69 115756
470 43680 52543 107 355104
471 43698 48083 20 27978
472 43776 50879 15 41812
473 43813 48917 42 115288
474 43843 44722 145 92151
475 43861 51343 23 118654
476 43945 53850 23 23047
477 43951 47672 109 292213
478 44240 50822 140 311140
479 44289 49676 137 119767
480 44291 48262 59 77379
481 44347 55524 28 186094
482 44570 47825 93 182277
483 44747 54194 23 74034
484 44809 48663 5 9535
485 44847 49399 9 22052
486 44911 62085 122 1397214
487 45014 64705 70 983611
488 45016 54552 30 152009
489 45128 45904 74 32625
490 45251 48864 30 201549
491 45425 61123 25 173888
492 45435 47152 142 45143
493 45472 58572 59 436019
494 45522 50857 8 23385
495 45525 65714 73 751645
496 45552 53547 14 76279
497 45585 51931 87 134447
498 45747 59285 10 27230
499 45901 51661 39 61651
500 45939 49234 18 34002
501 45964 49923 123 466983
502 46232 53402 68 423759
503 46320 47147 45 22777
504 46373 50312 8 13397
505 46404 72350 57 390205
506 46421 53473 111 280350
507 46556 49861 105 92209
508 46820 49958 95 48331
509 46879 48010 128 48684
510 46901 49459 39 45714
511 46921 52801 149 619475
512 47033 50341 27 53706
513 47117 49785 10 7615
514 47136 48620 8 5963
515 47317 50051 110 117950
516 47508 50153 49 30580
517 47592 68552 26 510598
518 47644 49824 64 30214
519 47666 49671 109 71257
520 47763 49605 89 39831
521 47764 47890 77 5744
522 47850 50635 144 84487
523 47866 52676 10 26376
524 47965 55248 126 361045
525 47980 54474 42 156835
526 48178 61072 93 267588
527 48411 54427 33 191760
528 48636 52014 52 29149
529 48712 49471 82 16734
530 48897 49489 7 2360
531 49122 54659 119 171852
532 49129 52013 131 107578
533 49185 58475 19 102017
534 49231 49992 80 12470
535 49270 53706 124 208019
536 49306 50325 21 6807
537 49332 53698 49 100448
538 49420 55959 111 198548
539 49469 70338 73 1322699
540 49494 57330 6 16371
541 49531 53662 124 527880
542 49649 59624 10 25064
543 49658 51236 15 10723
544 49722 55227 41 132574
545 49815 51410 23 18352
546 49846 71751 57 348071
547 49876 52711 22 15764
548 49920 59450 79 302520
549 49998 56684 28 76476
550 50001 52292 103 411241
551 50264 52440 35 33344
552 50281 66506 107 316486
553 50513 75679 107 714981
554 50542 54313 67 205998
555 50552 52100 116 148383
556 50597 57107 12 40263
557 50614 53320 69 189321
558 50636 58341 106 696867
559 50749 62358 15 47588
560 50915 53116 17 15794
561 51222 62891 70 298024
562 51240 54559 111 229478
563 51389 55486 18 101605
564 51412 67101 98 455352
565 51999 61074 58 229477
566 52141 52229 142 10251
567 52192 57667 132 573973
568 52204 55595 6 13360
569 52289 76485 126 5279140
570 52340 62664 7 16443
571 52375 56946 6 19968
572 52445 69555 71 299715
573 52494 71362 87 680064
574 52526 52785 76 12659
575 52710 55401 113 216077
576 52723 53078 52 8278
577 52725 52829 64 5374
578 52812 54723 84 55528
579 52826 54234 41 30745
580 52883 55377 106 138306
581 52916 53459 19 8286
582 52971 68762 23 240853
583 53089 55105 10 7925
584 53098 53330 140 58425
585 53264 61288 15 126993
586 53319 54841 18 25695
587 53422 57695 38 123326
588 53503 57913 40 59829
589 53788 64702 135 469499
590 53930 55522 46 32120
591 54008 60296 66 92857
592 54109 54714 104 82199
593 54142 57474 68 133410
594 54184 62117 97 648779
595 54232 57303 135 761488
596 54281 71942 30 239954
597 54322 57413 25 24941
598 54338 54356 67 1645
599 54654 66915 128 1009224
600 54776 59480 14 25139
601 54900 58412 100 113382
602 54961 60291 24 53104
603 54977 78243 72 500359
604 54982 60576 51 192969
605 55113 68479 44 258232
606 55186 60245 56 102878
607 55374 63631 28 157394
608 55523 62216 114 310589
609 55604 75875 71 891082
610 55811 61937 57 83970
611 55816 58577 119 73110
612 55818 56003 122 18197
613 56141 72184 126 1993584
614 56171 67098 85 146938
615 56253 90024 49 303124
616 56381 57694 126 43788
617 56451 58836 41 54913
618 56656 57708 100 28545
619 56810 68864 126 557236
620 56817 62967 4 8793
621 56951 59938 45 71864
622 57039 70774 76 2177682
623 57114 70177 13 82209
624 57254 93377 129 853504
625 57390 77718 5 75695
626 57467 68542 64 295856
627 58108 64830 82 70047
628 58270 61037 96 137794
629 58403 64462 28 140785
630 58420 65555 87 264352
631 58764 61420 13 40159
632 58782 61087 40 34589
633 59049 65559 115 103709
634 59068 66499 43 155151
635 59230 72907 88 319870
636 59296 64673 10 9426
637 59408 64054 6 22681
638 59488 76497 24 68344
639 59498 68665 140 312236
640 59588 62185 106 167612
641 59589 61297 93 66661
642 59674 62785 18 52781
643 59676 65337 148 562804
644 59714 96033 70 820364
645 59734 60240 60 16982
646 59781 63996 47 90445
647 59895 63218 30 49746
648 59930 78873 127 871440
649 60030 64171 108 101664
650 60123 83883 23 309727
651 60259 64155 59 55040
652 60397 76904 149 940729
653 60433 62091 13 7282
654 60451 62885 92 126659
655 60552 63404 80 62948
656 60553 65090 6 16239
657 60666 63563 6 5779
658 60678 63365 27 24323
659 60751 83392 5 50390
660 60754 94671 95 2559331
661 60999 78449 36 161779
662 61110 79395 107 1550352
663 61160 64505 60 137573
664 61184 67716 91 265293
665 61242 62930 24 9033
666 61525 75061 6 28472
667 61562 66545 43 82244
668 61578 62824 6 3479
669 61588 65510 70 113372
670 61761 71251 18 38039
671 61775 62391 65 23349
672 61866 68086 73 53029
673 62006 68449 54 260607
674 62032 69046 116 289484
675 62134 66274 37 64268
676 62160 67832 20 29449
677 62194 68537 10 40238
678 62256 62931 52 10983
679 62291 68470 65 110977
680 62522 63048 116 42241
681 62579 65131 60 91967
682 62616 93022 91 2684671
683 62708 84899 53 599245
684 62717 67234 25 112849
685 62804 84997 97 1021791
686 62877 68827 86 354696
687 63020 65587 18 16454
688 63186 63994 9 3966
689 63235 67621 129 186261
690 63475 75606 87 462414
691 63786 74870 82 197455
692 63959 74534 91 363110
693 64081 75583 133 372795
694 64149 76768 87 280965
695 64205 75185 29 122011
696 64336 73155 14 43707
697 64703 64908 72 4582
698 64839 69408 42 129433
699 65055 70812 149 629537
700 65091 67214 29 19071
701 65377 68037 107 289670
702 65406 81403 116 557825
703 65433 98498 76 1441473
704 65560 70097 105 264051
705 65635 71941 87 365238
706 65680 68334 81 100659
707 65708 68593 10 23532
708 65727 68142 30 116311
709 65912 75265 66 235393
710 65998 72498 16 72863
711 66103 86321 6 39817
712 66197 71122 20 111837
713 66257 76994 99 335170
714 66268 72849 85 211409
715 66288 71352 126 325807
716 66353 85397 8 80356
717 66423 84052 39 495117
718 66585 87140 59 853366
719 67148 67418 36 7994
720 67167 69353 14 8420
721 67170 72450 9 12679
722 67236 69064 7 7034
723 67361 67394 43 3266
724 67392 76040 132 1168259
725 67572 74549 11 12909
726 67694 69021 112 92837
727 67954 72589 91 238673
728 68271 83243 41 239405
729 68348 78906 28 90462
730 68361 73559 112 265028
731 68362 81155 10 189523
732 68374 81311 78 486870
733 68699 77611 26 89658
734 68712 73593 97 440159
735 68885 68890 60 430
736 68888 75746 16 68362
737 68935 70255 5 4668
738 68987 85604 106 1399188
739 69048 71888 76 63284
740 69104 70533 5 4072
741 69351 75287 94 220266
742 69482 76562 99 601884
743 69537 76538 75 337676
744 69649 72985 85 171548
745 69764 79741 6 99655
746 69921 72758 22 36505
747 69978 70718 12 5482
748 69996 74308 136 261909
749 70021 83602 42 213394
750 70214 72925 137 85255
751 70297 88158 84 1136235
752 70326 83992 66 288447
753 70604 76708 14 39749
754 70605 73917 34 38134
755 70654 77595 5 34822
756 70665 95145 5 21699
757 70707 77748 75 290075
758 70883 72034 149 19949
759 71069 75392 108 288382
760 71226 78156 85 420567
761 71280 88364 44 278906
762 71300 74773 97 165570
763 71356 73682 38 13451
764 71369 95356 24 174432
765 71392 79097 87 916008
766 71573 72655 43 34129
767 71578 98301 45 495321
768 71671 77217 69 70123
769 71673 72574 28 12362
770 71725 75687 65 138452
771 71810 74581 113 226666
772 71981 72388 25 3026
773 72074 74050 16 16318
774 72084 76035 7 24392
775 72260 80748 108 266850
776 72265 75509 65 90351
777 72452 76952 4 4400
778 72653 74791 29 14999
779 72654 75045 82 21921
780 72875 76563 5 18086
781 72927 79382 8 30716
782 73119 74314 9 8516
783 73212 79236 104 356024
784 73238 76157 139 371986
785 73255 73695 39 5386
786 73323 82531 131 560626
787 73386 74755 19 14573
788 73410 85171 18 75489
789 73420 74131 95 22254
790 73439 84649 94 545479
791 73608 75025 80 53537
792 73716 74434 105 27522
793 74120 79426 129 951465
794 74123 75298 100 42621
795 74210 74754 7 1303
796 74338 80937 32 45763
797 74396 88090 14 112872
798 74508 75919 135 112700
799 74621 83195 73 442170
800 74658 91069 120 578108
801 74676 80654 4 15920
802 74743 78927 14 29919
803 74813 93015 7 22243
804 74831 77126 135 238407
805 74868 77868 22 12946
806 74948 80252 20 28568
807 75071 91829 26 146030
808 75121 79174 11 5839
809 75254 87182 49 96439
810 75354 80162 71 253331
811 75466 80152 124 196735
812 75588 76293 34 9831
813 75592 85042 67 355567
814 75635 83516 19 83588
815 76077 77815 108 161162
816 76168 84130 150 343733
817 76241 86848 142 253342
818 76269 77629 32 11592
819 76279 84676 52 329376
820 76294 76880 117 24794
821 76352 76797 37 35938
822 76380 86696 113 333130
823 76398 81706 12 24272
824 76475 78175 59 42219
825 76476 76491 44 360
826 76666 79894 73 64486
827 76791 77510 22 5284
828 76955 77632 46 8218
829 76986 80946 146 157085
830 77003 80067 71 121821
831 77031 87987 44 128079
832 77123 83929 137 326866
833 77241 80496 6 10546
834 77402 82949 25 59220
835 77582 82929 59 124550
836 77587 89126 6 34478
837 77642 98292 4 46960
838 77876 91071 47 512772
839 77932 90150 6 38633
840 77936 80675 48 71919
841 78037 93474 24 93723
842 78099 83790 35 59790
843 78367 88326 16 74307
844 78430 85873 100 178318
845 78581 85159 107 267100
846 78719 81369 129 154386
847 78869 84542 66 148102
848 79062 85004 83 274542
849 79159 82541 143 203231
850 79167 83190 31 49574
851 79201 86258 24 31608
852 79253 83509 24 40082
853 79279 79427 51 2089
854 79450 83637 62 65707
855 79523 95812 97 770667
856 79614 86950 5 8480
857 79702 80998 66 25613
858 79726 82854 40 76508
859 79929 81786 65 40311
860 79984 93901 14 71649
861 80143 81261 116 74113
862 80186 81317 4 1472
863 80338 87520 15 23881
864 80340 93809 66 479761
865 80385 81253 101 90188
866 80415 92310 19 269243
867 80746 83541 14 13987
868 80874 87471 141 420389
869 80956 85459 92 244698
870 81555 89886 43 497490
871 82045 93543 69 190131
872 82060 84312 102 40388
873 82072 83787 131 79318
874 82175 85836 90 54648
875 82211 82418 17 1153
876 82404 84274 98 65356
877 82433 82473 16 342
878 82662 87820 107 277693
879 82663 97462 105 928153
880 82744 83925 35 7660
881 82802 90950 47 107131
882 82847 88431 18 17542
883 82910 83255 13 985
884 83067 85546 23 12002
885 83256 86831 88 426314
886 83285 95784 5 44348
887 83319 85007 11 5991
888 83450 89214 111 201889
889 83985 90663 46 166144
890 84118 92166 55 53235
891 84140 94454 92 241874
892 84174 89586 38 39229
893 84273 89296 23 97035
894 84377 84919 48 21151
895 84471 85990 108 79351
896 84603 90337 85 259593
897 84609 99643 92 531421
898 84612 87123 57 94062
899 84698 92054 143 243438
900 84820 86724 91 70516
901 84936 88488 26 21354
902 84944 93964 11 49073
903 85108 86265 63 27585
904 85158 86497 91 79961
905 85327 87587 129 54877
906 85406 97895 80 263632
907 85533 87538 18 15706
908 85725 91505 108 413561
909 85732 89127 6 6621
910 85764 86524 30 10130
911 86095 96350 47 286752
912 86120 94586 5 25748
913 86180 90408 24 46174
914 86201 88899 30 54362
915 86333 87258 86 52215
916 86343 94614 10 33314
917 86522 86947 71 27129
918 86786 90579 6 3644
919 86991 88777 35 16163
920 87071 90001 45 76328
921 87170 91272 85 96626
922 87205 98456 47 492269
923 87278 90863 91 96060
924 87297 91883 17 16538
925 87400 99946 93 607800
926 87467 87733 9 2087
927 87480 91050 97 231046
928 87603 88049 115 35334
929 87727 89496 129 37293
930 87792 89044 12 2756
931 87806 91350 132 337680
932 87905 93099 100 149631
933 87980 91488 46 96054
934 88156 94776 67 134741
935 88157 97039 15 41570
936 88474 95976 15 30311
937 88743 97184 45 179995
938 88966 99401 5 41447
939 89057 98266 26 55747
940 89494 90616 41 19449
941 89547 90886 66 27181
942 89732 99070 12 27975
943 90016 91287 54 19966
944 90240 95776 52 224353
945 90407 95445 19 56640
946 90444 90714 71 6127
947 90482 92112 22 13420
948 90527 92500 58 45447
949 90622 94968 99 173388
950 90647 91232 4 1074
951 90677 90864 13 1898
952 90858 94969 101 110429
953 90994 95441 18 23561
954 90996 98670 29 82246
955 91124 99539 60 232178
956 91387 93752 43 100367
957 91404 96549 125 305729
958 91416 92427 29 35158
959 91483 95471 97 164315
960 91548 92107 16 5883
961 91578 97353 116 297661
962 91706 92545 26 39286
963 92077 93025 31 19492
964 92079 96271 42 60448
965 92150 97519 85 99289
966 92168 93334 132 85237
967 92238 98950 118 84827
968 92404 92884 88 17165
969 92453 93385 11 5517
970 92617 98331 125 485139
971 92667 95324 126 171090
972 92790 98755 35 78663
973 92899 93122 31 1522
974 93079 96965 25 21939
975 93192 93663 30 11396
976 93308 95862 63 129553
977 93571 94947 135 195647
978 93627 96545 60 228781
979 93822 94039 48 17387
980 94131 96028 70 58662
981 94823 96286 17 32620
982 95101 96893 75 60051
983 95159 96272 26 9666
984 95193 95885 46 15515
985 95237 96352 81 98516
986 95242 97454 90 49723
987 95288 97640 116 392866
988 95729 99780 144 475318
989 95853 96955 138 151973
990 95863 96897 132 125900
991 95915 96219 6 938
992 96227 96330 25 753
993 96264 96308 90 2539
994 96573 97901 46 51700
995 96752 96885 46 11320
996 97116 97625 59 10850
997 97130 97160 42 936
998 97471 97599 115 3930
999 97907 99085 124 86511
