50 1000 0.092
.................................####.............
.................................####.#...........
.................................######...........
................................##.####...........
..................................###.............
..................................###.............
...................................#.......#......
...................................#.......#......
...................................#.....###.#....
.........................................#.####...
........................................##.##.....
............................................#.....
........#.........................................
........#..#................#.#...................
......####.##.............#####...................
........##.#...............#####..................
.........###................###..#............#.#.
..........#####............#.#.###........#..#####
......###.##.##............#####.#........#..#####
........#.#................#.###..........##..####
........###..................#............####.#..
.........###..............................######..
........###...............................#####...
........................................########..
.........................................#.######.
..........................................##.###..
........#....................................#....
.......####.......................#..###..........
....#...#.##......................#######.........
...######.#........................###..#.........
..####.######......................##...#.........
...###########.....................#...##.##......
...##########........................######.......
####...#.##.#.........................##.####.....
####...#.#.............................#####......
####..........................##.......#.#........
.###........................####......##.##.......
##.###..................##.#######....####........
.#.##...................#####.###.#...............
...#..............#.....##....##.####.............
....#.............#....###.....###..#.............
..###...................#.......###...............
#####...........................#.................
.#.##.............................................
.##.....#.........................................
......####........................................
.....#####........................................
.....##.##........................................
.....####.........................................
....#######.......................................
0 32 725 7 3573
1 77 1377 19 7622
2 160 10228 144 322818
3 194 2001 32 22464
4 232 1636 49 86551
5 331 3471 50 92713
6 956 3428 12 3599
7 1068 1255 34 1673
8 1123 2447 55 12668
9 1174 5756 9 18430
10 1262 10699 53 206382
11 1361 1584 82 13674
12 1451 2007 88 34458
13 1488 6707 118 334207
14 1553 2678 14 11022
15 1640 7588 30 116288
16 1743 2749 108 145569
17 1793 3985 18 19501
18 1898 8684 80 130334
19 1959 7782 12 9115
20 1968 4310 118 180032
21 2011 3749 44 18785
22 2074 10010 73 89443
23 2108 2202 34 4355
24 2198 5094 44 120337
25 2210 3647 87 82417
26 2286 6309 24 17260
27 2293 5939 85 123065
28 2591 6677 101 195456
29 2701 7878 11 43765
30 2765 3154 97 34392
31 2790 3785 35 24934
32 2858 3122 73 11078
33 2916 3458 53 7824
34 2923 3888 9 4094
35 3105 4941 139 178466
36 3209 7000 37 21975
37 3327 7932 35 42343
38 3468 6869 12 17612
39 3504 4445 74 16651
40 3636 11464 110 136718
41 3927 4104 47 8650
42 4119 4247 13 1843
43 4131 5105 16 4895
44 4365 8497 39 20496
45 4380 6215 26 16001
46 4584 7833 57 150392
47 4637 8424 45 26399
48 4732 4994 7 341
49 4758 8073 10 10532
50 4808 5803 128 51266
51 4901 5629 82 21766
52 5268 6603 11 22020
53 5298 7192 20 33942
54 5395 8009 83 178500
55 5452 8288 57 76893
56 5707 8401 51 84194
57 5719 7147 10 7592
58 5839 6416 27 6120
59 5861 7243 12 8027
60 5882 13546 43 162699
61 5927 8647 51 187936
62 6017 9580 68 76621
63 6067 7492 95 62064
64 6161 10341 62 62371
65 6232 8085 129 284717
66 6365 6918 98 31259
67 6400 7170 97 36577
68 6439 7238 29 8376
69 6446 9757 6 6420
70 6454 14136 16 31750
71 6471 13256 36 51466
72 6596 17828 21 114827
73 6648 6761 15 846
74 6691 10501 15 11817
75 6759 13449 67 352206
76 6762 6993 10 743
77 6942 9437 30 55442
78 7097 10762 8 5642
79 7344 11297 63 286373
80 7374 10926 115 556991
81 7435 14355 8 57170
82 7610 7721 65 2603
83 7632 9641 65 84085
84 7651 13912 106 99907
85 7678 10283 60 41349
86 7864 10391 78 40692
87 8056 8439 64 12143
88 8057 12100 44 138101
89 8071 8581 139 18635
90 8552 9994 16 14522
91 8582 18116 35 126733
92 8876 9235 49 3646
93 8986 14406 23 57422
94 9143 10688 106 97614
95 9180 16316 36 170590
96 9183 12313 15 38870
97 9317 10705 125 28716
98 9397 13294 71 143451
99 9432 11712 20 32449
100 9444 9796 42 8682
101 9717 14004 14 13380
102 9785 15175 9 27836
103 9795 10628 78 34878
104 9819 11226 14 10047
105 9842 11659 68 76417
106 9920 10020 68 6377
107 10192 13636 29 41453
108 10195 15659 26 128962
109 10205 10429 5 1584
110 10295 12651 63 43615
111 10410 11234 22 11207
112 10476 10706 35 3000
113 10811 11570 33 11339
114 10848 12361 132 61182
115 10993 14238 71 49396
116 11176 12920 76 53656
117 11189 11561 37 4007
118 11364 13772 82 70860
119 11574 13325 95 81664
120 11799 15134 48 40532
121 11841 13321 123 148202
122 11897 13375 119 76992
123 11966 13500 10 7117
124 12015 12730 47 52269
125 12035 12542 9 2893
126 12283 23225 106 792331
127 12479 13380 102 80196
128 12498 16780 131 98950
129 12593 13740 52 17308
130 12632 15208 75 100045
131 12705 12788 79 3757
132 12768 17312 66 93469
133 12852 14813 77 159388
134 12903 13835 6 1708
135 12911 15221 91 151570
136 12959 15103 117 220245
137 13233 18236 43 48016
138 13257 14157 24 6926
139 13287 16045 55 14156
140 13423 15430 57 50605
141 13482 16432 40 31153
142 13501 15707 36 28716
143 13618 14409 7 1999
144 13643 16704 9 12121
145 14105 14390 143 11232
146 14279 20722 24 120797
147 14393 15930 36 27308
148 14416 18963 55 243565
149 14744 19649 145 141795
150 14809 16132 112 176593
151 14816 20554 47 94058
152 14876 17700 17 42780
153 14879 15865 50 22146
154 15256 17253 53 21164
155 15282 15327 103 2538
156 15506 17363 80 57428
157 15750 16401 61 12173
158 15771 16038 22 3688
159 15926 18250 14 12087
160 15979 17209 49 11229
161 15993 16349 102 14398
162 16000 16093 6 566
163 16109 19898 55 76955
164 16167 16943 49 26389
165 16180 25107 108 721263
166 16195 16660 7 4356
167 16210 22101 45 82785
168 16219 16817 28 6301
169 16249 19441 106 163166
170 16297 22820 84 110313
171 16456 18857 41 16968
172 16474 18558 64 35928
173 16525 19703 12 14960
174 16550 17347 30 9194
175 16767 16769 30 72
176 16933 29784 55 461982
177 17000 19740 127 219631
178 17066 17307 12 703
179 17095 18585 45 39283
180 17183 17628 76 14235
181 17258 18983 44 34797
182 17492 18541 94 54338
183 17517 17840 90 17532
184 17572 21060 19 23089
185 17581 19967 63 111977
186 17730 19883 69 48211
187 17738 17957 134 19581
188 17904 19339 44 51480
189 17951 19094 147 261537
190 18112 18335 12 950
191 18192 21326 33 125660
192 18263 19182 42 25099
193 18284 19269 107 70032
194 18382 22400 142 186760
195 18483 29399 66 431478
196 18512 18698 24 4212
197 18533 29050 23 90506
198 19113 21882 17 36011
199 19226 21000 49 17598
200 19368 20059 10 2090
201 19386 19730 22 3951
202 19438 19656 9 2842
203 19524 21371 146 163137
204 19566 19811 12 2539
205 19633 25917 69 430855
206 19644 26910 132 129429
207 19686 26613 23 110172
208 19821 19873 22 858
209 19835 21030 141 37326
210 20017 20234 101 14865
211 20248 26864 138 149058
212 20256 22482 148 152958
213 20384 21103 15 4734
214 20399 21379 14 14631
215 20560 23823 17 26765
216 20731 21758 42 23094
217 20799 21616 49 14583
218 20868 30685 74 513036
219 20909 23952 86 123290
220 20955 21110 40 1300
221 21010 22228 78 28222
222 21048 26402 26 54824
223 21149 21548 124 32651
224 21159 26932 149 599990
225 21210 23352 54 76458
226 21287 24068 63 102395
227 21406 22139 54 37810
228 21460 23094 115 112572
229 21486 21717 18 2998
230 21549 21764 43 7186
231 21678 22030 17 3218
232 21705 24400 55 65784
233 21735 24519 25 20047
234 21751 23046 137 58571
235 21942 24887 53 71464
236 22133 23279 63 37943
237 22178 22268 45 3128
238 22399 25091 132 79150
239 22440 29380 140 1478392
240 22629 32149 132 730166
241 22664 26604 8 17268
242 22901 23524 53 15776
243 22960 25033 33 61927
244 23042 23713 14 3862
245 23119 26342 10 53410
246 23194 26861 23 29472
247 23263 25663 133 248281
248 23330 28259 42 114216
249 23429 23556 129 10410
250 23559 30322 133 297077
251 23621 24858 14 10136
252 23642 25175 110 83188
253 23705 24577 130 72986
254 23863 23887 34 702
255 23972 24047 94 3687
256 24029 27012 64 65747
257 24323 26662 18 41453
258 24442 29243 128 160537
259 24586 25014 24 14444
260 24587 24716 57 3647
261 24730 26252 28 21289
262 24780 28142 129 202614
263 24796 29372 90 201662
264 24856 25177 35 9819
265 24900 25087 10 1912
266 25062 29223 37 243182
267 25072 27637 28 41694
268 25455 28080 47 37909
269 25468 26276 6 4060
270 25469 31020 42 236164
271 25708 26024 141 30736
272 25802 26430 129 54284
273 25962 26963 107 20415
274 25989 28642 19 43125
275 26098 28208 133 156721
276 26147 29684 10 61017
277 26267 27993 44 33459
278 26355 27422 133 49084
279 26576 27022 83 26336
280 27071 29440 28 51709
281 27211 28066 54 4416
282 27380 30847 13 15920
283 27941 29026 20 12563
284 28333 31871 5 21962
285 28441 30214 82 102469
286 28510 34356 121 492301
287 28532 28666 57 8586
288 28556 30521 27 14213
289 28638 31836 17 34682
290 28698 29055 134 33474
291 28999 29652 83 16154
292 29008 29385 83 22720
293 29236 32355 141 124036
294 29278 30255 80 58329
295 29412 29989 43 13546
296 29419 36369 4 11049
297 29522 30305 50 6954
298 29731 31946 129 95731
299 29763 31097 103 67316
300 29872 33181 81 66794
301 29884 30243 39 6915
302 29898 34391 52 68853
303 29911 31696 143 80049
304 29944 30414 89 13489
305 30110 32079 6 5397
306 30219 30854 118 58427
307 30341 36934 92 314378
308 30592 34964 38 44135
309 30600 31562 60 45267
310 30607 32887 49 53450
311 30686 31612 84 44340
312 30929 32919 130 146591
313 31052 32689 146 103663
314 31076 32385 34 16945
315 31131 34365 39 42324
316 31269 35643 37 54837
317 31277 33940 74 67579
318 31351 33801 15 13302
319 31364 36159 148 604431
320 31453 34627 59 29089
321 31491 38230 12 78789
322 31531 32452 79 22755
323 31539 35871 46 31019
324 31547 31944 111 13493
325 31602 38846 121 826816
326 31641 32442 14 4884
327 31642 36984 21 44663
328 31692 32521 7 3202
329 31695 32343 143 66522
330 31700 33998 113 94928
331 31719 34241 128 318687
332 31796 36414 118 125166
333 31873 33039 100 53526
334 32001 34118 88 155311
335 32279 37395 28 52427
336 32284 37014 21 26402
337 32313 38304 23 34784
338 32359 36557 67 237568
339 32408 33096 26 5460
340 32538 33842 25 25323
341 32638 32778 108 10405
342 32644 33340 103 23601
343 32758 32833 112 3427
344 32850 34917 120 98235
345 32885 33404 87 16197
346 32956 36193 52 38705
347 33080 33877 148 136681
348 33439 34475 122 45803
349 33486 34043 17 6555
350 33532 34028 40 38511
351 33615 34388 53 17587
352 33780 36594 8 8025
353 33983 38250 5 6479
354 34198 34601 12 1322
355 34234 34889 39 26891
356 34481 35009 45 61594
357 34610 35745 110 40727
358 34616 39124 146 602437
359 34758 37243 14 22577
360 34881 36296 6 1905
361 34918 35850 142 108736
362 35067 44192 17 83044
363 35085 36951 48 68185
364 35131 37870 150 252892
365 35297 35836 45 1968
366 35349 40426 24 48461
367 35433 36946 54 39272
368 35451 36069 19 4886
369 35526 37365 7 6036
370 35550 36384 55 17557
371 35680 37254 7 5715
372 35842 38535 51 39607
373 35849 41093 118 211071
374 36023 43610 29 136313
375 36273 36910 72 14998
376 36456 39921 17 43388
377 36544 38597 21 9245
378 36687 41873 11 8026
379 36716 44577 59 215298
380 36790 36813 126 1916
381 36853 38270 31 27692
382 36889 39017 25 75383
383 36906 39095 73 78990
384 36975 41365 112 130968
385 37006 37875 17 17227
386 37075 37726 69 18007
387 37136 39826 83 198477
388 37328 51871 54 327594
389 37373 42373 28 64022
390 37408 37592 11 1321
391 37531 39656 60 70128
392 37532 45271 7 19019
393 37550 39692 70 75662
394 37570 39344 145 88177
395 37591 41014 12 33802
396 37651 38992 27 9933
397 37801 42833 52 170714
398 38379 42724 69 136571
399 38643 38895 11 1539
400 38682 40405 73 94740
401 38758 39859 22 9081
402 39033 39232 55 10987
403 39060 40104 133 34552
404 39138 40818 66 62811
405 39165 44573 141 1292668
406 39274 42688 65 26750
407 39590 44206 44 91956
408 39702 41446 51 27057
409 39715 48264 106 796296
410 39967 40781 56 40284
411 39975 42336 93 71039
412 40005 40832 101 20174
413 40052 40081 18 350
414 40114 43606 61 85730
415 40151 46704 90 290881
416 40163 47983 8 19263
417 40382 43312 30 24528
418 40386 43789 20 39064
419 40477 48722 42 78926
420 40673 42028 91 87649
421 40717 41789 5 2858
422 40864 41586 117 82090
423 40965 40980 9 96
424 40971 48391 85 275398
425 41487 41492 86 309
426 41568 45582 13 24736
427 41719 42246 131 78334
428 41779 44254 52 35720
429 41933 43130 146 149352
430 42067 43097 56 33322
431 42196 44879 58 17280
432 42251 43793 145 123216
433 42474 44264 45 49895
434 42500 44307 91 79621
435 42517 43782 145 57380
436 42594 48492 89 307033
437 42606 45521 39 38928
438 42693 54350 66 348256
439 42825 43064 74 7555
440 42898 49823 29 133584
441 43152 55624 26 64680
442 43205 43299 7 990
443 43241 45022 36 32739
444 43297 46926 40 87582
445 43332 43511 21 3269
446 43523 45277 9 10890
447 43553 45242 13 8138
448 43594 48280 118 132019
449 43639 48097 9 6909
450 43676 45111 138 33769
451 43875 46570 61 54271
452 43974 47427 78 181001
453 44075 44609 133 38890
454 44289 44846 50 13342
455 44421 47704 29 13413
456 44434 53499 5 26027
457 44455 44797 21 6625
458 44596 46145 135 81784
459 44637 46873 6 6272
460 44673 46791 36 49707
461 44866 45788 138 140825
462 44927 45859 121 61650
463 45513 51231 17 75183
464 45573 46423 19 2139
465 45649 50587 32 47832
466 45685 48449 100 155720
467 45787 46968 86 108290
468 45821 46037 53 7734
469 45840 46729 20 4186
470 45873 49308 92 499513
471 46008 46747 38 25263
472 46139 46763 46 16331
473 46141 47061 26 9833
474 46302 51897 115 146316
475 46349 48267 38 58180
476 46541 46770 45 1914
477 46640 46961 10 2358
478 46659 51675 28 39608
479 46671 49672 23 35755
480 46697 53211 24 64320
481 46701 47192 12 3656
482 46736 46921 34 4515
483 46807 49525 20 11368
484 46939 48831 4 2979
485 46979 47542 81 6337
486 47033 48860 119 215937
487 47144 48041 147 17844
488 47179 48324 57 38774
489 47201 48180 77 90888
490 47210 48046 15 11790
491 47242 47301 84 2458
492 47464 47890 114 16572
493 47588 51245 6 12706
494 47695 47893 129 16863
495 47748 50140 39 105389
496 47849 48412 25 4113
497 47882 47946 96 3862
498 47911 55159 54 101723
499 48163 49404 136 82136
500 48263 48308 9 208
501 48348 51569 78 107427
502 48357 50963 149 196139
503 48544 50668 128 277367
504 48610 56103 87 76555
505 48744 50473 40 23680
506 48996 53422 7 18067
507 49113 50556 5 2142
508 49189 50536 18 13472
509 49225 49706 108 38842
510 49446 50246 119 30744
511 49499 51251 88 166787
512 49503 50371 16 3242
513 49542 54920 113 263818
514 49560 50997 19 14031
515 49617 49752 11 496
516 49738 52831 38 44045
517 49762 51711 103 180410
518 49765 51677 138 84932
519 49904 53047 110 46962
520 50340 52107 87 86410
521 50401 55253 47 136862
522 50549 57562 19 37242
523 50605 50655 31 430
524 50616 52901 58 46458
525 50641 54027 65 262105
526 50717 53836 16 16181
527 51014 52021 95 63931
528 51087 51811 127 54669
529 51121 53384 147 211718
530 51252 52382 90 24979
531 51262 51529 33 6900
532 51291 55561 62 99160
533 51426 53379 16 9337
534 51549 53139 128 106335
535 51630 52813 59 56045
536 51678 52744 55 65391
537 51708 52014 33 6076
538 52033 53528 113 143652
539 52078 52785 135 74790
540 52085 52422 7 1076
541 52185 54016 107 115170
542 52221 53974 21 5614
543 52366 57010 81 409772
544 52381 54290 83 62605
545 52460 60073 7 35569
546 52462 53307 7 915
547 52595 59557 34 153422
548 52764 53253 18 3829
549 52862 53189 131 40201
550 53266 53525 37 5292
551 53420 53811 26 10061
552 53453 54157 13 4066
553 53652 55705 22 25565
554 53667 58290 55 92044
555 53776 56106 33 20756
556 53849 53908 56 2135
557 53936 54399 112 30076
558 53938 56623 7 12619
559 54164 54733 40 22843
560 54173 55120 15 9777
561 54186 56740 64 119307
562 54200 54442 111 15465
563 54366 55812 97 40113
564 54416 57180 4 9125
565 54537 56092 23 16604
566 54651 60998 53 270560
567 54717 56558 129 118408
568 54777 65282 25 92845
569 54829 58773 86 104285
570 54907 58938 21 31996
571 55043 55488 30 7554
572 55165 61139 38 119642
573 55194 56925 76 98229
574 55195 57646 78 142798
575 55327 57611 7 3662
576 55469 68716 24 57132
577 55502 57243 15 26234
578 55653 57725 43 42342
579 56082 57417 77 32334
580 56100 58310 108 56198
581 56197 58766 15 10811
582 56355 59148 5 7029
583 56398 59634 24 21294
584 56482 59113 95 133814
585 56489 61824 126 241546
586 56642 64295 10 20291
587 56804 58460 96 90393
588 56808 57488 24 8013
589 56936 57189 47 3994
590 56958 59429 88 100376
591 57188 60009 134 199904
592 57304 60942 135 150713
593 57465 58075 121 24260
594 57482 59984 19 56571
595 58037 59063 81 21579
596 58061 60743 44 42399
597 58108 63234 18 17661
598 58216 59407 119 48496
599 58225 61848 43 45700
600 58294 62380 15 38383
601 58384 58510 110 19532
602 58599 61383 47 33467
603 58645 62953 71 117921
604 58836 63553 21 9182
605 58891 58901 128 956
606 59066 59797 27 4882
607 59071 63945 66 168142
608 59338 59779 69 2694
609 59390 61303 62 38458
610 59439 68861 98 371940
611 59559 60386 63 10631
612 59569 61440 24 30366
613 59628 60741 48 37286
614 59677 60379 37 9668
615 59698 62957 12 10930
616 59855 61398 68 133862
617 59897 62457 33 56503
618 59938 60804 48 35696
619 60192 62598 68 149843
620 60236 60849 20 2114
621 60306 61244 17 10785
622 60330 60813 139 77530
623 60382 61962 36 14045
624 60703 64756 129 185333
625 60933 65256 138 545052
626 60962 61168 6 1105
627 61056 65219 146 236949
628 61152 63437 27 57978
629 61208 62102 46 11389
630 61316 63272 6 11884
631 61352 64639 137 94826
632 61369 64280 31 94301
633 61394 67467 53 194520
634 61597 66381 132 289482
635 61672 62117 88 40041
636 61710 66222 24 36226
637 61716 62942 24 18135
638 61808 62358 106 13391
639 61817 65293 67 95093
640 61960 64690 38 116829
641 62121 65512 149 502861
642 62154 63672 124 88129
643 62155 63924 9 9738
644 62168 65275 102 187741
645 62283 62313 54 1280
646 62374 63799 8 7423
647 62435 70797 50 98488
648 62644 68296 10 69834
649 62846 68069 128 273181
650 62896 63584 69 43577
651 62919 66260 14 14520
652 62945 65780 38 75930
653 63070 68822 44 76319
654 63175 63628 64 38002
655 63206 64141 88 47951
656 63219 63841 131 27634
657 63236 73606 56 142987
658 63362 66380 84 126354
659 63490 64712 10 19961
660 63649 66978 13 10490
661 63748 64361 12 3872
662 63839 64243 10 2421
663 63856 68312 11 15828
664 64054 72642 41 78452
665 64072 66454 108 53916
666 64074 66248 32 20830
667 64144 67760 44 75998
668 64211 68839 13 14747
669 64281 66325 10 3777
670 64546 64903 96 57435
671 64717 65088 23 3241
672 64730 65821 110 31632
673 64777 65509 54 41388
674 64907 67757 119 118653
675 64913 68547 29 36808
676 65083 65365 136 17220
677 65192 69821 15 23842
678 65211 66857 35 58295
679 65290 66384 132 56782
680 65445 72869 21 32374
681 65590 69322 92 71768
682 65600 65650 88 1952
683 65795 68306 7 15873
684 65989 68062 106 199606
685 66192 69581 144 306204
686 66367 66689 94 3558
687 66630 66745 49 7599
688 66818 68076 109 91817
689 66828 69021 21 14682
690 66927 68850 71 265651
691 67020 68107 117 28131
692 67115 68584 64 51067
693 67168 69722 37 30182
694 67233 67604 23 3280
695 67325 67736 15 6559
696 67491 70990 108 212110
697 67519 68159 28 3976
698 67525 69154 10 7941
699 67689 69848 8 13755
700 67719 69838 51 56532
701 67919 68688 148 23262
702 67957 71024 81 147612
703 68120 74766 10 77818
704 68123 71628 8 18680
705 68192 69977 75 26020
706 68226 71377 43 29048
707 68253 69023 120 57203
708 68481 73272 37 27949
709 68528 73402 48 64493
710 68598 69246 51 17281
711 68746 71988 21 30783
712 68782 69831 80 59857
713 68898 70627 63 15493
714 68931 71400 19 20143
715 68982 70160 57 21572
716 69005 71550 91 139509
717 69044 71484 18 9406
718 69071 78806 18 73719
719 69128 71010 13 17300
720 69162 71171 31 39525
721 69228 73685 81 152254
722 69380 70133 115 99414
723 69415 69619 45 13093
724 69514 72597 124 225794
725 69520 69653 62 7052
726 69669 70262 66 35565
727 69792 75779 92 418019
728 69883 70443 124 50221
729 69922 74377 71 77156
730 69955 71815 58 66398
731 70061 76606 5 31852
732 70170 70439 6 635
733 70285 72946 73 83221
734 70346 72625 71 75144
735 70367 71257 39 26702
736 70499 71556 6 8990
737 70515 71732 139 141681
738 70705 76592 84 207673
739 70730 70768 5 173
740 70843 78953 5 21185
741 70895 72335 23 13082
742 70930 71005 77 7655
743 71031 77755 31 311633
744 71050 75417 79 114365
745 71258 73973 148 181878
746 71576 73307 63 115092
747 71582 80096 149 385632
748 71701 72985 81 46266
749 71868 73010 139 69583
750 71914 75197 61 57308
751 71994 72895 33 6210
752 72104 72661 5 1973
753 72288 76243 24 31263
754 72561 74877 5 6955
755 72599 75864 71 245789
756 72727 74318 114 187902
757 72836 76532 94 214340
758 72986 74672 142 167535
759 73052 73619 7 1220
760 73096 74160 131 77996
761 73155 75320 68 50613
762 73198 76328 14 15624
763 73264 75096 19 19074
764 73298 74204 75 56439
765 73379 76587 19 58217
766 73474 74310 17 9419
767 73620 75284 18 25864
768 73736 74431 44 13503
769 73969 81503 74 268526
770 74017 76471 26 22907
771 74151 76189 15 5345
772 74190 75714 30 6843
773 74203 78265 132 451508
774 74211 76872 38 38402
775 74212 74487 28 4661
776 74231 76168 149 133818
777 74261 74710 25 7947
778 74373 75148 98 39640
779 74386 83016 9 19656
780 74402 74820 34 8651
781 74462 74901 123 15080
782 74535 74959 30 10175
783 74660 75187 95 45303
784 74722 76695 14 7163
785 74785 77100 13 21053
786 74958 75315 37 9304
787 74972 76247 14 5382
788 75051 77528 5 3952
789 75079 83166 42 209380
790 75154 75898 17 5636
791 75170 81030 82 1294535
792 75175 80287 5 12013
793 75219 79009 12 48542
794 75297 77038 148 97377
795 75335 79439 34 85207
796 75461 78873 31 36129
797 75543 77675 5 14184
798 75754 78848 30 23244
799 75844 78835 75 281654
800 75903 78030 121 43007
801 75992 76069 132 11169
802 76039 77950 30 15049
803 76052 76073 29 344
804 76116 82161 49 100873
805 76366 79406 63 65516
806 76390 76825 69 34588
807 76461 77176 6 2738
808 76801 77135 18 3439
809 76888 77438 27 9553
810 76901 83294 94 239398
811 76976 79731 17 8199
812 76981 77185 113 36116
813 77033 77385 20 3534
814 77040 84474 78 186569
815 77070 79980 137 181465
816 77160 77315 18 1049
817 77319 79722 68 225938
818 77681 84194 61 219810
819 77723 81290 24 33751
820 77862 80170 73 25736
821 78017 79805 142 120493
822 78142 78297 83 3512
823 78365 79240 35 8523
824 78502 79169 48 16755
825 78504 79530 5 2768
826 78636 80361 84 98027
827 78663 79346 10 8308
828 78671 84153 10 24149
829 78695 79562 26 6610
830 78713 79473 7 846
831 78804 81722 133 180350
832 78822 80354 91 107362
833 78872 79518 48 12090
834 78916 79342 108 31555
835 78966 87318 15 31111
836 78983 84234 15 28896
837 79153 79322 71 9507
838 79241 79829 36 11162
839 79354 86316 22 105378
840 79704 87070 106 354026
841 79752 79946 35 2859
842 80110 81406 22 14656
843 80208 84410 24 37981
844 80360 80851 71 38792
845 80397 86802 15 101515
846 80410 80496 81 3972
847 80578 82353 52 25422
848 80730 81319 49 10547
849 80761 81787 92 78363
850 80874 81262 7 846
851 80944 80987 81 2568
852 81067 82839 13 11357
853 81939 87565 102 344939
854 81994 83489 141 37965
855 82022 82037 44 620
856 82137 82511 117 15047
857 82152 82770 36 5649
858 82371 88479 74 152891
859 82507 82713 8 935
860 82624 83751 120 93023
861 82649 87084 91 195269
862 82653 83636 29 10232
863 82809 84040 4 2637
864 83031 89203 16 50615
865 83076 83257 51 6671
866 83212 85980 51 236853
867 83298 85748 147 154901
868 83482 84718 81 52640
869 83493 87413 24 23152
870 83521 85865 6 4592
871 83526 83540 35 169
872 83533 84376 35 14666
873 83553 88746 8 8013
874 83630 83687 68 2468
875 83663 83764 111 6742
876 83698 87172 32 122622
877 83815 83975 115 9194
878 83900 86053 85 51785
879 83993 86329 81 87752
880 84611 90663 54 162065
881 84732 85312 18 4370
882 84832 84882 59 1845
883 85086 88529 109 59456
884 85125 87257 127 250990
885 85178 86095 113 164244
886 85181 85640 83 86022
887 85274 88681 125 161728
888 85302 85656 7 1146
889 85307 88223 9 27592
890 85460 90189 91 257397
891 85482 88590 131 281360
892 85498 90495 132 257884
893 85659 86801 20 13764
894 85836 86013 35 2681
895 85989 88333 95 164218
896 86064 86911 35 11412
897 86232 86438 82 23097
898 86545 87323 38 31913
899 86602 91681 33 100703
900 86883 91452 30 207802
901 87011 87714 90 22611
902 87045 88873 41 42843
903 87120 92697 48 39421
904 87145 96894 53 178224
905 87613 95496 13 109941
906 87871 88178 4 1809
907 87920 95974 11 22117
908 87947 87953 84 427
909 88095 90939 12 8696
910 88124 89983 69 119605
911 88222 89750 27 8009
912 88283 89311 24 24114
913 88383 91382 112 523695
914 88411 96831 62 86069
915 88438 93165 5 13893
916 88519 96660 19 69448
917 88552 88600 13 587
918 88598 89533 58 125500
919 88621 98559 20 143973
920 88703 90926 48 81817
921 88733 88736 22 54
922 88861 91293 69 125811
923 88938 92892 6 20326
924 89235 90567 105 203579
925 89351 93211 131 115026
926 89797 89873 9 281
927 89979 90131 54 8219
928 89996 91468 96 64077
929 90057 90251 43 2869
930 90073 92194 6 8801
931 90099 97834 65 79596
932 90312 93099 34 40379
933 90962 91996 25 32032
934 91123 91337 28 1285
935 91137 92047 70 21857
936 91158 97680 46 173464
937 91275 91777 85 13726
938 91325 91604 135 14665
939 91367 92863 137 64561
940 91381 92212 47 21197
941 91390 96753 81 144507
942 91442 93259 97 72790
943 91496 91510 13 111
944 91629 91696 128 8420
945 91688 93460 66 33596
946 91728 92795 100 25067
947 91744 95524 74 138576
948 91845 92026 7 582
949 91878 94580 103 230716
950 91931 92056 56 3982
951 91976 95723 25 22898
952 91982 92273 24 6165
953 92139 92707 79 9591
954 92155 97482 26 50178
955 92169 94977 36 38305
956 92242 92946 85 29377
957 92283 93793 19 18150
958 92375 96483 10 28481
959 92427 94655 19 4164
960 92520 93135 28 4726
961 92646 92879 7 1935
962 92745 99837 82 348957
963 92884 94002 85 64359
964 93112 94498 23 5553
965 93129 94168 108 62491
966 93487 98090 81 462117
967 93501 93549 28 714
968 93578 98366 40 110481
969 93662 94612 100 70648
970 93762 95192 5 4758
971 93823 95127 104 47490
972 93919 94933 67 21378
973 93994 97224 50 78460
974 94033 95225 62 56940
975 94138 94647 22 8333
976 94218 94752 13 2525
977 94570 95952 77 49740
978 94658 94692 62 954
979 94662 99571 62 65573
980 94875 95779 107 62302
981 95073 97045 143 95878
982 95082 98397 11 32571
983 95163 97267 91 73757
984 95560 98929 57 126880
985 95745 96217 63 19395
986 95832 96858 47 11860
987 95887 96423 4 640
988 95981 97611 97 43036
989 96200 97125 47 20165
990 96253 96823 123 46383
991 96291 99502 88 149583
992 96552 99750 51 105275
993 96577 97571 71 26613
994 96615 98738 79 55147
995 96681 98441 118 46900
996 96903 99063 95 58506
997 97046 97905 12 6481
998 97662 99450 121 179034
999 97666 99807 37 25765
