50 1000 0.065
...............#######............................
.................#####............................
................######............................
..............#######.............................
...........#.#....####............................
...........####.#....#............................
...........#######................................
...........#.###...........#.##...................
...........####............####...................
........##.#####.##......#####....................
.........#########.......#####....................
.........##########........##.....................
..........######.##.......##......................
...........####...#......##.......................
..............##..................................
..............#...................................
..................................................
..................................................
..................................................
..................................................
..................................................
..................................................
..................................................
..........................#.......................
.........................###..................#.##
...............###......#..#..................####
.................#.....######................#####
................###.....#####..##............#####
................#####....#.###.#.#.............###
...............#####......##.#####...............#
..#.............####....######....................
..#...#.........##.##..#...###....................
.###..#.............##.##.........................
#######.##.....###..#####.........................
.#.#######..#####..#########......................
....######....###....########.....................
...##.##.##..#####....##..#.......................
........##.####..#................................
.........#..##...#................................
.........#.#####...................#..#...........
........##.#....................####.##........##.
.........##..................#.##.####.......####.
.........###.................###.####........##.#.
......##.###..................#######......#######
..###########.................#.####.......#..####
...#####.###....................####.........####.
...##.#####.#.................#####...........###.
....#########................####.###.........###.
.....#.#.####......................#..............
.......####.##....................................
0 445 619 21 1987
1 654 3438 20 27577
2 787 836 5 221
3 1241 3618 42 64337
4 1272 2517 7 2191
5 1363 5088 51 314646
6 1397 2018 115 55545
7 1483 1664 28 1958
8 1562 2550 13 3484
9 1612 3943 42 53595
10 1718 1987 130 41386
11 1752 1995 84 10728
12 1943 2339 6 1662
13 2056 4357 149 168032
14 2350 2467 24 3021
15 2409 2540 83 7516
16 2493 3753 47 11779
17 2501 4332 117 49592
18 2642 3093 88 10273
19 2659 2759 76 4709
20 2677 3241 6 1287
21 2771 3565 26 11144
22 2913 4377 38 21113
23 2924 3907 7 4450
24 3099 7049 106 155461
25 3155 3782 138 24693
26 3156 3905 78 32524
27 3230 4273 51 67043
28 3300 9851 11 21808
29 3478 4396 8 5189
30 3506 5437 129 214320
31 3549 5424 91 147419
32 3562 7074 87 201694
33 3576 4370 83 32592
34 3621 14026 9 32367
35 3660 5929 9 8479
36 3695 6387 16 6884
37 3723 6524 58 29468
38 3855 7247 41 25654
39 3875 7166 38 51091
40 3982 4758 47 60643
41 4459 4899 49 7447
42 4738 8060 142 431985
43 4987 5300 20 2952
44 5078 6138 111 78007
45 5123 5953 137 93002
46 5168 6402 44 35270
47 5621 6491 38 51622
48 5888 5948 38 1211
49 5892 7280 96 56442
50 6058 8678 120 281066
51 6148 6787 30 19785
52 6250 8975 53 68675
53 6272 6346 26 1738
54 6317 7196 74 51898
55 6368 13087 40 82818
56 6403 8123 44 32660
57 6423 7153 4 2905
58 6461 8622 31 32417
59 6603 6778 45 3293
60 6720 9448 12 12940
61 6761 8469 57 45953
62 6786 9956 82 40870
63 6951 7620 24 13786
64 6981 12358 147 188706
65 7001 8896 17 14430
66 7300 7399 142 15046
67 7505 9619 145 60600
68 7567 9282 17 20846
69 7607 8510 17 13075
70 7712 17425 49 162056
71 7801 17335 111 477763
72 7866 8583 33 18824
73 7889 7977 7 439
74 8424 9123 108 21475
75 8425 8433 93 488
76 8542 10376 62 64133
77 8566 10460 6 5404
78 8607 9174 5 877
79 8868 14106 36 63725
80 8961 10309 65 31812
81 9165 13225 136 231329
82 9297 15456 45 50254
83 9402 9493 31 1343
84 9468 19693 29 125022
85 9520 9778 17 3309
86 9584 10387 101 33186
87 9626 9727 23 2011
88 9729 12339 50 111360
89 9795 11250 55 80538
90 9828 10071 72 18145
91 9901 11622 8 5445
92 9903 11246 53 34481
93 10017 10318 129 14913
94 10047 10601 73 27526
95 10171 11013 20 12805
96 10241 11303 102 57778
97 10250 10954 4 2044
98 10359 10477 28 1381
99 10448 12095 10 15345
100 10523 11339 9 2641
101 10555 10890 44 2998
102 10570 10695 9 815
103 10690 11017 6 1387
104 11178 13438 34 31901
105 11213 13703 8 19887
106 11237 14010 80 107439
107 11283 11633 6 1315
108 11441 22203 35 175555
109 11471 13077 64 36345
110 11755 13667 52 79410
111 11758 11969 22 3830
112 11936 18488 13 18805
113 11960 12300 34 9276
114 12002 13069 143 45453
115 12119 14063 124 40837
116 12173 14242 14 13811
117 12177 12776 5 1567
118 12184 20827 10 105386
119 12216 14616 143 55403
120 12401 12940 116 51496
121 12446 12959 14 4033
122 12476 12616 51 5472
123 12572 17248 24 29371
124 12582 14552 134 145545
125 12585 16468 24 45150
126 12749 13582 40 22043
127 12769 13413 55 4702
128 12894 14269 59 38022
129 12961 13364 55 15060
130 12979 17076 102 152297
131 13110 15228 130 241732
132 13112 14382 104 70643
133 13147 14409 50 17358
134 13298 13919 33 11865
135 13307 15070 118 37878
136 13349 14992 100 75983
137 13376 14481 122 26556
138 13434 14835 90 94713
139 13590 13769 66 8966
140 13600 13782 19 5076
141 13989 14907 14 7192
142 13994 18022 41 127915
143 14083 15056 107 132673
144 14114 17696 56 75383
145 14132 19748 131 104650
146 14193 15725 57 36579
147 14249 16902 14 25158
148 14253 14873 42 30092
149 14496 14968 18 6938
150 14633 15803 72 40521
151 14682 22168 28 51153
152 14691 16655 131 63422
153 14802 15103 53 11367
154 15049 15485 72 26623
155 15122 22485 8 13883
156 15164 15958 138 94572
157 15207 26556 61 75152
158 15254 17770 18 19748
159 15278 15696 59 8152
160 15326 15405 94 4052
161 15484 17971 32 14678
162 15574 16600 50 26139
163 15614 20780 140 302401
164 15711 18792 46 76306
165 15734 16142 17 3546
166 15751 22465 5 12798
167 15899 16401 125 22200
168 15961 16241 36 5127
169 15962 16296 114 19325
170 15971 16574 42 8232
171 16179 17955 113 115160
172 16235 17502 73 78607
173 16268 18856 52 29596
174 16328 20879 13 27613
175 16490 18021 98 91174
176 16567 17130 144 112556
177 16651 17463 10 7193
178 16663 18742 36 34997
179 16722 20290 150 255647
180 17114 17144 145 3424
181 17116 24466 123 506951
182 17185 20323 4 5564
183 17592 19555 44 73451
184 17645 18031 58 8317
185 17817 18149 19 6203
186 17931 18207 6 365
187 17953 18964 77 84001
188 18107 20128 145 402245
189 18108 19512 83 44213
190 18169 25487 91 208775
191 18200 19192 23 20303
192 18380 21573 6 3528
193 18801 21436 60 49127
194 18908 19585 123 113602
195 18988 26564 44 228732
196 19025 22124 139 195091
197 19048 19956 79 63872
198 19314 20592 60 38267
199 19347 27727 81 420482
200 19455 22840 127 177142
201 19469 19702 38 3567
202 19598 20661 87 55929
203 19732 20293 28 18241
204 19737 25395 96 366759
205 19892 20473 54 8312
206 19996 21369 17 39493
207 20003 25396 39 61206
208 20004 22441 23 40540
209 20189 20226 114 2237
210 20449 22069 58 13942
211 20469 20627 34 5959
212 20497 21038 16 1245
213 20751 21170 68 33052
214 20810 21538 45 18643
215 20918 24475 6 5363
216 20965 21430 142 114246
217 20967 21238 9 2291
218 21245 22028 132 36993
219 21314 21956 44 8710
220 21328 23584 103 60441
221 21425 22171 127 76091
222 21512 21593 17 854
223 21558 21564 39 526
224 21582 22013 11 1061
225 21619 25861 57 164291
226 21628 33958 29 286352
227 21635 22095 14 3311
228 21643 23708 17 10728
229 21645 23449 49 74243
230 21706 23430 32 18332
231 21879 24569 79 73913
232 21933 24969 12 26024
233 21994 23341 116 29660
234 22008 22628 43 6026
235 22071 22615 77 18752
236 22481 24244 18 13109
237 22483 27097 96 100621
238 22532 23630 77 22026
239 22713 23837 15 5369
240 22749 23866 103 37232
241 22821 24351 53 37166
242 22828 23377 108 67803
243 22935 25870 45 25129
244 22988 23964 100 40396
245 23152 23263 19 267
246 23159 26153 75 66824
247 23426 24135 44 20284
248 23444 26267 73 115235
249 23481 23527 120 4378
250 23493 25494 60 36475
251 23514 28577 5 8900
252 23549 25900 53 59068
253 23560 25842 64 98289
254 23633 26844 7 2498
255 23676 25298 6 5002
256 23973 24474 66 17538
257 24149 25300 121 72734
258 24206 32120 95 213205
259 24371 24918 81 15576
260 24471 28070 112 367170
261 24710 25113 146 30647
262 24731 25114 73 30843
263 24852 26620 21 17679
264 24858 25036 71 14490
265 24951 27795 16 78341
266 24992 35033 93 181537
267 25156 26998 98 179164
268 25308 26340 9 6449
269 25425 28264 125 123893
270 25485 25505 4 54
271 25542 29581 5 6158
272 25580 30292 97 142876
273 25663 29287 27 66810
274 25670 26213 23 4222
275 25709 26371 54 21099
276 25820 25922 6 123
277 25829 26997 105 41815
278 25864 26478 26 9462
279 26167 26334 136 4153
280 26182 27003 10 3998
281 26270 26917 59 13733
282 26308 32333 32 84067
283 26434 33241 7 18311
284 26452 26467 10 30
285 26557 26616 34 1524
286 26575 28406 33 5393
287 26796 27246 34 4909
288 26875 28287 6 3037
289 26933 30976 137 321005
290 27022 28891 7 11425
291 27101 30896 58 40240
292 27171 28608 38 9049
293 27182 28624 73 105445
294 27188 30199 92 78395
295 27286 30836 11 20191
296 27328 30089 122 163651
297 27672 30090 46 30919
298 27691 27748 98 3920
299 27760 28209 36 6128
300 27884 28065 42 5892
301 27962 29324 80 21094
302 28184 31082 86 84440
303 28513 29763 141 21073
304 28579 29684 106 144205
305 28809 29607 10 4473
306 28811 29752 131 61004
307 28978 29260 6 863
308 29007 29320 90 10871
309 29048 34432 36 120679
310 29128 29525 25 6260
311 29154 31818 57 99372
312 29247 31973 72 107598
313 29270 31189 43 34047
314 29374 30615 9 6060
315 29395 30806 9 3929
316 29606 29643 114 1381
317 29772 32605 37 26260
318 29972 33563 8 17545
319 29993 30867 14 2829
320 30307 37189 12 18868
321 30379 31158 58 28647
322 30410 32235 5 3260
323 30560 33063 90 118455
324 30576 32211 86 58377
325 30664 32365 60 44748
326 30666 31089 84 6362
327 30752 33191 58 29861
328 30960 31949 17 35503
329 30963 32606 144 136740
330 31391 32471 103 55045
331 31398 38254 31 61241
332 31413 34227 121 183164
333 31441 32953 7 4115
334 31575 36957 6 6195
335 31636 33624 131 101257
336 31823 33219 150 311096
337 31907 35585 101 108080
338 32026 35542 9 12080
339 32100 32173 22 1220
340 32183 43164 54 255066
341 32425 41606 79 729803
342 32500 32994 23 17524
343 32601 37524 101 193270
344 32638 33625 69 15267
345 32675 34547 75 62347
346 32693 33321 78 9964
347 32821 34701 16 20689
348 32832 32898 138 3521
349 32880 33477 114 28489
350 33073 35334 74 148911
351 33275 33631 45 12880
352 33429 35184 8 7412
353 33649 34041 150 35394
354 33659 35219 128 49442
355 33694 38756 143 409429
356 33696 35732 40 45328
357 33736 35648 86 18457
358 33872 40026 129 1144588
359 33906 36716 140 153888
360 33907 36104 124 57809
361 34326 36835 136 183154
362 34478 35262 90 53885
363 34492 35345 44 23734
364 34534 39981 31 59348
365 34593 36999 17 7604
366 34758 35172 130 19327
367 34904 35616 6 2560
368 34993 38321 55 87628
369 35099 37272 104 113620
370 35171 39669 10 10518
371 35419 36206 18 5203
372 35480 38863 39 47390
373 35751 38495 78 26956
374 35805 36383 42 11268
375 36041 37877 6 4701
376 36209 37561 73 53391
377 36408 40030 38 59715
378 36515 42021 12 26017
379 36544 37356 67 66403
380 36560 37649 22 15610
381 36586 37403 82 34665
382 36605 39223 17 5705
383 36664 37518 37 18192
384 36864 37734 8 1875
385 37081 39930 52 66038
386 37155 39259 137 178553
387 37314 39107 30 9503
388 37319 37368 17 396
389 37463 40732 15 32216
390 37566 40579 76 122243
391 37582 40542 147 303241
392 37694 38646 36 21882
393 37729 38547 119 49038
394 37766 38991 4 1514
395 37813 40257 108 176547
396 37935 44046 12 26868
397 37936 40718 133 247710
398 38191 41235 137 252085
399 38370 38528 104 8980
400 38603 43631 15 19581
401 38608 40297 8 4691
402 38683 38851 107 38602
403 38703 45700 46 192262
404 38815 42778 89 172534
405 38854 47329 22 45473
406 39068 40167 124 101985
407 39126 41059 66 71584
408 39205 47916 146 704254
409 39249 41504 28 27184
410 39256 42209 67 81453
411 39344 40387 35 22585
412 39418 40059 4 1381
413 39443 41589 16 15764
414 39552 47413 14 18834
415 39562 45716 9 61130
416 39653 40272 20 3730
417 40017 42184 112 227354
418 40064 41509 121 84435
419 40087 47881 26 59744
420 40267 41281 5 2037
421 40287 41058 47 10020
422 40302 45309 4 5604
423 40328 43586 78 328298
424 40465 41873 15 9304
425 40859 42446 15 6711
426 40956 41704 36 16142
427 41097 45573 127 1023304
428 41118 41728 66 25582
429 41158 45825 10 44167
430 41245 41913 111 14667
431 41332 42820 7 3876
432 41371 43507 87 123013
433 41553 43038 23 10133
434 41652 42857 29 9582
435 41659 43779 126 194360
436 41862 49300 88 156283
437 41908 41922 87 875
438 41981 46620 81 167402
439 42123 46715 118 284812
440 42199 43846 111 123011
441 42215 46484 81 117906
442 42279 42710 101 61049
443 42417 44467 5 9446
444 42460 43458 6 1971
445 42477 46741 79 109634
446 42488 47443 20 57196
447 42586 54362 150 467624
448 42694 44103 5 1839
449 42951 47307 88 230306
450 43111 44718 140 270231
451 43126 43723 74 30811
452 43159 43574 27 10441
453 43495 45582 19 18794
454 43615 44624 39 4385
455 43706 48350 140 331131
456 43768 44341 14 5392
457 43943 45930 120 150109
458 44069 47452 89 262883
459 44080 51290 17 28884
460 44659 46655 71 91213
461 45069 49183 111 136341
462 45094 45339 25 4482
463 45527 45806 16 4587
464 45544 46060 20 4526
465 45572 48600 72 198916
466 45586 46023 112 21803
467 45617 50923 29 79635
468 45619 45793 61 2485
469 45712 48836 67 76543
470 45718 46220 12 3955
471 45816 47403 69 102089
472 46003 49516 25 38006
473 46011 47074 14 3031
474 46120 49071 50 103713
475 46196 49113 35 174161
476 46263 48057 147 134410
477 46302 46670 12 2262
478 46324 49984 33 131512
479 46395 46758 79 22025
480 46512 46894 24 7196
481 46651 47739 57 42591
482 46798 48792 57 45578
483 46896 50565 58 78921
484 46902 47313 56 5243
485 46906 51162 77 140284
486 46914 49808 26 27749
487 46928 47973 7 11506
488 47012 48383 29 9786
489 47055 48304 54 22493
490 47160 47320 29 3597
491 47286 52493 88 105240
492 47444 51708 11 57809
493 47451 49647 82 114330
494 47463 50566 87 121992
495 47482 49671 32 11551
496 47522 48451 81 41165
497 47869 48312 8 1528
498 47876 48588 14 10303
499 47930 58176 82 403699
500 47988 50479 123 43187
501 48179 49564 10 8853
502 48229 49588 86 52621
503 48319 51070 38 41060
504 48370 48919 23 3176
505 48609 49817 12 15730
506 48676 51613 125 189996
507 48763 55789 146 206198
508 48767 49399 27 8774
509 48768 50874 94 130273
510 48870 51083 141 149129
511 48894 49019 34 806
512 48898 49241 41 10906
513 48979 49752 4 1259
514 48996 49467 24 7346
515 49100 56762 45 136668
516 49206 51071 34 18141
517 49433 72975 147 1015695
518 49448 51661 7 6739
519 49468 50269 118 49827
520 49581 50202 13 6292
521 49585 51431 58 66947
522 49639 49879 11 3778
523 49740 56208 51 104915
524 49827 52567 9 11788
525 49900 52639 34 54354
526 50029 50589 47 17932
527 50293 54190 110 173926
528 50317 50361 5 174
529 50412 51500 27 4217
530 50445 51075 43 9713
531 50562 52552 73 45422
532 50571 55615 14 18499
533 50735 51495 85 63798
534 50832 60597 76 170647
535 50840 53875 144 242383
536 50964 53389 9 8131
537 51010 52485 19 17216
538 51013 51301 22 4523
539 51081 54486 32 30232
540 51249 53977 126 92829
541 51252 53929 33 83585
542 51326 52989 81 156012
543 51646 52064 91 11387
544 51764 62120 10 16515
545 51787 54060 136 276202
546 52103 54945 93 82365
547 52137 53464 96 78058
548 52248 55866 74 138777
549 52341 52399 45 728
550 52346 52477 139 20069
551 52602 60628 16 63995
552 52671 55557 128 255931
553 52676 53880 44 35856
554 52864 53796 68 64732
555 52930 55474 49 51049
556 52958 58263 16 27528
557 52972 54129 27 28394
558 53202 58073 76 124102
559 53301 55291 43 153913
560 53406 54558 71 72929
561 53437 59448 49 73285
562 53442 56966 138 211847
563 53453 53730 51 26547
564 53684 55218 90 68337
565 53854 59366 11 13928
566 53882 55145 69 117499
567 54231 54340 98 5527
568 54312 55392 20 10577
569 54333 58603 58 286514
570 54427 57632 128 148185
571 54548 55245 50 13579
572 54874 58369 105 100685
573 54916 55437 24 2663
574 55314 55351 53 1351
575 55341 63742 58 221930
576 55410 57727 128 93253
577 55466 56860 102 60649
578 55681 57529 115 184603
579 55722 59965 110 212276
580 55822 56130 11 1359
581 55881 56336 78 15505
582 55947 57316 20 9464
583 56087 56768 33 23110
584 56237 62916 148 297983
585 56393 62463 23 46035
586 56551 57555 97 75334
587 56619 57627 4 2800
588 56673 61995 38 42401
589 56701 60609 5 5519
590 56748 56971 44 3846
591 56761 58121 18 10736
592 56789 57369 50 24580
593 56852 60350 58 64530
594 57000 63950 44 276298
595 57034 57421 25 13139
596 57100 57327 90 13121
597 57171 58291 146 55717
598 57215 58785 137 100709
599 57230 57928 97 125036
600 57320 61783 72 141540
601 57489 58491 12 5666
602 57513 59646 5 4369
603 57568 58194 17 19015
604 57597 61495 25 54778
605 57612 65286 107 117349
606 57670 58392 14 5326
607 57673 59378 81 32412
608 57885 61549 116 118792
609 57930 64854 93 234141
610 58257 58970 85 23327
611 58279 66058 149 367677
612 58467 61943 92 170986
613 58600 58636 41 1465
614 58621 60017 6 1664
615 58681 58960 141 10176
616 58751 59472 31 17351
617 58911 61733 72 92611
618 59004 59475 62 13426
619 59022 59218 85 7361
620 59104 61449 112 92673
621 59202 60697 66 28974
622 59246 59427 24 3827
623 59358 61083 39 61768
624 59424 60164 22 5789
625 59514 62206 77 87389
626 59532 60623 46 17348
627 59799 71961 131 906461
628 60027 60667 65 26774
629 60050 61686 46 36911
630 60401 60575 15 1041
631 60500 61336 58 35184
632 60679 65695 124 481538
633 60691 60746 17 4940
634 60885 66465 122 247264
635 60939 61917 19 10619
636 60969 62871 120 86344
637 61238 62991 5 3679
638 61268 61613 14 5578
639 61510 66413 17 23481
640 61531 63602 36 38890
641 61890 69438 27 138353
642 61966 63062 60 41152
643 62053 67822 126 139672
644 62116 63842 82 20193
645 62247 70282 59 55138
646 62306 64266 128 217951
647 62373 63926 44 86211
648 62397 66275 94 60324
649 62426 64745 5 9308
650 62471 63285 6 2270
651 62624 63543 83 24963
652 62975 63108 57 6834
653 63030 63802 11 3766
654 63039 64892 53 84143
655 63106 64638 9 8077
656 63227 63301 132 11799
657 63319 63605 57 3405
658 63489 66522 120 114051
659 63502 64701 21 20720
660 63693 65352 139 87679
661 63768 65143 26 32069
662 63811 64434 4 1776
663 63889 65196 50 24442
664 64005 65197 106 29438
665 64019 67179 116 133636
666 64054 64360 138 23269
667 64201 64580 148 27105
668 64323 65769 9 9708
669 64426 65992 7 2666
670 64462 65747 92 40091
671 64555 64809 121 45676
672 64595 67029 49 43630
673 64697 67302 19 39811
674 64880 65289 130 12442
675 64952 68169 106 215419
676 65342 65356 9 140
677 65398 68011 123 90496
678 65423 66595 87 33386
679 65667 65812 82 3937
680 65678 66248 98 14105
681 65706 65740 6 84
682 65883 66963 57 17139
683 65891 70571 38 55986
684 66052 66213 119 13108
685 66127 67433 120 52657
686 66230 67362 6 3615
687 66290 68227 147 93079
688 66329 67227 14 7524
689 66353 67569 104 116803
690 66488 71454 142 286628
691 66514 67787 85 58211
692 66540 67196 77 38591
693 66571 67850 59 45955
694 66582 71969 70 119733
695 66733 68898 52 50722
696 66766 68251 4 1184
697 66888 67157 15 2322
698 66950 69031 33 24168
699 67250 74837 8 72349
700 67328 67667 116 32527
701 67444 67751 7 493
702 67537 70528 36 84896
703 67775 68202 63 14748
704 67870 70718 23 36845
705 67903 70010 116 82174
706 67920 67977 17 532
707 67998 68248 30 4551
708 68020 70288 49 40204
709 68046 69011 6 2524
710 68062 74899 32 63223
711 68300 70369 87 38298
712 68442 68770 146 32563
713 68508 69410 40 7819
714 68553 69187 91 30757
715 68593 69953 15 8464
716 68672 71757 7 6148
717 68795 71598 26 51888
718 68949 71333 113 237617
719 69083 71390 26 38043
720 69103 70244 73 13709
721 69143 69705 19 10055
722 69259 72550 34 37653
723 69288 70231 46 22472
724 69308 69329 66 1436
725 69633 72170 85 37546
726 69764 69824 131 4353
727 69893 70333 22 5414
728 70003 75726 57 200147
729 70033 73589 12 17542
730 70063 70961 31 10801
731 70105 76020 72 143522
732 70166 70559 6 1176
733 70279 72194 70 42191
734 70552 76154 21 148235
735 70622 73127 90 95149
736 70656 70823 5 562
737 70720 75993 11 16025
738 70751 70756 115 913
739 70773 76083 132 760113
740 70786 70844 67 5124
741 71014 76388 96 344423
742 71090 73575 12 17113
743 71113 71568 6 4794
744 71137 72376 58 33311
745 71295 73290 55 79983
746 71386 78088 8 35415
747 71968 74359 8 8834
748 71978 73156 28 40850
749 72032 74589 101 158665
750 72034 72518 90 19633
751 72069 72564 10 2885
752 72174 74932 24 31221
753 72214 73613 47 34816
754 72282 73234 86 30551
755 72557 80662 62 270276
756 72604 72848 75 8876
757 72763 75490 61 125573
758 72901 73333 86 22715
759 72971 73927 99 130321
760 73249 74990 9 9772
761 73460 73789 89 16572
762 73501 83465 96 345561
763 73534 76736 44 49469
764 73656 73964 13 1418
765 73735 74823 64 26779
766 73817 79420 5 14656
767 74049 79091 72 76815
768 74057 77392 38 30252
769 74085 77893 59 126904
770 74308 74760 10 3854
771 74327 75319 41 24930
772 74341 74737 109 19732
773 74543 75952 42 27251
774 74551 75590 7 6142
775 74637 76738 96 95385
776 74649 75215 13 4114
777 74727 74909 139 11317
778 74933 76897 45 46249
779 74954 75196 80 8158
780 74957 77434 137 92005
781 75130 85363 21 54115
782 75132 76304 80 45274
783 75170 75816 88 8358
784 75181 75834 34 13018
785 75192 77881 21 61456
786 75216 77195 23 22883
787 75465 76722 29 21184
788 75618 76140 55 12707
789 75622 76978 131 53601
790 75656 75728 40 3820
791 75690 83976 84 269079
792 75729 83451 51 177861
793 75828 76040 96 10796
794 75837 76726 110 95505
795 75838 84963 59 147403
796 75897 76822 13 12823
797 76114 77403 15 14563
798 76132 76521 73 11896
799 76227 78389 79 166317
800 76237 83080 15 42604
801 76256 76661 51 20675
802 76516 76850 84 8977
803 76610 78655 109 256480
804 76664 79362 51 30278
805 76733 76925 72 5985
806 76768 80018 92 84636
807 76881 77005 140 12232
808 76954 79306 83 132057
809 77116 78555 17 28123
810 77127 77839 129 30682
811 77801 81226 88 91153
812 77964 78770 130 54284
813 78081 79317 106 60289
814 78126 79015 80 22502
815 78323 79994 79 46671
816 78516 78571 36 3566
817 78808 79681 135 96036
818 78859 78968 65 5469
819 79152 82481 31 21605
820 79177 82614 121 267873
821 79328 83097 84 147023
822 79504 81586 112 77660
823 79596 83116 76 183489
824 79811 86590 114 744420
825 79845 86168 57 341049
826 79975 87003 9 24956
827 80099 90634 27 75542
828 80232 81898 66 16264
829 80236 81695 5 2545
830 80240 81154 28 6808
831 80347 81098 104 23686
832 80362 85318 91 318290
833 80712 82041 83 91240
834 80798 82310 30 67025
835 81025 81509 22 20663
836 81099 81196 38 1942
837 81222 83300 41 29581
838 81317 82347 133 41851
839 81421 85381 135 492361
840 81581 82103 52 15992
841 81794 82774 16 5599
842 81796 83291 72 66547
843 81859 83218 137 50412
844 81919 82541 55 50084
845 81965 87071 10 26120
846 82150 89624 51 145247
847 82390 82633 109 16589
848 82783 85806 94 98850
849 82789 84742 91 126686
850 82804 83301 18 3553
851 82819 82990 50 3093
852 82878 86439 98 255853
853 83002 84929 72 62655
854 83168 89799 56 154784
855 83244 85587 127 167919
856 83346 85912 127 233007
857 83361 86285 28 81443
858 83370 84891 125 43610
859 83385 90304 15 30175
860 83470 86361 63 114080
861 83486 83862 126 16500
862 83538 84941 39 77602
863 83556 83724 95 9352
864 83593 84537 11 13025
865 83671 84724 133 50484
866 83991 86785 67 192812
867 84234 85250 23 3690
868 84404 86247 11 4389
869 84503 87647 72 50096
870 84547 85119 108 39166
871 84596 85031 15 3584
872 84706 94489 39 97753
873 84829 87570 70 122186
874 84866 85002 118 14755
875 84992 85907 29 6978
876 85153 87525 39 50887
877 85183 86261 136 101784
878 85537 86074 31 7418
879 85564 87105 25 12119
880 85602 89806 9 16412
881 85671 86592 48 31967
882 85683 86796 38 21995
883 85796 87050 30 23585
884 85811 85899 142 1811
885 85876 87304 15 22858
886 85923 86961 13 6879
887 85986 90729 77 110551
888 85998 88725 129 137531
889 86118 88269 33 26246
890 86752 86789 23 313
891 87085 88183 65 32384
892 87267 92545 133 235910
893 87274 87792 12 2299
894 87366 89047 12 6501
895 87667 89341 49 52158
896 87692 87976 47 4517
897 87720 88546 48 18898
898 87727 91312 48 47849
899 87731 87832 23 1898
900 87736 88323 19 5018
901 87768 95140 72 215702
902 87780 98240 98 336052
903 87880 88551 58 14167
904 87926 91240 4 10610
905 88003 88006 88 457
906 88018 89072 36 15759
907 88321 92548 117 147201
908 88733 88872 36 3054
909 88860 89481 145 44716
910 89025 97897 126 1252340
911 89073 91514 105 96488
912 89109 89778 71 30741
913 89166 90332 103 36624
914 89189 89271 16 619
915 89248 90681 5 9214
916 89314 93999 55 107712
917 89361 94106 37 103872
918 89881 91288 45 15170
919 89918 91696 5 2393
920 89981 90177 69 6509
921 89987 95752 23 30357
922 90110 93531 52 29089
923 90126 91276 74 89959
924 90223 91497 11 6252
925 90380 95581 69 140601
926 90440 92106 41 32260
927 90579 92284 116 195323
928 90667 91227 69 39182
929 91131 91398 136 20359
930 91200 94562 86 400970
931 91394 92307 25 9505
932 91495 93087 67 51725
933 91609 93484 95 393735
934 91821 92694 25 30022
935 91902 92897 6 3088
936 91912 93246 12 24169
937 92046 92055 7 151
938 92100 93214 67 68489
939 92128 92156 84 2824
940 92159 94207 24 33306
941 92175 92553 31 3510
942 92261 96608 6 20209
943 92287 93466 61 38549
944 92357 94448 5 4240
945 92389 94357 88 119985
946 92432 93867 19 24314
947 92499 94490 30 34199
948 92572 94750 77 52886
949 92692 93422 17 2479
950 92723 95364 80 94905
951 92820 93503 41 12212
952 93023 93343 31 6643
953 93460 99553 16 37598
954 93465 93474 41 260
955 93566 93648 30 3450
956 93688 94630 11 3391
957 93876 96869 26 14897
958 93918 98610 36 103532
959 93954 97325 32 31075
960 94292 97674 22 18030
961 94327 99723 7 20383
962 94513 94842 66 8698
963 94582 95094 64 9628
964 94674 95258 16 4538
965 94738 95274 10 4318
966 94829 97290 26 56568
967 94918 98314 86 152555
968 95024 97178 69 230450
969 95272 95500 74 12382
970 95411 97672 125 147528
971 95426 99848 54 72332
972 95508 99540 55 246188
973 95561 97958 7 3761
974 95616 95878 142 30373
975 95734 96979 35 16030
976 95771 96289 7 1766
977 95831 96240 148 21346
978 95836 97001 20 4725
979 96118 97428 5 4430
980 96383 97251 140 57523
981 96552 98592 35 92080
982 96667 99542 30 30448
983 96719 99265 105 302620
984 96828 96841 4 90
985 97049 97896 99 12489
986 97198 97369 82 9372
987 97209 97303 35 1908
988 97214 98247 52 26336
989 97481 97935 45 23739
990 97950 98008 4 91
991 98121 99768 47 23718
992 98224 99500 36 47397
993 98322 99292 14 7436
994 98442 98966 134 22368
995 98642 98651 118 761
996 98666 99765 7 2303
997 98900 99830 108 38085
998 99035 99740 61 23417
999 99580 99744 5 492
