50 1000 0.073
###.#.####.......###..#####..#...................#
#.####.####.....#..###..#######.........#......###
#.#.....#.......######....#....##......##.......##
.####.###.......##.##......#####.......##..###.###
......###.....###.#.#........###.....#######......
............#.#####.###....#.#.###.###....#####...
............#..#.##..#...###..##.######.....##....
...........###.#.#..#########..########......#....
.............###..##..####.#....##.#..............
...................#.##..........##...............
................#.##..###........##.....###.......
................#.#...##........#####..##.........
..........####..####...###......##...###..........
.....#.........###.#..................##..........
.#..######.......####............#...#.##.........
.#.########......#..............##...##...........
.#....#..........##.............####.###..........
......#.#........................##.####..........
##...#####........................#.####..........
##.....####....#....#................#............
..##.....###.###....#...............#...#.........
.###......#.......####.###.........###..#.........
..###.....#.......##...####........#.#..#.........
...#...............#.....##.......................
..###..........##.###..#####......##..............
...............##..#####.###....#..#...........#..
........#......###.######.#..#.#####........####..
........#####.#.######.#..#..###.##........####...
.........###..####..###.#..####...................
........#####..##....####..###...........#........
..#.......##........####.#.####.......##.##.#.....
.###......#.........#.##.###..#......########.....
..#.......##........#..####...##.......#.#####....
##........###.......##...#..............########..
###................###..######..........#..#...##.
##......###.....#..##....#..##....................
..#.#..#.##.....###.......#..#.............#......
#####.######..####.......###..#.#.........#######.
...#########.####.............#.#.....#...###...##
..#.#..##.##.....#####..##....####...###.#..##..#.
..##....###.....#####.####......#.....####.###..##
.###.....###.....###....####....##......#......#..
##.....##.####...####...#.##..........####.....#..
.#......###.....###......###............##...###..
.##.....#####....##............................###
####.....##...#..####......#.....................#
.##......##...###..#.....###....#.................
.###...###....###........#.##..###................
..####.##......#...............#..................
.....#........##...............#..................
0 156 3770 14 29938
1 158 1348 69 55519
2 223 1180 33 32656
3 285 6240 16 32778
4 311 4947 20 28620
5 368 679 80 17229
6 415 8310 31 302202
7 664 19847 18 254866
8 681 3436 9 21448
9 704 21681 38 110620
10 707 9651 96 317996
11 726 1317 90 39775
12 869 11853 135 581154
13 879 12530 47 498061
14 881 4225 83 114980
15 1182 12929 48 369099
16 1222 1668 24 3860
17 1257 15902 11 41811
18 1332 20004 111 1874967
19 1366 3871 26 45695
20 1433 16851 53 440156
21 1631 3186 13 8963
22 1727 4199 147 211097
23 2059 3232 6 4019
24 2119 19237 28 191409
25 2220 4465 79 32234
26 2330 52349 56 1144008
27 2332 2345 71 757
28 2360 4190 4 3132
29 2424 43107 130 7239700
30 2485 21830 114 1387150
31 2535 16867 8 43237
32 2770 7175 123 497472
33 2781 3541 107 32813
34 2842 9304 24 112112
35 2850 10064 100 260328
36 2876 6552 6 9259
37 3078 4147 69 34294
38 3146 6691 20 66062
39 3180 10041 111 389709
40 3338 14172 11 44619
41 3619 13615 102 633248
42 3674 7208 63 144202
43 3732 4240 68 16785
44 3747 4007 92 15859
45 3886 17438 55 199375
46 3912 6283 16 44984
47 4015 12900 132 303046
48 4527 33462 4 30084
49 4703 6701 145 217122
50 4752 26051 7 29689
51 4791 10700 149 129683
52 4796 13946 96 240541
53 4920 10410 17 26986
54 4943 14097 24 108069
55 4961 11046 124 287034
56 5007 23589 17 71416
57 5025 23753 9 55638
58 5049 22038 76 588825
59 5185 22744 16 95717
60 5201 7578 4 2891
61 5227 5996 79 149658
62 5367 6150 47 14025
63 5389 31209 11 108652
64 5396 23010 126 997888
65 5403 9441 69 126647
66 5745 15605 91 143559
67 6009 11491 93 377889
68 6072 28541 127 945031
69 6098 9900 25 16734
70 6329 18960 64 137102
71 6390 7540 20 6852
72 6520 20248 24 207991
73 6583 32350 105 935587
74 6694 7410 108 25281
75 6697 6933 117 25783
76 6841 8805 97 125647
77 6925 17246 135 1569100
78 7095 13779 109 1068755
79 7126 8368 98 32965
80 7306 12192 94 102826
81 7357 12931 128 115003
82 7553 9190 6 5965
83 7560 27346 88 788535
84 7626 8745 101 60327
85 7656 7702 108 2523
86 7667 8101 41 9467
87 7725 10733 143 242454
88 7868 31170 27 156075
89 8008 8330 119 16130
90 8071 11241 66 48250
91 8115 32761 149 932912
92 8165 10202 58 82503
93 8369 15586 133 357974
94 8572 11490 101 77270
95 8585 21175 31 150193
96 8733 14959 128 422944
97 8854 28751 24 117619
98 9012 11854 130 242375
99 9075 17028 31 205650
100 9136 15011 85 597394
101 9152 18002 143 1230970
102 9208 12017 46 65575
103 9218 15408 13 84295
104 9270 9432 33 4345
105 9425 15806 92 317234
106 9443 10523 108 58841
107 9577 38077 44 319883
108 9617 9898 64 12500
109 9769 11508 140 160009
110 9792 13564 6 13347
111 9799 28401 47 295691
112 9859 13185 5 4842
113 9956 13481 65 34837
114 10047 16088 42 128502
115 10079 20471 89 186863
116 10187 10256 10 614
117 10388 28674 129 773875
118 10444 13241 9 8549
119 10596 16397 19 99258
120 10673 16023 62 79287
121 10776 14184 136 135649
122 10835 27474 36 189319
123 10851 11329 75 25339
124 10880 11256 17 2620
125 10893 14099 125 219772
126 10991 14572 75 115476
127 11016 17672 134 530157
128 11183 25033 24 175352
129 11188 22584 87 825096
130 11314 17051 23 10181
131 11376 20476 29 57550
132 11453 34828 45 493076
133 11460 11806 142 20898
134 11477 15127 117 205420
135 11504 12362 6 3643
136 11583 13597 33 52502
137 11596 15324 51 90890
138 11598 12788 67 26438
139 11663 16107 48 53681
140 11756 18920 83 148689
141 11767 15252 71 108327
142 12022 33448 7 23642
143 12067 18068 26 60989
144 12093 60775 81 1583112
145 12106 18627 18 42559
146 12124 31692 136 1032009
147 12151 28882 75 981975
148 12153 26406 24 186418
149 12519 15420 38 107451
150 12539 35373 32 213929
151 12644 32395 105 1730307
152 12729 12972 56 2119
153 12909 14375 18 20771
154 13129 14226 62 20337
155 13202 13373 8 654
156 13247 13449 6 911
157 13253 14166 24 20466
158 13361 15670 8 9605
159 13409 30872 24 217544
160 13411 16626 113 231715
161 13638 25574 81 740110
162 13942 25413 116 713379
163 13976 14197 45 5972
164 14050 27295 69 448996
165 14065 14168 66 6925
166 14164 14618 14 7907
167 14240 18492 64 93378
168 14298 14734 131 15321
169 14384 18233 13 24309
170 14488 39039 6 42895
171 14656 43595 31 146963
172 14766 45945 120 868430
173 14817 76405 142 1763730
174 14864 15211 31 3923
175 14957 17013 6 3186
176 15656 15659 9 35
177 15887 16343 54 10049
178 15891 19638 74 79257
179 16104 27193 126 419920
180 16135 17027 65 31929
181 16140 17947 8 11752
182 16177 17447 57 117663
183 16179 23353 88 188298
184 16216 17571 12 9132
185 16239 16428 124 19828
186 16265 17764 46 54124
187 16285 16435 17 6342
188 16371 25402 22 70578
189 16582 18382 39 38301
190 16587 16952 32 4414
191 16774 33650 22 87881
192 16950 31453 112 522180
193 17030 23650 93 911451
194 17047 19103 74 68234
195 17192 28411 140 563348
196 17384 21185 81 98344
197 17436 17916 25 5491
198 17514 20625 57 83856
199 17552 22314 7 17011
200 17651 26688 109 759065
201 18137 25015 41 43080
202 18165 36399 150 303132
203 18250 29456 37 102399
204 18375 28181 83 547335
205 18438 20686 17 8014
206 18517 20458 149 109457
207 18604 25379 10 21522
208 18729 18775 137 6352
209 18876 32581 45 108882
210 19011 27414 45 77985
211 19048 20868 21 9180
212 19050 42028 10 104555
213 19253 31620 105 598204
214 19289 35326 17 162443
215 19348 20789 118 190181
216 19474 35735 42 444132
217 19653 25123 123 132704
218 19684 22439 11 17439
219 19801 24211 33 61546
220 19817 43798 123 1656872
221 19845 29479 15 58854
222 19861 26955 68 346561
223 19934 24937 24 35405
224 20030 20729 5 3167
225 20047 23750 68 66276
226 20165 27797 55 71701
227 20186 22725 113 118711
228 20207 33138 23 165466
229 20272 35530 77 566938
230 20363 25839 36 93094
231 20373 24653 27 45176
232 20469 24777 101 453178
233 20525 26627 41 58318
234 20545 62149 94 1341118
235 20585 50949 30 513002
236 20727 27436 17 54491
237 20749 23120 131 137894
238 20796 28479 39 161658
239 20881 32185 97 505979
240 21001 34517 6 40465
241 21047 26015 76 89699
242 21228 29180 87 412670
243 21253 27149 9 21262
244 21267 32049 32 147119
245 21275 36914 106 678058
246 21304 22043 63 15814
247 21348 44227 79 1248493
248 21690 25911 41 61673
249 21711 23112 45 30800
250 21772 37862 21 87327
251 21796 22678 21 20768
252 21924 34576 133 290349
253 22254 22649 58 12615
254 22294 26428 127 86448
255 22297 22848 122 31672
256 22598 24814 68 86339
257 22603 29425 12 11796
258 22772 36888 20 121209
259 23131 24094 13 3773
260 23188 25207 10 4742
261 23202 37131 99 206999
262 23239 29498 67 223764
263 23412 23963 10 4791
264 23464 37210 86 398922
265 23569 25779 68 42740
266 23942 50437 22 249680
267 23968 23988 28 437
268 23992 27303 79 227013
269 24030 24098 27 691
270 24047 25602 107 40515
271 24428 39699 74 145596
272 24488 27215 82 112497
273 24618 26866 43 69450
274 24669 42415 81 429161
275 24681 26693 86 252313
276 24691 26117 21 11411
277 24794 40637 122 2040666
278 24938 32008 109 419295
279 25108 28368 82 140186
280 25169 27405 99 58524
281 25287 28693 8 10994
282 25352 36805 82 505737
283 25564 26266 33 34573
284 25666 44655 28 169070
285 25728 26491 30 6449
286 25775 41287 17 37322
287 25898 27211 74 45073
288 25963 39832 69 204680
289 25981 28146 23 38263
290 26043 36481 31 427046
291 26058 27780 96 74057
292 26140 26709 83 24078
293 26232 30570 111 317774
294 26378 28326 129 41668
295 26454 36839 141 539946
296 26467 35450 68 652477
297 26541 28521 40 64999
298 26566 38523 55 406683
299 26594 31752 88 176301
300 26761 28440 43 46458
301 26812 38966 52 168968
302 26956 69287 5 41484
303 27069 29536 69 70726
304 27230 40856 114 395858
305 27264 29721 11 11302
306 27566 28293 22 15481
307 27724 28757 62 45413
308 27733 29549 97 33087
309 27742 28712 7 8635
310 27869 30130 10 8294
311 27949 35235 61 935131
312 27961 28559 91 61792
313 28084 31255 43 76701
314 28183 34323 23 47032
315 28191 35614 13 12808
316 28544 37142 57 380582
317 28636 30193 18 15160
318 28670 31869 74 275454
319 28759 38591 31 248968
320 28789 46792 65 1325205
321 28836 49573 75 1072528
322 29060 41856 21 75241
323 29074 44790 13 62920
324 29095 33895 96 182195
325 29201 53421 109 458433
326 29241 30117 24 21886
327 29372 30568 46 34227
328 29480 30468 5 1053
329 29488 41494 47 405365
330 29838 30788 30 48301
331 29894 36540 27 94377
332 29939 37608 27 54866
333 30037 33541 12 12795
334 30087 35781 39 83691
335 30120 32679 7 7295
336 30382 31207 36 28903
337 30416 34355 101 280422
338 30423 33808 30 38693
339 30509 36398 62 347230
340 30512 37755 19 76163
341 30655 34026 20 31581
342 30966 41750 93 275874
343 31113 36716 104 297819
344 31167 53546 71 501632
345 31566 38639 21 49265
346 31593 47065 97 403399
347 31601 45842 29 206836
348 31697 40199 38 99592
349 31952 43786 5 51899
350 32001 42563 125 795182
351 32066 34997 20 30182
352 32260 40305 19 79073
353 32311 44247 104 330156
354 32327 46165 135 1816881
355 32433 38256 5 21349
356 32453 41936 145 393546
357 32525 51169 122 655329
358 32564 33312 15 8781
359 32624 83337 5 153639
360 32785 46895 12 219082
361 32798 34263 58 33312
362 32802 35394 57 56534
363 32853 34983 49 111533
364 32949 38743 109 248836
365 33053 45346 116 186285
366 33152 44345 36 398487
367 33208 57026 110 418535
368 33305 43268 24 53866
369 33315 33901 106 49225
370 33403 37808 89 209244
371 33506 39320 18 19720
372 33531 40706 37 216778
373 33880 36854 116 349685
374 33938 41608 129 814706
375 33995 34933 7 5637
376 34122 44150 136 702195
377 34307 47520 103 584145
378 34460 59493 19 196128
379 34605 41811 89 509983
380 34615 52406 85 442087
381 34945 35416 18 7830
382 34993 43159 4 19654
383 35077 45875 58 121528
384 35130 54720 149 2933992
385 35188 40667 21 74728
386 35201 47844 27 139863
387 35317 38917 142 244224
388 35342 37619 100 150302
389 35522 44659 110 354801
390 35575 42864 7 31539
391 35658 39268 4 2817
392 35693 38671 11 6585
393 35741 37761 20 16303
394 35857 37664 69 53095
395 35970 41967 23 45924
396 36069 49792 60 194654
397 36080 51344 41 331506
398 36178 43503 105 496110
399 36188 37274 54 39625
400 36425 50974 9 22595
401 36538 40555 5 17939
402 36664 40022 9 19183
403 36777 45288 14 25351
404 36815 53484 12 95317
405 37000 37151 8 1458
406 37025 47041 62 211978
407 37171 38271 111 33576
408 37226 45218 116 348720
409 37261 37918 29 3323
410 37263 56136 14 84761
411 37267 39207 13 13209
412 37599 45470 54 205356
413 37893 38773 102 42620
414 38318 43457 13 14597
415 38426 41310 70 78333
416 38439 38874 119 29920
417 38554 44804 10 38967
418 38672 47504 102 452270
419 38675 41832 9 9591
420 38769 48947 10 35958
421 38962 47784 32 511631
422 38967 43514 116 252626
423 39055 56328 148 1123876
424 39101 44513 25 64706
425 39176 41038 15 21951
426 39648 52409 45 561303
427 39811 41148 23 19825
428 39816 53924 73 358282
429 39893 40519 59 29182
430 39899 40805 9 3913
431 39972 47210 7 18105
432 39974 49559 85 560053
433 39987 43830 23 34759
434 40207 56891 83 213986
435 40369 43162 11 14405
436 40558 41515 145 22939
437 40662 51295 79 456524
438 40744 41336 16 1781
439 40793 48195 14 72245
440 40867 47248 143 325593
441 40947 48415 12 17755
442 40972 65099 19 157927
443 41010 42562 93 105463
444 41076 43100 101 174351
445 41092 41746 20 8117
446 41232 60427 20 379337
447 41241 44335 52 97630
448 41258 43114 5 4019
449 41273 56219 91 490018
450 41277 42061 93 22671
451 41352 41825 16 3423
452 41776 47690 13 39276
453 41911 67410 96 587970
454 42106 46915 14 18658
455 42152 47379 13 86645
456 42181 52220 46 462462
457 42291 50803 64 399795
458 42293 48201 110 442144
459 42315 53673 43 167015
460 42335 44290 52 50101
461 42372 61206 32 289490
462 42412 53443 18 48055
463 42419 58515 55 135851
464 42443 56778 147 976073
465 42487 47781 13 13480
466 42568 51670 27 35073
467 42661 42854 13 1753
468 42679 43464 37 19859
469 42798 45048 11 8543
470 42834 43015 70 16888
471 43091 48188 16 67077
472 43186 49214 25 82113
473 43300 47668 11 11007
474 43412 46575 17 29799
475 43651 43985 22 8467
476 43797 46069 16 30540
477 43852 46015 125 209017
478 43919 56706 31 134585
479 44195 55416 140 173908
480 44333 52753 13 26419
481 44474 50928 102 321087
482 44500 45465 69 43925
483 44674 58944 27 305273
484 44918 46027 109 77608
485 45032 55328 67 760850
486 45148 45944 93 80090
487 45214 45685 21 2511
488 45232 63714 14 72593
489 45333 48366 43 92966
490 45366 45839 54 12322
491 45792 55533 121 251074
492 45835 71217 18 172352
493 45975 69561 109 794148
494 46093 55591 63 240537
495 46135 51192 54 193620
496 46155 71758 86 581155
497 46163 48359 14 24526
498 46185 54957 8 36278
499 46227 78349 25 197244
500 46250 54043 36 147024
501 46334 50536 65 138147
502 46368 57218 13 75264
503 46371 52685 19 31164
504 46605 47489 125 101074
505 46624 54489 20 43814
506 46679 50187 127 262862
507 46749 50333 23 45427
508 46759 54716 110 138459
509 47113 57737 90 129028
510 47156 55528 30 383614
511 47164 55248 42 29163
512 47167 58294 141 378698
513 47323 48063 14 4116
514 47363 52554 24 117208
515 47557 52808 14 65259
516 47667 56469 92 174418
517 47727 49200 82 37578
518 47847 48132 28 5194
519 47867 49570 125 278096
520 47986 56719 22 98753
521 48019 58121 53 170792
522 48106 54605 62 78027
523 48133 48420 67 17314
524 48144 59072 54 71899
525 48185 53502 12 39244
526 48351 63289 80 225023
527 48370 62820 55 315880
528 48479 53250 39 46154
529 48924 62079 14 46897
530 49320 55546 14 46424
531 49425 49908 6 516
532 49584 59904 31 74837
533 49971 57123 113 263167
534 50077 50141 23 628
535 50225 58028 65 430267
536 50262 54205 4 4167
537 50512 65554 108 426324
538 50520 65397 122 475564
539 50537 53822 42 256346
540 50630 64696 62 778067
541 50694 52007 11 7110
542 50695 52869 73 33085
543 50831 53262 4 5710
544 51028 53710 8 11896
545 51083 52541 142 50352
546 51087 52352 35 72100
547 51279 66682 47 220878
548 51364 61897 92 213820
549 51380 57961 54 93299
550 51437 65031 16 82427
551 51694 65898 57 181562
552 51704 53871 22 31163
553 51766 57479 40 246861
554 51856 53703 27 19097
555 51979 62116 31 67974
556 52092 54842 71 56067
557 52180 66944 111 614214
558 52308 57817 89 305357
559 52367 71718 30 79208
560 52425 56732 68 165548
561 52459 52804 8 955
562 52461 52815 34 12416
563 52489 52595 139 9107
564 52504 59704 12 58569
565 52521 90756 117 1548176
566 52676 54219 17 9643
567 52717 53425 68 13715
568 52785 53407 54 20551
569 53162 54300 23 6925
570 53357 59053 75 150834
571 53360 64105 54 188120
572 53478 57056 44 93597
573 53533 56835 15 28671
574 53781 58156 28 69003
575 53819 67667 57 305982
576 53856 56281 34 66663
577 53921 63692 25 112120
578 54010 54548 136 29406
579 54112 60482 18 42041
580 54220 56847 38 34326
581 54238 54712 78 29963
582 54256 66255 20 31568
583 54299 55692 14 10072
584 54319 58784 6 11651
585 54351 72649 100 413388
586 54527 89979 24 873145
587 54625 67281 24 70530
588 54765 62374 19 26651
589 54998 65477 90 452042
590 55094 57620 141 90260
591 55187 63996 76 435765
592 55191 65703 10 93259
593 55307 63812 42 35563
594 55422 59671 10 9373
595 55430 66338 66 177721
596 55446 71154 34 196148
597 55465 64303 78 99866
598 55491 57882 24 16870
599 55545 57325 16 27953
600 55551 58875 7 11976
601 55795 63940 81 91532
602 55834 57385 17 28268
603 55866 57939 87 116897
604 55924 57966 140 220370
605 55951 59145 98 178952
606 55957 56289 11 1325
607 56063 56369 57 10661
608 56101 58578 16 14954
609 56211 74361 45 267535
610 56280 58208 14 15983
611 56463 60908 58 105455
612 56529 62403 24 61465
613 56556 81898 34 284138
614 56566 58999 26 32754
615 56609 68718 72 138691
616 56673 63553 44 51568
617 56811 57857 44 37083
618 56821 62874 75 93788
619 56879 60686 9 17105
620 57057 57787 47 11716
621 57161 58853 63 86818
622 57220 59930 8 11619
623 57248 71899 19 98146
624 57338 64240 63 164104
625 57447 67135 130 461501
626 57449 59997 142 137539
627 57465 59818 15 29760
628 57467 58439 70 32003
629 57703 58428 102 39280
630 57716 59397 61 106550
631 57728 72585 118 1423804
632 58055 67237 80 144302
633 58154 63797 26 112131
634 58251 58663 76 23051
635 58344 58545 12 1085
636 58367 65184 61 178149
637 58472 60506 34 50969
638 58622 58653 54 1409
639 58708 63206 78 199559
640 58719 82717 17 104811
641 58868 71687 50 216449
642 58916 84968 78 763727
643 59077 62911 105 393424
644 59235 65875 5 12305
645 59339 59439 112 5867
646 59461 62281 66 122890
647 59558 74471 16 56225
648 59585 66462 20 91281
649 59620 61502 133 118114
650 59814 92442 138 1580117
651 59862 61722 90 104082
652 59923 61981 146 133744
653 59982 62565 148 216242
654 59990 72014 49 269619
655 60029 67313 14 57928
656 60030 60959 30 15164
657 60176 64061 76 118456
658 60274 65557 43 214880
659 60431 76251 86 431952
660 60566 76933 32 501904
661 60619 63134 80 72913
662 60733 68236 78 407064
663 60748 64377 38 104061
664 60792 61626 33 20079
665 61106 65816 6 24349
666 61344 83268 62 207498
667 61517 63107 17 8868
668 61554 64639 33 26872
669 61570 65796 15 40915
670 61980 67174 60 109532
671 62145 79805 49 152896
672 62156 75521 10 44258
673 62451 69665 10 20974
674 62567 64869 119 107712
675 62591 77177 35 324016
676 62629 69469 148 458554
677 62750 65709 125 179726
678 62881 66275 57 178189
679 62897 64667 16 4075
680 63027 64891 74 143649
681 63063 67717 131 741356
682 63096 64754 81 187442
683 63098 76269 56 249132
684 63112 69502 45 145851
685 63281 83752 12 44934
686 63291 72564 48 309760
687 63322 66155 66 278133
688 63332 64194 55 17839
689 63351 83426 116 566248
690 63417 74863 67 724702
691 63545 65976 51 29199
692 63647 66077 53 102226
693 63769 64928 62 35119
694 63882 76809 21 263563
695 63919 87563 57 756083
696 64000 68884 117 352186
697 64180 93835 96 870076
698 64449 74290 128 486274
699 64502 80195 25 120603
700 64505 71370 116 634436
701 64575 65822 46 15102
702 64618 67921 38 38986
703 64787 73795 130 475022
704 64803 65327 71 9855
705 64854 68318 24 37236
706 65176 67427 70 21100
707 65317 66631 4 2808
708 65353 83005 53 760814
709 65363 74067 31 385374
710 65379 85645 31 245247
711 65427 68499 8 7495
712 66010 68972 125 302262
713 66159 67442 60 19438
714 66222 68320 101 88957
715 66308 76996 11 51654
716 66377 66994 34 8423
717 66397 76111 8 37811
718 66437 77493 24 91719
719 66452 70714 43 199380
720 66491 95133 4 106123
721 66724 68888 13 19008
722 66751 76109 18 86170
723 66826 68617 15 10523
724 66953 75663 78 176527
725 66965 72155 66 24906
726 66993 82776 106 599232
727 67006 97901 136 1410684
728 67057 68909 131 77823
729 67169 73788 38 53705
730 67569 69259 8 10369
731 67601 67821 27 10612
732 67665 96695 143 1638849
733 67710 74671 116 239292
734 67722 71130 42 33522
735 67817 73129 14 37036
736 67952 70837 114 178948
737 68008 85704 113 2772025
738 68126 71080 109 106588
739 68317 88838 93 714762
740 68337 81975 139 775921
741 68402 77512 24 47472
742 68592 73638 9 26740
743 68793 74405 73 248384
744 68853 70446 27 7978
745 68983 71911 133 333279
746 69151 81987 15 40593
747 69314 73847 7 2989
748 69351 70201 56 49045
749 69439 69899 77 14421
750 69509 74400 111 469661
751 69555 76835 6 37698
752 69666 76294 29 20510
753 69952 74355 5 11113
754 70003 89971 58 554458
755 70024 70890 41 24727
756 70087 72347 27 35905
757 70099 71681 5 7673
758 70195 74438 116 258168
759 70285 75717 131 500783
760 70345 81430 43 221964
761 70574 76662 141 120983
762 70656 79803 31 162969
763 70695 70859 25 3202
764 70922 87183 42 400836
765 71186 72017 144 42531
766 71415 90199 8 47180
767 71707 91739 78 1356330
768 71713 73684 67 57922
769 71871 79338 8 28546
770 71917 76295 14 34699
771 72055 77284 16 29157
772 72118 78137 14 66407
773 72202 72275 64 4338
774 72365 78356 144 132416
775 72389 75662 136 158817
776 72416 82486 78 520487
777 72494 73378 57 9844
778 72506 78921 73 397070
779 72530 73056 22 12918
780 72597 73839 124 66731
781 72699 74001 28 30109
782 72711 81290 55 122803
783 72741 80970 80 136201
784 72848 73969 25 12232
785 73226 77833 38 74529
786 73261 74914 120 67560
787 73356 74929 71 52883
788 73443 76155 113 91837
789 73449 75816 56 291545
790 73576 79411 46 126443
791 73578 75818 41 38969
792 73776 83968 118 621365
793 73780 78895 19 68359
794 73989 77936 27 31742
795 74238 82367 61 381923
796 74263 77883 32 44439
797 74357 85977 114 393978
798 74364 88821 13 37618
799 74397 77642 14 27315
800 74573 90723 78 840193
801 74669 93647 103 544851
802 74774 75388 99 24055
803 74896 91302 62 996618
804 75005 92751 33 238991
805 75020 79976 41 57749
806 75060 98058 28 277894
807 75135 89532 86 361071
808 75239 88625 92 472701
809 75293 85964 62 175264
810 75332 82454 65 74775
811 75464 81337 8 9940
812 75553 75570 24 237
813 75652 78360 137 84192
814 75907 77779 109 80922
815 76121 76494 25 5544
816 76162 88128 88 509559
817 76235 85395 56 217132
818 76237 78565 48 51207
819 76274 93656 47 455360
820 76293 82728 15 60957
821 76426 77916 137 85778
822 76471 80225 9 32973
823 76520 78057 26 17165
824 76553 87768 20 59079
825 76622 80604 75 64868
826 76723 95230 51 599731
827 76817 82608 9 63478
828 76963 78116 79 31918
829 77017 79122 103 228044
830 77026 78842 18 23285
831 77130 80730 39 29121
832 77187 77191 138 148
833 77268 77806 131 88850
834 77282 98887 4 14943
835 77365 78219 137 35390
836 77406 84710 77 303544
837 78006 86437 140 238155
838 78103 79116 12 3658
839 78179 86311 141 315082
840 78281 82806 56 175266
841 78341 80177 35 18542
842 78433 81154 8 14752
843 78620 83309 19 47329
844 78676 91556 19 73137
845 78689 87616 51 53615
846 78800 78811 54 735
847 78892 85712 9 26689
848 78915 84167 6 8631
849 78989 83986 56 237275
850 78995 80114 54 13367
851 79027 79213 71 2169
852 79056 80345 10 5288
853 79391 99989 103 2217757
854 79611 79893 37 1977
855 79891 80747 92 40011
856 79964 82354 41 30692
857 79974 83079 83 175202
858 80026 91582 84 661025
859 80053 82742 5 8331
860 80331 89543 135 332151
861 80355 84281 60 112038
862 80597 85223 8 7760
863 80653 88694 20 88534
864 80655 82034 137 56905
865 80825 81515 35 4949
866 80916 81480 38 18041
867 80979 91110 8 20828
868 81166 92815 77 473155
869 81370 88589 33 83882
870 81425 98539 23 203270
871 81639 92103 20 171621
872 81683 89309 147 443325
873 81691 82135 58 16507
874 81772 96136 62 363288
875 82020 92396 70 530991
876 82101 84282 15 9970
877 82131 84381 41 35415
878 82159 98537 15 43858
879 82422 95577 131 749419
880 82564 83109 144 40032
881 82584 82699 37 1114
882 82770 87132 71 56988
883 82836 93858 24 108645
884 83176 85054 64 97277
885 83179 98449 144 1720541
886 83402 87944 137 322212
887 83599 92256 43 311205
888 83707 88788 125 130728
889 84011 84520 116 24467
890 84125 91604 136 215826
891 84141 96840 141 573111
892 84160 88586 50 105921
893 84214 85906 61 26519
894 84361 84770 83 26165
895 84368 91919 8 19882
896 84596 93488 123 429688
897 84700 93800 45 243771
898 84719 88340 6 3627
899 84748 94960 31 67105
900 84787 99806 13 40101
901 84851 90998 29 109846
902 84997 89104 91 183370
903 85008 88122 14 9060
904 85261 90774 120 258575
905 85289 85638 47 10634
906 85349 85876 76 3887
907 85602 93246 6 7291
908 85651 86519 147 59031
909 85726 92301 38 271226
910 85824 87009 50 17198
911 85883 86410 94 57301
912 86004 93146 9 91538
913 86154 91199 100 664772
914 86237 89488 24 30717
915 86604 97538 53 153044
916 86705 89686 27 15272
917 87083 89320 37 55233
918 87114 89995 11 10786
919 87144 90037 114 296354
920 87235 95239 50 135429
921 87284 90751 53 56145
922 87285 87614 132 29354
923 87305 98563 23 72045
924 87345 96911 7 28901
925 87370 91209 7 5799
926 87581 90798 74 109751
927 87633 90831 120 310896
928 87739 91256 132 193085
929 87825 91064 111 129416
930 87863 93839 107 336488
931 88022 95685 67 131026
932 88092 90441 30 14631
933 88119 99658 133 1109366
934 88350 97223 138 786141
935 88354 95162 10 44554
936 88367 98869 25 73266
937 88661 95523 54 91437
938 88701 91113 134 117647
939 88744 97996 129 484399
940 88760 91071 11 19377
941 88784 97587 4 20564
942 88786 95256 5 9771
943 88796 91762 48 144821
944 89270 90131 15 17524
945 89340 99697 20 55256
946 89453 93200 84 379733
947 89595 90068 45 9014
948 89713 93112 139 201137
949 89788 93873 11 9282
950 89801 89877 58 3115
951 90000 93864 27 67046
952 90032 92731 10 28047
953 90059 92650 104 121276
954 90073 96592 6 35407
955 90102 94698 61 162054
956 90175 98373 13 64573
957 90236 95345 94 468934
958 90466 95181 100 133955
959 90557 93825 10 7542
960 90671 91138 88 20352
961 90720 91477 135 48112
962 90868 96175 97 323491
963 91031 92302 112 29288
964 91319 91615 10 747
965 91334 91611 30 8159
966 91463 93027 87 65062
967 91464 95386 7 19844
968 91613 94902 74 180803
969 91879 95942 32 55607
970 91950 94411 28 13800
971 92331 98949 46 245512
972 92559 96488 31 17042
973 92836 97341 9 10307
974 92986 97288 126 137100
975 93006 93506 87 18189
976 93195 94967 37 16463
977 93452 93844 37 9863
978 93661 94194 34 8201
979 93784 95563 27 69003
980 93986 99223 33 93713
981 94431 95017 69 23908
982 94892 95681 93 30801
983 94987 95179 40 7522
984 95038 98958 26 56296
985 95115 95444 28 3838
986 95244 95885 120 76367
987 95543 98860 104 50785
988 95840 97470 103 49978
989 95861 97031 104 22857
990 96091 98902 119 198263
991 96205 96930 111 34787
992 96527 99848 21 19364
993 96566 97128 52 9047
994 97100 98451 32 51373
995 97514 99733 95 107099
996 97688 99516 89 36666
997 97810 97943 136 4957
998 98454 98930 28 4052
999 98504 99162 26 31696
