50 1000 0.067
.................................#.####.##########
.................................#################
...........................##.....##.####.########
............................####..################
.............................###################.#
.............................#####################
...........................#######################
.............................#####################
............................######################
..............................####################
............................######################
...........................#######################
...........................#######################
...........................##.####################
................................##################
..............................###.################
..............................####################
..............................####################
..............................##.###.#############
...............................###################
...............................#..################
...................................####.##########
......................................#.##########
.....................................###.#########
......................................######.#####
.....................................##########.##
.....................................##########.##
......................................#.#.######.#
......................................#.###.###...
........................................####.###..
.......................................##.######..
..........................................#..##...
..........................................###.#...
..................................................
..................................................
..................................................
..................................................
..................................................
..................................................
..................................................
..................................................
..................................................
..................................................
..................................................
..................................................
..................................................
..................................................
..................................................
..................................................
..................................................
0 54 4003 63 33465
1 98 1380 141 45208
2 240 13691 41 168439
3 270 616 126 14981
4 456 5896 7 14417
5 471 10802 32 97632
6 531 13575 82 272849
7 535 11037 39 289678
8 637 6308 12 21038
9 762 9004 149 212747
10 776 1685 82 83307
11 805 8693 140 869364
12 914 7919 10 41779
13 1007 8539 125 972625
14 1173 1323 120 11569
15 1220 18046 58 796641
16 1405 4808 25 69142
17 1535 7540 150 330214
18 1711 19287 4 13336
19 1755 14530 127 365331
20 1854 4368 14 16251
21 1958 6878 17 37991
22 1979 13789 18 64652
23 2061 6320 25 21535
24 2299 28068 38 375708
25 2384 4289 51 24659
26 2392 7741 30 98511
27 2425 4403 35 19586
28 2552 7495 29 12993
29 2604 3477 84 109282
30 2683 8089 26 62527
31 2769 7924 33 175809
32 2811 7694 130 132410
33 2891 16118 73 190711
34 3246 10436 9 18596
35 3282 6525 24 26380
36 3584 6437 26 20549
37 3596 7822 5 12244
38 3606 7043 41 28686
39 3732 13356 26 45307
40 3820 9206 74 101040
41 3867 7887 117 120851
42 4044 4371 62 14586
43 4053 6721 79 29997
44 4063 6354 148 132151
45 4084 15182 9 72980
46 4222 7007 98 316256
47 4288 12678 142 290677
48 4332 21377 24 82760
49 4482 8437 11 33073
50 4542 13453 35 66880
51 4585 4965 111 14364
52 4667 10611 19 63740
53 4741 7726 34 73506
54 4752 12527 143 619044
55 4921 15414 143 284544
56 4922 18118 141 1056080
57 5057 18351 22 86211
58 5402 8881 54 35815
59 5403 7826 65 43037
60 5520 7164 68 30044
61 5557 11119 7 12965
62 5673 14709 6 28775
63 5720 7414 51 45399
64 5821 33702 13 118802
65 5908 8916 126 164753
66 6147 17175 47 141741
67 6175 7471 131 144719
68 6214 11310 124 155863
69 6250 8398 10 23202
70 6299 8187 10 10536
71 6455 7569 102 30963
72 6505 15864 10 68173
73 6515 16992 69 355583
74 6759 10545 120 113768
75 6881 10464 27 59460
76 6952 9871 107 168040
77 7191 19221 77 181598
78 7305 7841 16 5165
79 7552 12832 35 160257
80 7734 9232 26 8962
81 7806 15153 12 26889
82 7808 15137 122 465527
83 7904 15210 57 136304
84 8011 9161 64 36468
85 8076 9371 9 4252
86 8379 10212 35 32197
87 8537 16089 42 301262
88 8550 11778 4 1747
89 8551 16442 11 33943
90 8667 19910 39 230895
91 8734 21259 8 62665
92 8924 27828 109 388669
93 8953 12771 8 11906
94 8958 11888 50 43211
95 8971 17130 36 95832
96 8982 9356 79 18503
97 8999 13867 132 192953
98 9259 11571 124 27143
99 9386 20956 63 128446
100 9393 11834 10 10374
101 9491 19579 114 393418
102 9513 10259 59 11958
103 9739 9940 65 14040
104 9820 12040 6 11338
105 10519 12581 33 12236
106 10586 10733 20 2444
107 10621 13516 25 45179
108 10660 21972 36 164539
109 10710 20758 15 21674
110 10722 12918 43 67202
111 10759 30671 47 181628
112 10989 11809 85 74830
113 11258 34425 55 533867
114 11518 20172 124 482139
115 11577 17717 44 174993
116 11588 11598 63 294
117 11626 23836 107 748333
118 11677 35977 127 1413780
119 11703 21155 45 360641
120 11832 22653 50 385944
121 11837 33545 95 1076858
122 11898 37238 140 2660253
123 11982 14762 11 11051
124 11998 16884 32 33837
125 12074 26140 53 1170418
126 12101 31341 69 285257
127 12122 12898 134 182028
128 12187 23168 14 101202
129 12234 16404 130 235588
130 12278 15706 48 27319
131 12332 13943 51 64736
132 12416 19219 111 316189
133 12480 15103 112 164016
134 12550 17370 35 64248
135 12623 22157 31 127177
136 12641 15226 80 69733
137 12821 17357 9 38937
138 12839 20505 80 336613
139 12845 16003 24 42075
140 12849 18260 53 57238
141 12921 15805 18 42646
142 13023 14652 90 66949
143 13186 14334 16 15798
144 13204 14343 19 14528
145 13269 18572 94 273303
146 13317 13831 64 17730
147 13347 15126 5 7714
148 13402 16722 107 166484
149 13441 57277 15 551293
150 13511 18551 18 27403
151 13655 14891 73 59218
152 13794 16450 48 45558
153 13946 36630 128 2500925
154 13966 15656 8 6304
155 14028 14879 9 1536
156 14058 16114 60 34220
157 14077 22262 144 214500
158 14206 30355 29 170947
159 14221 30129 50 294328
160 14307 18799 23 75753
161 14424 25716 113 469324
162 14549 22170 48 185003
163 14647 15537 93 69382
164 14812 16674 7 4681
165 14813 14950 100 7014
166 14825 15759 141 24882
167 14842 16196 59 66578
168 14982 17924 72 175227
169 15010 21213 26 90189
170 15240 21440 130 271864
171 15377 16125 47 16922
172 15390 16110 146 39706
173 15500 18102 45 23647
174 15610 24231 32 79214
175 15735 19985 145 533297
176 15746 18688 108 246091
177 15787 21020 111 154168
178 15816 20606 27 27235
179 15838 17285 7 7142
180 16014 20446 31 61205
181 16129 20830 11 30486
182 16200 16358 39 2563
183 16255 22669 49 77702
184 16262 21728 6 12934
185 16413 47935 34 453485
186 16612 22693 54 154954
187 16755 17233 142 91559
188 16795 18959 146 245426
189 16810 18206 77 112904
190 16893 40837 41 575508
191 16996 17232 6 1324
192 17004 25369 133 106273
193 17169 26095 8 29232
194 17180 44274 41 428221
195 17190 19648 40 55138
196 17421 20056 32 36851
197 17612 39689 63 629316
198 17736 20963 131 133497
199 17764 28649 31 214450
200 17893 36026 127 996287
201 17898 27508 25 210894
202 17945 18663 125 101552
203 17998 18535 39 12839
204 18012 30940 28 400309
205 18019 23626 111 634055
206 18127 18759 101 22632
207 18215 20074 56 44944
208 18343 28720 41 223262
209 18403 19369 24 7439
210 18564 19842 21 7639
211 18631 29522 59 116400
212 18665 19439 12 3934
213 18828 22110 11 20484
214 18943 19131 92 18037
215 18956 23131 102 359301
216 19063 27950 12 59424
217 19067 31812 81 314394
218 19137 21635 10 5270
219 19349 22441 85 66234
220 19417 21064 38 28381
221 19473 29152 20 119812
222 19491 19731 5 573
223 19564 24242 11 28047
224 19846 22098 148 334575
225 19937 23302 36 63910
226 20063 21295 9 6533
227 20138 22666 16 27548
228 20154 21023 135 92558
229 20174 26404 58 445253
230 20288 24533 131 343934
231 20673 25940 50 176545
232 20710 25824 99 366901
233 20925 25859 28 83312
234 21120 23283 56 71295
235 21146 22545 10 6885
236 21270 30116 41 92416
237 21338 24204 39 110406
238 21484 23641 10 10463
239 21663 26812 4 13707
240 21802 24123 7 10907
241 21890 24399 100 114935
242 21911 26516 132 256969
243 21919 25419 12 56563
244 22108 29167 16 77313
245 22127 29125 4 12560
246 22191 23253 57 33770
247 22234 22807 83 37347
248 22341 35847 20 58401
249 22344 23068 83 55850
250 22595 39521 16 115930
251 22617 25120 123 252186
252 22763 23138 30 10858
253 22939 23163 25 4675
254 23010 26886 15 28493
255 23093 23614 11 2157
256 23120 30972 116 196048
257 23448 25011 138 143199
258 23565 24636 81 71992
259 23677 36511 113 854829
260 23995 28085 85 129574
261 24157 26772 134 125050
262 24282 31468 108 110392
263 24315 27772 47 64953
264 24405 36480 129 722703
265 24508 28462 19 11149
266 24633 29121 32 61173
267 24641 47957 64 328483
268 24722 32098 103 368704
269 24759 26255 83 140265
270 24763 28529 88 180263
271 24862 27125 11 17971
272 24933 52297 124 1337433
273 24993 29110 126 208749
274 25004 30043 7 15001
275 25087 27664 24 12907
276 25246 30986 105 89492
277 25485 27988 82 52658
278 25526 31983 60 253591
279 25570 29360 106 237921
280 25656 32059 118 300113
281 25665 45309 9 53946
282 25749 31405 31 87060
283 25760 34772 63 388443
284 25790 27480 44 24767
285 25861 26109 23 1883
286 25901 27616 38 89629
287 26121 26499 30 11157
288 26232 37207 8 17449
289 26412 29716 74 100337
290 26560 39797 147 568943
291 26801 44975 122 1049451
292 26833 27165 61 6844
293 26957 63766 94 1421725
294 27137 36183 113 499518
295 27166 34005 47 278245
296 27245 30985 68 105835
297 27252 28744 34 52128
298 27314 29961 69 70096
299 27426 33770 74 325173
300 27439 37869 99 147818
301 27466 35682 47 134579
302 27490 42537 37 240866
303 27600 32437 31 87561
304 27645 27653 111 580
305 27674 34146 29 30251
306 27678 28731 45 15258
307 27778 37614 18 210917
308 27874 32918 112 250264
309 27968 42680 108 465164
310 27971 37199 122 501104
311 28091 31223 148 257148
312 28148 29615 29 25046
313 28154 49577 87 399514
314 28260 30174 65 89431
315 28279 34539 12 16222
316 28285 39895 101 208982
317 28403 32990 5 8334
318 28504 28740 128 8465
319 28524 31765 15 20689
320 28632 32851 47 69884
321 28723 33579 6 22209
322 28741 30917 56 55218
323 28883 32902 92 149480
324 28992 31026 147 247583
325 29101 30455 19 11304
326 29199 30686 12 11165
327 29464 36053 11 24564
328 29490 30911 20 9214
329 29607 30430 68 34292
330 29699 37737 22 123700
331 29778 39062 51 65571
332 29867 35526 65 242626
333 30311 42717 7 52455
334 30383 50445 12 72711
335 30429 30862 33 6437
336 30561 34742 134 257315
337 30566 49077 12 99028
338 30663 45023 33 111522
339 30826 37469 11 77274
340 30991 44730 8 24813
341 31082 38171 101 654741
342 31096 33867 44 99761
343 31106 33093 23 19437
344 31169 35646 11 22600
345 31519 32706 120 31527
346 31526 33982 92 122506
347 31626 31954 138 24599
348 31670 38688 136 195350
349 31830 43693 128 486344
350 32025 32763 6 1608
351 32406 41474 69 457663
352 32501 32820 32 4347
353 32598 43469 37 73113
354 32701 34834 111 72325
355 32778 33653 140 36866
356 32961 35013 42 36216
357 33055 38952 72 287889
358 33086 36277 5 10400
359 33243 40725 22 63776
360 33316 39936 26 72352
361 33385 35270 11 11984
362 33443 47483 5 11550
363 33622 60806 136 1907798
364 33756 50703 98 253779
365 33980 38525 25 22923
366 34006 38804 141 309584
367 34010 50799 12 42973
368 34248 41680 38 96240
369 34717 42644 126 275427
370 34923 38937 59 199870
371 35007 39266 47 73377
372 35019 59578 14 309402
373 35567 42759 66 219632
374 35582 40810 109 476830
375 35603 35763 4 689
376 35626 55213 45 233666
377 35638 47421 15 72364
378 35943 36116 40 6531
379 36093 43943 147 565413
380 36100 36461 56 15550
381 36436 45109 48 154343
382 36510 37064 43 24300
383 36582 39480 38 112099
384 36894 39905 124 336947
385 37067 38458 62 33347
386 37172 54510 32 475815
387 37249 44032 11 6767
388 37330 48625 31 231084
389 37358 46639 110 356560
390 37365 38277 23 21081
391 37422 59151 70 571884
392 37461 55022 32 290383
393 37559 49435 23 45167
394 37815 41621 11 11065
395 37849 57961 52 365684
396 37929 65032 102 913475
397 38015 43487 4 6129
398 38036 39396 110 88171
399 38395 59047 129 1761815
400 38519 39274 34 29866
401 38539 39385 8 2501
402 38564 51814 8 27801
403 38848 43655 109 117685
404 38868 60398 76 539633
405 38969 52299 21 89865
406 38996 51018 123 745603
407 39213 43365 51 354918
408 39276 45643 29 54050
409 39331 49073 25 75045
410 39365 44950 129 296156
411 39401 47150 49 319714
412 39799 43157 47 52904
413 39885 42908 33 41342
414 39951 42544 22 50516
415 40026 42892 18 13789
416 40174 41263 8 3204
417 40282 43758 35 46582
418 40370 44122 32 43248
419 40495 44098 77 189921
420 40500 49274 77 340222
421 40771 43220 8 6191
422 40777 44167 107 280504
423 41071 46011 22 84095
424 41146 52063 110 624773
425 41167 41386 7 790
426 41173 42390 98 39779
427 41354 42057 133 47993
428 41450 51819 56 94930
429 41470 48478 18 44204
430 41484 48872 24 25970
431 41560 48605 54 157792
432 41617 43367 126 83417
433 41876 45067 20 19404
434 41935 58765 58 367369
435 41984 43771 10 6077
436 42097 42605 88 49646
437 42291 44007 44 43751
438 42345 45050 11 24294
439 42350 52086 142 618849
440 42358 43258 20 9873
441 42361 44549 57 39249
442 42366 76323 36 1377157
443 42412 54809 24 219221
444 42421 43401 29 13482
445 42536 45780 41 49482
446 42575 55866 29 166875
447 42730 51359 23 33121
448 42778 43065 145 31741
449 42865 56450 30 257642
450 42976 43241 20 2039
451 42978 48359 50 169642
452 42980 45923 81 141458
453 42983 84294 59 569334
454 43129 43172 57 965
455 43342 55467 111 492023
456 43451 45127 23 35871
457 43481 45202 65 30862
458 43488 56922 15 155049
459 43702 45238 71 48278
460 43735 49680 89 160625
461 43786 50181 88 77026
462 43829 46419 55 93489
463 43899 44868 29 14632
464 43989 44883 30 12117
465 44121 45292 8 2225
466 44211 57537 56 272645
467 44236 45571 40 48723
468 44310 50571 148 955053
469 44311 49544 108 97035
470 44475 49587 56 175033
471 44791 45934 14 8239
472 44919 47861 6 3994
473 44949 50509 37 47753
474 45097 47309 58 42389
475 45234 51274 146 308836
476 45293 52714 26 103392
477 45370 58123 103 877066
478 45420 49877 14 22750
479 45569 57236 99 334309
480 45644 49728 70 114024
481 45786 46840 20 11442
482 45837 46183 84 10630
483 45870 46584 121 73263
484 45892 50237 6 33791
485 46002 53905 79 244224
486 46037 62543 70 639562
487 46125 46309 7 1139
488 46310 48396 147 58559
489 46415 90712 43 709746
490 46440 46495 145 7462
491 46670 52528 34 163612
492 46775 52955 103 84834
493 46790 48641 5 5840
494 46810 70924 82 881314
495 46843 50485 6 6718
496 46905 55298 143 517503
497 46996 58456 102 734733
498 47096 55858 118 333300
499 47217 50250 7 2773
500 47352 57147 28 122332
501 47587 55176 36 68729
502 47623 62171 121 720354
503 47726 62877 63 479026
504 47734 65017 52 148783
505 47762 72888 96 1763603
506 47766 49394 37 21687
507 48270 51894 25 30956
508 48305 52786 44 127350
509 48497 52705 20 70145
510 48563 50827 66 69594
511 48767 48948 62 11241
512 48931 55737 76 325698
513 48938 51380 7 5971
514 48973 54014 18 42062
515 49106 51547 28 56370
516 49127 55649 39 108095
517 49130 50009 13 9358
518 49185 57414 80 95813
519 49309 55885 58 89283
520 49455 62323 54 239823
521 49511 49836 13 2345
522 49564 51601 13 14684
523 49679 49842 4 424
524 49706 59599 24 90590
525 50015 53591 50 212137
526 50023 60658 26 108567
527 50084 64031 22 89270
528 50092 74989 117 1750090
529 50146 58101 84 405730
530 50203 51406 6 5895
531 50379 76092 102 1537075
532 50522 53311 73 105813
533 50616 51339 18 22089
534 50669 62120 69 232136
535 50695 53477 71 128847
536 50741 66609 71 472260
537 50781 52525 75 59945
538 50903 66697 49 140568
539 50932 51140 15 2115
540 50959 53511 92 114557
541 50972 51792 114 66418
542 51120 59932 141 980389
543 51198 63110 6 19740
544 51241 71759 17 84295
545 51257 55179 5 2306
546 51277 57339 4 9196
547 51367 65715 44 210348
548 51368 71333 54 206088
549 51411 53582 92 111820
550 51548 63281 6 52277
551 51692 63436 105 494157
552 52084 98073 144 1416144
553 52145 63683 28 115930
554 52218 57725 22 49922
555 52503 54818 45 35031
556 52515 80004 134 1446837
557 52557 71571 98 373256
558 52858 53946 98 43389
559 52972 56421 65 46013
560 53037 55235 17 32088
561 53043 54108 30 15993
562 53098 55628 64 33271
563 53099 70692 26 268468
564 53173 55063 137 98139
565 53217 66423 59 174936
566 53221 62280 125 1012889
567 53377 69533 135 1319278
568 53427 57526 69 131179
569 53594 60934 88 278200
570 53620 57044 19 34322
571 53642 74776 29 296524
572 53675 64303 118 941045
573 53688 53773 12 711
574 53791 54804 126 69969
575 53911 55238 51 46944
576 54021 56299 13 11719
577 54056 66619 63 315443
578 54084 58770 109 216258
579 54085 55999 11 7050
580 54104 55596 66 19099
581 54275 57944 45 32008
582 54289 54771 111 42741
583 54346 55756 117 113740
584 54412 63426 56 146920
585 54504 67302 33 107834
586 54526 64429 6 94409
587 54693 56875 41 58554
588 54699 57497 56 31297
589 54792 58247 76 72726
590 54877 56649 56 59232
591 55112 75030 58 191437
592 55124 77078 39 390069
593 55137 57048 8 4929
594 55335 64138 122 228486
595 55753 63516 44 23155
596 55828 58556 12 17444
597 55949 60225 148 158779
598 56028 57419 93 127493
599 56039 74188 24 215827
600 56220 70607 19 133455
601 56335 60446 53 40467
602 56500 59094 24 48609
603 56529 56593 8 306
604 56583 66113 4 11157
605 56727 60108 9 8548
606 56742 58108 117 18944
607 56871 78899 63 405810
608 57348 59733 77 73733
609 57395 60416 22 16782
610 57654 58079 133 23731
611 57850 58117 5 657
612 57875 60569 113 247324
613 57895 61706 37 120358
614 57897 68402 141 1357963
615 57928 58349 84 12612
616 58034 64143 22 68694
617 58078 67803 26 68446
618 58126 59024 8 7642
619 58152 66241 7 66541
620 58179 60204 7 7769
621 58224 81201 7 81392
622 58312 71438 135 895791
623 58426 66856 7 14114
624 58648 61117 8 10479
625 58769 60607 105 147141
626 59018 68455 42 249388
627 59111 64172 6 44437
628 59206 63162 99 149423
629 59290 63701 122 135418
630 59324 63531 36 99870
631 59381 60524 4 966
632 59406 65406 44 41124
633 59501 59701 16 1870
634 59528 61067 93 82236
635 59642 64923 22 33757
636 59798 68129 109 2515048
637 59827 66610 38 229356
638 59995 62367 9 17429
639 60005 60981 147 45405
640 60048 65444 95 158488
641 60231 74797 25 46831
642 60260 62390 106 192663
643 60276 73911 25 175002
644 60461 61910 113 78937
645 60508 62702 26 16695
646 60625 74145 56 458089
647 60634 74735 92 403021
648 60709 84786 128 2983744
649 60877 66170 59 101602
650 60985 67846 143 616172
651 61085 65711 74 144825
652 61137 66150 22 41853
653 61199 67966 149 654901
654 61250 62325 30 4243
655 61514 86035 131 842567
656 61543 79604 53 606411
657 61568 83953 34 153153
658 61602 84334 40 230028
659 61619 62714 21 10903
660 61679 63106 42 18657
661 61688 63122 81 259372
662 61794 62430 19 13465
663 61828 66587 26 73932
664 61894 83777 63 421840
665 62161 65313 64 81537
666 62392 67939 10 29413
667 62447 62741 17 2036
668 62560 64171 7 6625
669 62804 72448 143 286589
670 62846 64131 11 7792
671 62894 68015 6 14964
672 62985 68520 8 17945
673 63007 63057 21 578
674 63037 64377 74 11371
675 63065 69211 65 131583
676 63214 64352 12 7707
677 63228 74541 22 108547
678 63264 80179 14 111529
679 63455 66118 36 27119
680 63478 67027 126 102387
681 63524 64260 112 50429
682 63662 87195 25 471620
683 63715 90829 127 1299235
684 63775 73463 17 136812
685 64036 72873 127 263697
686 64059 80073 64 439543
687 64071 68460 10 18449
688 64120 66698 18 22935
689 64191 70674 73 179706
690 64222 64421 9 2127
691 64538 65407 56 7990
692 64551 70449 11 6278
693 64571 79213 131 367851
694 64682 75546 43 259930
695 64706 71040 120 664245
696 64732 75862 83 194699
697 64736 66889 137 159353
698 64760 70945 9 20929
699 65000 68630 18 18368
700 65051 70009 72 233821
701 65071 67917 25 40167
702 65094 72266 145 533191
703 65104 70938 22 55314
704 65234 73822 40 245755
705 65241 74274 91 210828
706 65447 69249 37 65278
707 65760 72653 32 80447
708 65801 68105 114 71102
709 65915 75236 130 388627
710 65981 67247 69 30090
711 66176 71773 129 203390
712 66342 69283 30 57506
713 66494 66773 34 4556
714 66495 68274 35 27192
715 66644 69161 41 16392
716 66681 72197 119 186789
717 66706 68413 55 63323
718 66721 74952 79 406119
719 66755 67356 9 4097
720 66863 87768 64 869595
721 66902 70091 52 122947
722 67063 68523 20 18964
723 67075 77748 25 51540
724 67101 69815 86 205693
725 67309 72826 101 352004
726 67327 74337 113 311532
727 67369 71141 95 214043
728 67530 70452 9 11597
729 67870 69184 58 51708
730 67914 86587 29 244159
731 67978 70350 63 84659
732 68204 75056 25 61045
733 68452 74307 29 40912
734 68495 75598 45 93736
735 68689 71665 95 188823
736 68710 77513 146 539988
737 68906 71731 97 95710
738 68949 77596 54 260840
739 69017 77033 70 233031
740 69410 77062 49 133993
741 69536 71678 113 48266
742 69597 81162 9 24935
743 69728 84861 112 1110954
744 69734 75971 64 157739
745 69890 75741 78 159725
746 69920 71615 81 88252
747 69936 81519 100 380430
748 69943 76037 12 14854
749 69954 81402 102 233191
750 70059 77539 10 26851
751 70134 85028 14 50069
752 70282 80331 29 40977
753 70409 73397 123 50116
754 70536 74019 34 51563
755 70567 73062 10 15129
756 70592 73795 16 31252
757 70619 73567 26 88244
758 70827 82027 140 540322
759 70848 83010 139 1241259
760 70884 78317 57 122658
761 70902 71202 122 11427
762 70965 89066 89 142581
763 70972 84364 38 82097
764 71036 72123 36 14757
765 71043 74935 40 31975
766 71188 76769 10 26182
767 71363 74728 10 6200
768 71488 79273 83 247258
769 71491 71929 63 10696
770 71550 72519 136 75729
771 71585 77088 27 101167
772 71591 73010 80 60377
773 71766 72444 6 1570
774 71794 74086 4 3940
775 71802 78319 116 734199
776 71835 73399 55 39650
777 71846 78562 17 85722
778 71941 82759 62 197165
779 72032 82352 10 38650
780 72087 78211 6 22325
781 72228 74446 95 142527
782 72356 86432 39 570177
783 72599 86091 22 91256
784 72611 80656 67 289849
785 72766 85808 10 73013
786 72971 75364 59 101949
787 73231 79769 47 128301
788 73362 78965 47 161247
789 73367 79623 22 59091
790 73483 84737 103 327399
791 73628 81911 73 517526
792 73635 85195 127 1604882
793 73690 75863 135 235930
794 73704 75167 45 14982
795 74037 75787 67 45651
796 74102 79149 5 25779
797 74353 78353 103 305398
798 74366 91675 107 791600
799 74374 79150 16 44997
800 74412 87913 11 57874
801 74672 75897 108 29346
802 74853 86142 33 143367
803 74936 89711 145 977734
804 74940 92991 37 230363
805 74954 84709 55 396769
806 75130 79893 52 61937
807 75300 76693 61 18791
808 75514 76186 129 37273
809 75550 76478 33 11747
810 75742 85171 60 292472
811 75773 79077 23 59053
812 75812 76249 34 11226
813 76053 85296 45 97790
814 76197 76601 5 752
815 76218 88343 58 539598
816 76271 82856 20 61638
817 76653 81182 11 36802
818 76866 81962 74 278110
819 76920 78629 115 98221
820 77260 80067 123 186268
821 77269 79138 48 47034
822 77291 87939 129 712651
823 77379 88986 105 1642693
824 77615 77860 115 18640
825 77680 94597 97 1273421
826 77768 78609 68 60746
827 77885 89695 82 836027
828 78177 83011 58 42732
829 78292 79912 17 8194
830 78296 81249 4 5368
831 78370 78412 13 900
832 78405 80899 37 37480
833 78506 83783 19 49634
834 78600 83727 33 108170
835 78626 82893 57 84751
836 78627 79816 5 6209
837 78808 92855 22 127865
838 79250 90006 108 279678
839 79294 86170 120 218276
840 79299 81051 19 7101
841 79323 82184 49 44899
842 79325 83691 17 147587
843 79424 79863 17 3813
844 79452 88323 127 403219
845 79582 82695 43 50707
846 79678 81555 115 141749
847 79720 84803 135 350975
848 79841 81329 104 50736
849 79932 84188 68 130324
850 80664 81692 12 2278
851 80858 81907 44 11662
852 81082 82014 91 36919
853 81096 86063 12 64717
854 81191 88261 32 119743
855 81436 88658 26 103906
856 81453 82517 72 53210
857 81492 88792 137 284551
858 81623 88448 21 60298
859 81674 82866 129 188347
860 81777 92458 20 82856
861 82124 88123 9 32994
862 82342 82675 84 9375
863 82357 85413 57 190932
864 82443 93721 134 253134
865 82506 87743 85 269788
866 82531 83058 40 13950
867 82561 93622 15 71429
868 82691 93085 23 81692
869 82702 91411 108 440628
870 82729 89541 5 27601
871 82818 86900 6 2775
872 83164 85957 11 8208
873 83443 91500 61 263011
874 83499 88753 37 160264
875 83513 96218 19 111913
876 83582 84436 82 62782
877 83706 84894 56 21586
878 83721 99248 18 98966
879 83926 86326 37 54906
880 83986 92997 42 228165
881 84029 84044 141 1025
882 84085 84384 100 25738
883 84137 84933 14 5716
884 84259 85213 93 57510
885 84348 90768 41 74178
886 84497 89478 5 25302
887 84508 93666 134 693414
888 84551 85423 58 33023
889 84600 85275 54 8280
890 84626 85667 23 20326
891 84652 93569 37 82010
892 84713 85261 36 7742
893 85080 95641 40 52553
894 85172 87963 19 16825
895 85260 90216 105 672224
896 85351 86042 22 7015
897 85541 92305 54 262710
898 85728 92303 101 239134
899 85824 90421 16 26579
900 85869 87772 129 59532
901 85879 87268 11 3381
902 86078 97190 47 112316
903 86131 99927 35 155742
904 86147 91398 42 97534
905 86189 88254 109 79315
906 86377 89298 33 24642
907 86430 86739 10 2531
908 86439 93777 30 166446
909 86493 88975 83 116194
910 86504 95069 7 20130
911 86528 91967 5 18180
912 86625 87134 44 14988
913 86659 87303 93 20489
914 86977 90120 22 36357
915 87113 96859 19 116755
916 87307 89880 117 173343
917 87353 98414 32 90838
918 87481 92590 4 14241
919 87792 89443 19 14279
920 87825 90647 80 156114
921 87857 94634 134 237973
922 87864 89490 19 8620
923 88015 89697 42 9032
924 88108 89838 68 56611
925 88112 91175 31 28225
926 88130 94276 56 215333
927 88297 99278 87 192162
928 88351 90046 20 18730
929 88385 89108 62 8740
930 88388 99018 94 802805
931 88395 90602 101 43948
932 88455 95706 66 219999
933 88470 92802 84 302585
934 88515 97249 148 1237574
935 88539 94153 102 77352
936 88559 89387 31 11871
937 88632 89828 5 4814
938 88804 89513 31 7652
939 89026 95103 83 422168
940 89077 91851 20 25686
941 89085 93475 40 77082
942 89161 89776 45 16389
943 89196 96117 58 516721
944 89206 94424 36 529084
945 89230 90175 53 20155
946 89463 91488 5 2844
947 89524 90543 17 5931
948 89594 90142 140 52154
949 89675 92442 52 40078
950 89983 92882 37 35217
951 90194 93250 130 145671
952 90339 90895 80 8334
953 90482 92942 145 137923
954 90509 91610 100 49602
955 91365 95973 133 857395
956 91428 93419 94 38577
957 91443 94248 126 462676
958 91476 99983 128 887446
959 91604 91934 6 761
960 91743 93764 24 37532
961 91831 95268 8 14432
962 91910 93001 68 19911
963 91974 94286 5 6257
964 92064 97959 86 142995
965 92451 98719 71 175608
966 92543 92619 29 1865
967 92561 96855 140 175041
968 92565 96095 6 16959
969 92755 94999 79 214174
970 92784 93280 31 4727
971 93181 93592 30 4868
972 93206 94436 39 14110
973 93509 93722 110 7488
974 93557 95867 20 25598
975 93707 99422 41 69683
976 93753 97371 137 158134
977 93766 97112 28 60213
978 93845 95941 7 5717
979 93862 96943 104 187946
980 93944 94945 120 52264
981 93988 96179 27 33850
982 94355 96116 88 95418
983 94375 95523 83 17635
984 94406 96867 23 22632
985 94594 95816 25 13111
986 94602 97414 136 270923
987 95471 98119 144 174415
988 95537 96648 24 18547
989 96259 99992 23 26068
990 96341 98958 36 72669
991 96884 98568 140 76945
992 97422 99159 126 118336
993 97638 98507 44 38966
994 97732 99781 120 175454
995 98107 99919 14 9970
996 98642 99356 19 3863
997 98811 98823 45 342
998 99525 99535 103 2372
999 99687 99946 96 6486
