50 1000 0.089
..................................................
..................................................
..................................................
..................................................
..................................................
..................................................
..................................................
..................................................
..................................................
...................................#..............
................................#..#..............
............................########..............
..#...#...................########................
..##.##...................#########...............
..#########................#.#.###................
############.................###..................
.###########.................#....................
...###.##.##......................................
...##..#.##.......................................
....#....###......................................
..................................................
..................................................
..................................................
..................................................
..................................................
..................................................
..................................................
..................................................
..................................................
..................................................
..................................................
..................................................
..................................................
..................................................
..................................................
..................................................
..................................................
..................................................
..................................................
..................................................
.............................#....................
............................##....................
............................####..................
............................##....................
............................###...................
..........................######..................
..........................####.#..................
.............................#....................
.............................##...................
..............................##..................
0 30 590 72 11486
1 50 625 108 40062
2 86 7378 28 57709
3 109 4443 41 96514
4 210 8711 81 337780
5 300 2354 7 3547
6 648 6955 16 55353
7 684 1148 31 5123
8 781 2296 104 82398
9 785 1062 66 10462
10 978 4114 12 19508
11 1010 1503 52 13329
12 1030 7812 13 66920
13 1082 3031 145 429295
14 1250 1297 59 3541
15 1276 4035 115 170773
16 1361 3518 149 70421
17 1380 1576 74 11444
18 1434 5420 27 30986
19 1533 3802 21 40888
20 1538 2051 66 6059
21 1591 4364 23 18283
22 1672 4809 49 22408
23 1793 6438 16 50365
24 1823 2346 38 10742
25 1859 9214 110 768226
26 2298 2848 54 22020
27 2339 8062 149 105111
28 2341 4212 103 54865
29 2483 4577 70 81755
30 2649 3561 5 4736
31 2655 4674 58 84314
32 3016 3202 46 12901
33 3086 16510 55 100644
34 3113 4469 92 60791
35 3141 4530 138 58730
36 3151 7270 76 164150
37 3288 5297 100 68936
38 3495 4110 6 2053
39 3569 3653 82 12340
40 3623 6602 103 238907
41 3865 4171 102 25657
42 3975 4691 128 56162
43 3992 6822 22 14252
44 4224 4234 44 658
45 4252 6481 7 6230
46 4280 5429 94 68470
47 4291 4875 10 2748
48 4313 9686 35 38232
49 4535 5556 18 11361
50 4669 4944 140 12545
51 4754 7349 103 160280
52 4892 5789 62 32712
53 5002 5276 10 2814
54 5272 6307 10 8515
55 5343 8544 96 295131
56 5346 5876 51 14134
57 5396 6776 29 11104
58 5413 5719 7 768
59 5462 5466 10 22
60 5489 7046 7 17477
61 5501 5688 9 3113
62 5526 5844 23 1664
63 5573 6613 102 27281
64 5918 7511 135 96601
65 6153 12172 11 37300
66 6267 7056 28 14640
67 6555 10627 13 15340
68 6587 18000 78 249947
69 6686 6963 7 997
70 6840 10723 48 43673
71 6906 9854 119 52239
72 6912 8044 42 15087
73 7032 8193 31 16443
74 7045 7463 52 6666
75 7050 7423 13 1834
76 7204 14557 85 156796
77 7251 11911 58 92880
78 7456 7972 23 4417
79 7487 9021 15 11851
80 7522 12357 56 163898
81 7527 10129 35 94504
82 7604 8490 22 5622
83 7684 12571 39 91506
84 7741 12344 7 11363
85 7746 12335 65 222652
86 7821 10804 8 20923
87 7891 8676 48 22879
88 7949 11310 124 174712
89 7964 8360 5 173
90 8152 12231 11 19203
91 8274 8839 9 1897
92 8364 11738 12 11775
93 8419 12140 91 30155
94 8439 10604 41 25745
95 8597 10357 19 10697
96 8675 13411 33 82358
97 8883 9898 71 51806
98 8921 9596 109 17388
99 9115 15967 37 240209
100 9222 12557 112 101263
101 9241 11867 40 47558
102 9281 10618 148 95466
103 9316 9356 77 972
104 9364 11238 80 105221
105 9374 15357 24 55880
106 9470 10683 17 4416
107 9536 11811 76 58772
108 9642 10320 7 2130
109 9738 10052 34 2499
110 9840 12548 33 35091
111 9924 20481 53 266185
112 10189 12216 51 71101
113 10269 11747 128 54779
114 10413 10610 21 1205
115 10458 13051 82 29808
116 10460 11535 64 27156
117 10482 10745 22 2074
118 10483 11120 11 2353
119 10526 11292 6 2910
120 10547 13840 131 191645
121 10664 10810 29 2199
122 10783 14378 142 345167
123 10788 11988 134 114502
124 10878 13935 46 99612
125 10936 19849 33 115679
126 11022 15086 110 360011
127 11133 12938 15 9273
128 11389 12331 4 805
129 11497 11542 5 103
130 11552 16223 25 226857
131 11613 16426 138 976444
132 11836 12810 14 11409
133 11864 15299 136 115876
134 11975 18083 24 28346
135 12378 14990 126 112367
136 12407 21942 79 606606
137 12656 14676 40 34749
138 12781 15095 54 71007
139 12965 13009 149 4264
140 12985 15535 110 72535
141 12996 14697 9 4541
142 13003 17194 115 71022
143 13020 15359 10 15210
144 13079 15494 66 50920
145 13123 14097 115 114950
146 13135 13920 104 33795
147 13233 18020 42 57162
148 13247 20104 8 7291
149 13396 17260 76 133185
150 13565 14054 11 1837
151 13894 15232 120 104099
152 13980 18652 71 62959
153 14009 17670 49 102737
154 14011 15603 90 98046
155 14204 14508 6 649
156 14208 16437 63 66159
157 14472 17521 10 10891
158 14838 16333 21 7129
159 14926 20900 22 40510
160 15033 20298 141 373617
161 15123 21189 95 298646
162 15339 17630 115 203692
163 15381 15426 13 659
164 15433 15760 64 13125
165 15451 19344 27 44267
166 15457 16579 44 29913
167 15566 20891 56 228595
168 15848 22576 101 198772
169 15988 17398 64 26772
170 16353 21501 82 239837
171 16360 17215 31 5063
172 16396 16527 78 3482
173 16557 19892 72 157009
174 16574 19263 18 15404
175 16624 17660 95 106445
176 16626 18267 139 61155
177 16635 18361 88 210310
178 16641 19771 44 37730
179 16779 18783 78 79988
180 16853 17308 134 58408
181 16976 22482 5 20559
182 16983 19097 117 120385
183 17017 17060 13 322
184 17022 30235 113 256550
185 17148 19458 94 99193
186 17380 20726 30 47163
187 17427 17757 27 3500
188 17441 17829 29 12425
189 17468 24184 82 177883
190 17739 18926 22 22919
191 17861 18014 22 1387
192 17988 18431 51 21662
193 18006 25516 114 543657
194 18034 20443 80 52410
195 18080 20036 48 108182
196 18249 18712 128 70205
197 18287 19691 67 163271
198 18417 18792 53 5833
199 18441 20349 45 68988
200 18582 19908 38 62518
201 18713 18861 144 55537
202 18727 19537 11 3741
203 19009 19488 44 7597
204 19169 20647 21 12672
205 19365 20930 24 13869
206 19431 19541 28 777
207 19517 27628 10 44352
208 19874 20435 92 36419
209 19888 20651 4 1138
210 19976 21257 91 41546
211 20016 20489 13 1870
212 20137 21149 64 23088
213 20229 21281 77 26779
214 20240 21886 31 21119
215 20247 27133 119 247364
216 20400 23609 28 53620
217 20434 25388 10 21183
218 20488 22275 67 20797
219 20620 22597 48 17769
220 20650 22384 66 39724
221 20820 28334 46 274528
222 20861 25172 71 128906
223 20970 21705 19 7094
224 21358 21809 5 2855
225 21416 25443 26 41565
226 21591 25068 19 52538
227 21662 24550 27 30030
228 21670 25391 8 7005
229 21744 25709 53 55796
230 21802 22514 18 5813
231 21819 22655 42 36478
232 21849 22353 14 1643
233 22022 23549 115 84112
234 22150 22756 6 1195
235 22684 25191 69 59848
236 22723 22740 7 61
237 22727 25650 30 22118
238 22788 31724 81 223545
239 22833 23374 83 30959
240 22975 23275 147 37273
241 23018 23183 136 7473
242 23065 28266 145 224407
243 23915 24139 58 7554
244 23916 31234 68 169022
245 24120 25829 21 59113
246 24290 24650 55 10513
247 24413 24678 7 1256
248 24459 25824 21 8030
249 24466 25422 149 69535
250 24516 25217 88 36224
251 24558 25949 14 7870
252 24562 27567 30 27536
253 24732 27487 39 54511
254 24744 29540 6 53874
255 24803 29338 8 14788
256 25025 27209 128 99676
257 25071 26648 77 70719
258 25083 29764 71 132550
259 25151 27340 78 32918
260 25225 28425 13 39782
261 25359 27352 14 13070
262 25447 28556 66 137458
263 25478 27905 38 38208
264 25613 29655 120 205810
265 25668 26564 103 27778
266 26094 26802 42 8659
267 26153 32141 27 81822
268 26183 26915 11 4053
269 26238 26894 119 14667
270 26344 30230 44 85577
271 26448 26470 44 831
272 26450 30354 26 77007
273 26482 26502 53 1958
274 26575 28951 21 38423
275 26596 26965 80 18616
276 26832 28826 26 34774
277 26875 27161 15 1110
278 26901 27149 122 12697
279 27102 28519 115 91041
280 27108 27411 11 1863
281 27153 30907 145 222691
282 27224 30803 136 114297
283 27385 30119 17 60109
284 27462 32885 10 90732
285 27466 28085 80 19400
286 27557 27599 131 7125
287 27586 31113 78 358845
288 27729 30563 63 49944
289 27738 32675 133 718012
290 27774 30884 81 87356
291 27791 28510 18 14730
292 27980 32476 36 55809
293 28043 28778 26 9315
294 28082 33103 131 331590
295 28286 31273 18 21153
296 28339 28615 15 4188
297 28456 29848 11 7143
298 28472 28663 4 1188
299 28492 35451 62 143732
300 28584 28943 99 4948
301 28596 29174 18 3446
302 28979 29487 11 1696
303 29046 30275 7 1317
304 29083 29749 4 1151
305 29283 36294 93 140991
306 29287 31191 98 90396
307 29329 30585 81 76706
308 29361 32265 35 18647
309 29422 33281 27 36927
310 29560 30008 9 2424
311 29672 30586 87 67050
312 29839 30189 74 16078
313 29979 31507 10 9789
314 29996 31914 38 33452
315 30005 38027 45 106074
316 30011 35590 43 53202
317 30379 33240 6 16367
318 30458 32609 147 153267
319 30537 30958 97 14492
320 30808 35883 8 27177
321 31001 31650 63 15127
322 31147 36973 18 133490
323 31339 31424 107 11998
324 31370 31441 24 4819
325 31538 36456 116 181656
326 31606 34402 25 30609
327 31659 37021 121 152611
328 31750 41733 29 96042
329 31805 33756 76 72272
330 31871 36114 59 158607
331 31912 32853 57 13360
332 31923 34210 4 5285
333 32025 38320 45 99281
334 32102 36147 8 27624
335 32136 33711 147 211790
336 32215 32336 63 4170
337 32247 39566 113 513992
338 32361 34320 62 70203
339 32506 32970 24 5185
340 32722 37877 38 196852
341 32887 36555 131 676851
342 32894 33538 104 37905
343 32980 35906 147 75832
344 33010 34040 63 36669
345 33207 40518 137 545478
346 33229 34396 8 6571
347 33280 35320 47 27244
348 33396 33835 111 21405
349 33630 35375 19 21761
350 33735 35386 55 53133
351 33770 39498 4 12230
352 33839 35952 61 61300
353 33950 37286 10 12389
354 33973 36535 57 110642
355 34008 34129 36 10133
356 34076 35003 84 58577
357 34224 35550 99 96561
358 34403 35892 134 64197
359 34406 41483 132 200250
360 34538 36430 67 46280
361 34594 35996 6 3012
362 34760 37653 10 38910
363 34811 35503 25 6185
364 34905 37187 24 35141
365 34988 37927 54 82369
366 34993 37159 6 6962
367 35063 43521 8 10928
368 35076 36107 50 30407
369 35148 35851 115 57769
370 35150 35997 23 8059
371 35199 36251 50 37146
372 35273 36473 49 40843
373 35305 39340 30 89205
374 35331 36270 71 23356
375 35754 36025 8 952
376 35809 37245 42 50005
377 35820 36540 4 1579
378 35891 37705 5 4261
379 35923 37836 49 62106
380 36073 47720 98 1466172
381 36154 37663 10 3350
382 36172 38263 66 70076
383 36367 46506 27 427542
384 36710 39719 107 200563
385 36718 41541 24 33810
386 36884 37585 71 33608
387 37010 38967 12 12179
388 37097 40254 36 38042
389 37147 39591 103 138829
390 37314 37503 69 5722
391 37378 38712 24 16505
392 37565 38526 49 14691
393 37733 41054 101 214620
394 37781 37848 21 656
395 37960 38561 34 9401
396 38280 38685 93 27415
397 38342 45410 107 584601
398 38417 38971 72 17898
399 38553 49260 19 76265
400 38773 39282 31 5765
401 38910 40574 126 81930
402 39092 42222 10 27081
403 39131 42101 10 7391
404 39210 41818 119 168526
405 39349 42515 79 81540
406 39394 40200 57 51436
407 39463 40460 77 75421
408 39558 43942 35 223192
409 39579 39768 10 929
410 39746 39893 106 14816
411 39791 44514 147 97594
412 39863 45851 15 55794
413 40357 45025 63 96497
414 40523 43863 30 39318
415 40539 41549 128 54995
416 40543 40856 39 6284
417 40544 41025 108 28683
418 40621 48165 59 142705
419 40707 42129 22 8562
420 40779 42081 100 74906
421 40807 40819 121 633
422 40852 49055 122 139804
423 40869 41145 11 1671
424 40872 47062 129 586590
425 40875 50068 32 237754
426 41027 41477 126 37419
427 41174 41806 7 1749
428 41236 48392 26 65296
429 41673 41786 14 1588
430 41755 43436 21 17855
431 41805 45927 142 345519
432 41859 43469 81 79953
433 41866 42897 76 32163
434 41883 41963 111 3324
435 42068 44042 149 50590
436 42136 44073 34 23540
437 42396 45091 146 131530
438 42421 43121 32 11551
439 42424 42604 60 5940
440 42672 67725 10 334301
441 42887 50189 6 23719
442 42898 43789 90 20628
443 43151 47154 84 456343
444 43209 47088 74 76526
445 43345 45300 37 61766
446 43379 46346 133 305162
447 43485 43807 20 2721
448 43508 44623 117 143146
449 43529 50299 43 64226
450 43577 44128 91 24078
451 43782 43902 44 6366
452 44056 53200 62 252222
453 44058 45007 138 52690
454 44149 46231 41 60009
455 44166 48612 119 385880
456 44332 45077 15 11077
457 44392 46756 123 256744
458 44402 45811 106 71303
459 44658 49221 115 333250
460 44687 48405 14 6157
461 44886 45990 7 3042
462 44939 47455 146 120802
463 44942 47207 22 30634
464 45095 48460 31 45018
465 45131 45976 148 63361
466 45158 45987 114 35339
467 45356 47345 103 149470
468 45376 45737 51 11028
469 45492 46883 148 85702
470 45530 45936 91 23482
471 45572 51632 6 11846
472 45623 52474 5 11005
473 45660 46396 11 5051
474 45678 49502 107 206860
475 45740 47826 97 72082
476 45835 48204 5 1966
477 45836 49899 39 118381
478 45913 47390 106 47914
479 46042 46074 5 151
480 46113 52700 31 73216
481 46178 48297 84 108266
482 46181 48871 52 88118
483 46303 48528 19 20475
484 46426 47535 35 24886
485 46616 49248 53 50701
486 46672 49478 10 7144
487 46768 48565 83 61702
488 46783 52010 11 20600
489 47112 63540 46 736339
490 47120 51778 103 251788
491 47129 47431 109 8162
492 47413 54448 53 139098
493 47501 51110 110 289787
494 47593 47935 105 29868
495 47670 48713 54 40761
496 47688 50438 21 30522
497 47843 48740 16 13117
498 47944 49914 121 170216
499 47979 56751 117 267714
500 48029 50023 90 34121
501 48166 49505 57 34395
502 48248 49369 127 30848
503 48322 52930 22 86174
504 48476 50095 76 25328
505 48629 48952 47 9383
506 48870 48894 5 213
507 48976 49571 22 7587
508 49011 52160 102 98346
509 49088 54992 39 71681
510 49113 49277 23 2993
511 49157 52586 123 196726
512 49426 49469 112 1879
513 49580 50283 25 13875
514 49662 50315 17 5563
515 49823 49910 31 2620
516 50026 55571 89 563213
517 50027 51707 44 26184
518 50226 52762 15 21781
519 50416 50675 143 14534
520 50468 52442 5 3211
521 50592 54301 8 28226
522 50622 50744 56 1669
523 50679 53503 97 151468
524 50917 52126 8 6425
525 50941 59616 41 376025
526 50944 52038 139 46684
527 50981 52594 34 18079
528 51067 51411 5 1500
529 51136 54275 9 31502
530 51408 53664 53 66127
531 51502 53619 76 92449
532 51506 53673 50 197169
533 51646 55206 108 214859
534 51760 52438 48 24352
535 51783 52990 112 86831
536 51947 52354 33 25454
537 51996 52954 66 18500
538 52000 52256 43 6096
539 52063 54269 94 132505
540 52192 52628 86 15534
541 52235 53289 97 34351
542 52288 54668 89 158391
543 52309 53003 27 8143
544 52336 52355 15 111
545 52407 54122 114 92262
546 52590 55100 101 111910
547 52747 52886 35 3122
548 52851 57052 77 293599
549 52856 58357 125 402891
550 52868 54712 128 55640
551 52936 53393 119 27229
552 52943 54588 17 16088
553 52955 55960 130 132958
554 53005 54027 95 125017
555 53056 56563 126 396458
556 53207 55242 97 128494
557 53498 53525 8 235
558 53501 54717 30 3889
559 53555 54939 122 34536
560 53750 55808 62 42788
561 53829 54516 27 13730
562 53834 55268 15 2224
563 54075 55949 33 19689
564 54105 55214 61 20360
565 54298 55066 127 69116
566 54506 57390 129 298846
567 54591 56353 27 31320
568 54604 56774 54 19639
569 54866 59156 90 297617
570 54895 55460 82 13366
571 55038 60238 11 16101
572 55101 56151 11 4010
573 55292 55535 40 6314
574 55334 56255 41 22620
575 55453 60798 49 256353
576 55554 56201 12 5519
577 55597 60698 138 531247
578 55618 56617 147 192565
579 55858 59148 7 8405
580 55936 56438 99 32931
581 55998 59913 104 217285
582 56010 56780 86 46837
583 56082 57349 77 55161
584 56128 63709 128 892128
585 56156 61456 75 300769
586 56175 62849 8 15345
587 56194 56254 47 603
588 56352 57370 10 5527
589 56400 57342 70 102226
590 56522 58641 150 217801
591 56698 57478 92 31353
592 56922 60942 140 320248
593 57106 57256 39 3832
594 57262 58635 107 113204
595 57395 59788 79 68019
596 57489 60982 9 11656
597 57533 59959 105 89119
598 57613 60164 83 23930
599 57627 62401 149 505257
600 57695 57862 57 6357
601 57824 58333 18 9783
602 58006 69368 91 175647
603 58032 66266 5 49255
604 58058 59048 22 33325
605 58059 58973 9 6307
606 58075 63851 109 476609
607 58287 61987 36 17999
608 58337 59034 110 52494
609 58521 61703 112 93682
610 58585 60135 8 5068
611 58648 59612 67 12696
612 58793 59100 7 1025
613 58873 59170 70 20809
614 59113 60590 126 58691
615 59128 63646 23 57476
616 59183 62348 23 60465
617 59231 66153 74 115406
618 59267 65569 120 283082
619 59465 59939 59 14533
620 59475 60580 11 3163
621 59502 65031 134 310926
622 59526 59674 148 3474
623 59602 61563 96 137969
624 59630 59809 115 5433
625 59735 59800 11 638
626 59834 61293 58 80546
627 59889 64384 56 56927
628 60074 62119 26 19170
629 60252 68979 140 700848
630 60374 61579 96 53914
631 60506 63651 116 340941
632 60541 64766 5 7684
633 60573 60883 28 3256
634 61177 71075 72 414471
635 61202 63282 58 63079
636 61234 61345 77 3780
637 61285 61767 82 12848
638 61370 61948 9 2696
639 61450 65356 27 47437
640 61611 62446 19 6409
641 61691 62264 72 7795
642 61789 63500 93 49108
643 61992 66797 59 108808
644 62174 62210 27 510
645 62175 65582 4 5628
646 62197 66002 7 12372
647 62263 62279 42 386
648 62266 64585 53 60331
649 62387 64301 114 84243
650 62552 63283 41 29153
651 62563 74343 28 219515
652 62640 62838 90 20839
653 62767 63008 59 8912
654 62774 63041 15 3676
655 62827 64437 101 42745
656 62994 69787 82 496922
657 63048 64905 20 34712
658 63113 65377 15 19966
659 63150 63888 41 3818
660 63276 63935 139 18587
661 63374 63674 88 11607
662 63379 63986 51 11842
663 63435 71039 112 478033
664 63457 68004 26 80674
665 63466 64102 94 31547
666 63493 64249 140 44738
667 63514 63908 11 1801
668 63576 68504 12 45186
669 63590 66289 70 185268
670 63623 66034 80 47672
671 63629 65291 63 67465
672 63720 68078 139 340967
673 63778 65835 118 68677
674 63818 66307 66 125169
675 64090 65280 20 10595
676 64129 70343 26 253328
677 64262 68720 7 23261
678 64311 64674 111 32381
679 64417 65845 55 15600
680 64495 64844 97 2314
681 64544 65840 86 16606
682 64562 66840 52 54160
683 64721 71146 143 754626
684 64757 73579 15 30387
685 64830 65754 35 14775
686 64880 67059 120 69207
687 65022 65792 38 25736
688 65306 66296 4 897
689 65575 65791 8 1338
690 65737 69951 57 155267
691 65787 66357 113 16102
692 65817 69473 24 20969
693 65878 70520 82 271850
694 66018 66310 7 1278
695 66023 66069 30 208
696 66112 68300 56 43197
697 66224 66696 84 31002
698 66251 67172 64 22627
699 66460 69502 62 129127
700 66653 71828 29 62662
701 66678 74618 17 29779
702 66700 67163 75 36340
703 66816 67856 30 22768
704 66916 74291 66 119543
705 67043 68262 110 47379
706 67057 71180 49 106246
707 67069 68223 5 3346
708 67107 68305 107 65935
709 67148 68586 40 49974
710 67235 70653 47 41285
711 67302 70082 94 60600
712 67434 69953 27 59355
713 67469 71164 20 19549
714 67519 67716 14 907
715 67532 72405 112 171956
716 67569 69339 149 102615
717 67820 74792 42 140274
718 67836 69872 13 13602
719 67913 69432 30 23204
720 68177 71374 25 31854
721 68215 69096 139 90012
722 68278 69073 65 31844
723 68342 68941 10 1691
724 68370 71780 90 333033
725 68543 68892 38 9383
726 68569 69282 47 8989
727 68634 71698 32 13231
728 68714 70862 25 31482
729 69045 70478 139 97006
730 69150 70294 32 32576
731 69185 70409 33 16629
732 69296 70315 36 39905
733 69364 70102 127 25775
734 69431 71711 36 39070
735 69546 70967 47 24346
736 69621 75201 16 44830
737 69664 71833 10 23550
738 69865 74694 64 137098
739 69867 70708 115 57872
740 69905 73432 52 288983
741 70364 70503 24 1155
742 70365 73817 57 111681
743 70485 72118 13 22670
744 70534 73383 14 7345
745 70717 73971 96 113990
746 70839 71032 21 2155
747 70860 73151 14 8938
748 70932 77180 69 188066
749 71022 71664 36 6187
750 71052 71523 40 10674
751 71120 71715 18 3112
752 71122 80428 16 125810
753 71526 72572 22 6824
754 71547 74866 93 162986
755 71899 73774 75 65267
756 71967 77697 10 14072
757 72026 81768 44 128893
758 72233 74937 150 251516
759 72297 80848 89 239592
760 72591 76965 12 11955
761 72771 74003 125 123112
762 73125 76749 45 75241
763 73348 77233 32 64926
764 73521 73702 64 8199
765 73658 77948 76 199680
766 73683 74173 32 7131
767 73685 74469 62 12352
768 73766 76977 65 41814
769 73795 74354 10 2242
770 73803 74632 90 36110
771 73852 74432 149 23823
772 73864 74716 120 31725
773 74079 75704 9 9763
774 74297 81428 26 77075
775 74438 75676 99 81676
776 74439 76678 100 67350
777 74529 75561 30 17454
778 74581 77960 28 30446
779 74587 81729 134 185022
780 74798 77912 87 99806
781 75006 75710 33 17698
782 75156 77748 134 178774
783 75311 77076 61 71447
784 75418 84243 6 10808
785 75456 75486 37 3075
786 75558 79315 50 65805
787 75615 77201 16 7866
788 75721 78909 92 204131
789 75787 80698 120 91512
790 76206 76279 19 904
791 76273 79025 32 31135
792 76390 79672 115 186837
793 76592 77216 32 4590
794 76680 80152 83 126022
795 76899 83941 15 85552
796 76932 77052 9 488
797 76964 81473 88 199668
798 77028 77761 48 28426
799 77049 79539 70 123680
800 77111 80843 69 239966
801 77214 84291 109 165800
802 77525 77574 41 1731
803 77603 85964 122 734224
804 77701 83868 20 88641
805 77781 81552 18 29226
806 77793 78559 38 29685
807 77840 80871 15 10598
808 78023 78577 14 3474
809 78116 79353 36 34329
810 78240 80748 45 45375
811 78253 84173 99 296227
812 78372 81104 80 50159
813 78492 81622 79 78004
814 78564 78594 41 523
815 78601 87119 111 337216
816 78945 81370 80 117716
817 78953 79802 29 13553
818 79156 79784 35 14698
819 79207 80018 18 4325
820 79345 83109 60 51011
821 79352 80561 99 62186
822 79638 86514 149 1784675
823 79697 81055 12 6496
824 79850 81897 6 3888
825 79945 80631 9 1759
826 79984 81029 40 32598
827 79986 81780 72 139197
828 80005 81776 20 26922
829 80256 80275 9 445
830 80445 93740 66 665201
831 80446 80792 100 15731
832 80605 82842 60 64525
833 80699 81642 28 35532
834 80967 83095 11 7529
835 80970 81212 50 2855
836 81042 81085 14 293
837 81087 83060 35 91889
838 81088 82668 19 11598
839 81420 84258 49 113445
840 81437 83393 58 57713
841 81690 86486 8 20116
842 81693 82465 34 24860
843 81716 91028 128 485677
844 81788 83878 87 35718
845 82066 82816 76 61572
846 82175 86033 31 18590
847 82225 82835 132 64007
848 82268 85415 62 60478
849 82293 82367 21 2896
850 82512 82529 4 32
851 82516 84931 143 157388
852 82625 84450 87 83741
853 82807 87978 57 144102
854 82832 83036 48 9652
855 82950 85745 47 70547
856 82953 87048 30 53130
857 83063 88194 42 54810
858 83075 84573 107 28734
859 83220 83456 29 4225
860 83357 85198 75 46100
861 83473 85458 71 86808
862 83494 86475 136 204814
863 83867 89928 146 192387
864 83900 85005 100 57649
865 83948 84742 16 2998
866 84228 85614 128 100827
867 84268 86847 52 32576
868 84325 84343 14 225
869 84376 84682 30 4082
870 84382 87445 105 101353
871 84395 86886 115 96985
872 84894 85617 89 45217
873 84946 85446 146 20758
874 85153 86534 120 70023
875 85518 90074 41 26998
876 85715 86073 13 5083
877 85784 86137 139 22597
878 85878 87920 83 136858
879 85888 91906 133 185422
880 85953 85992 11 231
881 86060 87612 14 13288
882 86129 87496 25 38240
883 86311 98796 4 28900
884 86442 88609 18 27197
885 86463 97984 44 138538
886 86518 87494 146 67670
887 86569 86858 7 2003
888 86616 89058 34 51611
889 86731 89678 62 65924
890 87177 97121 15 51796
891 87245 91318 38 22230
892 87392 90467 11 12415
893 87431 91010 35 51760
894 87704 94297 67 440057
895 87788 90164 59 113529
896 87805 88103 24 4817
897 87855 89652 8 4512
898 87900 90111 72 48061
899 87949 89282 8 6641
900 87989 94032 129 126509
901 88000 90351 14 8579
902 88064 97376 20 175487
903 88317 88375 9 506
904 88318 92786 4 21758
905 88361 88695 96 13214
906 88470 94189 64 121173
907 88541 93744 61 105675
908 88956 93483 8 16360
909 88969 90948 131 113161
910 88982 89988 18 14312
911 89345 92581 86 56351
912 89744 91696 12 6567
913 89757 89918 106 11726
914 89901 90639 47 20642
915 89966 90388 14 4488
916 89977 92734 142 153614
917 90057 90802 148 108142
918 90191 90267 20 1588
919 90209 90314 84 5366
920 90535 90951 73 11335
921 90542 92805 23 16167
922 90576 91916 106 35274
923 90611 92281 33 23522
924 90744 94012 95 81047
925 90770 95725 103 166813
926 90827 91041 7 781
927 90847 91486 11 3919
928 90901 98272 148 342505
929 90903 91704 89 39991
930 91113 92146 117 84819
931 91351 94241 35 88466
932 91427 97252 38 66722
933 91473 94642 120 142155
934 91668 92988 68 27852
935 91676 94236 6 20097
936 91802 92456 49 9205
937 91907 93544 17 18575
938 92080 96241 5 6949
939 92242 93186 10 7909
940 92560 95148 27 32475
941 92627 94337 148 105950
942 92729 97739 51 78182
943 92825 92845 145 2661
944 92892 94318 134 91077
945 93160 95731 5 2548
946 93396 95649 47 69425
947 93405 94473 11 9416
948 93514 95177 139 109489
949 93675 95428 107 46249
950 93801 95052 49 60455
951 93820 96581 122 158804
952 94111 95288 5 3413
953 94235 99196 135 477871
954 94248 97751 27 85803
955 94252 94720 65 18919
956 94328 97813 97 86217
957 94366 94544 20 3400
958 94419 96117 51 69074
959 94469 95519 116 107158
960 94607 95075 78 13009
961 94630 95493 142 38850
962 94807 96419 9 10369
963 94841 96956 12 8107
964 94937 97501 136 203888
965 95210 95733 27 5169
966 95225 95938 12 3560
967 95339 95385 138 8707
968 95542 95745 88 8351
969 95577 98306 89 81306
970 95599 96853 41 43958
971 95765 98699 123 103663
972 95829 99158 113 171116
973 96042 98356 107 156701
974 96056 97495 55 38069
975 96126 97395 30 14497
976 96307 96400 10 1200
977 96349 99889 77 127899
978 96408 98029 82 36903
979 96525 97615 4 1898
980 96527 98251 8 17476
981 96550 97029 14 5372
982 96829 98421 7 2041
983 96831 97854 30 11230
984 97108 98440 19 19037
985 97117 97323 47 10718
986 97360 97418 13 597
987 97400 99932 4 3314
988 97592 99074 13 8940
989 97690 99544 41 42084
990 97783 98273 49 30357
991 98018 99960 95 111014
992 98239 98555 7 3041
993 98407 98637 86 8251
994 98572 99603 16 3091
995 98611 98666 50 1207
996 99103 99105 48 30
997 99202 99319 47 4692
998 99295 99384 9 522
999 99456 99479 145 1255
