50 1000 0.062
...........................#######..#........#....
.........................####.#######......#.#..#.
.......................###########.#.......####.#.
.......................###########........########
.......................###########........########
.......................##.##.####......#####.#####
.......................###...#####.......#########
.........................########.........########
.........................#.###.###........########
............................#####........########.
...........................#######.####.##########
...........................#######.#..###..#####.#
.........................#########..#######.#.##..
.........................#..##.###...######...#...
...........................##......##.####.#..#...
.........................#####.....##.######......
.................................#########........
..................................##########......
.................................##########.......
...............................####.######........
..................................#..###.##.......
..........#.......................#..#............
.........###..#...................##..............
.........######...................................
.....#...########.................................
....##..#######.###...............................
.....#########..##................................
...####.####.###.#................................
....##########.#..................................
....############..................................
....########.##...................................
.....######...##..................................
.....#.######.#.......................#...........
.....#########........................#...........
....##.####.#.....................#.#.#...........
....#.########...................########....#....
..########.##......................####.##..###...
..####.#............................#####.#####...
...###.........##...................######.#####..
....##..........##..................########.##...
...###......#..###....................##.#####....
...#####...#######.....................##.........
....###....#.#######..................##..........
....#.......#########..................#..........
.............########.............................
..............##.##...............................
.............###.###..............................
...............#.###..............................
..................###.............................
..................................................
0 260 3055 67 71369
1 555 2146 43 53209
2 571 3717 20 46975
3 813 3198 46 32446
4 963 1213 129 11690
5 1108 5952 134 262017
6 1140 4735 55 127729
7 1199 1390 34 4386
8 1256 3725 8 11335
9 1342 2533 40 31479
10 1563 2654 31 7547
11 1676 10497 16 15686
12 1705 9417 92 246676
13 1866 13670 84 299290
14 1927 15970 69 131587
15 2007 9730 107 288752
16 2025 6388 70 728233
17 2065 3022 18 5733
18 2068 6658 129 332216
19 2123 5082 9 34872
20 2164 3664 59 86147
21 2419 8467 41 547386
22 2420 14212 62 129059
23 2713 3540 17 3870
24 2857 4970 120 80386
25 2886 3374 23 8861
26 2892 4637 134 142074
27 2910 6794 138 356779
28 3006 4190 58 34677
29 3163 4107 25 10953
30 3195 3200 60 217
31 3262 5995 146 169202
32 3383 4619 82 54282
33 3517 4295 142 43938
34 3645 4317 20 7807
35 3708 6570 30 25212
36 3849 6623 12 16195
37 3896 7894 7 12820
38 4040 4459 85 51091
39 4130 17588 10 37226
40 4135 5002 68 25945
41 4296 10571 9 8169
42 4412 11246 6 30901
43 4504 11598 90 308455
44 4510 11439 72 205595
45 4783 7689 72 155701
46 4788 6952 18 6224
47 4795 24409 58 416279
48 4918 21997 26 95800
49 4987 5210 31 2316
50 5044 5362 39 8304
51 5115 15002 27 141751
52 5178 6941 6 4092
53 5222 21148 9 40921
54 5264 11647 58 263839
55 5338 6437 58 46358
56 5340 9755 20 64713
57 5419 5690 7 1230
58 5569 7683 34 27213
59 5575 12754 27 54732
60 5649 10070 62 30284
61 6036 8021 18 15191
62 6051 12375 61 353686
63 6064 8026 26 29678
64 6105 7956 7 6178
65 6283 6449 22 2249
66 6559 9464 17 33879
67 6606 9438 11 4266
68 6695 6885 121 23405
69 6700 15031 62 212753
70 6738 10108 5 6158
71 6798 9227 7 9968
72 7004 17630 8 34280
73 7139 8138 33 8785
74 7145 7359 31 1327
75 7245 7302 28 1287
76 7489 15631 21 67192
77 7591 17339 73 435317
78 7662 17856 107 323385
79 7770 17251 67 278307
80 7774 8364 135 40207
81 7870 10863 45 90684
82 7908 9448 4 1662
83 7958 20097 53 271923
84 7968 9764 106 182798
85 8205 19449 17 50495
86 8268 8969 59 9327
87 8432 18116 14 20846
88 8774 16752 75 411525
89 9116 42021 27 257419
90 9319 14215 28 75346
91 9336 16871 103 150511
92 9381 10783 46 63223
93 9430 9558 10 745
94 9439 12836 9 12843
95 9480 12502 8 11925
96 9531 12576 140 409372
97 9578 14207 10 32541
98 9636 26294 58 203139
99 9824 10457 105 51637
100 9988 12921 30 82465
101 10054 41467 7 29823
102 10145 19735 27 56665
103 10192 23771 107 833473
104 10417 10645 125 12312
105 10428 14120 38 87088
106 10501 15754 71 187417
107 10753 12759 133 334462
108 10769 11196 86 10930
109 10810 16297 103 213136
110 10914 11345 5 2120
111 11040 14749 8 9426
112 11300 12707 5 13723
113 11619 16249 72 98723
114 11678 13384 145 186764
115 11783 17327 42 50320
116 11875 12182 11 1897
117 11879 18579 147 166375
118 12018 20583 91 224830
119 12047 16936 24 53913
120 12177 15331 124 301990
121 12259 17464 44 89943
122 12297 28488 118 625504
123 12316 20301 128 355171
124 12535 15877 68 182474
125 12538 19695 75 374723
126 12642 18859 25 164311
127 12651 15136 100 109945
128 12891 14472 82 28862
129 12959 15043 76 26220
130 13105 14968 30 64154
131 13232 23687 123 2100447
132 13447 16477 113 89721
133 13559 15869 34 67059
134 13740 23730 59 152499
135 13750 22890 5 15605
136 13768 21291 104 679277
137 13785 14945 17 9216
138 13794 18972 89 193717
139 13812 14134 16 1708
140 13829 14954 64 41184
141 13895 20011 5 14279
142 13931 14214 145 26256
143 13957 24902 21 102904
144 14044 18967 115 483978
145 14126 15693 100 80776
146 14182 30808 58 596267
147 14249 22163 28 70790
148 14421 16135 115 129512
149 14478 24431 51 229971
150 14607 33750 44 454223
151 14614 15688 17 10555
152 15140 16958 17 12292
153 15229 15758 4 1225
154 15249 31260 77 1143816
155 15428 23815 70 780959
156 15478 24385 115 151663
157 15501 17492 142 202087
158 15564 19031 74 89635
159 15602 18062 96 45952
160 15620 23842 112 318973
161 15687 18621 71 109967
162 15819 21067 62 87462
163 15949 20309 25 61459
164 16093 21414 45 82614
165 16227 18842 10 8229
166 16254 22189 16 33416
167 16322 18886 39 20251
168 16329 20216 29 50510
169 16361 16602 26 7063
170 16595 23039 41 373814
171 16705 17480 27 17815
172 16783 26102 7 11708
173 16857 21227 28 44547
174 17062 18290 83 99308
175 17277 41434 99 3416145
176 17296 23137 15 63240
177 17353 24127 30 47771
178 17457 30210 13 20537
179 18042 25056 8 20388
180 18252 27310 13 52937
181 18513 25800 21 84265
182 18596 39448 131 1155366
183 18826 22509 30 30181
184 18974 20685 111 53073
185 18999 45165 4 43848
186 19024 23267 121 188807
187 19040 21111 75 54514
188 19163 20222 51 54555
189 19184 42755 60 459060
190 19363 19374 104 1898
191 19389 21929 17 22562
192 19418 19430 64 1665
193 19436 22580 8 13011
194 19446 23211 140 192874
195 19483 27137 9 39013
196 19536 28007 69 285011
197 19582 21989 104 78748
198 19627 22255 26 41850
199 19651 22590 35 71924
200 19672 21534 18 7882
201 19699 19874 25 3514
202 19739 28058 8 10252
203 19787 38845 120 516502
204 19976 26375 146 586551
205 20019 25656 52 199871
206 20149 20800 8 2610
207 20318 20347 64 1246
208 20332 22635 8 7041
209 20343 25592 41 77915
210 20468 36245 131 790291
211 20501 24561 115 166154
212 20613 27195 26 91072
213 20777 24108 75 167953
214 20989 23056 19 37447
215 21026 21878 11 1739
216 21074 30373 14 61043
217 21178 34609 62 380916
218 21251 36244 115 424416
219 21377 30121 86 205638
220 21381 26290 12 60574
221 21558 23377 14 15045
222 21694 23963 39 117793
223 21812 25138 4 7656
224 21833 31878 7 145006
225 21855 24807 8 10734
226 21970 26979 127 668722
227 22138 31458 83 415001
228 22230 22366 7 2468
229 22292 23906 27 17480
230 22307 22948 14 3914
231 22310 27331 13 38999
232 22387 22951 77 22712
233 22421 24889 74 30536
234 22523 31917 12 42253
235 22723 24908 83 30675
236 22863 30865 113 714282
237 23199 25165 10 5281
238 23259 26250 43 99281
239 23361 26876 17 33193
240 23526 27050 21 56760
241 23590 27157 78 110782
242 23605 28291 106 254603
243 23623 25651 17 11839
244 23631 23966 34 6738
245 23671 27272 6 11741
246 23704 25328 140 105149
247 23716 26183 33 17995
248 23800 26568 99 107490
249 23814 25748 26 10387
250 23911 25616 109 78096
251 23989 24575 8 1394
252 24141 28952 92 172356
253 24155 24648 102 12854
254 24306 31130 41 21185
255 24364 28977 13 33177
256 24576 26421 9 16033
257 24688 25593 22 17005
258 24699 42350 48 277835
259 24910 28872 58 143531
260 24944 25730 26 13493
261 24946 38961 31 102229
262 25088 31095 70 522873
263 25293 27733 30 45743
264 25427 25979 27 10379
265 25615 31454 36 35663
266 25635 39243 5 34449
267 25720 28358 46 60686
268 25861 33724 61 363511
269 25883 26247 30 5866
270 26035 26865 28 6426
271 26084 34011 90 420991
272 26131 35660 17 45759
273 26149 30434 6 7998
274 26170 27772 58 78896
275 26197 27923 9 10716
276 26612 33735 5 9125
277 26694 30516 134 227386
278 26725 28806 19 31624
279 26863 27160 9 3510
280 26875 28117 23 13330
281 26954 30967 59 65154
282 27103 27373 48 11926
283 27133 28075 60 54757
284 27239 30546 121 111010
285 27429 33768 26 132848
286 27627 30396 147 115612
287 27634 35812 106 442013
288 27814 36927 24 100017
289 27924 39992 50 199063
290 28033 30275 6 9484
291 28105 48232 9 98558
292 28277 29939 25 29160
293 28532 31399 35 32226
294 28620 34499 141 497008
295 28746 34624 71 208432
296 28888 46328 61 393050
297 28895 32407 97 95472
298 29031 32490 64 47271
299 29130 31702 121 332938
300 29143 47509 103 890096
301 29316 30835 35 27379
302 29318 32733 69 87451
303 29326 36034 56 65933
304 29696 34408 6 9079
305 29775 37891 57 370025
306 29807 32103 44 56578
307 30053 31904 105 23991
308 30090 33470 106 224044
309 30398 39660 100 273980
310 30634 32153 129 48724
311 30652 33036 86 121296
312 30739 37948 41 187137
313 30979 35204 43 60809
314 31016 31389 47 16878
315 31170 32861 5 5750
316 31327 36461 18 40909
317 31372 37183 115 473250
318 31480 45311 75 330489
319 31557 33683 69 64988
320 31604 32774 83 47561
321 31908 43848 128 899184
322 32097 44766 13 212217
323 32099 53345 8 69536
324 32182 50429 139 1280056
325 32274 42180 64 250663
326 32405 38169 7 23898
327 32424 50793 23 154599
328 32524 40962 15 41107
329 32538 35921 80 87922
330 32561 42914 69 191007
331 32805 43486 20 60609
332 32854 34744 48 41921
333 32914 36217 36 221507
334 33284 39513 6 14512
335 33293 35933 85 145805
336 33298 46954 69 254550
337 33485 34921 9 5488
338 33490 40339 6 9060
339 33831 44009 104 547603
340 33834 44854 91 918752
341 33843 36273 24 20246
342 33872 37069 99 103860
343 33926 34052 136 12548
344 34137 36648 68 150403
345 34281 37443 130 82544
346 34342 44812 105 113083
347 34483 39079 101 437298
348 34531 39036 54 150289
349 34574 38724 132 355135
350 34582 44826 81 143066
351 34696 55540 49 191237
352 34770 39976 149 1070479
353 34928 54326 6 44098
354 34937 36983 6 4890
355 35000 58287 34 220493
356 35049 42468 11 111768
357 35086 35275 146 38837
358 35276 49832 13 48581
359 35304 41002 63 186116
360 35432 35575 5 546
361 35486 48282 34 135513
362 35538 52384 113 584682
363 35623 43140 129 258595
364 35630 35714 112 6884
365 35643 35707 79 3695
366 35694 47289 66 326449
367 35858 37067 57 23767
368 35863 40765 143 362558
369 35961 39775 21 42804
370 36099 37485 146 98178
371 36187 46345 16 47689
372 36201 46171 11 37110
373 36319 44935 33 84791
374 36439 38655 34 68448
375 36522 45404 122 272827
376 36539 40709 34 81618
377 36793 37445 59 15473
378 36798 40782 108 160423
379 37105 47710 31 108652
380 37372 37635 134 5204
381 37393 37785 72 3281
382 37407 46057 59 162356
383 37480 45182 52 213982
384 37550 38309 44 12640
385 37655 44544 5 14638
386 37697 42450 48 69730
387 37714 38188 121 19599
388 37727 41037 141 92291
389 37899 42412 7 11624
390 38015 44257 21 49948
391 38086 39739 96 36355
392 38324 44644 138 110645
393 38435 40768 108 139599
394 38496 38519 116 1393
395 38502 39934 57 57711
396 38507 38830 16 1100
397 38594 64250 43 261408
398 38662 44866 69 277229
399 38677 38833 123 23647
400 38883 41250 95 118938
401 38920 39143 33 5440
402 39118 42657 21 49202
403 39441 42580 133 862123
404 39489 39599 17 1319
405 39542 46692 92 536750
406 39684 42262 147 363129
407 39756 47859 34 151929
408 39782 52314 22 127702
409 39871 40162 21 7848
410 39951 40801 83 46453
411 39995 44683 16 26923
412 40049 40603 38 20891
413 40198 40486 114 25011
414 40219 41366 18 4407
415 40295 58701 35 424886
416 40415 45959 54 89384
417 40460 40611 23 1562
418 40659 43991 100 179036
419 40690 56553 53 249059
420 40712 43600 61 163210
421 40816 54808 30 285347
422 40840 60542 66 382837
423 40871 40957 21 852
424 40932 46806 23 120787
425 40988 49434 128 534078
426 41010 41665 136 37029
427 41052 51260 26 41061
428 41086 48191 108 175505
429 41087 64300 20 186651
430 41159 45561 40 94211
431 41212 49502 52 148288
432 41224 45916 63 185890
433 41244 42851 24 20378
434 41332 41952 134 81228
435 41342 54572 112 1104277
436 41349 41709 50 5467
437 41687 50948 6 15347
438 41766 43842 18 15357
439 41814 70474 121 905742
440 41883 44291 127 221535
441 42123 42940 106 46887
442 42146 44778 34 27341
443 42154 50707 129 436349
444 42363 48783 45 81613
445 42375 43234 26 13647
446 42388 53117 19 42024
447 42472 48234 104 256316
448 42484 44708 29 23312
449 42894 55405 15 70588
450 42922 46562 18 53680
451 42971 43412 50 13751
452 42983 52404 27 153018
453 43036 47328 77 198316
454 43319 45833 72 119946
455 43361 43844 90 37119
456 43363 43413 15 241
457 43397 44899 17 16999
458 43448 44379 53 21116
459 43454 46686 9 8022
460 43610 51353 5 19107
461 43657 49041 128 641466
462 43661 52312 27 68215
463 43851 44821 42 9687
464 43951 55866 48 206935
465 43956 44220 48 5904
466 44088 45351 6 1333
467 44205 47553 83 317518
468 44311 47069 145 174201
469 44385 47079 18 14882
470 44447 53399 4 21484
471 44619 50075 102 222795
472 44705 54018 54 539063
473 44711 44963 8 1287
474 44712 54703 36 60483
475 44819 51152 142 347683
476 44864 46574 117 100292
477 45061 57084 7 24675
478 45064 46713 25 44121
479 45180 47503 17 13153
480 45258 50702 97 107622
481 45552 47343 63 28193
482 46049 48788 97 77207
483 46264 62925 98 798678
484 46475 50181 129 448953
485 46490 55074 24 38455
486 46524 51117 49 57689
487 46585 46700 45 5335
488 46642 53046 62 257336
489 46659 57649 59 526827
490 46748 52115 70 105100
491 46764 49085 122 57486
492 46790 56298 29 196052
493 47017 52994 70 86491
494 47240 61545 6 25145
495 47302 49019 17 52592
496 47365 49492 25 14394
497 47465 60807 53 232568
498 47644 48398 34 15724
499 47660 51740 16 58023
500 47729 49070 39 15366
501 47804 61452 76 170870
502 47885 55876 19 39490
503 47905 51590 16 43850
504 47996 48721 10 781
505 48012 50060 97 130333
506 48102 51066 84 79577
507 48138 49844 142 48510
508 48169 48528 7 528
509 48343 60184 83 337734
510 48355 59070 98 978871
511 48399 50450 11 8681
512 48440 61311 105 288584
513 48529 52538 55 69073
514 48691 49928 6 3694
515 48696 52842 81 110310
516 48732 50621 106 50001
517 48807 50560 6 4706
518 48847 50345 34 15763
519 48928 49582 14 13657
520 49067 55854 113 284052
521 49292 51722 49 176574
522 49293 56364 18 164581
523 49330 49738 39 4414
524 49541 57489 64 116286
525 49942 52665 19 35481
526 49965 50329 92 5588
527 50224 51329 18 5810
528 50316 63316 78 636407
529 50638 51366 7 4556
530 50691 57213 9 40484
531 50718 51886 123 114804
532 50726 51917 46 30459
533 50790 60570 41 200275
534 50840 53054 147 81579
535 50937 62286 58 105834
536 51046 57373 12 133708
537 51188 60021 48 81738
538 51209 55445 64 66810
539 51222 52689 67 65042
540 51378 53791 5 10408
541 51814 58447 8 9361
542 51890 61618 5 15829
543 51963 52340 8 1684
544 51979 63977 61 210500
545 51997 56256 27 41767
546 52080 58822 8 23549
547 52185 67029 65 148030
548 52469 56291 50 64643
549 52569 53370 111 41341
550 52715 59449 11 30166
551 52736 52868 34 2302
552 52941 56308 126 460368
553 53304 57351 4 11490
554 53538 56942 20 34244
555 53965 58123 149 226372
556 54239 69273 16 75774
557 54318 56502 24 33332
558 54354 60973 51 150818
559 54473 62211 9 14021
560 54533 60524 104 349239
561 54605 56475 123 46714
562 54768 59702 19 26972
563 54843 57597 133 93672
564 54932 58181 17 25919
565 54941 60755 59 192044
566 55002 60576 51 145502
567 55123 55249 11 504
568 55130 56515 5 1877
569 55250 58408 46 62767
570 55251 56567 41 29525
571 55560 57008 28 15026
572 55668 59158 41 100515
573 55819 61206 30 49371
574 55871 64987 148 209410
575 55872 60521 135 273088
576 56033 61437 136 370915
577 56056 66153 126 566529
578 56198 57657 127 88237
579 56225 66646 23 149699
580 56290 58595 31 79375
581 56305 56636 25 6666
582 56381 70575 56 243438
583 56467 59728 63 66505
584 56628 70251 148 847532
585 56638 71123 85 530285
586 56911 61663 126 313926
587 57223 61537 8 21635
588 57250 57589 145 24574
589 57270 60166 67 106979
590 57300 60178 96 110823
591 57417 60627 78 58961
592 57534 63228 38 76456
593 57603 62358 41 44427
594 57735 64106 114 119588
595 57764 59673 46 19327
596 57926 59746 123 168546
597 58082 63749 93 541507
598 58148 63950 30 68346
599 58271 59040 4 2019
600 58306 65516 75 288735
601 58596 62205 73 194221
602 58641 61577 20 9959
603 58673 64062 10 25137
604 58691 61667 127 144303
605 58765 68417 99 525855
606 58771 77574 124 2269131
607 58922 61384 29 65903
608 58934 64573 109 292136
609 59031 60866 31 26021
610 59111 59670 16 2963
611 59138 60142 22 14695
612 59231 67362 41 400856
613 59319 64872 21 55621
614 59383 72337 31 122361
615 59422 70040 52 163126
616 59439 65481 34 97976
617 59474 66668 110 319204
618 59476 73941 105 477767
619 59499 63230 101 119947
620 59505 64936 121 194721
621 59508 66884 30 100888
622 59589 63005 62 147576
623 59594 59736 33 3365
624 59850 63429 13 28636
625 59898 61301 48 53214
626 60035 64285 26 32907
627 60089 81183 79 408163
628 60139 64031 33 12809
629 60171 64628 10 44615
630 60285 66084 15 68859
631 60379 63301 98 104650
632 60398 64043 79 88420
633 60475 61093 144 31696
634 60520 72026 90 180033
635 60605 64823 27 91622
636 60617 61125 44 15325
637 60643 66042 4 6077
638 60658 63861 12 19247
639 60964 73570 56 571370
640 60994 66288 41 102551
641 61058 62487 78 42654
642 61059 62441 44 23718
643 61155 62217 7 3199
644 61242 64369 32 19538
645 61287 64994 37 62306
646 61366 66780 115 245116
647 61497 69528 25 46605
648 61634 62660 13 21227
649 61641 90202 46 947896
650 61678 76151 84 511246
651 61699 61763 61 2152
652 61769 64738 8 12569
653 61778 74423 7 17745
654 61784 62380 9 3481
655 61838 65530 24 29992
656 61909 67424 5 7343
657 61988 66960 13 40365
658 62698 65995 16 14284
659 62821 66252 7 19824
660 62960 77397 30 210086
661 62983 64519 21 11571
662 63053 67361 63 98586
663 63071 67059 30 245042
664 63147 67022 43 58371
665 63189 68607 64 520978
666 63320 64794 104 42369
667 63588 64366 20 7410
668 63835 64308 135 73863
669 63860 67554 135 121446
670 64021 64115 105 8212
671 64072 71405 82 200613
672 64087 66062 28 17977
673 64116 64379 27 4355
674 64182 66144 30 52173
675 64230 65878 49 34422
676 64407 68392 51 62801
677 64696 78417 101 985956
678 64896 75175 49 613464
679 64973 66066 46 27066
680 64995 66485 95 31436
681 65052 66506 147 91601
682 65091 65115 136 2785
683 65158 68181 26 159305
684 65272 68079 54 56215
685 65436 66051 4 601
686 65654 74134 41 164489
687 65718 71412 48 92942
688 65985 73119 18 96500
689 66050 75570 105 383054
690 66111 68523 34 64898
691 66181 75781 27 191989
692 66536 69116 26 32939
693 66601 78271 6 21409
694 66603 81393 8 44265
695 66687 68212 150 106107
696 66734 73147 34 57865
697 66874 70241 75 24782
698 66878 73064 37 102864
699 66891 68071 104 78066
700 67045 73986 132 297702
701 67176 88940 126 567872
702 67398 73748 12 20574
703 67476 72418 94 165571
704 67562 73132 114 213831
705 67617 80890 56 783336
706 67726 70586 53 91001
707 67789 69406 14 11981
708 67873 68950 54 22867
709 67978 69551 43 24560
710 68100 74588 79 110408
711 68131 72249 94 173796
712 68149 68493 109 13461
713 68305 73067 109 375467
714 68324 69454 51 78837
715 68416 72258 124 94032
716 68429 71692 25 25768
717 68586 68854 14 1103
718 68628 73985 14 20138
719 68718 82888 80 281089
720 68942 80252 93 195343
721 69082 78416 8 69152
722 69099 75258 117 143291
723 69136 69198 126 12133
724 69137 75029 5 7766
725 69153 71299 134 136049
726 69176 69181 98 206
727 69220 72165 8 27902
728 69244 69426 112 8026
729 69291 79075 34 95547
730 69297 71148 132 127778
731 69356 71852 97 405755
732 69585 71108 121 77187
733 69614 81727 6 43924
734 69824 72976 117 124238
735 69880 70346 19 11333
736 69903 73001 51 94923
737 69910 70932 31 11676
738 69990 76389 37 86966
739 70045 70701 92 41904
740 70087 77456 10 54899
741 70129 71613 32 23837
742 70235 79372 5 24603
743 70572 70853 121 10560
744 70604 71954 93 156770
745 70646 74373 23 58575
746 70754 77205 90 652741
747 70794 76699 24 22366
748 70830 72644 23 22185
749 70920 75917 51 103929
750 70947 72045 87 56690
751 71193 72460 121 54921
752 71288 75236 107 334442
753 71403 73215 28 14425
754 71447 74960 108 261083
755 71597 72276 30 17666
756 71740 75812 47 58290
757 71825 72967 115 66753
758 71982 77452 107 228846
759 72091 78992 135 216284
760 72134 76525 14 14784
761 72449 74462 106 129754
762 72628 74315 50 29251
763 72844 86924 107 324414
764 72915 75751 76 130674
765 72999 73849 114 100699
766 73071 83290 16 68474
767 73376 90941 125 874565
768 73434 82951 7 24090
769 73457 79306 29 168133
770 73469 74381 112 78605
771 73506 88790 102 935046
772 73614 79231 35 57382
773 73694 75911 77 60519
774 73732 78281 50 93040
775 73816 76439 123 86905
776 73825 75788 30 59164
777 73841 74473 109 38585
778 73865 78216 64 76332
779 73910 74804 119 37173
780 73994 75079 107 66650
781 74021 79097 131 486162
782 74037 77827 113 285683
783 74411 76320 72 73076
784 74424 84294 7 67393
785 74433 75789 142 84137
786 74584 76894 94 84380
787 74692 75435 88 20171
788 74704 76555 18 15653
789 74802 76269 119 86902
790 74895 76016 42 29812
791 75041 82237 13 39588
792 75106 90179 38 470266
793 75146 76947 54 48695
794 75162 76940 107 194207
795 75281 75297 106 2128
796 75309 81901 16 13177
797 75314 83100 57 177957
798 75393 86526 49 33142
799 75495 77248 83 104771
800 75605 88022 123 835578
801 75884 76727 5 1846
802 75921 87981 21 70977
803 75925 76715 42 20287
804 76066 77717 12 5923
805 76099 77359 93 50353
806 76328 77999 18 11593
807 76343 81219 12 21011
808 76400 77284 113 63159
809 76466 77581 58 63344
810 76477 87828 95 471771
811 76747 80868 9 24280
812 76878 81604 15 21125
813 76964 81620 17 32364
814 76999 77312 51 10649
815 77118 79683 67 61282
816 77132 83792 127 199839
817 77218 91091 24 195011
818 77294 82482 12 18073
819 77425 80118 51 90160
820 77673 86668 16 75281
821 77773 78305 47 10644
822 78039 84854 72 412741
823 78083 85430 60 173236
824 78224 80195 141 115534
825 78256 82110 9 19200
826 78284 84080 22 179203
827 78350 91315 111 969555
828 78424 79465 55 41069
829 78722 80151 105 137168
830 78728 80767 127 270369
831 78758 80797 39 114794
832 78834 84466 139 488732
833 78838 81944 86 63845
834 78903 83075 25 19882
835 78981 82790 27 62477
836 79024 80951 15 13486
837 79070 86083 13 74683
838 79172 85251 66 262125
839 79223 83858 111 179611
840 79239 80119 27 40879
841 79244 85023 116 121358
842 79268 79893 76 14638
843 79576 84187 110 32479
844 79752 81246 63 28269
845 79789 84182 13 53464
846 79942 91186 118 305005
847 80066 81703 48 121116
848 80159 82338 145 149150
849 80182 84898 65 125470
850 80669 94473 37 83955
851 80681 84523 81 207626
852 80703 82868 38 24494
853 80738 90859 49 466705
854 80848 81595 94 90095
855 80950 83065 53 37484
856 81229 82443 22 6834
857 81253 81542 17 3370
858 81280 81840 85 31591
859 81363 86589 95 109384
860 81387 85929 48 245091
861 81630 88288 60 125754
862 81768 83236 29 16398
863 81773 83191 41 25760
864 81824 94524 80 255222
865 81879 84415 33 41517
866 82098 82642 13 532
867 82177 82610 6 1304
868 82217 85170 10 9469
869 82224 92939 13 20659
870 82387 84573 12 17501
871 82423 84170 94 63633
872 82580 99575 59 544596
873 82739 83803 4 3407
874 82767 83123 142 24261
875 82821 84525 44 65372
876 82894 84698 20 13680
877 82986 94464 71 658782
878 83035 83727 53 25832
879 83059 93918 25 100975
880 83067 84717 40 17445
881 83127 94529 139 1140405
882 83219 85081 21 38964
883 83494 85570 5 4320
884 83498 88081 35 21695
885 83519 96937 105 429199
886 83569 85607 52 22593
887 83579 84693 82 16787
888 83708 86450 71 158260
889 83741 88004 44 160898
890 83811 85018 6 2247
891 83849 85220 115 138672
892 83882 86182 129 78509
893 83965 88482 89 364305
894 84040 85920 85 86603
895 84179 84577 24 6546
896 84310 85172 13 6614
897 84328 87567 80 66314
898 84402 84736 7 1393
899 84410 91432 130 588183
900 84675 85361 87 39289
901 84752 89779 150 515299
902 84857 97194 12 34803
903 85564 97548 113 427495
904 85651 92444 77 100965
905 85693 89465 104 201584
906 85711 87795 106 244956
907 86180 86199 51 812
908 86287 90889 77 65001
909 86813 99683 139 613453
910 86815 90614 31 40601
911 87295 94047 95 366910
912 87351 89164 4 9005
913 87548 90436 68 58691
914 87557 96147 144 881998
915 87563 89774 9 15277
916 87633 96841 4 10843
917 87635 98712 13 79437
918 87815 90401 146 288566
919 87835 95146 4 8312
920 87862 89021 89 21509
921 87942 96923 31 88824
922 88046 90769 13 13074
923 88342 95170 101 185154
924 88353 90448 120 83961
925 88424 89325 38 12661
926 88425 99057 28 339905
927 88448 97778 4 26584
928 88542 88964 144 100491
929 88622 92322 53 44585
930 88829 95809 91 366234
931 89011 96702 85 212913
932 89157 99314 93 698015
933 89161 90853 141 127000
934 89348 92379 149 89832
935 89350 98873 148 641587
936 89413 92136 126 182619
937 89438 92958 71 154631
938 89446 90393 8 7078
939 89771 95611 42 152354
940 90100 91273 122 52488
941 90411 96213 116 113343
942 90449 99746 8 12367
943 90481 90641 140 15061
944 90725 92578 74 71548
945 90746 92529 52 37307
946 90788 94443 9 27861
947 90894 91447 9 2808
948 90900 91113 22 1479
949 90998 91655 139 37800
950 91054 97595 38 70442
951 91071 91288 29 5152
952 91227 91235 137 1462
953 91300 94897 92 265444
954 91364 93912 66 64629
955 91641 99871 71 103368
956 92155 93836 143 74695
957 92324 94252 106 295589
958 92385 95079 118 131179
959 92590 99017 5 11260
960 92601 95733 42 73782
961 92642 96998 95 139272
962 92719 93304 137 5528
963 92751 99835 32 99931
964 92780 94790 45 22677
965 92924 99815 22 101792
966 92926 95626 23 18015
967 93459 95724 16 7549
968 93796 98836 47 100334
969 93830 99712 7 38013
970 93941 97621 121 402030
971 93983 94497 121 61596
972 94188 96460 18 27008
973 94209 98782 55 154248
974 94486 95258 62 10714
975 94547 94562 27 146
976 94552 97147 60 60493
977 94565 99760 45 167154
978 94757 95936 95 46228
979 95082 99010 95 280097
980 95246 97473 108 134697
981 95253 98149 17 25382
982 95261 98133 63 140183
983 95777 98178 6 6296
984 95952 97115 24 19360
985 96192 97909 18 9746
986 96502 98544 14 6845
987 96950 97460 61 29179
988 97099 97556 37 3220
989 97144 98454 62 78210
990 97230 97607 15 2710
991 97249 99079 92 46299
992 97290 97816 71 20124
993 97541 98899 27 13350
994 97681 98135 40 7101
995 97703 99911 32 29315
996 98201 99948 113 241403
997 98503 99836 8 10971
998 98723 99249 39 9134
999 99740 99838 74 2860
