50 1000 0.028
.....................#..#.#.................#####.
.....................#..###........####....#####..
......##..........#.##..#####...######......#####.
.......#..........######...#.#########.........###
......####........###############.######.......##.
.......####..#...#############..#####.#.........##
.......#########.#..#.#########.#######.........#.
.........###.####...######.#######.#####..........
..........##.##.#...#####.####.#.#..#.............
...........#######.###############..#.............
.......###.##..##########.#....#..................
........######.#.......#..####....................
.........##....#..........#.......................
..........#....##........##.......................
............#####.................................
.............####.................................
.............######...............................
..............#####...............................
..............######..............................
.............##.####..........................#...
............########..............#.......#..##...
............#.######..............###.....#####...
...........###...#####............####...#####....
.........##.#..####.#............#####....######..
.........#..########.........#.######.....####.#..
...#...##############......#.########....#####....
..###..#.#.####.#####......#####.######....####...
.###......######.####......#######.####...###...#.
######...###.#.######......#######..###...##..####
#####....#######.#####......#.#..##..#..#.##..####
##.#......############...............#..#####..#.#
#####.#...#.####.#.###...................###.#.#.#
#.######...........###..................##...#####
#####..............#...................#####..##..
.#####..........................##....####........
#####.........................####.....####.......
.#####........................#####.....###.......
.#..###......#................###...#.............
....#.##...####...............#####.#.#...........
...##..########................##.###.#...........
......#######................####.#####...........
........#.#####.............###########....#......
........#.##.#..................#######..#.#......
.................................#####..######.#..
.................................#####.#########..
.................................#####.##########.
#...#..#............................##.########.##
########...............................###########
.#.####.............................##########.###
.#.####.............................###.#####..#..
0 53 2897 138 105577
1 74 155 18 263
2 132 45433 139 2776887
3 227 1344 112 129869
4 229 16923 110 1694610
5 271 3489 8 10475
6 364 2274 141 175260
7 378 25256 12 147159
8 393 18273 149 1017323
9 432 23052 15 80612
10 463 6390 36 71471
11 506 1772 16 9649
12 588 2493 123 99360
13 619 1733 121 38314
14 652 8854 140 747034
15 831 2912 93 48807
16 939 9967 50 216419
17 1032 3368 12 18269
18 1099 2218 10 4002
19 1148 1977 97 178497
20 1397 14143 20 116607
21 1717 3162 5 7281
22 1727 16158 59 350667
23 1831 12589 62 257418
24 2433 13198 66 261777
25 2537 6459 4 5264
26 2557 9953 59 327449
27 2593 15385 104 394739
28 2634 3978 123 83240
29 2775 8141 36 96336
30 3026 3843 31 7818
31 3060 11803 86 127416
32 3142 8198 24 77287
33 3324 15853 18 132750
34 3387 5154 128 218047
35 3389 13869 58 115867
36 3793 11901 49 194819
37 3811 7041 80 148400
38 3899 29778 65 202969
39 3981 13494 59 220527
40 3995 5046 77 27808
41 4004 7503 12 12956
42 4197 14865 43 171421
43 4296 6638 42 53814
44 4548 9466 108 110785
45 4664 6534 9 4603
46 4669 15083 116 590954
47 4841 5221 113 23530
48 4871 4874 36 414
49 4875 5345 82 21344
50 4928 8889 83 130744
51 5006 18201 8 49753
52 5199 6557 87 39047
53 5279 7794 6 10016
54 5296 9487 134 702004
55 5413 11269 69 185838
56 5441 6523 65 91286
57 5639 16368 122 1264186
58 5672 8580 126 104203
59 5712 6961 93 45728
60 5984 7849 107 100562
61 6124 9920 47 160314
62 6127 9523 13 20250
63 6268 17585 7 13982
64 6279 10114 80 65636
65 6364 6762 27 13221
66 6502 14784 99 717760
67 6519 10583 127 444743
68 6582 11966 83 239712
69 6702 6834 56 4121
70 6707 15386 57 259311
71 6722 7381 75 16559
72 6871 7807 80 40554
73 6904 8110 8 2716
74 6912 8851 11 9519
75 6924 8817 108 36351
76 7042 9918 10 24806
77 7095 10753 43 74938
78 7626 10439 94 105512
79 7789 9066 17 3601
80 7915 8204 95 12316
81 8019 13669 6 11635
82 8079 26208 88 229327
83 8139 19103 121 320882
84 8173 11155 110 76322
85 8203 9704 18 43502
86 8205 10909 54 36126
87 8224 19089 11 17223
88 8289 32681 37 294290
89 8348 9171 78 38390
90 8541 15628 35 112583
91 8631 12919 98 320305
92 8763 15897 119 182368
93 8773 14090 109 360533
94 8994 25895 11 33481
95 9077 17103 47 161419
96 9350 26622 17 122867
97 9396 12871 62 170869
98 9402 11217 10 19416
99 9442 27006 26 145486
100 9576 16109 7 6966
101 9626 13695 111 141876
102 9752 17515 134 323009
103 9768 14612 24 30298
104 9832 21858 82 229862
105 9972 26943 19 266777
106 10148 12868 141 46537
107 10260 27464 80 705679
108 10421 20365 28 95915
109 10452 13297 71 53315
110 10514 11979 68 54229
111 10637 13968 13 7707
112 10776 14889 48 89206
113 10877 10880 124 284
114 10941 17821 146 1036665
115 11036 12209 28 22417
116 11038 18933 102 507946
117 11376 20658 46 181921
118 11467 18854 75 300278
119 11486 28563 17 122657
120 11724 13164 82 38616
121 11732 17973 110 673204
122 11923 12882 70 25975
123 12231 20893 32 58106
124 12525 16015 71 170257
125 12591 18142 61 116413
126 12704 14785 123 142678
127 12710 14193 77 56789
128 12822 23240 8 24126
129 12838 13794 12 2276
130 12847 13808 50 29685
131 12861 20645 110 355752
132 12977 24260 77 264871
133 13013 15359 34 9809
134 13093 15771 68 76917
135 13100 23162 29 48767
136 13181 16922 133 203255
137 13202 28635 46 216449
138 13321 13588 54 8206
139 13400 15370 115 83719
140 13434 24036 32 114398
141 13527 25231 145 140752
142 13532 15954 77 30100
143 13678 24182 37 48424
144 13780 16480 103 155177
145 13851 39553 150 3676638
146 14076 40504 53 318796
147 14220 43659 125 911978
148 14287 20005 8 13540
149 14387 35293 18 147322
150 14406 26400 32 99291
151 14423 23673 15 27896
152 14471 14793 47 3545
153 14768 17025 47 47940
154 14777 23235 29 104421
155 14839 30946 4 14477
156 14948 16813 71 115515
157 15233 42116 42 382856
158 15243 41578 38 334038
159 15326 16190 46 21124
160 15449 35476 68 422968
161 15483 21579 109 341632
162 15515 18775 123 158500
163 15639 17446 28 25969
164 15679 18844 139 207889
165 15711 16454 115 50078
166 15749 29203 88 370248
167 15886 20041 70 133015
168 16077 16716 72 46196
169 16221 28235 53 192902
170 16256 16456 92 31371
171 16257 39033 77 1207119
172 16346 20754 58 149170
173 16388 19613 20 64243
174 16592 30927 114 874392
175 16625 16822 145 5933
176 16715 20962 40 38178
177 16886 32450 77 331670
178 16938 34614 66 294114
179 17008 17663 79 53109
180 17087 19645 44 32119
181 17500 19754 12 9877
182 17535 25193 19 179674
183 17720 33308 133 495352
184 17873 20355 47 66443
185 17907 25013 127 775311
186 17956 26375 26 35675
187 17991 18558 53 19675
188 18053 24130 17 80426
189 18076 24319 25 114167
190 18079 27238 40 251576
191 18207 18799 130 100184
192 18211 19029 19 6524
193 18265 20256 83 50141
194 18385 26871 139 595733
195 18455 30542 5 43083
196 18477 24305 107 265681
197 18561 23424 17 14505
198 18679 20296 89 27852
199 18805 21183 92 96336
200 18871 25850 55 124681
201 18891 23410 56 116806
202 19178 19314 4 373
203 19202 22523 49 117194
204 19240 21187 6 6003
205 19378 32037 21 153661
206 19511 19875 26 3743
207 19520 34171 60 289788
208 19874 22563 86 150914
209 19961 23112 8 6922
210 20047 28414 120 665738
211 20086 20158 27 10893
212 20374 29919 63 874180
213 20516 30949 17 106919
214 20544 22138 33 15400
215 20598 38268 121 601827
216 20779 29002 31 49834
217 20783 26164 141 485545
218 20830 24266 136 307819
219 20847 34461 24 156697
220 20984 25816 57 81584
221 20995 21738 126 51513
222 21090 22580 88 126476
223 21199 35401 88 186659
224 21217 23234 43 130394
225 21310 26651 28 45018
226 21362 28037 16 41143
227 21570 38576 15 109875
228 21672 42519 119 804751
229 21815 22503 41 22405
230 21991 29752 25 122064
231 22061 22651 4 1216
232 22123 24617 62 36982
233 22241 27039 102 346017
234 22260 28130 53 241230
235 22530 29713 94 321335
236 22541 29157 54 202606
237 22899 25559 8 8695
238 22941 50660 7 129309
239 23449 25738 7 5889
240 23527 27573 97 338549
241 23545 24549 14 8516
242 23648 26653 41 36264
243 23729 34909 133 547028
244 23759 34827 53 229849
245 23798 32216 14 108786
246 23953 37779 16 236264
247 23964 26281 14 19221
248 24094 37792 57 264010
249 24194 32577 16 103011
250 24294 26951 11 28104
251 24391 32295 48 187810
252 24412 31903 34 88436
253 24551 31251 29 38141
254 24566 27252 4 6996
255 24568 24837 43 5620
256 24607 46723 129 913696
257 24727 31488 130 560421
258 24875 29614 135 368905
259 24885 31716 139 489762
260 24952 25284 23 3400
261 24966 25201 85 8654
262 25119 27840 122 215140
263 25176 51655 15 80148
264 25240 30439 100 246430
265 25299 26468 89 39458
266 25333 32188 144 360509
267 25468 41972 41 764441
268 25481 26833 46 47186
269 25543 36938 10 13794
270 25556 45769 65 841966
271 25615 32080 110 848746
272 25811 48605 30 565561
273 25851 27821 51 114911
274 26012 33646 8 27583
275 26279 32551 70 193525
276 26291 26371 10 1384
277 26573 35042 42 101641
278 26820 30995 131 67081
279 26913 37708 145 190800
280 27025 33756 67 245437
281 27042 27997 67 21317
282 27064 28456 93 40095
283 27316 34758 64 42641
284 27341 32332 6 6927
285 27388 39927 37 79095
286 27612 27804 75 30578
287 27788 33511 113 434105
288 27810 32841 97 213785
289 27882 35342 88 422717
290 27948 30277 78 106806
291 27980 30511 16 23328
292 28093 37436 64 194982
293 28108 29121 26 10362
294 28112 38286 30 87899
295 28192 40278 4 16619
296 28196 34760 41 29986
297 28198 32098 61 188293
298 28300 41889 58 133901
299 28342 32745 122 239475
300 28359 30506 133 184951
301 28508 36847 105 515297
302 28548 29139 95 31169
303 28557 28739 112 28262
304 28583 40733 10 57310
305 28591 44462 97 149381
306 28667 39771 97 396651
307 28678 30161 19 13461
308 28720 37402 68 345149
309 28853 29384 32 9860
310 28978 30230 125 99097
311 29067 33830 37 178670
312 29077 37016 76 381288
313 29098 30419 4 9345
314 29118 29172 13 608
315 29293 29991 34 6737
316 29530 30768 99 29758
317 29660 49462 21 52143
318 29666 33223 105 50872
319 29698 33563 54 90901
320 29815 31531 9 11953
321 29816 37357 111 349882
322 29891 36748 34 112459
323 29928 33762 52 75980
324 29972 33845 87 97273
325 30038 31602 50 29179
326 30058 35157 38 162665
327 30062 30546 136 36372
328 30155 42264 8 28033
329 30265 34004 148 307455
330 30397 30857 6 1254
331 30541 34345 64 209711
332 30670 49856 91 828946
333 30732 34692 7 7405
334 30877 35402 125 227565
335 30936 35566 104 563998
336 30968 42547 14 31202
337 30993 33101 116 60555
338 31052 38304 47 95998
339 31087 38653 113 181364
340 31127 33449 142 105202
341 31218 33612 42 47449
342 31314 37329 10 37528
343 31400 32321 62 32401
344 31494 32331 6 3184
345 31616 40360 20 79339
346 31628 43067 21 114862
347 31758 44714 149 966464
348 32088 40673 14 74704
349 32650 35035 86 175664
350 32688 42799 33 97547
351 32699 48702 67 285793
352 32825 39546 38 43655
353 32888 35188 131 221725
354 33050 46161 141 226373
355 33258 54129 122 961197
356 33283 37073 17 14814
357 33356 39712 146 437181
358 33474 39369 93 247916
359 33503 35451 87 115145
360 33562 40000 23 76489
361 33852 43931 68 750367
362 33995 38454 13 10081
363 34041 38128 55 84917
364 34099 57083 88 785713
365 34124 59445 64 1195536
366 34177 38844 82 153876
367 34291 34751 88 20496
368 34317 35743 86 53682
369 34373 53799 5 33226
370 34392 36313 113 154672
371 34558 34677 100 3318
372 34632 35057 26 6219
373 34754 38554 28 18835
374 34782 35084 6 2331
375 34860 37340 18 18537
376 34867 37215 140 97773
377 35105 44155 30 164277
378 35160 45728 85 269100
379 35212 36483 64 31256
380 35521 35745 6 490
381 35738 36351 20 5305
382 35971 37047 21 10212
383 36127 37159 24 8716
384 36187 42579 49 80540
385 36228 37333 7 8862
386 36330 39541 138 238594
387 36430 39490 6 4972
388 36449 38696 14 16418
389 36466 40276 7 9999
390 36522 43541 148 411590
391 36540 51490 20 203842
392 36589 48677 51 361481
393 36764 44988 49 119185
394 36773 38066 33 48643
395 36790 42962 35 48904
396 36808 40209 11 27521
397 36823 42268 54 106539
398 36842 43048 74 135287
399 36935 39900 88 50830
400 37161 44406 47 120098
401 37422 45539 67 412693
402 37441 44993 32 55598
403 37606 38601 52 17277
404 37715 46736 95 840155
405 37726 44166 149 620304
406 37924 38639 7 2247
407 37934 45291 53 179312
408 38041 41667 65 294971
409 38070 38652 66 26668
410 38153 48701 29 161324
411 38240 47951 84 291119
412 38299 50494 56 264417
413 38372 44271 31 15171
414 38565 60827 11 48426
415 38573 44015 136 243997
416 38602 43185 86 93525
417 38666 42089 33 56792
418 38778 41296 103 145317
419 38900 44794 99 528725
420 38916 41031 16 11260
421 38968 41549 64 24614
422 39185 43221 91 123615
423 39342 48749 116 229282
424 39351 45458 29 82261
425 39385 40364 69 29681
426 39458 43506 117 147331
427 39963 41552 27 16783
428 39965 41233 58 18817
429 40123 46307 86 218458
430 40160 41919 5 2289
431 40166 43666 122 147698
432 40310 40414 10 1082
433 40392 45915 72 131041
434 40497 41396 16 14710
435 40699 41383 103 33224
436 40787 41436 126 91171
437 40863 41830 23 26099
438 41256 44050 79 235367
439 41381 47954 51 94819
440 41403 58682 23 132247
441 41416 42637 95 40578
442 41559 51280 61 197019
443 41610 46304 13 24391
444 41723 46289 89 290224
445 41782 46062 39 97920
446 41807 46422 116 81726
447 41829 44058 127 210490
448 41941 63006 145 505672
449 42574 48188 15 13119
450 42656 43460 66 18252
451 42684 51684 77 337691
452 42767 45268 20 64511
453 42779 46016 10 17340
454 42835 45772 23 14907
455 43297 45311 33 36670
456 43449 46755 140 177363
457 43491 55144 6 47606
458 43575 57165 22 153635
459 43595 49341 19 67001
460 43658 47895 137 407226
461 43668 45533 11 30708
462 43729 50169 79 144018
463 43776 49402 125 200829
464 43805 44414 44 22882
465 43806 44699 88 23153
466 44065 69594 93 1256753
467 44120 47408 94 77376
468 44309 73590 77 1611797
469 44432 46040 142 191618
470 44503 45770 32 29927
471 44561 58534 50 688296
472 44698 49614 83 178909
473 44892 48062 115 85369
474 45032 55923 15 22515
475 45109 47035 51 68553
476 45215 46312 28 11652
477 45289 45482 134 11269
478 45297 49516 139 265772
479 45344 51545 6 13909
480 45373 53826 58 293019
481 45428 46702 52 47552
482 45784 51732 55 100446
483 45904 59209 46 583250
484 45983 53107 39 171304
485 46060 47330 149 99728
486 46109 47200 19 29866
487 46212 50265 84 74412
488 46223 62057 40 260762
489 46232 47448 31 7503
490 46300 56760 96 430011
491 46305 49444 69 47077
492 46521 75801 20 404292
493 46578 59607 136 1046525
494 46579 53866 14 25315
495 46716 54701 28 72192
496 46768 48373 40 34025
497 46789 47319 88 36388
498 46971 47016 9 134
499 47001 47369 92 18461
500 47011 48309 57 19966
501 47013 57508 22 120766
502 47117 52536 38 117010
503 47253 55687 22 80856
504 47321 51599 105 357478
505 47441 61897 81 424061
506 47542 49984 127 145275
507 47563 59401 148 686742
508 47589 48584 45 33942
509 47647 57937 78 340933
510 47664 63571 28 307346
511 47683 48743 22 19416
512 47766 68034 46 761543
513 47847 56009 9 20284
514 47947 48965 24 13927
515 48088 61998 12 34679
516 48099 60468 21 62637
517 48411 75041 12 108040
518 48443 54027 78 328047
519 48586 59775 67 356199
520 48597 51663 72 78838
521 48670 48895 4 650
522 48700 48753 72 3058
523 48787 49980 75 52243
524 48799 53244 113 170506
525 48829 49587 30 10159
526 48866 65115 104 735148
527 48974 60211 7 28040
528 48978 52234 42 31737
529 49006 50351 28 25665
530 49145 49983 99 39534
531 49232 52792 36 31056
532 49373 69049 10 35204
533 49450 61223 105 632891
534 49465 54409 96 253122
535 49477 50391 98 26141
536 49492 50593 21 27830
537 49526 53923 142 724531
538 49563 50847 11 6363
539 49683 50040 114 16503
540 49749 60366 38 135401
541 49889 56196 39 92568
542 49923 67721 15 95984
543 49933 55524 33 108956
544 49989 51353 133 85680
545 49994 51876 92 65383
546 50149 52939 104 217901
547 50404 65092 24 171073
548 50457 71013 15 88246
549 50519 55641 15 26515
550 50560 51959 13 10074
551 50579 70833 92 557328
552 50698 54382 119 172209
553 50718 53420 43 116363
554 50789 54620 90 124252
555 50833 53269 130 146300
556 51005 63168 41 294352
557 51026 51837 69 17785
558 51109 52018 7 3658
559 51123 64479 27 96324
560 51233 59952 52 159941
561 51354 51474 9 589
562 51517 54218 24 63950
563 51635 51703 26 1262
564 51723 54047 12 15136
565 51758 52182 38 11827
566 51940 82854 59 806487
567 52043 75012 12 58495
568 52053 60313 20 140792
569 52102 54287 10 19911
570 52161 54505 63 86978
571 52237 61830 88 513370
572 52286 62224 59 97037
573 52297 60032 138 355769
574 52401 53179 35 6012
575 52424 56739 110 184752
576 52460 53705 62 17715
577 52729 57626 17 79476
578 52900 57531 130 205517
579 52938 62085 113 266828
580 52946 53516 53 48344
581 53111 55651 49 33636
582 53164 75019 26 248757
583 53178 54263 43 24305
584 53334 58010 30 70640
585 53387 68267 60 285941
586 53560 54339 137 90517
587 53644 54320 83 23800
588 53706 57998 17 28310
589 53750 71614 13 166307
590 53786 56465 17 16532
591 53989 66964 30 247632
592 54069 69153 31 223034
593 54088 55667 120 69000
594 54121 55109 95 60128
595 54158 55233 41 55438
596 54337 65798 80 429542
597 54357 57527 8 14839
598 54405 69455 8 46421
599 54509 61562 20 122290
600 54732 57448 136 130550
601 54781 56185 18 22476
602 54832 56705 61 67970
603 54841 54852 123 444
604 54862 59984 74 119226
605 54911 63957 74 275508
606 55015 58467 58 47482
607 55026 57352 22 31868
608 55247 63124 6 36065
609 55260 58935 5 12921
610 55285 55592 78 6416
611 55368 67235 7 22193
612 55382 56207 50 5763
613 55561 57762 119 237481
614 55645 66641 25 93828
615 55741 58661 13 11669
616 55803 66123 8 33263
617 55850 57569 134 157200
618 55904 70093 104 507641
619 56003 60016 118 322391
620 56096 68770 10 59259
621 56225 60301 25 49328
622 56369 68875 7 77592
623 56487 59459 37 35331
624 56498 61370 56 132788
625 56544 58006 111 72446
626 56632 58023 34 52303
627 56638 59583 121 110988
628 56685 60058 23 44031
629 56698 58054 8 7832
630 56771 64598 55 249406
631 56788 60796 105 251625
632 56815 62005 149 356147
633 56846 62626 43 90919
634 57131 63400 10 13408
635 57212 66227 131 210316
636 57449 60548 87 228954
637 57504 59695 71 61666
638 57585 57785 96 31945
639 57660 69723 108 1013959
640 57788 63018 16 19429
641 57797 60748 120 100448
642 57880 74133 102 927086
643 57883 62707 29 52973
644 57894 61266 53 358061
645 58264 61528 143 172009
646 58368 64473 85 461709
647 58387 59252 28 13955
648 58474 67716 83 357456
649 58583 61235 79 167892
650 58610 68124 149 485841
651 58721 66553 14 46767
652 58748 62810 10 51930
653 58807 61883 91 179450
654 58874 78743 79 678297
655 58966 61018 141 119880
656 59132 75728 58 277407
657 59370 59674 6 819
658 59507 72557 61 258071
659 59528 63474 116 73470
660 59538 74346 10 81892
661 59542 63814 129 171464
662 59619 61290 99 125706
663 59999 71179 12 34613
664 60072 66560 102 176990
665 60081 68854 72 521476
666 60091 62893 130 120695
667 60397 63151 73 104901
668 60402 65327 44 116501
669 60513 61054 29 24072
670 60621 65466 139 186868
671 60632 70903 119 325057
672 60820 73703 31 221953
673 61084 65690 53 131545
674 61203 64382 139 304120
675 61218 63100 47 31409
676 61431 61638 49 7003
677 61571 65685 96 95161
678 61611 62616 12 5962
679 61641 70029 5 7828
680 61658 75736 4 24984
681 61703 66911 148 717668
682 61810 62214 11 1659
683 61835 71819 136 555087
684 62062 63664 120 66934
685 62090 66339 24 30492
686 62253 68224 18 38720
687 62286 82348 138 905259
688 62474 67830 48 67503
689 62535 68818 24 75966
690 62600 67621 56 43813
691 62650 63407 10 4615
692 62757 93930 46 1041580
693 62876 67359 115 552859
694 62916 67405 49 72534
695 63102 66250 103 152888
696 63154 70698 145 1268374
697 63485 64449 11 4844
698 63488 71474 17 146375
699 63561 64922 118 38897
700 63592 75939 51 130273
701 63652 65674 4 8876
702 64366 66029 79 127097
703 64400 77577 42 117730
704 64438 65073 79 45667
705 64594 65624 103 62695
706 64651 69034 12 30524
707 64695 67748 8 8997
708 64813 74244 126 286657
709 64827 69611 68 167493
710 64958 97347 101 1563193
711 64997 71401 39 92701
712 64999 74806 36 110719
713 65021 79439 72 370067
714 65128 66126 20 7050
715 65164 74707 97 406397
716 65188 70907 37 100052
717 65339 65859 117 51115
718 65460 68773 19 19773
719 65463 81232 34 179273
720 65522 66949 42 20245
721 65660 68643 23 24510
722 65865 79587 83 427533
723 65921 83048 61 848278
724 65984 67024 19 7627
725 66307 73488 21 26233
726 66417 69843 12 19997
727 66490 68941 56 76525
728 66652 74388 145 460733
729 66677 70838 15 40518
730 66698 67110 23 7706
731 66740 74957 147 427894
732 66906 70553 38 23862
733 66907 69312 38 46812
734 67005 71908 87 74680
735 67010 70734 25 36078
736 67041 87754 80 581283
737 67182 70043 91 32002
738 67207 73804 35 89623
739 67314 73176 119 358371
740 67749 73397 6 6825
741 67895 71761 121 151165
742 68246 74089 100 253610
743 68481 76300 62 575605
744 68733 77863 66 146134
745 68837 69470 14 1801
746 68871 74224 85 165356
747 68923 70003 112 62223
748 69154 69713 84 24476
749 69302 70313 53 33530
750 69327 71271 65 46248
751 69348 72707 9 23798
752 69372 71475 18 16136
753 69431 74796 53 140342
754 69459 70777 5 2080
755 69474 79263 86 1069043
756 69522 70896 56 95725
757 69598 73163 24 115157
758 69913 73083 87 187875
759 69993 72635 13 24856
760 70102 72734 68 98639
761 70243 76899 148 192613
762 70289 71193 145 36551
763 70401 75885 13 15220
764 70403 70518 123 8399
765 70505 75077 53 97508
766 70508 72038 75 68019
767 70556 77238 15 25462
768 70693 80165 10 55925
769 70811 78697 33 182045
770 71113 81366 60 653859
771 71366 74877 135 284787
772 71399 72300 128 135715
773 71498 74079 146 264220
774 71554 80353 92 177794
775 71692 78199 94 204477
776 71826 74965 106 56050
777 71977 73970 5 3234
778 72026 88972 13 126859
779 72256 77830 87 209243
780 72314 79329 73 487370
781 72368 86038 118 428329
782 72413 79231 118 804566
783 72662 80153 45 124660
784 72668 75404 33 52607
785 72713 75867 73 137943
786 72787 81529 7 44874
787 72837 73034 37 6998
788 72909 84093 30 123186
789 73032 73904 72 16010
790 73037 78879 84 283112
791 73097 78255 109 324874
792 73155 73469 21 3453
793 73210 73276 14 329
794 73239 87973 48 205339
795 73284 74121 7 2127
796 73456 80511 28 59348
797 73503 78651 98 161500
798 73522 74203 102 25821
799 73686 92128 39 309511
800 73784 75840 20 16687
801 73807 74600 140 26001
802 73910 84641 99 422382
803 73933 84262 74 425454
804 74168 85987 117 323144
805 74333 75674 148 64493
806 74336 84467 25 177371
807 74577 97964 28 117771
808 74599 75414 53 19979
809 74635 78660 31 153475
810 74838 84356 8 27692
811 74883 76081 15 13669
812 75223 98590 78 1092928
813 75235 75826 88 42356
814 75262 80454 10 14402
815 75313 75919 14 4814
816 75386 78292 77 105190
817 75624 78498 117 75499
818 75637 77111 22 19812
819 75677 84528 67 234439
820 75681 81415 92 136516
821 75824 80670 41 26190
822 75940 85993 41 285291
823 76064 78969 9 15999
824 76322 78299 65 53252
825 76355 81924 66 471899
826 76484 88767 148 554370
827 76532 81347 13 14329
828 76542 78094 18 18842
829 76629 78837 90 34043
830 76744 79705 95 320582
831 76797 78417 115 141771
832 76811 79782 33 77290
833 77277 86357 12 67078
834 77303 77701 124 25580
835 77408 91568 4 27753
836 77468 83477 18 26176
837 77569 82844 67 75742
838 77609 83467 64 134629
839 77657 78931 10 7517
840 77741 82093 10 26682
841 77759 80847 19 28839
842 77816 82155 29 61757
843 77932 80143 91 156567
844 77978 79716 82 64183
845 78448 79499 68 41955
846 78580 80781 71 110221
847 78933 94995 107 1108643
848 78946 84521 141 392636
849 79102 80355 82 27286
850 79420 82927 29 24931
851 79465 95761 100 809425
852 79515 95412 42 173018
853 79643 81471 48 36536
854 79695 87568 10 13768
855 79759 81662 72 58998
856 79766 80649 76 18955
857 79778 85716 8 40548
858 79835 82035 29 19506
859 79868 94051 77 239159
860 79880 91892 11 38151
861 80116 87971 10 21436
862 80543 97098 23 95906
863 80619 87196 90 268739
864 80703 95231 44 307995
865 80765 92946 26 74947
866 80793 83480 76 39550
867 80795 81835 101 18862
868 80874 81042 146 28876
869 81096 90584 11 21923
870 81168 99618 57 619962
871 81190 82505 70 46963
872 81385 83612 4 6402
873 81489 92498 15 73358
874 81566 91867 46 138403
875 81586 85180 12 83453
876 81689 84133 19 12154
877 81690 85313 70 442066
878 81863 92461 17 219841
879 81930 86631 20 24932
880 82081 87743 34 80460
881 82333 92907 7 26831
882 82487 86495 96 119192
883 82500 83705 135 135135
884 82555 87584 7 133262
885 82556 88033 91 92198
886 82802 82982 77 2993
887 82990 84899 75 60439
888 83032 85767 65 20361
889 83058 89787 118 672952
890 83132 88712 8 28492
891 83228 85481 69 102627
892 83301 89113 111 286786
893 83388 90854 42 84893
894 83427 83483 7 317
895 83581 88224 5 17825
896 83793 86110 68 81914
897 83864 86693 76 69166
898 83944 84131 102 16364
899 84097 87731 25 39708
900 84139 84893 44 9231
901 84164 91290 26 69562
902 84231 95915 136 426797
903 84267 91140 74 581314
904 84413 90782 36 81552
905 84540 87136 112 111112
906 84686 92864 107 237106
907 84730 88752 5 6986
908 84900 92108 115 321381
909 84906 86896 17 7859
910 84913 94433 141 687402
911 85144 87189 66 60166
912 85310 89206 59 62427
913 85428 91513 26 61146
914 85523 87408 44 15086
915 85586 99531 117 436322
916 85613 94792 58 433439
917 85717 90463 40 62702
918 85797 89889 94 154626
919 85849 96843 44 130121
920 85967 86393 76 17295
921 86183 88514 15 9154
922 86293 92911 115 605259
923 86766 89190 102 118536
924 86835 99032 134 1560788
925 87030 88571 5 2729
926 87363 96376 108 351658
927 87544 93186 23 37760
928 87933 89544 7 7125
929 87948 89446 77 40443
930 88059 88238 8 1100
931 88122 92061 23 65789
932 88312 90154 17 18056
933 88453 94333 73 94325
934 88517 92567 28 210201
935 88565 91726 11 20839
936 88707 99064 24 45201
937 88902 89037 141 11764
938 89013 89702 98 38893
939 89015 91097 92 19378
940 89042 92160 67 109876
941 89043 93662 139 430199
942 89084 92901 70 83209
943 89093 92785 31 74387
944 89116 91261 5 18283
945 89161 94547 93 161131
946 89331 93464 114 183596
947 89361 91313 80 105757
948 89400 90266 138 13352
949 89482 89552 54 5192
950 89714 92733 146 83848
951 89878 94105 63 302894
952 90033 90869 6 1741
953 90204 99967 21 40472
954 90597 97424 33 74722
955 90623 92449 49 61612
956 90690 91733 132 38077
957 90881 91187 28 6747
958 91104 91116 23 178
959 92088 94865 46 95404
960 92222 92533 10 1287
961 92290 93066 6 2613
962 92321 95794 34 32074
963 92348 97859 28 70802
964 92392 95330 11 7856
965 92540 98921 24 71539
966 92576 93262 59 31970
967 92635 92745 21 1943
968 92793 94037 103 48183
969 92858 92940 24 1479
970 92910 96314 25 21485
971 92912 93916 120 34678
972 92950 93529 116 34085
973 93043 97226 83 884433
974 93086 93225 34 1736
975 93377 94993 124 163167
976 93650 98972 15 24499
977 94003 94318 24 4632
978 94222 94828 58 10390
979 94512 98752 19 32122
980 94594 97261 81 70340
981 94683 95453 41 14700
982 94772 98280 10 15644
983 95260 96877 48 48697
984 95462 98701 7 5738
985 95592 95879 4 379
986 95957 96390 59 26457
987 95982 96714 15 7508
988 96249 96927 35 16721
989 96430 98959 112 62725
990 96775 98332 85 53327
991 97131 97941 129 42835
992 97181 98863 102 61027
993 97574 97899 70 24987
994 97739 99404 6 2598
995 97958 98021 11 566
996 98083 99919 34 48518
997 98117 98606 44 17520
998 98566 99215 132 61486
999 99183 99276 120 2444
