50 1000 0.086
........................#.........................
.........##.##..............#................#....
#........##...............................#.......
............#....#.........#.......#......#.......
............#...............#......#..............
............#.......##...#.#..#..###......##..#...
...#................#......#....##.#......#....#..
...##.................#........................#.#
.........#............#.....#..........#..##......
...............#......#...............###.........
#..###.........##............##.......#...........
.............#.#..##.....#...#....................
...........##...#........###...##....###..........
..........#........##......#..#......#.#...##.....
.............#.##...........##.#......###........#
................#...##.......#......#...##......##
....#....#...##.....#...........##..##...#........
..###.....#...#.#........#.....#....#.##.##.......
........#...###.#........##....##...#.##........##
........#...###.#...###.#....###....#.....#.....#.
#....###.....#.#....##........#.....#.......#.....
.#...........#..............##....................
..#.....#.#.#....#............#.#................#
..#.##......#..................#.......#........##
....#....................#.##........##.#.........
....#......###....##.....#..#...........#.........
......##...........##........#....................
......#............#..........##.........#........
#....##..........#.............#........##.##.....
.......##......##..........................#......
#.......#.................#.......................
##......##..##...........##......#...............#
...##....#........#....#..#......##...............
#..#.................#.#......#...#.......#.......
#..###......................................##..##
#...............##...............................#
...........#...............#......##.##...........
...#......#....###...............#............#...
...##.........###..............#........#.....#...
...#..........#.....#.#....#####........#.........
......##......#....##.#.....##......#.............
.................................#...........#....
....###...............................##....##....
......#..................#.....#....##.......####.
.........................#......#..#......##....##
..................#....#...#...............#.....#
.....#.......#....#........###.........#..........
.........................##.......#....#...##....#
......................#..###.#....#.#......#..#..#
....#..........#...####.......#.....###....##.....
0 18 9399 12 61564
1 119 5443 102 202083
2 140 1963 136 66616
3 289 10099 73 317289
4 316 454 79 8044
5 331 2720 45 11615
6 341 4980 46 161456
7 448 5512 85 118016
8 467 677 23 6834
9 526 4242 95 131309
10 672 14352 5 30245
11 675 2105 110 27809
12 763 13539 82 392322
13 793 46965 18 111324
14 796 19560 75 568291
15 848 32734 15 413023
16 968 7646 23 130917
17 1264 20757 60 853155
18 1269 1380 107 5258
19 1551 6626 85 201997
20 1605 6430 93 444984
21 1753 14011 43 317889
22 1770 7596 87 146901
23 1824 1832 10 135
24 1855 4109 89 115472
25 1984 38846 49 1143837
26 1995 6203 130 370273
27 2044 4930 87 107294
28 2269 6678 37 90742
29 2271 2571 54 8536
30 2354 4194 12 8881
31 2721 28578 25 313224
32 2728 3606 31 15462
33 2863 10934 34 55627
34 3231 3257 8 281
35 3243 5169 10 7078
36 3253 5030 25 17523
37 3342 7264 21 23851
38 3387 13178 66 441978
39 3689 12056 31 84685
40 3886 5632 45 25308
41 4051 13080 95 191387
42 4167 5242 21 8148
43 4248 59087 85 3011982
44 4398 11205 27 43593
45 4491 30100 8 136129
46 4561 6260 5 2742
47 4714 12672 16 40769
48 4753 7910 39 116237
49 4822 30628 9 56903
50 5101 7785 53 75897
51 5115 21456 61 358178
52 5130 24071 54 446959
53 5160 6951 101 114285
54 5336 12326 137 411966
55 5368 24317 64 588077
56 5531 5896 150 23262
57 5535 6412 10 7196
58 5651 19303 14 112436
59 5742 6454 69 20640
60 5965 11467 8 19318
61 6056 30992 60 1215439
62 6408 8795 11 8206
63 6746 7822 21 8230
64 6841 11423 122 259862
65 7254 18678 131 1286919
66 7320 14317 52 52014
67 7419 11864 8 8996
68 7431 8257 102 116165
69 7574 11058 6 2672
70 7745 19049 35 67877
71 7821 8484 64 21858
72 7834 23760 121 452724
73 7893 19458 84 566595
74 8169 29742 15 56399
75 8213 19062 45 130817
76 8231 10410 39 23026
77 8268 10819 11 5787
78 8359 20664 96 344740
79 8471 30952 11 173556
80 8506 27090 29 412990
81 8672 50643 10 95808
82 8701 34363 147 2735856
83 8840 11278 90 102100
84 9260 14163 43 107112
85 9368 17921 35 273483
86 9447 18799 5 18731
87 9602 20814 16 44969
88 9660 19807 130 528971
89 9780 15133 80 77071
90 9793 14473 36 55800
91 9795 29011 125 619880
92 9886 12612 42 90984
93 9901 26815 5 35906
94 9988 22854 17 210718
95 10143 14921 98 222500
96 10280 21909 80 407630
97 10349 12061 28 13996
98 10351 21482 122 815498
99 10542 12956 26 27355
100 10565 44888 51 1258050
101 10577 20700 56 381949
102 10613 20711 25 398621
103 10671 18460 19 36948
104 10767 38513 141 1892642
105 10959 27859 73 267644
106 11331 27537 24 314426
107 11415 16060 16 14099
108 11536 13360 145 121444
109 11622 14123 113 212984
110 11987 36873 6 45956
111 11988 18760 72 183427
112 12268 25688 72 402005
113 12384 13158 15 6883
114 12407 16202 127 294409
115 12421 14536 137 171703
116 12443 34805 114 1908312
117 12493 18225 9 13744
118 12538 14332 25 23373
119 12565 15068 18 19795
120 12649 13444 97 44264
121 12663 14500 134 67547
122 12686 16279 134 157532
123 12748 13673 47 14596
124 12799 14429 90 22618
125 12824 17028 31 21052
126 12844 22185 147 942844
127 13018 25064 14 77709
128 13034 17030 38 88167
129 13155 18023 147 248203
130 13240 20974 6 42161
131 13306 27632 23 107084
132 13334 21989 83 457082
133 13439 28059 12 35351
134 13450 16238 111 247170
135 13472 14349 90 16780
136 13476 23272 62 335138
137 13558 45670 147 1651676
138 13647 19027 80 140009
139 13702 39867 28 587863
140 13720 22865 41 133163
141 13824 14946 46 27974
142 13843 23096 5 13046
143 14027 27209 39 414936
144 14083 17656 85 411095
145 14287 20102 57 207021
146 14375 18653 68 387445
147 14488 19419 81 376897
148 14533 22072 10 34993
149 14590 15756 55 23951
150 14610 26456 75 118006
151 14659 19359 124 442339
152 14801 24996 10 68033
153 14813 17788 26 18302
154 15228 29476 8 15023
155 15368 16151 132 110094
156 15428 24176 9 73657
157 15568 36719 29 258257
158 15574 27237 80 242146
159 15702 26369 139 659551
160 15884 18412 145 494384
161 16003 19449 64 69479
162 16212 22704 51 118503
163 16305 20024 110 152496
164 16392 16870 47 19353
165 16514 29134 8 111676
166 16642 21071 11 21822
167 16648 21732 19 44145
168 16686 22301 31 24362
169 16715 18722 8 27559
170 17325 18032 65 28438
171 17636 26127 84 260107
172 17823 20997 142 187607
173 17920 18514 37 4216
174 18057 18487 130 31263
175 18224 20197 29 15941
176 18262 19884 33 20167
177 18693 23802 69 146654
178 18719 20877 76 96913
179 18864 22149 135 222576
180 18958 29424 68 201850
181 19231 23848 66 346881
182 19302 32910 72 912275
183 19496 20929 9 8130
184 19521 19836 39 16004
185 19709 37540 83 781759
186 19732 22512 86 203309
187 19823 36233 93 499237
188 19829 28222 85 157683
189 20073 27957 38 581755
190 20190 21815 21 4946
191 20199 21868 12 19978
192 20221 23792 42 30782
193 20246 33955 95 312495
194 20282 26620 95 394969
195 20365 22905 82 48006
196 20417 30856 128 1635905
197 20442 25110 142 492615
198 20475 31123 64 198224
199 20550 22389 8 4529
200 20726 27274 48 184587
201 20770 25201 142 84529
202 20832 24261 142 112261
203 20882 31667 59 348446
204 20905 21414 7 1741
205 21131 28212 54 74581
206 21171 24542 55 132785
207 21365 24269 30 138105
208 21547 37317 13 57819
209 21719 22612 16 2534
210 21736 24410 23 44071
211 21797 35109 135 1744811
212 21806 44813 9 114015
213 21819 22068 147 14203
214 21845 26397 55 120737
215 21873 22451 7 2396
216 21938 51781 6 54114
217 22040 43789 80 942154
218 22087 36993 59 221520
219 22184 24925 146 458761
220 22291 49479 101 739991
221 22357 39554 89 570838
222 22480 32815 87 650481
223 22552 26810 17 57627
224 22555 28999 55 112750
225 22776 25382 67 98327
226 22828 24123 23 8281
227 23036 26207 131 95448
228 23101 23281 41 9493
229 23114 28307 6 37552
230 23352 29787 21 110236
231 23371 29599 94 136459
232 23387 36875 24 91521
233 23431 28896 32 57742
234 23478 41809 59 420436
235 23554 26644 25 77940
236 23645 31758 109 361733
237 23906 33991 64 145929
238 23917 40899 42 293709
239 24203 24376 119 5844
240 24217 24731 125 42966
241 24283 34251 39 157363
242 24576 34629 80 261045
243 24624 28185 28 20505
244 24646 29317 15 39150
245 24673 31762 5 8459
246 24836 27340 141 74523
247 25170 27685 4 4658
248 25199 28976 9 14427
249 25203 35257 34 139766
250 25220 26097 106 38919
251 25307 40800 25 49076
252 25353 25431 46 2382
253 25568 30864 32 107863
254 25738 53167 46 202799
255 25758 30877 144 634601
256 25802 35664 69 241516
257 25925 39509 114 520263
258 26096 26996 41 23513
259 26219 28969 91 77530
260 26292 35197 21 75038
261 26557 26895 82 29851
262 26756 31847 57 78796
263 26800 54377 19 169820
264 26845 29559 145 150172
265 26884 37722 64 434837
266 26919 29321 6 4445
267 26933 27757 41 13043
268 26990 28330 134 165520
269 27033 28799 147 174549
270 27077 27952 41 12415
271 27078 27121 101 3493
272 27100 33911 128 126383
273 27314 28462 54 37052
274 27339 44954 25 204945
275 27437 30497 122 207936
276 27773 30621 38 36764
277 27918 38070 108 438323
278 27941 39725 35 78976
279 28035 31857 110 84569
280 28163 57798 14 190552
281 28290 29755 93 121533
282 28361 64842 61 974728
283 28456 29679 93 34256
284 28501 35466 23 92204
285 28610 38553 49 360597
286 28661 57180 16 99710
287 28671 36529 6 10356
288 28781 50853 140 2991276
289 28831 35318 10 55062
290 28832 54728 76 597206
291 29386 55954 137 1026320
292 29576 35538 78 208472
293 29708 56657 32 134491
294 29738 81792 6 133612
295 30286 34062 27 41546
296 30422 33724 129 471110
297 30454 37362 81 227944
298 30506 33153 45 49181
299 30543 31722 87 61899
300 30727 43301 11 76088
301 30738 45414 56 149620
302 30853 39977 135 961110
303 30855 36928 36 58514
304 30937 32791 61 40800
305 31297 43795 110 380096
306 31337 45444 105 1582520
307 31388 33322 5 3431
308 31421 42078 13 74047
309 31438 32244 132 64188
310 31444 40627 139 348712
311 31511 38100 6 33188
312 31825 36882 9 32665
313 31977 34188 118 69356
314 32086 60146 52 363682
315 32110 33240 18 19490
316 32222 50915 50 384661
317 32292 42439 20 36860
318 32297 39131 29 97786
319 32425 36681 96 394183
320 32464 32999 52 24724
321 32493 37287 58 92575
322 32535 34066 42 15912
323 32567 35092 41 26899
324 32576 36196 77 104530
325 32604 33728 9 6945
326 32650 40240 12 57703
327 32726 33820 49 60194
328 32731 34813 48 129902
329 32857 34631 9 16610
330 33032 37566 64 406819
331 33100 34946 39 17113
332 33163 33173 48 566
333 33169 42739 31 49624
334 33520 39804 123 387398
335 33544 55504 16 72844
336 33547 39935 70 407667
337 33704 33783 39 832
338 33710 36586 138 264603
339 33733 39576 30 47251
340 33898 35487 147 194291
341 33918 61225 43 311207
342 34037 36973 48 80238
343 34067 41211 133 318468
344 34086 35101 5 766
345 34289 43915 107 948265
346 34447 51954 11 89898
347 34474 40620 11 24066
348 34498 37658 38 35548
349 34561 73996 47 497457
350 34577 40296 48 200284
351 34808 46399 41 255287
352 34878 83951 122 3753446
353 34936 35083 148 27399
354 35051 59748 11 60803
355 35174 55232 6 47932
356 35233 35997 28 16236
357 35531 49508 79 311749
358 35703 37889 28 30226
359 35781 47089 9 78211
360 35865 45010 18 119569
361 35919 55168 33 254386
362 36061 64059 10 121365
363 36078 39145 111 105397
364 36132 50566 63 305793
365 36293 38945 89 185791
366 36297 44719 38 163336
367 36420 48868 137 287100
368 36446 41564 20 63332
369 36645 41731 19 29894
370 36654 47106 125 1164714
371 36670 50762 20 220683
372 36693 44823 6 12877
373 36715 37953 88 83502
374 36869 50053 149 567578
375 37204 39087 70 59068
376 37207 38056 4 903
377 37234 49842 149 779487
378 37254 48947 10 69415
379 37304 48194 4 25991
380 37409 41785 137 282246
381 37482 38011 54 9118
382 37609 45220 25 159735
383 37610 44400 7 18383
384 37713 40998 103 208867
385 37743 46477 20 53141
386 37841 49286 40 278270
387 37898 38055 7 414
388 38030 40334 25 21943
389 38166 59174 19 206705
390 38179 42206 41 113194
391 38396 45275 99 136567
392 38687 41835 7 18967
393 38705 61667 4 43475
394 38717 40838 30 20689
395 38926 41828 22 11836
396 39036 40162 136 123648
397 39057 49841 28 95587
398 39168 50492 19 254719
399 39295 40350 73 88577
400 39358 42555 106 117106
401 39360 41108 98 20999
402 39369 50886 129 2067048
403 39410 40187 46 15622
404 39427 39729 12 1045
405 39555 49543 20 123944
406 39618 42212 91 302260
407 39632 42404 17 58402
408 39768 44911 63 84850
409 39832 51649 36 177475
410 39875 44319 68 104984
411 39879 54849 42 238153
412 39889 40781 120 110621
413 39963 51909 142 774193
414 39996 43810 81 279395
415 40029 40435 92 25840
416 40387 49446 68 196121
417 40393 57429 9 35515
418 40823 45281 41 59453
419 40846 55741 7 36675
420 41093 47168 147 302400
421 41112 46980 123 161841
422 41274 45284 8 15909
423 41313 41423 34 637
424 41334 42573 6 2846
425 41390 62338 11 165177
426 41490 44952 90 92802
427 41589 53273 9 74975
428 41759 42031 62 13167
429 41776 42374 22 4248
430 41951 46797 21 85476
431 42093 55622 98 285123
432 42125 48670 47 179274
433 42268 75459 98 782304
434 42336 45449 30 57511
435 42371 49371 146 747664
436 42416 46608 87 173298
437 42583 58218 75 569331
438 42609 45103 51 38627
439 42863 48477 93 382785
440 43037 58484 9 28111
441 43171 56097 86 507095
442 43189 49688 31 117311
443 43314 50245 11 68004
444 43587 57420 13 41861
445 43709 48429 71 189448
446 43871 48671 7 29486
447 44278 68783 130 650985
448 44368 50569 52 58891
449 44386 46421 67 165449
450 44467 60629 35 216221
451 44478 45779 126 58145
452 44502 50052 15 31429
453 44517 47623 66 53516
454 44677 58342 80 675232
455 44752 67819 7 52041
456 44800 51744 134 197832
457 44997 65925 50 1417895
458 45105 80183 31 134302
459 45113 58950 33 88728
460 45115 49575 9 27245
461 45328 68117 120 961355
462 45750 48953 9 11608
463 45767 47990 139 105903
464 45794 49972 67 171870
465 45949 49228 9 11071
466 46071 72238 57 360228
467 46332 64696 5 76954
468 46479 51950 46 23812
469 46584 50990 23 77716
470 46647 51451 5 16416
471 46693 53972 58 80022
472 46812 47297 55 41521
473 46830 49211 41 38602
474 46881 69940 8 86210
475 47011 50062 92 44229
476 47033 52584 116 796445
477 47054 49624 114 226580
478 47081 57633 50 62289
479 47183 54432 92 140263
480 47349 51061 127 70410
481 47351 62740 15 108442
482 47470 52736 38 98949
483 47521 69445 147 998402
484 47535 50547 118 257144
485 47636 56517 70 80854
486 47709 49636 36 43274
487 47869 58317 87 314216
488 47892 49730 122 111971
489 47930 48436 28 16072
490 48092 60570 65 538270
491 48123 48184 147 5296
492 48254 55379 48 148927
493 48273 51810 32 66595
494 48344 69972 17 42551
495 48446 51448 31 67495
496 48532 54155 36 119147
497 48642 50251 30 28180
498 48643 55560 7 24159
499 48673 58543 74 263619
500 48724 59041 58 524795
501 49021 49247 145 23551
502 49068 59878 24 62934
503 49257 64997 44 375715
504 49278 52409 11 11697
505 49312 54843 50 71773
506 49392 74587 42 204858
507 49458 61012 82 531202
508 49528 50108 137 26591
509 49558 49796 41 4474
510 49605 52146 71 126458
511 49727 54351 139 152717
512 49731 52774 48 60075
513 49797 50420 141 22835
514 49854 53599 8 44467
515 49896 57458 30 71849
516 49967 58028 92 183356
517 50007 62822 50 386106
518 50020 54586 35 47370
519 50138 60672 34 59757
520 50154 52319 142 217387
521 50164 55429 7 30884
522 50250 56989 4 14410
523 50403 54434 108 222731
524 50460 81998 117 2423989
525 50504 51974 41 45089
526 50524 74089 142 1861353
527 50592 53113 60 24315
528 50595 65342 115 651914
529 50662 58144 93 233929
530 50804 55540 7 15271
531 50852 59234 62 242926
532 50985 53309 87 75813
533 51047 56850 133 305511
534 51072 61797 47 256902
535 51234 67747 86 755166
536 51317 57967 25 80097
537 51379 72034 122 1304567
538 51465 51824 80 8149
539 51470 53374 17 15409
540 51689 54288 124 56596
541 51769 58448 120 236154
542 51784 54866 95 169434
543 52015 54455 95 86282
544 52035 67332 51 406189
545 52051 63366 124 371163
546 52101 61114 40 329312
547 52123 57312 94 328033
548 52133 71579 62 1017143
549 52224 52768 17 18123
550 52238 56141 85 115617
551 52240 73099 15 81779
552 52256 58013 129 295052
553 52333 63715 21 84602
554 52553 63890 139 537614
555 52577 79113 9 117087
556 52644 54714 7 4765
557 52743 53789 39 13094
558 52935 56310 82 191341
559 52943 56334 16 16704
560 53115 56501 118 114073
561 53205 54021 13 20087
562 53238 54948 16 13731
563 53439 53810 130 42188
564 53492 60972 13 9507
565 53615 68909 107 1876350
566 53689 57377 41 53702
567 53784 55372 99 169434
568 54192 66923 35 241202
569 54254 57112 85 166106
570 54321 62895 86 214757
571 54329 54684 135 12800
572 54342 58574 53 84649
573 54386 57901 42 54732
574 54395 65135 46 716925
575 54427 55643 38 27060
576 54521 75587 40 213348
577 54579 57248 147 227267
578 54634 67070 14 107114
579 54717 61552 4 39629
580 54762 56152 99 47889
581 54800 57416 48 45832
582 54858 60482 38 124674
583 54922 67493 147 582371
584 54933 67040 94 471454
585 54964 66562 17 44508
586 54998 55850 9 6502
587 55088 64743 93 443265
588 55135 56356 127 59292
589 55145 60844 139 352714
590 55226 56564 4 3854
591 55297 56367 130 65226
592 55627 65034 51 378741
593 55898 62296 141 397559
594 55931 56974 91 126880
595 55977 63186 73 262032
596 56006 66984 17 88554
597 56151 56806 6 9795
598 56299 69231 40 201480
599 56305 63481 62 107000
600 56336 74582 98 965562
601 56607 73363 78 630029
602 56654 60069 80 256701
603 56678 64946 55 380598
604 56823 66008 62 127022
605 56908 58825 55 47041
606 56953 62367 31 26211
607 57258 73353 76 684459
608 57338 79879 54 763567
609 57339 63350 108 220762
610 57368 57757 149 50823
611 57449 59652 135 108939
612 57474 60454 76 125459
613 57497 63109 124 329066
614 57515 58628 44 30074
615 57555 59884 6 12102
616 57608 87696 14 168072
617 57773 66223 47 222604
618 57828 67289 35 64212
619 57866 63387 75 183281
620 57976 59333 124 136242
621 57984 62467 20 55589
622 58043 67705 131 286638
623 58233 63385 9 43103
624 58356 60223 13 4797
625 58437 61307 77 106682
626 58462 69624 88 330596
627 58486 81089 17 144012
628 58675 59663 76 113182
629 58694 62618 15 25431
630 58758 66932 33 160707
631 58783 71144 72 401985
632 58857 61156 96 89686
633 58858 59023 128 19323
634 58975 62177 60 38724
635 58994 64090 75 150869
636 59016 96727 123 2417798
637 59020 72825 86 489308
638 59021 79415 43 682239
639 59081 87664 54 242468
640 59446 64786 13 34522
641 59793 74226 86 855247
642 59853 61135 11 5854
643 59883 67363 39 59653
644 59965 63428 135 339815
645 59981 64925 124 560678
646 60005 73488 59 204144
647 60114 60568 114 23130
648 60169 68603 12 36050
649 60379 96016 12 171868
650 60605 67792 35 122595
651 60654 80319 67 298960
652 60697 60758 6 738
653 60819 70246 17 143996
654 60846 64420 25 48376
655 60916 61998 92 57739
656 61030 71588 106 1262623
657 61127 67808 22 60234
658 61261 75029 23 108166
659 61265 62867 97 190400
660 61269 61769 24 8135
661 61452 74473 11 66023
662 61504 68758 27 100615
663 61535 70362 108 263202
664 61839 64541 17 13528
665 61953 70865 39 76369
666 62028 66402 11 14027
667 62136 78277 17 339463
668 62289 62313 57 546
669 62311 63101 29 6151
670 62330 64438 132 75196
671 62516 64015 80 125425
672 62548 69780 79 211225
673 62632 64239 45 58320
674 62695 81189 43 335378
675 62699 68998 12 78310
676 62700 72575 68 92395
677 62729 63362 12 3940
678 62762 63765 55 48751
679 62808 71239 110 342226
680 62831 62847 13 211
681 62855 70479 123 156380
682 62869 80124 85 628925
683 63093 73552 115 225846
684 63246 87562 95 723673
685 63321 76021 39 152830
686 63788 68310 21 67587
687 63818 80456 19 27636
688 63826 71479 123 336277
689 64167 65676 147 207656
690 64180 66012 11 7259
691 64281 64545 59 9267
692 64344 76192 68 352268
693 64348 65593 87 96870
694 64442 64808 92 40101
695 64476 75286 27 208187
696 64520 89850 14 310871
697 64777 69576 48 88185
698 65154 65718 22 5352
699 65187 74941 9 23391
700 65259 66669 125 82208
701 65287 82452 110 569398
702 65561 79987 19 201852
703 65577 69598 19 48868
704 65624 75509 135 224528
705 65741 76587 28 61124
706 65837 77679 44 160549
707 65840 70135 20 26601
708 65881 71559 107 139218
709 66006 82194 17 109701
710 66321 75864 124 749533
711 66388 79119 27 55619
712 66399 68355 117 95924
713 66424 72669 62 140587
714 66484 70257 85 176295
715 66500 93776 92 1210550
716 66538 74779 11 30288
717 66547 82786 14 160721
718 66567 68340 44 32438
719 66580 82247 7 13975
720 66842 70336 98 136070
721 66865 74254 136 139228
722 66964 71832 103 578106
723 67186 94881 52 444819
724 67311 75616 45 92838
725 67390 69090 74 63695
726 67424 87912 110 839660
727 67466 70433 6 9174
728 67511 84215 45 179992
729 67522 82111 6 28267
730 67738 77961 85 391253
731 67780 75511 72 136573
732 67793 69422 78 78268
733 68357 69480 10 14049
734 68370 70788 116 92668
735 68415 99258 128 2133126
736 68548 81474 19 79926
737 68621 78770 52 123164
738 68677 69380 73 120446
739 68788 86124 110 374399
740 68789 68967 29 2928
741 68802 69690 14 4419
742 68999 78874 67 354551
743 69034 81660 10 74247
744 69064 80943 135 480552
745 69087 69157 8 467
746 69138 85773 108 1288273
747 69162 75440 71 95458
748 69189 87227 124 380760
749 69221 72696 37 298354
750 69420 69691 57 19992
751 69672 96051 5 23407
752 69787 69998 132 11245
753 69820 79034 109 332148
754 69989 74864 89 337317
755 70003 90079 79 645998
756 70055 70973 73 68176
757 70164 71968 102 121482
758 70228 77639 39 218733
759 70262 80640 148 334224
760 70405 80865 140 999128
761 70471 83626 93 1516815
762 70520 78408 65 437226
763 70534 97938 91 1341851
764 70737 73540 18 14330
765 70870 78882 23 31739
766 70909 71810 101 34438
767 70960 73439 83 64373
768 71221 75933 40 32506
769 71251 72832 15 8138
770 71418 77667 60 169123
771 71524 73865 92 70311
772 71544 79421 118 168847
773 71630 79270 44 143320
774 71662 87260 17 151509
775 71714 72726 9 3091
776 71765 90792 13 202201
777 71791 94278 16 358149
778 72175 75327 56 204363
779 72416 75750 136 122073
780 72506 73346 144 74494
781 72511 75025 7 9040
782 72636 92156 64 387404
783 72736 75592 8 8682
784 72886 78662 5 5499
785 72893 77453 137 483898
786 72964 75761 104 50454
787 73057 79662 52 380145
788 73210 91708 137 1507523
789 73321 78345 15 35829
790 73404 85242 92 262948
791 73405 75495 133 90035
792 73438 90727 67 604591
793 73518 74393 61 45863
794 73746 90933 35 393307
795 73757 80076 111 236275
796 73839 76413 55 61030
797 73840 77502 17 53868
798 73930 93248 63 382055
799 73935 74298 55 9913
800 74036 80543 46 179946
801 74080 80753 5 17977
802 74704 83084 40 63410
803 74715 84171 21 29635
804 74903 80534 80 273305
805 75042 88598 50 166747
806 75296 83169 143 235674
807 75565 79551 145 239071
808 75762 82479 139 393284
809 75787 77459 23 10678
810 75889 81312 64 214786
811 76023 76417 134 60721
812 76043 77129 42 22819
813 76097 79295 41 48761
814 76201 77666 13 11261
815 76395 77023 29 15280
816 76449 93544 39 592816
817 76531 79167 48 55145
818 76555 85654 16 44771
819 76603 84501 26 31821
820 76637 79705 31 50400
821 76735 79159 5 4864
822 76866 94650 35 304253
823 76954 77759 45 10206
824 77019 78727 64 64309
825 77088 82874 23 59208
826 77248 78141 112 29843
827 77286 81742 16 46612
828 77366 83588 142 441537
829 77388 80813 43 123713
830 77464 78875 148 164902
831 77544 77892 31 8931
832 77554 88485 63 593686
833 77758 96859 124 1440771
834 78195 79177 51 20236
835 78224 90704 143 677415
836 78244 81463 35 29494
837 78381 79351 89 22880
838 78571 87740 8 21413
839 78582 80727 37 28554
840 78815 83639 73 307343
841 78960 78991 7 47
842 79014 86487 110 345265
843 79065 80579 30 14008
844 79104 82364 136 207878
845 79148 80069 102 27159
846 79230 81722 113 519130
847 79444 82603 95 209655
848 79560 86531 10 42937
849 79595 82740 48 71409
850 79710 83883 8 17469
851 79886 87974 16 85404
852 79954 84700 52 87859
853 80101 86596 70 249035
854 80130 83541 31 90570
855 80441 85768 16 42277
856 80576 87256 24 34716
857 80662 93108 63 272269
858 80700 81112 80 26860
859 80722 85420 142 201582
860 80754 81627 6 5814
861 80779 87993 5 29860
862 80795 84230 144 85181
863 80809 83576 18 19205
864 81137 90131 116 210759
865 81157 95944 23 193393
866 81167 83182 41 15632
867 81198 81299 43 7025
868 81396 93115 96 1172654
869 81400 81667 42 7911
870 81554 87207 116 86804
871 81598 96105 8 38841
872 81672 82665 5 1520
873 81716 84818 63 58832
874 82174 86876 138 157565
875 82184 87892 25 37423
876 82289 84675 20 21522
877 82449 84756 6 2563
878 82462 83645 16 6523
879 82518 83316 79 46265
880 82564 84349 105 62317
881 82609 85277 92 107458
882 82696 90006 68 415521
883 82730 87030 48 93621
884 82863 92964 81 277093
885 82919 90176 106 431827
886 83032 83635 18 8346
887 83211 89011 5 13103
888 83219 83487 6 718
889 83226 95864 99 467075
890 83241 99997 77 494890
891 83339 93344 79 288530
892 83507 91079 91 172628
893 83564 90626 27 41883
894 83582 95679 101 445428
895 83585 85734 93 139890
896 83657 92029 7 41411
897 83867 84170 94 22555
898 84041 97796 94 582391
899 84129 88307 6 13646
900 84194 99454 149 1522769
901 84205 84798 16 5042
902 84266 85459 57 59121
903 84562 91189 78 217709
904 84880 88925 6 3849
905 84938 87834 77 116108
906 85065 85322 90 11905
907 85280 97411 10 42275
908 85400 85607 41 1690
909 85580 89417 8 14593
910 85666 89032 69 183960
911 85748 92851 94 476708
912 86173 86772 9 1694
913 86212 87841 127 270330
914 86488 94544 34 69662
915 86600 88284 98 130493
916 86627 91187 134 119371
917 86654 92919 37 319485
918 86789 98614 85 483571
919 86827 92729 13 45791
920 86951 87234 84 11446
921 87023 99043 6 21182
922 87284 92713 65 423386
923 87535 92178 71 382909
924 87561 95530 5 5308
925 87600 89708 36 43030
926 87703 87776 83 2017
927 87748 88677 91 23052
928 87794 87828 47 850
929 88113 93548 44 114528
930 88351 98537 17 74781
931 88405 89591 147 93429
932 88457 88801 6 3213
933 88506 93149 49 92768
934 88739 94099 22 46393
935 88775 94879 16 65663
936 88847 90108 149 184166
937 88859 92374 15 60885
938 88922 99083 10 17571
939 89133 89172 7 143
940 89175 97493 92 364650
941 89277 89782 115 32916
942 89316 99497 119 222321
943 89392 93996 5 10342
944 89568 90910 5 1063
945 89576 89622 38 1757
946 90281 91197 4 1412
947 90303 94243 50 347200
948 90471 90562 63 3120
949 90510 91520 38 49216
950 90541 98226 18 85714
951 90554 91980 94 36738
952 90611 94575 70 245933
953 90650 95163 64 179878
954 90715 97565 48 131579
955 91016 99671 71 455499
956 91356 97086 124 282284
957 91359 93924 14 12513
958 91494 96143 4 12487
959 91789 93222 7 2831
960 92082 94832 79 101690
961 92175 94214 62 58794
962 92266 93974 72 47724
963 92475 93379 62 75646
964 92797 95576 40 234228
965 92812 98797 35 108106
966 92884 95242 135 137378
967 92940 95222 62 85144
968 92999 93254 14 772
969 93093 94212 51 23525
970 93124 97249 76 85421
971 93179 97874 98 217969
972 93365 93555 35 2313
973 93475 94676 7 9087
974 93618 94426 63 44606
975 93714 99687 99 341235
976 93814 97528 10 21649
977 93825 96024 79 71155
978 93872 96406 57 71057
979 94779 96568 77 109905
980 94912 97244 35 39826
981 94915 98472 76 54911
982 95075 96199 5 5053
983 95087 96217 108 29766
984 95516 95912 123 12096
985 95567 96296 18 11802
986 95771 97178 120 92365
987 96474 99839 71 175839
988 96513 98952 72 60591
989 96716 99506 16 11956
990 96897 98445 106 88068
991 97001 99080 76 36786
992 97202 97306 56 2176
993 97233 99027 18 10333
994 97479 99974 62 36334
995 97714 99452 75 42703
996 98269 99610 140 163884
997 98670 99075 64 25292
998 99721 99803 54 2412
999 99778 99924 148 29196
