50 1000 0.051
.............###......#...........................
..............###..#.###..........................
............####..######..........................
.............###...###............................
.........#........######..........................
.........#...#..#######...........................
.........######....###............................
..........#..##...####............................
..............#.######............................
..............#..#.#.#............................
..........#..#.......##...........................
.......#..#.###...................................
......###.######...........#......................
........#######...........###.....................
........#.####...........####.....................
...........#.............#####....................
.........####.#.........########..................
.......#.####.#......######.##....................
.....############......#.####.....................
.....##..########......######.....................
.......######.#.......#.#####.....................
.......#.#.#####.....########.....................
...........#.........##########...................
.......................#.#.####...................
........................##...#...##..........#####
.........................#..##...##..........#####
........................##...##..#...........####.
........................###########..........#####
.........................#########.............###
..............#...........#########............###
#............###.#........######..............####
#..##........##..#........#######.....#.........##
####.......#######..#......######...####.........#
###.........##########.......####..####...........
######........###.............##.#######..........
#########.......##.............########...........
####...#........................#####.#...........
.##............................#####..##..........
..#............................#.##...............
......###......................##.#...............
.......###........................................
......###...........................#.............
........###.........................#.............
.......#####........................##.##.........
.......##.###...#...................##.###........
......######....####.##............#######.###....
.......####.....##..###.............#..#####......
.......###.....#######.................#######....
......##.##....#######...................#####....
......##.#...#####.#......................###.....
0 12 2345 137 69607
1 97 31002 72 244929
2 322 7350 30 70200
3 397 4286 10 24231
4 451 5777 9 37674
5 504 1151 131 83240
6 531 576 32 1121
7 558 2555 23 20658
8 650 1220 101 28726
9 813 1377 107 25107
10 815 7678 79 806622
11 895 7459 40 65669
12 905 15610 130 719551
13 980 14633 17 69531
14 1077 5183 136 146730
15 1126 2075 42 15135
16 1131 17356 112 1492432
17 1152 28161 92 1283634
18 1237 11620 32 200443
19 1256 4942 32 142274
20 1287 9913 49 408353
21 1329 10416 99 401390
22 1413 11811 31 80277
23 1435 3076 35 52856
24 1486 5060 18 20041
25 1561 6840 108 163000
26 1596 13668 17 35628
27 1672 4400 32 59227
28 1783 6183 114 156639
29 1789 5835 111 82168
30 1834 9496 88 210309
31 1845 7261 33 66464
32 2007 7237 110 215906
33 2029 5829 52 51362
34 2186 2298 139 11335
35 2431 3714 115 86128
36 2486 10780 72 352331
37 2496 7080 56 114656
38 2647 14854 110 480973
39 2765 6205 144 168018
40 2767 8800 64 203607
41 3121 10949 20 53432
42 3138 6476 84 98544
43 3142 6481 26 52237
44 3156 9593 117 377690
45 3172 4753 81 45485
46 3190 5450 15 10345
47 3282 15235 129 358453
48 3290 5585 69 62760
49 3297 4764 89 42281
50 3395 4406 50 27181
51 3435 7554 68 41668
52 3743 20172 86 1323766
53 3768 3985 88 13271
54 3785 4484 135 15924
55 3890 4435 139 21601
56 4022 10346 77 298745
57 4201 8894 39 59847
58 4232 6877 95 139487
59 4247 10336 128 227712
60 4273 10714 5 10627
61 4309 5050 8 4599
62 4387 5779 113 76787
63 4391 6498 75 70159
64 4466 15048 5 26646
65 4591 13353 49 197130
66 4694 5603 127 20680
67 4699 6624 29 13885
68 4864 16156 51 149412
69 4990 5091 112 9415
70 5208 12759 14 28973
71 5268 9653 25 26154
72 5375 5796 20 4166
73 5401 5457 100 5238
74 5437 5850 138 17326
75 5816 7938 146 145194
76 5853 7284 102 97345
77 5993 8710 85 174952
78 6047 11351 27 83419
79 6064 11985 21 61952
80 6156 20096 54 356753
81 6261 13210 131 589383
82 6314 6567 48 6574
83 6361 10409 19 20661
84 6369 8276 73 27221
85 6496 10766 140 131440
86 6668 12566 136 359713
87 6713 19151 134 1103827
88 6790 26711 14 98748
89 6855 15862 11 64588
90 7024 9417 61 143091
91 7038 26171 40 351979
92 7085 7736 76 27979
93 7131 10388 8 9188
94 7195 32457 45 259803
95 7223 20448 73 521960
96 7228 8997 86 45590
97 7317 13818 106 374192
98 7326 17581 38 150713
99 7445 21548 23 143641
100 7488 14293 21 29857
101 7608 10232 106 142801
102 7738 9167 27 16198
103 7841 7949 4 189
104 7868 16058 106 293980
105 7935 24313 33 323682
106 7936 12447 57 135406
107 7950 16533 28 127073
108 8004 12290 18 63571
109 8091 10541 32 27259
110 8128 16034 15 29787
111 8226 23320 11 55671
112 8297 13109 49 587354
113 8357 29853 20 147545
114 8477 11438 74 117167
115 8595 15181 43 155525
116 8908 26771 21 79340
117 8941 13824 12 23361
118 9104 18012 73 435642
119 9187 27529 5 30295
120 9398 11034 92 129996
121 9475 13239 82 158874
122 9568 14057 65 98340
123 9702 19066 38 194078
124 9706 24512 34 237337
125 9721 20879 57 414367
126 9778 18996 33 61609
127 9902 34181 11 109337
128 9932 13088 16 28826
129 10170 14557 18 32432
130 10223 13523 24 41194
131 10324 13216 138 221795
132 10328 10457 6 202
133 10396 23709 57 326420
134 10514 12196 8 6973
135 10558 11844 12 4575
136 10570 12818 93 115288
137 10591 18142 48 262472
138 10614 10622 75 794
139 10646 22747 128 1295715
140 10726 17019 131 168846
141 10923 26958 62 222038
142 11003 12205 22 7135
143 11005 20453 19 65163
144 11309 21691 116 953202
145 11402 18507 67 227892
146 11428 27883 16 93849
147 11491 20162 8 27758
148 11510 12762 107 84432
149 11515 24045 27 156774
150 11705 14403 21 9232
151 11768 27812 139 567030
152 11783 12934 23 6460
153 11877 17264 48 136806
154 11944 14534 17 7433
155 11949 17728 142 422542
156 12052 19029 46 149175
157 12176 13209 38 30251
158 12295 22259 24 191963
159 12489 13880 87 71774
160 12562 33462 12 42283
161 12656 18539 11 31077
162 12776 30346 27 266945
163 12796 24651 53 262028
164 12812 15757 96 208359
165 12960 18769 15 24139
166 13039 13256 19 1443
167 13135 15238 23 7829
168 13490 19505 37 57360
169 13838 15278 48 37153
170 13851 32569 81 318610
171 13986 15275 51 67781
172 14090 16706 83 416163
173 14231 18390 65 164397
174 14483 23179 137 198185
175 14577 15435 15 3701
176 14601 16982 106 229608
177 14606 19863 7 17390
178 14612 25444 55 294194
179 14638 19985 9 32078
180 14774 15108 117 45183
181 14971 17524 18 13474
182 14988 15983 34 30384
183 15079 26687 42 172004
184 15439 20646 57 97551
185 15533 18797 115 40468
186 15737 22464 12 17203
187 15883 17701 77 67186
188 15949 18474 61 55021
189 16170 22490 40 100732
190 16233 17971 97 128118
191 16383 22276 54 369797
192 16453 23521 93 351032
193 16488 21794 129 366813
194 16731 24435 77 331922
195 16776 17744 142 76296
196 16777 21434 21 81711
197 16839 19224 13 15921
198 16871 18673 8 7190
199 16882 18065 73 30375
200 17006 20750 48 55431
201 17022 17434 116 24415
202 17176 23019 137 408936
203 17180 20960 28 40955
204 17368 20650 5 15173
205 17415 24058 49 206400
206 17436 22114 42 48534
207 17464 35887 82 337696
208 17564 19814 81 113127
209 17634 21326 12 18790
210 17669 19100 26 18178
211 17725 22949 30 216764
212 17970 22079 10 35719
213 18000 27862 42 199549
214 18055 21459 22 35936
215 18108 23018 74 143669
216 18152 46912 75 1148917
217 18327 22448 125 66783
218 18429 23985 68 269808
219 18468 18963 8 2352
220 18560 29094 54 239489
221 18634 19394 24 4852
222 18663 25331 83 181681
223 18798 20422 42 45208
224 18823 19117 135 16528
225 18940 26364 16 123557
226 18984 19713 41 20250
227 19047 22887 144 314329
228 19069 27519 24 109495
229 19129 20356 13 8199
230 19401 37761 78 735857
231 19444 42120 54 245373
232 19575 24112 29 58124
233 19886 20853 63 56103
234 20015 24877 5 32048
235 20043 27902 148 932412
236 20083 37723 17 235682
237 20153 41559 72 160312
238 20385 28860 143 1377882
239 20481 31360 13 87227
240 20616 32940 97 585903
241 21087 23642 43 43933
242 21120 28284 28 143566
243 21129 24737 32 25900
244 21271 48236 9 83641
245 21300 23912 24 22514
246 21341 22945 7 5415
247 21485 24519 33 65164
248 21519 24745 30 38432
249 21671 30960 48 254659
250 21772 32122 39 246266
251 22116 26120 69 106330
252 22149 29010 62 231541
253 22156 35609 43 278956
254 22160 30527 57 382678
255 22237 24186 27 9417
256 22423 26275 64 116274
257 22612 25164 6 3090
258 22802 33625 40 218515
259 22805 31160 60 103902
260 22809 23907 130 77336
261 22836 29170 51 58116
262 22991 27626 6 10020
263 23043 29166 13 28197
264 23173 28687 139 200960
265 23217 24024 72 46650
266 23269 25990 128 164987
267 23329 27677 6 15744
268 23514 24718 37 31354
269 23548 25631 4 8877
270 23641 27697 57 104127
271 23722 42879 107 1388365
272 23749 32760 38 42920
273 23776 33171 62 435494
274 24048 32369 36 57650
275 24091 28853 136 141535
276 24206 28841 80 342103
277 24222 24819 8 2167
278 24252 32364 36 86245
279 24355 26486 21 28906
280 24416 31883 124 646276
281 24505 41522 112 626253
282 24525 26491 144 99906
283 24814 31026 99 220050
284 24821 29396 140 664946
285 24847 25231 39 5324
286 24931 34605 114 322898
287 24996 39042 36 203441
288 25056 26490 72 132996
289 25077 29452 30 39802
290 25225 32865 27 67504
291 25397 26219 80 39131
292 25450 29175 31 25521
293 25793 26951 20 17107
294 25873 36352 140 446916
295 26004 28129 129 77433
296 26079 30847 66 92648
297 26474 27755 82 49648
298 26688 27933 61 20987
299 26702 45607 106 706351
300 26725 35131 8 59776
301 26772 33084 4 14901
302 27034 27596 55 22176
303 27047 46812 38 365449
304 27077 34111 43 177861
305 27245 27940 40 12018
306 27292 31784 83 195587
307 27306 27584 65 6532
308 27366 32393 49 139876
309 27416 44042 15 62352
310 27476 32080 85 109568
311 27477 27716 98 14285
312 27562 33721 22 32086
313 27665 33584 18 34548
314 27725 27844 18 1887
315 27783 38854 37 151119
316 27811 29283 150 81284
317 27842 43638 14 58673
318 27847 28632 11 3634
319 27922 30452 117 273450
320 27937 28569 87 46542
321 28085 31441 47 77515
322 28143 62822 7 38649
323 28264 29045 24 12487
324 28342 34931 79 268762
325 28458 29996 53 11579
326 28472 39827 6 21452
327 28531 30924 26 42238
328 28594 56572 55 758281
329 28846 30017 117 72171
330 28940 36806 138 310252
331 28956 33967 60 62547
332 28985 31085 81 128811
333 29255 33050 72 53871
334 29290 36780 5 8897
335 29370 39408 4 10659
336 29376 35576 68 382916
337 29743 34874 135 228354
338 29990 34080 31 59152
339 30125 31925 102 47639
340 30341 31079 25 14172
341 30487 42132 49 310919
342 30523 37386 5 22968
343 30528 40051 146 502083
344 30617 41737 17 96567
345 30705 38738 60 191575
346 30742 33357 65 117741
347 30745 34753 6 19332
348 30770 35217 17 47326
349 30934 35693 34 57123
350 30998 33973 110 208699
351 31001 32405 48 22425
352 31004 39621 67 317660
353 31053 40905 94 175629
354 31064 37175 117 139645
355 31301 36541 6 4625
356 31356 50656 84 759900
357 31734 32458 135 46176
358 31737 35845 39 51994
359 32089 36653 48 57620
360 32127 36576 13 25104
361 32289 33205 32 20842
362 32446 38538 119 169033
363 32489 47620 12 71451
364 32534 34236 38 13615
365 32732 83319 51 1333686
366 32878 43334 6 24191
367 32902 39429 25 28970
368 33110 37173 16 15987
369 33219 37787 10 16953
370 33495 43459 134 697473
371 33538 38856 97 333789
372 33713 57963 82 778711
373 33727 41124 122 192499
374 33773 35773 12 28989
375 33783 54136 108 331211
376 33793 34775 30 19493
377 33809 39173 23 34358
378 33826 47675 28 171029
379 33958 50364 64 1304176
380 33971 36550 52 70828
381 33981 35697 67 32576
382 34002 51267 8 47994
383 34032 40337 21 64915
384 34072 45550 17 58451
385 34521 40792 104 269182
386 34556 42768 73 97816
387 34575 34918 70 14534
388 34766 55717 123 2020804
389 34894 61609 64 1362168
390 34899 39974 77 113720
391 34987 40697 29 54394
392 34989 42988 20 21667
393 35030 36324 15 8187
394 35221 37298 137 137791
395 35300 36309 49 27730
396 35344 64060 94 1962659
397 35371 51007 121 609256
398 35421 36891 13 25759
399 35513 37815 80 197754
400 35541 41900 11 84698
401 35756 43431 27 172729
402 36004 47148 81 223971
403 36024 41697 45 99641
404 36027 39334 84 125263
405 36157 36479 131 16794
406 36326 37758 6 8223
407 36444 45862 33 123577
408 36523 54957 39 314235
409 36566 44860 47 198333
410 36567 38431 65 33313
411 36633 46599 55 83888
412 36661 42959 4 20202
413 36800 48592 16 104437
414 36821 45888 148 676627
415 36868 56013 31 206921
416 36897 38871 54 69354
417 36910 41893 81 52741
418 36983 43740 14 56971
419 36998 39696 11 24437
420 37189 47488 30 98863
421 37218 38804 28 17095
422 37275 43595 26 64590
423 37366 53660 75 667980
424 37431 42334 140 150367
425 37445 40130 6 7930
426 37476 39190 6 4015
427 37569 41979 5 28179
428 38191 42932 24 107098
429 38507 38602 30 682
430 38693 44977 37 94811
431 38714 46226 6 11648
432 38909 42635 93 116719
433 38960 52011 4 23574
434 39033 44346 117 172231
435 39057 46349 8 37534
436 39188 41935 118 250482
437 39215 54391 93 651618
438 39443 53665 71 634870
439 39650 50826 44 814508
440 39947 52418 128 1087002
441 40193 45461 30 66800
442 40228 47258 101 433513
443 40249 42354 15 4044
444 40353 48313 86 167524
445 40532 45877 64 64788
446 40557 48407 141 372524
447 40699 45187 5 10634
448 40733 42786 7 13144
449 40823 50994 10 34776
450 40864 41405 95 8059
451 41147 57503 144 534811
452 41172 45011 19 34103
453 41280 45599 100 279002
454 41293 42091 21 9912
455 41450 48473 5 18710
456 41499 43105 49 40436
457 41560 44795 35 51591
458 41698 49305 25 44048
459 41705 60743 62 203233
460 41766 44575 32 42541
461 41778 47474 145 1226924
462 41924 51430 106 378213
463 42062 50805 103 379241
464 42135 43770 112 95606
465 42140 48568 44 57477
466 42146 43650 60 33735
467 42163 46363 29 125149
468 42280 42882 114 55185
469 42438 55932 106 529493
470 42806 43614 132 49893
471 42819 48711 144 338147
472 43093 61697 115 366439
473 43135 57694 91 176849
474 43332 44399 10 5790
475 43366 77024 133 392226
476 43409 56756 10 40330
477 43510 44287 30 14568
478 43861 44665 15 9225
479 43881 46952 26 41584
480 43895 48462 14 46391
481 43914 50903 40 186804
482 44010 48237 76 192121
483 44019 48670 49 103221
484 44021 48041 16 14502
485 44118 46485 110 106194
486 44267 51811 43 346007
487 44367 48739 36 74435
488 44407 49289 7 28648
489 44589 47787 56 78780
490 44629 47251 100 68314
491 44755 45270 81 10860
492 45010 45036 4 81
493 45101 45150 126 2768
494 45142 48806 139 298785
495 45255 53342 83 418260
496 45281 60675 5 88636
497 45293 45518 45 4714
498 45355 59103 106 635474
499 45378 46614 13 6432
500 45511 47337 15 13412
501 45541 48015 98 111792
502 45784 47913 5 6006
503 45974 50238 10 10613
504 45976 65576 89 408946
505 46195 54255 4 8188
506 46358 52181 147 191220
507 46401 46798 131 34023
508 46489 47950 38 30823
509 46578 47597 119 57412
510 46950 61300 70 219917
511 47065 51711 7 32281
512 47134 59859 13 35995
513 47235 47997 36 16093
514 47518 66373 5 57092
515 47619 53580 7 32454
516 47639 55466 88 329387
517 47827 65396 107 789661
518 47832 53507 37 106160
519 47932 50106 10 15047
520 47956 48157 79 24445
521 48099 59130 88 293814
522 48269 54162 56 97023
523 48312 70841 115 979808
524 48411 50741 41 43130
525 48692 64373 106 720620
526 48738 51125 57 61555
527 48870 56932 81 92217
528 48959 49156 28 3081
529 49027 59274 20 37809
530 49251 56921 46 108621
531 49475 58665 90 319691
532 49675 60889 7 35755
533 49830 52487 132 484458
534 49845 54227 128 165247
535 49873 52052 93 57602
536 49986 52733 42 33037
537 50079 56388 49 201501
538 50116 50825 43 16751
539 50129 52679 123 188693
540 50393 58002 59 228100
541 50414 55492 128 129443
542 50419 58711 33 125577
543 50523 60596 9 20973
544 50581 58635 31 154383
545 50586 63424 103 1637844
546 50596 53437 125 153180
547 50712 51539 28 8261
548 50834 54459 12 18273
549 50846 51392 28 3994
550 50884 57552 12 27573
551 50923 52399 132 60102
552 50964 54156 27 12219
553 51008 52136 114 30364
554 51079 56888 92 201428
555 51098 59647 31 550464
556 51116 63041 30 71967
557 51343 52473 41 38345
558 51404 65142 113 1262697
559 51444 54492 28 46714
560 51654 53458 44 20202
561 51837 52019 54 6879
562 51977 57817 22 51884
563 51999 63806 22 65115
564 52188 53077 5 4509
565 52394 55801 21 27382
566 52476 52496 23 403
567 52519 53770 28 27092
568 52591 58849 13 33363
569 52604 52657 7 134
570 52694 64471 124 230308
571 52760 57936 12 6828
572 52837 67891 4 19429
573 53058 70626 40 281900
574 53191 54135 21 13906
575 53253 54509 29 20280
576 53326 84006 25 445383
577 53358 64507 77 231120
578 53360 55271 126 158571
579 53465 60911 6 10224
580 53735 69468 9 53423
581 53947 62281 7 15428
582 53958 55124 5 2234
583 54038 54392 45 7223
584 54157 67295 66 534055
585 54164 62879 111 285454
586 54371 55095 7 6135
587 54652 56826 48 58068
588 54860 60106 88 189331
589 55009 64733 25 46343
590 55014 67625 5 32292
591 55205 64461 29 51568
592 55238 58666 34 56430
593 55248 58574 25 33760
594 55321 56053 149 67608
595 55421 67543 85 952153
596 55463 61867 127 385751
597 55559 59407 30 30424
598 56029 61476 18 45436
599 56046 64102 57 100115
600 56057 57907 128 104360
601 56069 66008 69 519508
602 56130 65228 34 71712
603 56218 60683 5 6193
604 56414 60659 7 17392
605 56814 73707 122 526784
606 56822 70742 65 568316
607 56939 61243 35 26253
608 56954 58024 42 20465
609 57041 66508 18 119827
610 57138 69359 32 133835
611 57210 82729 31 1001591
612 57234 62326 71 204479
613 57266 57607 22 3856
614 57287 67992 142 463076
615 57301 66287 8 28389
616 57355 67783 11 42910
617 57403 60178 5 7698
618 57528 62493 143 159712
619 57556 59717 21 10106
620 57698 62196 17 33449
621 57855 59141 61 35511
622 57906 59596 18 18526
623 58039 73880 93 896993
624 58050 61461 78 44869
625 58094 69837 27 113191
626 58113 67723 142 489066
627 58145 75758 23 142271
628 58163 65589 61 151636
629 58195 88535 110 1037206
630 58231 62944 85 246096
631 58289 61984 10 10387
632 58385 61221 139 77038
633 58499 67037 8 40831
634 58532 62824 10 14065
635 58877 62477 40 26493
636 58989 70028 89 370856
637 59067 63147 16 12913
638 59079 76326 6 23507
639 59298 64248 37 53631
640 59356 60172 76 118277
641 59418 68572 92 122870
642 59563 70590 33 129008
643 59579 60327 11 4157
644 59688 61299 29 17397
645 59767 63186 49 85171
646 59973 61041 4 4812
647 60251 61424 51 7387
648 60408 65277 39 106951
649 60507 60785 51 11386
650 60538 63066 7 8757
651 60591 85321 88 482835
652 60638 63417 117 100244
653 60677 63855 116 112612
654 60980 61935 140 65537
655 61016 69257 83 127195
656 61077 61769 37 8977
657 61207 73738 118 773949
658 61226 61339 89 5978
659 61494 64346 126 123516
660 61603 61999 49 31827
661 61624 65822 37 67204
662 61797 92382 90 849606
663 61931 66446 27 44304
664 61955 62173 69 9701
665 62065 67508 95 279724
666 62176 65878 34 33237
667 62197 67556 44 240104
668 62238 68131 19 51194
669 62304 63876 44 44897
670 62336 64109 106 75711
671 62385 71681 86 359782
672 62423 76773 42 133706
673 62444 66492 67 61224
674 62458 64484 83 219238
675 62463 64817 12 34797
676 62466 72219 116 315614
677 62478 68885 38 97072
678 62569 62886 119 49381
679 62593 68690 13 67692
680 62620 68471 40 122930
681 62673 65067 34 52399
682 62771 75694 145 553828
683 62906 64431 143 98837
684 63031 63740 6 1996
685 63082 63602 96 72474
686 63223 67797 48 32145
687 63425 64904 50 14175
688 63587 64032 34 14135
689 63688 67042 65 29799
690 63780 67003 10 5000
691 63833 65259 68 48672
692 63847 67038 47 68119
693 64045 69079 43 81785
694 64083 78030 9 52918
695 64126 66075 32 15152
696 64129 72346 107 324997
697 64157 69856 115 878276
698 64177 64824 147 42956
699 64202 65792 14 12387
700 64210 65632 109 37873
701 64220 68596 139 305642
702 64384 68160 110 163487
703 64392 69309 17 35116
704 64777 64899 114 11932
705 64892 69481 92 81886
706 64903 65385 132 26951
707 64986 71619 10 23379
708 65029 69089 14 13022
709 65033 75430 47 197121
710 65139 66435 14 14655
711 65253 77006 54 294786
712 65289 68855 30 25929
713 65310 66427 22 6622
714 65330 66748 15 16048
715 65520 68851 134 426371
716 65573 66875 16 15292
717 65593 67949 107 220127
718 65595 65773 127 13251
719 65679 65761 30 1010
720 65714 68031 8 5885
721 65814 72189 135 282739
722 65851 66062 116 9066
723 65857 73920 82 302003
724 66063 79399 16 62812
725 66248 83008 59 109969
726 66640 70457 29 23183
727 66662 68254 6 2907
728 66758 69021 65 53710
729 66847 77610 26 66161
730 66870 71428 66 130503
731 66940 74066 40 164320
732 66987 68331 40 27571
733 66990 72479 58 183894
734 67009 67478 142 67259
735 67195 75667 36 123868
736 67249 70490 17 20651
737 67271 80464 148 541518
738 67377 72797 77 213115
739 67443 69874 69 103610
740 67601 79252 57 172761
741 67682 71612 52 71471
742 67842 82441 129 1045646
743 68167 74498 17 29987
744 68263 68297 136 3389
745 68299 70340 108 182219
746 68354 74664 80 329929
747 68372 70408 143 232696
748 68399 71424 36 60235
749 68501 77928 104 557664
750 68646 87550 34 147197
751 68722 70290 15 21363
752 68741 69013 6 1177
753 68879 78118 44 151999
754 69049 86354 22 156161
755 69269 93163 34 421448
756 69441 71134 94 85334
757 69522 88865 125 630451
758 69531 71511 64 55841
759 69716 72325 86 32950
760 69733 85760 8 57601
761 70211 74562 60 167880
762 70292 74579 59 89262
763 70331 71025 58 36269
764 70335 73265 97 79750
765 70452 73170 44 64306
766 70510 75281 37 91487
767 70565 70703 53 689
768 70577 72381 53 53542
769 70677 84577 64 232325
770 70777 73987 28 31510
771 70957 77414 5 6824
772 71057 72252 77 38124
773 71222 72806 28 37655
774 71467 77879 123 129386
775 71501 72254 52 34564
776 71543 80540 22 89179
777 71617 74434 43 38655
778 71637 75503 69 98110
779 71860 72972 108 46066
780 71926 72236 28 5878
781 71938 86029 70 1394154
782 71962 73101 99 257006
783 72009 73999 67 194588
784 72017 86877 51 146656
785 72091 75412 77 51069
786 72221 79172 77 254063
787 72249 75861 36 42507
788 72295 76998 41 97758
789 72377 75384 100 177439
790 72485 86480 143 774346
791 72566 73119 117 22090
792 72575 73020 64 12045
793 72620 75960 5 19536
794 72812 79772 62 327762
795 72882 83071 107 484781
796 72892 79013 4 6093
797 72902 80201 23 55795
798 73186 75731 13 40933
799 73190 78527 40 94647
800 73267 83015 5 33654
801 73626 77216 53 89030
802 73689 77036 10 10651
803 73986 79341 71 92697
804 74071 74140 42 2902
805 74143 76237 145 89966
806 74187 77581 80 265148
807 74190 74873 15 5706
808 74293 75961 10 8309
809 74432 76995 54 33647
810 74620 76804 135 73068
811 74940 76200 19 15695
812 74998 80172 42 158175
813 75019 79118 29 34434
814 75029 75481 39 20502
815 75175 75609 131 23193
816 75183 76447 91 50425
817 75352 85113 148 644829
818 75762 83794 40 108860
819 75823 81108 9 36060
820 75895 83748 26 92818
821 76077 76271 52 17346
822 76255 76408 29 2734
823 76261 80021 95 101455
824 76492 82302 42 230539
825 76563 81964 126 333577
826 76620 81684 56 43823
827 76733 83050 43 227915
828 76757 80340 128 86035
829 76860 92704 17 110461
830 76924 80869 20 33390
831 76977 87563 21 204579
832 77022 79775 57 46168
833 77176 83135 87 218961
834 77297 89476 127 984947
835 77462 81106 37 62453
836 77469 85384 90 346152
837 77713 84740 27 111329
838 77831 99847 44 84444
839 77847 78064 65 12229
840 78002 86697 28 60527
841 78405 80567 29 19033
842 78450 80816 35 36964
843 78668 79214 19 6464
844 78745 78900 83 9871
845 78780 81137 16 14916
846 78794 94337 10 71718
847 78819 84091 50 81455
848 79079 83477 86 243325
849 79204 85595 48 154702
850 79253 80802 41 15027
851 79256 83039 97 210009
852 79387 85989 7 13351
853 79423 80641 113 298251
854 79472 80138 35 11279
855 79812 83263 98 118885
856 79884 88621 8 33876
857 79956 80220 24 2020
858 79967 80805 4 881
859 80272 86845 32 70210
860 80501 82929 99 163884
861 80624 90210 44 144691
862 80685 90830 65 127688
863 80795 88517 73 378283
864 80906 98331 86 775090
865 80909 81679 59 6932
866 80935 81448 73 16108
867 81010 99752 8 74357
868 81080 81283 11 1521
869 81161 82966 121 165733
870 81234 87240 52 149591
871 81304 94432 145 1781165
872 81565 95377 82 305088
873 81678 92897 22 50847
874 81727 93417 71 479301
875 81915 83333 44 17344
876 81932 82128 88 15681
877 81950 83422 32 25749
878 82006 84303 20 16376
879 82173 93648 148 834851
880 82242 91310 104 407545
881 82278 87509 64 93990
882 82386 83181 124 72249
883 82418 82526 50 1439
884 83047 83216 8 1824
885 83049 84356 80 69586
886 83070 91000 59 64482
887 83279 83557 26 5758
888 83298 86033 20 24597
889 83371 94203 15 89640
890 83407 83593 114 25852
891 83492 84060 13 5687
892 83541 86520 75 48009
893 83586 85223 63 35988
894 84007 86006 107 104380
895 84083 92496 69 422585
896 84098 91804 142 782249
897 84123 84993 14 11741
898 84240 91746 105 507346
899 84287 86974 11 15773
900 84368 84727 108 14368
901 84386 90251 145 65778
902 84412 85377 144 93479
903 84463 94078 110 504287
904 84481 85400 140 115939
905 84579 97111 89 466810
906 84661 92378 89 234215
907 84754 88161 45 51846
908 84819 89876 43 318647
909 84863 92558 46 81632
910 84975 93374 20 105885
911 85106 91652 70 151013
912 85240 89573 50 71129
913 85367 86876 100 47063
914 85432 93667 19 161213
915 85477 86753 70 65547
916 85515 87908 100 46953
917 85550 92398 70 172141
918 85558 95650 141 151528
919 85732 87996 70 93865
920 85793 91420 41 127577
921 85813 90211 5 10257
922 85843 88980 68 65298
923 85912 91192 105 289459
924 85969 96234 105 451151
925 86001 91248 72 202543
926 86513 86605 69 13799
927 86531 86950 12 1912
928 86631 91949 76 230660
929 86682 87406 148 53709
930 86926 96350 6 15537
931 87118 93481 11 15764
932 87127 94406 8 11755
933 87234 90112 135 238067
934 87235 88957 14 8796
935 87374 89075 94 106692
936 87449 93355 68 209672
937 87610 94273 66 101359
938 87662 88035 19 7514
939 87679 91578 25 65561
940 87762 89174 65 46696
941 88043 89320 14 6832
942 88733 93858 85 311669
943 88746 89224 112 28603
944 89137 96228 144 603352
945 89704 92810 10 41436
946 89961 90342 36 2793
947 90058 97581 46 209352
948 90078 99564 7 20408
949 90148 95127 107 305907
950 90166 99613 149 425451
951 90274 95489 104 105927
952 90458 92552 5 3849
953 90479 95646 41 177275
954 90550 94681 107 143240
955 90646 96060 128 138416
956 90693 91340 133 10693
957 90842 91459 22 10306
958 90944 99708 111 553447
959 91255 91438 94 10553
960 91452 96081 120 384590
961 91516 96150 44 101844
962 91950 93232 62 33915
963 92196 97831 103 331417
964 92443 97299 28 29103
965 92606 95138 77 122040
966 92684 94803 51 50035
967 92829 93122 121 32813
968 92848 99779 48 140507
969 93048 94325 99 42137
970 93066 93812 116 59404
971 93234 94490 50 27555
972 93263 93397 106 8447
973 93384 93935 85 16726
974 93499 94264 26 16056
975 93792 96669 46 123610
976 93911 95205 16 12643
977 94381 99787 9 12220
978 94648 99989 19 47900
979 94720 95129 121 43779
980 95062 95998 35 25941
981 95280 97084 125 90612
982 95285 97979 4 6513
983 95294 97653 110 112560
984 95570 98422 47 43740
985 95665 97544 37 48307
986 95775 99825 144 214870
987 95851 96299 120 35413
988 96095 98130 150 55705
989 96271 99189 133 216220
990 96327 97105 140 120620
991 96441 99329 10 7113
992 96817 96840 129 1261
993 97019 98058 15 6124
994 97225 98589 74 106872
995 97364 98774 77 28929
996 97799 98971 79 54731
997 97899 99040 11 30687
998 98947 99421 47 10291
999 99898 99959 120 2294
