50 1000 0.086
.............##...###..########...................
...........###.....##.##########..................
............####...###.#########..................
.........######.####.##########...................
........#######..##############...................
........##.########################...............
.........#########################................
..........#####.###########.#######...............
.............###########.#######.##...............
...........##.#######.#.#####.#..##...............
............#.###############.....................
...........########.###....#......................
..........###############.........................
.......###.############...........................
.......##.################........................
........###.#########.#######.....................
........#########.###.####.....#..................
........#.######.###..####.....######.............
....#.##########.......#.#....###.##..............
....############.......#.####.####.##.............
...##############.......#.######..##..............
......########.##......##########.###.............
.....#######..#.#.....################.##.........
......#.#####.##......#.########.#######..........
......###########.....##################..........
......##.##..#.#....#..##########.####............
.......###...#......##################............
...................##.################............
....................###############.#.............
....................##.#######.#.#................
.......................#.###########..............
......................###########.#...............
.......................##.#####...................
..........................#.#####.................
..........................#.#..#..................
..................................................
..................................................
...................##.............................
..................#####...........................
..................#####.....#.....................
.................######..##.###...................
................########.##.#.....................
.................#############....................
................#######.#.###.....................
..............#..#.####.###.......................
.............############.###.....................
.............#.##.##########......................
.................###########......................
................###########.#.....................
.................#.##########.....................
0 147 4695 141 562780
1 271 9898 10 45761
2 352 5057 11 23037
3 357 10919 7 31759
4 384 911 131 77320
5 468 17928 7 35774
6 504 45558 55 1508605
7 523 2734 14 5566
8 594 5555 97 158716
9 670 7877 16 27149
10 818 7276 76 94340
11 912 3306 34 109573
12 972 2194 101 30684
13 1081 7673 45 63810
14 1140 22278 141 229808
15 1233 8859 79 212205
16 1241 10641 130 729652
17 1323 5125 147 185964
18 1348 1642 132 8823
19 1559 20200 21 178411
20 1583 21218 137 1029489
21 1629 9887 33 86486
22 1710 2370 135 15221
23 1735 15876 73 176196
24 1962 8414 57 348061
25 1985 5860 18 23784
26 2080 2428 65 9706
27 2093 2842 59 24080
28 2118 13361 7 16137
29 2319 6912 147 389297
30 2707 8560 9 14521
31 3102 11908 122 254660
32 3228 4404 113 95179
33 3264 14988 33 910477
34 3432 4642 51 14754
35 3663 13363 83 122364
36 3903 7210 9 30647
37 3923 4220 104 15358
38 3979 16330 7 55813
39 4014 8346 43 171803
40 4179 4431 51 9649
41 4192 8111 85 108538
42 4226 8538 94 113114
43 4359 8868 72 101394
44 4454 19347 54 270050
45 4455 15576 45 568700
46 4576 15754 70 277988
47 4728 8266 12 19564
48 4807 5528 118 71671
49 4880 12633 51 220725
50 5025 15635 59 116466
51 5126 14299 28 46571
52 5154 13534 8 27893
53 5205 15048 10 84508
54 5212 5835 36 14994
55 5219 5343 52 14215
56 5226 16958 116 327822
57 5273 6520 128 51553
58 5370 7576 66 81181
59 5389 11603 6 14871
60 5420 10549 29 63556
61 5628 6648 15 6781
62 5664 15663 23 74751
63 5883 11301 137 217336
64 5948 23687 53 384555
65 6203 14704 124 868850
66 6768 16446 68 497464
67 6776 15532 78 327186
68 6797 6934 141 6837
69 6860 12103 7 4687
70 6876 7709 21 6903
71 6935 8179 21 17553
72 7008 16689 42 581258
73 7063 12217 7 13637
74 7198 9953 82 246946
75 7211 8489 89 38188
76 7255 27349 17 72915
77 7304 9197 124 60000
78 7406 12791 5 26067
79 7683 11549 42 87658
80 7783 11605 15 16969
81 7811 20545 144 519360
82 7864 8553 5 1641
83 7868 11095 14 58620
84 8198 9707 128 76254
85 8397 27197 9 108630
86 8428 9421 58 24561
87 8455 9942 89 136922
88 8485 10189 8 2683
89 8664 21050 100 459661
90 8777 10976 61 172700
91 8817 28645 71 158390
92 8858 20225 57 139149
93 8883 15445 31 66977
94 8885 9657 69 44446
95 8926 9205 109 9702
96 8961 11361 38 51516
97 9066 9122 126 4513
98 9077 11306 100 151509
99 9251 11997 102 202701
100 9258 12418 149 126215
101 9442 26329 76 1018043
102 9648 12606 40 119719
103 9760 28619 42 252109
104 9775 23974 33 144362
105 10016 12337 124 219735
106 10021 17808 20 49334
107 10046 17368 13 54329
108 10049 10740 21 8990
109 10201 14495 119 231302
110 10289 12265 134 132689
111 10314 26890 15 32232
112 10332 15158 140 85429
113 10766 25641 103 1528983
114 10798 23672 41 264087
115 10829 22540 149 760564
116 11040 24687 47 163355
117 11407 11873 85 12961
118 11544 12170 105 25992
119 11644 12704 83 77838
120 11762 16901 141 140872
121 11864 23735 47 412339
122 12098 42666 107 1752166
123 12212 24210 61 107915
124 12234 13738 58 30079
125 12251 13990 16 24251
126 12459 22973 112 282743
127 12462 25659 18 79580
128 12685 19035 15 13887
129 12695 13068 66 7194
130 12824 15306 65 58730
131 12855 31949 6 62978
132 13062 22264 16 50588
133 13074 22389 96 237813
134 13337 17208 90 247636
135 13657 23489 29 79337
136 13694 24500 67 568211
137 13867 23542 142 1230057
138 13912 14699 69 42270
139 13920 15960 13 12836
140 14093 37236 133 1972224
141 14227 27075 123 664585
142 14390 20523 9 48086
143 14511 21264 67 143469
144 14584 14937 6 1080
145 14810 18152 147 658345
146 14882 18658 105 138276
147 15101 20281 89 296477
148 15315 21316 16 35777
149 15362 18106 81 204099
150 15582 23792 109 278142
151 15607 30467 60 695994
152 15676 22342 72 195348
153 15708 16482 8 4450
154 15720 16381 6 2463
155 15819 16315 92 7277
156 15862 20917 4 6740
157 15918 16742 6 1706
158 15938 16872 39 31909
159 15951 16306 49 6911
160 16080 24631 77 216763
161 16084 23253 14 30672
162 16253 21592 4 5705
163 16275 17608 45 49774
164 16466 18329 24 11827
165 16498 17538 130 75448
166 16518 29882 46 236936
167 16535 20128 73 171626
168 16703 19372 52 19237
169 16884 21808 140 330094
170 16907 21163 74 102452
171 16978 17220 53 8828
172 17040 18798 36 21518
173 17124 24787 29 88282
174 17148 26927 113 391555
175 17152 18993 4 2268
176 17153 21947 6 7801
177 17275 18473 65 8697
178 17306 23190 31 103431
179 17554 20629 82 147205
180 17560 23630 11 25133
181 17713 28627 119 724322
182 17795 39778 5 91517
183 17868 18737 35 41760
184 17894 21760 39 119917
185 17995 50328 56 637749
186 18141 40120 40 487760
187 18346 35303 119 704855
188 18411 23328 34 42556
189 18423 34275 4 14690
190 18425 32085 77 608446
191 18509 22956 70 169011
192 18565 56775 141 9222461
193 18752 20002 75 42165
194 18829 23957 44 79744
195 18942 26134 60 225355
196 19228 20521 34 48986
197 19235 36037 7 58540
198 19236 31815 88 446613
199 19255 37058 82 366229
200 19271 33207 129 415166
201 19365 20915 64 66854
202 19509 22689 19 14216
203 19690 22353 79 76532
204 19930 24618 98 198792
205 20014 32793 60 169837
206 20211 21635 101 41987
207 20212 20991 114 42580
208 20399 29417 101 288843
209 20474 22176 122 387958
210 20596 34370 41 168156
211 20702 21735 38 14389
212 20848 25591 35 71310
213 20914 29424 48 177117
214 21083 31579 5 8752
215 21090 24541 118 91063
216 21122 26019 34 61426
217 21220 30222 69 195228
218 21452 28837 10 50053
219 21622 31477 121 232517
220 21885 22003 31 3670
221 21922 32405 144 522785
222 22071 25709 92 177002
223 22186 26040 10 61176
224 22233 23160 102 106259
225 22376 23756 84 51266
226 22422 44309 65 247034
227 22451 32272 14 38312
228 22521 22565 144 2653
229 22746 29509 10 27895
230 22846 30395 26 115144
231 22857 28063 5 9403
232 22874 23779 33 22359
233 23021 28670 7 27885
234 23027 24647 46 56356
235 23192 24086 28 15032
236 23261 56154 124 1290719
237 23274 26857 75 89277
238 23534 32396 47 496710
239 23782 42642 89 2028409
240 23875 27561 117 482706
241 23883 27365 7 44546
242 24123 24674 17 4935
243 24248 26137 89 26147
244 24440 28473 17 20677
245 24549 27252 114 178434
246 24637 28059 114 109932
247 24931 32614 36 82121
248 24985 35884 50 195567
249 25005 25386 67 6026
250 25155 25977 51 70932
251 25167 35168 8 56149
252 25191 36496 123 358588
253 25531 41031 16 48017
254 25559 26564 141 92470
255 25648 27145 77 56402
256 25662 29260 65 85135
257 25877 38858 36 297540
258 26182 42475 56 437213
259 26214 31672 31 72903
260 26452 33411 141 261861
261 26455 27497 14 6974
262 26493 48525 19 145689
263 26638 28289 31 11143
264 26676 32698 16 30055
265 26731 28096 49 19374
266 26771 31748 18 73428
267 26850 27838 28 6250
268 26944 33016 30 126065
269 27181 30319 27 95393
270 27309 29240 13 8190
271 27333 28828 129 131835
272 27504 36599 42 102844
273 27568 31516 43 49658
274 27705 32130 116 213622
275 27756 37494 41 343760
276 27766 33222 78 173119
277 27783 31629 61 182581
278 27813 30142 57 43411
279 27855 29302 70 32531
280 27866 28742 129 61399
281 27874 32492 20 30750
282 28136 29901 46 33726
283 28278 31237 11 14827
284 28338 37937 46 124206
285 28355 32874 66 331145
286 28447 36737 55 471651
287 28464 47866 139 1203020
288 28588 36384 49 99132
289 28605 47471 25 237192
290 28606 33352 58 81097
291 28770 29361 98 30463
292 28826 46129 55 382733
293 28870 30604 58 47245
294 28993 41515 9 56078
295 29023 36175 8 30750
296 29034 50627 103 975750
297 29188 30388 65 38920
298 29267 54158 121 3781218
299 29315 31813 16 12262
300 29346 33535 86 87404
301 29379 38934 104 131489
302 29644 31641 22 10638
303 29655 35144 119 169362
304 29700 29711 102 1979
305 29904 39026 8 36254
306 29920 38924 88 173842
307 29938 34012 113 531150
308 30019 33508 68 123267
309 30036 30286 142 20412
310 30098 36770 44 48382
311 30232 35443 137 306025
312 30300 41890 125 316067
313 30500 35311 5 13555
314 30545 32369 60 44861
315 30583 45284 130 567509
316 30589 31390 24 5536
317 30744 31761 16 11624
318 30787 41987 122 302485
319 30983 42136 25 87903
320 31137 36890 45 220971
321 31262 38230 108 428216
322 31298 39060 116 509957
323 31442 32229 47 22470
324 31557 44568 74 312056
325 31691 35059 10 17887
326 31879 63175 7 185208
327 31955 45214 116 810445
328 32226 36445 4 10136
329 32270 38947 6 21242
330 32302 33268 116 18385
331 32346 54250 14 113027
332 32711 33641 16 2457
333 32718 44872 9 78352
334 32724 39618 31 118928
335 32734 38690 87 882459
336 32737 33274 60 18842
337 32771 35405 69 57989
338 32889 37821 107 384466
339 32947 39131 10 16844
340 33092 36923 95 164181
341 33128 37429 4 5584
342 33183 43561 5 21846
343 33231 41776 5 15603
344 33233 33763 69 26420
345 33239 34589 12 5818
346 33423 44922 45 128944
347 33430 42531 44 120914
348 33485 34507 40 18521
349 33527 39339 100 428909
350 33532 48349 147 401071
351 33797 66080 56 479599
352 33961 44202 100 667056
353 34238 45670 96 206033
354 34324 35546 40 25102
355 34371 39958 58 224492
356 34411 36362 105 65726
357 34592 64739 6 103589
358 34619 47817 120 341844
359 34649 35128 126 38538
360 34681 48621 8 15472
361 34705 38788 67 84562
362 34815 35204 124 28090
363 35061 41868 97 215231
364 35160 47169 38 319723
365 35164 41994 40 205144
366 35213 45579 28 111040
367 35505 73026 39 319646
368 35567 45309 42 321625
369 35616 52194 121 530701
370 35971 49986 8 57692
371 36188 44963 28 113662
372 36436 42614 77 960472
373 36454 41010 5 6791
374 36662 49426 19 65922
375 36768 40077 10 15836
376 36826 42244 53 74508
377 36849 41104 115 231240
378 36998 44950 104 265281
379 37096 39069 103 95551
380 37127 43272 95 139556
381 37192 37377 7 975
382 37383 47172 101 557886
383 37427 41069 23 23601
384 37439 39896 28 23072
385 37449 59452 100 360163
386 37473 46226 49 84698
387 37488 39201 42 45700
388 37493 39003 8 6846
389 37501 43414 55 104744
390 37538 39779 28 23734
391 37677 41968 82 119470
392 37732 41636 19 29986
393 37780 61152 5 85031
394 37833 41110 12 21864
395 37846 43501 42 188330
396 38041 48380 6 4878
397 38054 44697 148 343164
398 38079 44019 101 389116
399 38135 43095 94 87186
400 38234 45115 17 74228
401 38342 60928 5 26013
402 38357 39662 12 10189
403 38836 39677 44 17145
404 38968 42079 24 33865
405 39184 40068 122 40608
406 39284 40115 112 36110
407 39499 41306 144 79394
408 39500 51916 8 50722
409 39714 45994 136 319316
410 39996 63339 36 179439
411 40000 43105 7 10286
412 40288 45756 145 253993
413 40296 50625 6 17791
414 40320 41118 7 3217
415 40411 50454 54 271840
416 40427 41457 23 7648
417 40555 41342 57 21514
418 40612 47228 19 20826
419 40730 43278 16 23224
420 40846 47777 37 213636
421 40926 58436 67 413330
422 41161 46853 18 65017
423 41253 58239 96 809374
424 41335 46050 66 67113
425 41354 43080 92 62858
426 41362 41647 39 6423
427 41506 50442 5 25397
428 41522 57504 23 161147
429 41742 49505 20 101681
430 41808 45383 6 12604
431 41879 47146 119 564310
432 41961 42148 7 284
433 42015 42190 13 1052
434 42099 50830 53 198351
435 42220 47094 67 163402
436 42228 45513 44 87415
437 42271 49724 25 40183
438 42285 61608 86 473043
439 42327 48703 26 85772
440 42595 52343 16 80657
441 42629 44090 70 17290
442 42929 45805 5 3955
443 42962 47335 130 93559
444 42982 47518 30 67716
445 43039 49759 144 231972
446 43057 52248 125 393652
447 43109 47608 65 50985
448 43132 48622 36 48175
449 43182 43960 37 14992
450 43243 46971 46 289488
451 43280 51069 25 92155
452 43385 45266 135 204133
453 43499 44790 62 21121
454 43546 47623 59 66751
455 43593 56977 25 91964
456 43599 43974 41 8401
457 43664 48971 40 103530
458 43812 58224 19 63226
459 43860 51623 53 97810
460 43966 45525 122 166047
461 44030 51137 133 1347058
462 44143 55097 137 351191
463 44228 47124 23 18089
464 44268 56719 67 686609
465 44407 50550 105 511052
466 44571 47658 24 40177
467 44596 45933 89 76397
468 44704 53778 12 45566
469 44730 51101 75 127641
470 44764 46114 49 30889
471 44783 58077 100 391255
472 44813 48788 133 153283
473 44818 45817 96 66781
474 44866 52958 140 666504
475 44893 52169 94 421012
476 44992 45191 30 4115
477 45286 46354 37 43657
478 45455 47210 138 155599
479 45464 52792 14 58821
480 45518 46167 26 10021
481 45744 45953 73 2093
482 45771 46686 20 4432
483 45811 58261 99 183227
484 45831 64211 84 1060721
485 45911 51126 28 16684
486 46062 50888 103 284700
487 46068 47779 6 6246
488 46215 47690 68 65583
489 46363 48758 71 74393
490 46379 54046 73 167589
491 46444 51104 6 23448
492 46457 53100 10 57591
493 46596 56515 19 62208
494 46673 46856 19 4933
495 46743 52017 18 42982
496 46816 49697 86 81313
497 46938 47363 23 9446
498 46944 49414 27 14952
499 47051 53017 27 125668
500 47305 52280 131 233196
501 47327 50620 59 54641
502 47346 51501 81 351309
503 47391 62213 128 1175872
504 47431 50851 15 21262
505 47440 70478 11 291053
506 47589 61025 150 1056241
507 47702 57290 110 224151
508 47960 51777 32 75041
509 47963 51378 55 35044
510 48064 65308 34 188775
511 48213 72139 22 503167
512 48317 50931 8 4221
513 48384 56366 74 162800
514 48386 55572 85 305222
515 48462 52514 130 119898
516 48490 50509 53 77238
517 48559 48655 74 5987
518 48587 51466 39 13529
519 48588 49485 91 36865
520 48641 50985 110 130285
521 48689 53418 23 25166
522 48712 50583 111 42165
523 48737 54599 130 559777
524 48754 53764 104 277125
525 48855 59731 99 421969
526 48981 54358 80 161248
527 49028 51305 119 114127
528 49220 56144 122 312044
529 49358 61191 87 398714
530 49479 52419 40 53239
531 49512 49618 83 2385
532 49863 53739 112 195184
533 49945 57497 17 65758
534 49979 51569 71 34662
535 50007 53996 25 43253
536 50074 83050 56 578900
537 50116 51262 68 65147
538 50135 61404 18 71613
539 50140 53596 11 29748
540 50241 53114 148 176208
541 50264 67246 83 863599
542 50419 60993 73 213670
543 50422 50501 100 9638
544 50452 76375 11 155663
545 50492 59728 76 368942
546 50679 52092 102 101684
547 50701 53799 5 7163
548 50751 50900 88 8621
549 50796 55936 16 20885
550 50838 55325 34 53008
551 50862 54062 116 438618
552 50896 58179 116 293318
553 51312 52251 83 63684
554 51480 66195 93 477456
555 51516 53287 9 12547
556 51607 76102 143 1200621
557 51741 58955 34 37371
558 51746 57735 62 202333
559 51772 62127 84 164425
560 51880 54002 70 113625
561 51915 63708 77 283141
562 51978 59599 134 434310
563 52070 57709 91 272278
564 52361 67171 6 40944
565 52429 58748 27 46129
566 52496 66474 132 2563479
567 52665 58215 48 146922
568 52711 54219 137 54923
569 52805 55608 29 27001
570 52866 54840 12 10005
571 53112 53174 8 150
572 53139 54343 4 688
573 53365 59808 54 282117
574 53567 56382 99 76448
575 53597 64138 30 181185
576 53625 56935 100 334716
577 53706 56501 20 28815
578 53734 61382 87 229372
579 53747 61386 134 928448
580 54033 59175 46 110052
581 54215 54716 36 9913
582 54917 76714 61 292738
583 54933 58811 66 96219
584 54955 61647 40 107205
585 54964 56039 11 5768
586 55136 68796 123 840656
587 55209 63459 56 136460
588 55248 59421 23 33979
589 55329 55806 140 75909
590 55462 61324 138 192025
591 55525 68836 5 34746
592 55556 60763 127 176218
593 55566 62305 96 336318
594 55926 56053 16 1909
595 56161 70610 45 377793
596 56259 58666 147 359858
597 56433 59079 10 17603
598 56444 61079 42 69250
599 56582 60722 96 145039
600 56784 57352 130 19173
601 56996 58677 37 31847
602 57144 61293 143 175416
603 57219 72309 82 554738
604 57246 58983 56 68738
605 57262 91187 97 834171
606 57476 63480 105 119107
607 57529 60556 129 212349
608 57623 58949 147 67485
609 57693 59667 59 72859
610 57756 59019 120 65410
611 57819 75247 48 732752
612 58028 65982 6 14565
613 58112 59240 119 40659
614 58388 64463 33 150683
615 58574 60143 91 21828
616 58585 68143 31 86970
617 58602 63615 23 63345
618 58624 73022 60 375951
619 58671 60628 40 20564
620 58722 63084 8 17886
621 58875 61991 45 27899
622 58878 65446 9 17567
623 58925 67323 45 257942
624 58928 62382 16 20501
625 58976 61367 10 26451
626 59233 59529 31 4039
627 59289 70401 124 500260
628 59315 59349 119 2735
629 59441 94810 50 379944
630 59507 64482 13 29550
631 59544 59923 12 1299
632 59740 61553 21 12149
633 59815 60294 32 9647
634 59838 78385 61 294968
635 59875 64497 37 44749
636 60108 67344 16 162522
637 60154 66407 57 296698
638 60262 65374 135 460277
639 60292 61267 89 50942
640 60305 63512 41 111888
641 60314 61159 91 37680
642 60723 66311 77 76772
643 60735 65897 11 16536
644 61047 62656 46 15577
645 61068 61290 123 23560
646 61088 64742 134 228184
647 61110 61289 74 4184
648 61462 67081 97 175461
649 61502 77059 9 33310
650 61507 66458 142 310598
651 61555 90460 21 243515
652 61642 66156 97 329787
653 61670 65659 125 131137
654 61715 68981 18 32800
655 62205 87413 10 32672
656 62475 65156 26 22733
657 62534 62536 96 452
658 62591 66974 36 49255
659 62659 67962 26 42215
660 62760 79642 46 194391
661 62782 63303 7 1232
662 63145 65559 43 31898
663 63163 63249 18 1312
664 63379 69390 101 381437
665 63381 78037 14 81862
666 63395 72358 120 333304
667 63446 63628 24 3955
668 63510 65164 85 48416
669 63536 64946 34 15124
670 63582 65023 33 17512
671 63586 75907 149 742993
672 63770 64190 61 19917
673 63803 64964 75 81362
674 64043 64968 136 87808
675 64054 91968 134 1266017
676 64151 64529 12 1619
677 64298 66767 20 29308
678 64322 74809 37 61154
679 64452 67088 23 68331
680 64530 65267 121 35936
681 65193 68217 5 11514
682 65265 67146 44 74694
683 65270 77833 79 506750
684 65333 66339 143 57847
685 65354 69415 126 282293
686 65356 67328 34 25228
687 65481 69625 87 150093
688 65484 68514 76 75057
689 65600 67488 30 32392
690 65611 68631 28 39632
691 65677 68238 17 37310
692 65727 74180 7 14720
693 65766 66266 51 8595
694 65949 68105 132 124381
695 66002 70066 5 15485
696 66026 66910 51 43440
697 66146 73097 35 93606
698 66168 70097 20 25362
699 66336 67178 11 7568
700 66425 68213 136 121286
701 66444 68379 62 40337
702 66453 67537 18 5951
703 66521 68258 53 43967
704 66560 67089 32 3882
705 66875 69362 84 151652
706 66883 74880 61 357837
707 66886 77427 49 219504
708 66914 78312 24 79040
709 67059 74474 11 26546
710 67061 69551 7 5577
711 67072 83682 25 55249
712 67277 74314 5 27529
713 67290 69346 76 87448
714 67335 68532 16 6422
715 67539 72800 21 77798
716 67709 67973 112 28837
717 67757 70479 43 33892
718 67886 69184 119 136647
719 68032 71319 141 231350
720 68138 70540 60 125861
721 68211 83156 38 160876
722 68297 71329 127 316387
723 68320 72146 8 18041
724 68822 72718 100 101848
725 68907 90109 48 1143504
726 68910 72654 98 246481
727 69012 79943 22 104593
728 69068 72997 72 187599
729 69167 73407 106 191956
730 69339 73323 73 151373
731 69579 71537 84 67496
732 69747 71300 26 32910
733 69910 71748 112 149767
734 70091 77006 88 134149
735 70121 74036 136 243252
736 70179 99827 125 913281
737 70217 70992 105 17752
738 70218 71092 8 2313
739 70222 88777 111 1834357
740 70251 70772 59 15310
741 70413 73052 130 238439
742 70451 76402 56 124650
743 70571 72300 67 60593
744 70583 73981 8 31210
745 70589 72516 110 63265
746 70601 77063 8 9343
747 70696 76637 80 156089
748 70953 72600 41 40811
749 71212 71958 67 90212
750 71238 89905 12 17470
751 71326 76680 52 98816
752 71346 71417 99 4799
753 71495 73040 41 66016
754 71506 73540 121 153052
755 71524 76179 12 11224
756 71645 78969 44 80401
757 71659 73400 66 26450
758 71685 75809 5 16020
759 71743 78169 37 198621
760 71953 72482 125 40811
761 71997 76462 38 32221
762 72108 73912 20 15753
763 72138 77432 55 130529
764 72239 73803 108 42581
765 72242 78172 125 96135
766 72352 72417 30 890
767 72515 79353 14 37296
768 72560 77363 140 225395
769 72591 83519 28 195728
770 72597 76723 9 24470
771 72669 72715 9 578
772 72748 73802 124 118930
773 72783 79242 21 58275
774 72839 86860 126 390455
775 72854 83211 120 532423
776 72871 77825 130 435316
777 72987 84520 17 68358
778 73081 82234 31 855657
779 73186 73886 25 15169
780 73219 82667 21 258511
781 73427 78391 7 9339
782 73462 85829 55 791959
783 73580 78814 25 57363
784 73717 76756 43 43815
785 73822 76864 128 368183
786 73834 76129 72 65265
787 73855 74906 146 61499
788 73978 75574 103 78798
789 74102 77839 53 59883
790 74670 77711 27 50807
791 74721 78915 64 71879
792 74843 77648 27 25718
793 74949 82674 54 312736
794 75028 85632 22 117651
795 75074 85287 21 230978
796 75155 80533 94 86236
797 75341 78462 121 192544
798 75353 85681 36 173406
799 75359 79769 54 90347
800 75465 89053 49 254079
801 75632 78568 116 157278
802 75669 75838 29 2647
803 75728 79542 45 130741
804 75761 79812 15 49255
805 75793 79187 132 195193
806 75873 78299 87 67645
807 75999 78851 100 172864
808 76216 80958 39 114662
809 76240 79177 78 149905
810 76283 89413 51 125854
811 76325 85457 39 106794
812 76401 79176 17 28042
813 76616 83733 86 135819
814 77054 84102 43 69525
815 77076 82359 23 22069
816 77250 85024 7 110450
817 77303 91559 48 64911
818 77333 80376 31 27961
819 77492 83983 30 81199
820 77621 77878 36 9861
821 77628 94719 109 404364
822 77630 82687 23 21315
823 77686 82471 6 12840
824 77802 81557 9 37740
825 77821 99623 147 1255627
826 77995 86270 20 67577
827 78003 84657 108 150976
828 78236 81184 91 119888
829 78269 81492 57 170443
830 78470 79132 65 16024
831 78530 82222 57 168350
832 78668 80466 33 57413
833 78798 85435 62 53556
834 79021 84760 125 585748
835 79115 87182 49 162033
836 79225 80747 4 3014
837 79338 85081 135 244179
838 79369 86927 55 122410
839 79423 80247 56 33588
840 79524 91040 45 158722
841 79527 93806 8 27871
842 79575 82644 7 11860
843 79649 81163 34 28766
844 79713 83004 118 411116
845 79719 91515 11 51898
846 79820 83365 50 209353
847 80000 80761 82 103818
848 80238 87398 49 247281
849 80314 85436 43 196190
850 80424 80583 143 7290
851 80529 91339 6 44877
852 80568 84139 12 19792
853 80586 84354 41 165598
854 80648 91414 7 39159
855 80794 87633 13 24431
856 80821 81653 140 52480
857 80904 82774 42 39393
858 80985 84800 39 51281
859 81050 81624 96 27318
860 81104 99970 121 1272415
861 81153 82280 18 8981
862 81198 89016 129 381562
863 81338 88333 53 174478
864 81362 84273 58 259120
865 81389 84997 30 35397
866 81437 91630 56 260522
867 81462 83700 28 31166
868 81646 86046 110 577639
869 82284 86383 16 34660
870 82342 96077 49 315788
871 82352 86768 14 15029
872 82375 86498 127 328399
873 82401 85513 30 68965
874 82451 87449 51 99980
875 82542 86334 132 336494
876 82566 85870 66 108486
877 82609 82844 36 1285
878 82634 85038 86 242043
879 82676 90881 11 304391
880 82741 84450 6 9050
881 82795 83805 19 3734
882 82858 82937 138 8427
883 82990 88711 24 39032
884 83320 94836 45 387978
885 83366 86416 106 296102
886 83450 93458 31 61459
887 83568 92332 103 817135
888 83626 97392 91 1326125
889 83635 83766 85 13461
890 83762 92942 60 140748
891 83883 90316 114 164401
892 83999 87605 89 99558
893 84103 88990 16 36011
894 84456 86784 100 349275
895 84619 86627 67 56854
896 84697 88130 61 66939
897 84919 86834 129 178991
898 84933 85501 50 36857
899 84961 86429 57 101878
900 85291 98714 36 210778
901 85372 94641 5 13481
902 85433 93213 63 228604
903 85475 88728 7 4434
904 85526 98686 53 242074
905 85553 88365 74 136730
906 85580 91441 45 173518
907 85596 90640 4 12861
908 85668 93587 137 1019772
909 85720 92212 18 107334
910 85789 89117 16 20729
911 85819 90142 9 8232
912 85887 93409 15 74365
913 85936 92963 54 122312
914 85990 88258 105 198540
915 86060 87220 116 29380
916 86112 97938 92 289928
917 86243 87147 118 66342
918 86433 89702 30 65477
919 86442 89567 120 94619
920 86448 97559 17 79672
921 86521 86874 147 43649
922 86678 96192 29 194317
923 86688 87970 58 14183
924 86819 90470 57 76799
925 87188 92723 107 129738
926 87511 94557 64 191676
927 87512 92530 15 24521
928 87539 94601 11 45876
929 87592 90848 93 92225
930 87726 89070 79 34012
931 87729 90003 137 66035
932 87834 87985 45 3745
933 87905 87992 46 5133
934 88122 89442 40 16637
935 88160 88273 12 945
936 88305 89253 145 65191
937 88394 91935 83 107223
938 88494 91171 83 71831
939 88513 94103 33 467233
940 88577 89479 18 6634
941 88933 91090 4 6733
942 89550 90880 6 5307
943 89590 99155 14 37595
944 89704 90921 20 18327
945 89750 95154 40 106329
946 89906 96483 26 51877
947 89971 97647 13 56542
948 90005 92889 33 27150
949 90197 93748 20 37792
950 90468 91945 109 178652
951 90721 91888 44 40779
952 90758 91043 5 1097
953 90926 93663 6 4916
954 90969 91707 85 77826
955 91119 96789 35 44934
956 91172 97257 67 463486
957 91179 97384 114 242494
958 91622 92765 22 15046
959 91723 97619 116 284849
960 91733 96210 122 293088
961 91747 98344 121 115992
962 91932 94551 15 13100
963 91979 94033 88 53212
964 91988 92945 15 4167
965 92171 96617 45 60928
966 92237 94130 88 52030
967 92437 92892 66 22062
968 92678 93932 63 19261
969 92709 93060 39 5535
970 92830 93171 136 27192
971 92957 98586 5 6208
972 92992 96929 13 12383
973 93001 96288 71 125420
974 93041 95888 5 5554
975 93231 94645 20 15357
976 93282 94387 57 16186
977 93317 96307 25 140417
978 93769 99904 54 49539
979 93917 94232 35 7428
980 93989 96145 44 43434
981 94169 94488 8 418
982 94846 96945 50 50790
983 95145 97524 80 37304
984 95223 97294 148 83188
985 95410 96086 26 8506
986 95684 97330 100 29812
987 95742 99906 31 79307
988 96394 96424 61 1833
989 96465 97253 125 39011
990 97105 99490 31 45742
991 97136 98123 121 81834
992 97184 98830 44 23277
993 97213 98063 49 27388
994 97446 97872 102 9755
995 98007 98059 20 674
996 98218 99961 8 12292
997 98707 99875 13 13203
998 98778 99654 4 1456
999 98852 99357 112 20473
