50 1000 0.033
.....................###.##..#....................
......................###.#.##....................
.....................######.####..................
...............#....#####.#.##....................
..............###...######.##.#...................
..............####..###.########..................
..........#########..########.#...................
..........##.##########.########..................
...........######################.................
...........#######################................
..........##.###################.#................
.........######################..#................
............##################....................
...........##.################....................
.........######################...................
.........##...###############.#...................
..........######################..................
............###################...................
............######.#############..................
...........################.##.#..................
.............###########.###.#....................
............################......................
............####..#########.......................
............#.#########.##........................
.............########.###.........................
.............#######.#####..#.....................
............############.#####....................
..........##############...#.#.#..................
.........##############.#########.................
........###.#####################.................
........#..#.####################.................
..........########################................
.........##..####################.................
........######################.#..................
......##########################..................
..........#############.#########.................
..........##.###########.#.####.##................
..........#..############.####....................
.............#..######.##.###.#...................
..............#####.#####..####...................
.............####...######...##...................
.............###.....##.#..###....................
.....................###..........................
..................................................
..................................................
..................................................
..................................................
..................................................
..................................................
..................................................
0 73 11971 111 585490
1 109 6914 64 114718
2 170 1670 10 3903
3 243 4254 16 25923
4 248 11349 58 300310
5 463 1547 56 12245
6 509 16360 6 26153
7 525 1433 72 44094
8 538 6346 94 361648
9 574 10888 109 814988
10 670 2800 24 11406
11 742 2233 23 17749
12 931 2706 12 8622
13 938 19656 33 96833
14 957 1492 6 1190
15 980 1069 77 3282
16 1132 11455 37 114126
17 1145 1880 78 118370
18 1532 18631 85 324081
19 1580 4494 95 149173
20 1603 7981 4 5219
21 1779 8440 11 32491
22 1826 2247 137 21835
23 1967 3888 99 232462
24 2070 3498 78 103967
25 2231 20366 24 402494
26 2252 6270 9 33121
27 2259 25646 12 103188
28 2452 6503 11 30531
29 2613 3492 126 58484
30 2805 4894 63 55781
31 2810 5035 65 67200
32 2855 11232 22 120009
33 2884 4028 55 20054
34 2932 13861 47 286438
35 2948 2993 79 1135
36 3041 4427 103 104201
37 3055 11780 84 672007
38 3104 10312 7 26065
39 3131 27060 71 811720
40 3292 9733 99 100622
41 3330 11002 37 47156
42 3472 14073 76 484886
43 3536 4787 30 21920
44 3655 4013 104 49220
45 3773 4562 106 116155
46 3780 4700 107 158335
47 3790 10064 58 167016
48 4014 5769 11 16768
49 4173 8492 13 54353
50 4441 14739 79 439848
51 4545 10416 19 46375
52 4600 24544 61 324529
53 4758 8615 9 25530
54 4883 11739 130 174717
55 4977 7974 68 116127
56 5149 11682 74 293902
57 5171 10740 66 97397
58 5232 10915 78 183260
59 5339 17688 142 1287494
60 5346 12134 134 162917
61 5487 7718 121 180708
62 5536 10984 30 125131
63 5584 8754 41 53705
64 5659 11062 27 66221
65 5671 7927 134 248687
66 5704 18648 4 38275
67 5720 18614 64 404137
68 5776 6609 27 6075
69 5937 10900 129 301974
70 6007 13154 57 189279
71 6042 6533 63 21784
72 6067 23779 51 169020
73 6384 7055 117 86443
74 6390 13110 22 24657
75 6419 17007 130 248415
76 6777 18185 110 322406
77 6830 28317 119 764072
78 7196 12919 53 144613
79 7219 13234 98 256877
80 7339 8734 5 3300
81 7370 10558 66 72181
82 7382 13802 11 36580
83 7438 12355 16 16956
84 7532 37628 7 239214
85 7554 44566 111 1611260
86 7683 15455 8 50432
87 7775 13165 84 261482
88 7861 14464 121 369901
89 8169 13936 70 207288
90 8219 14021 15 57209
91 8451 17968 8 35393
92 8485 8705 34 3107
93 8524 11086 37 68090
94 8525 26054 59 406711
95 8536 8702 19 1382
96 8566 16283 34 46636
97 8580 11947 19 31173
98 8644 9759 66 33067
99 8739 9601 31 5250
100 8889 36733 68 2054687
101 8924 28863 43 210669
102 9012 21348 117 424203
103 9093 9673 6 1714
104 9119 10263 44 42226
105 9121 12703 68 63840
106 9198 10043 88 83309
107 9435 18849 141 1326909
108 9457 11064 87 81758
109 9654 21022 30 222385
110 9655 9783 16 1651
111 9819 32004 38 210934
112 9820 46362 53 631991
113 9934 10300 42 9269
114 10033 19755 54 190555
115 10146 18943 57 127733
116 10254 10706 35 13674
117 10436 23056 140 235091
118 10448 16338 56 131005
119 10458 17134 95 226315
120 10528 15241 9 11402
121 10529 32048 144 1353775
122 10694 15351 10 25687
123 10727 11834 5 5159
124 10829 18803 90 317491
125 10892 14101 73 173170
126 10945 14232 65 136682
127 11149 17350 11 17506
128 11193 28019 25 169283
129 11305 16057 120 357450
130 11330 16152 68 103232
131 11409 34627 59 505672
132 11892 27075 13 70581
133 12065 28101 31 99426
134 12107 12454 44 5135
135 12185 35626 90 129990
136 12310 19460 17 39495
137 12357 23743 113 625633
138 12481 33976 38 175346
139 12550 13582 45 36024
140 12562 40010 70 922119
141 12655 24068 86 248652
142 12772 17824 8 26953
143 12820 16423 45 57425
144 12871 17584 46 62754
145 12887 29582 9 47488
146 12943 14861 17 15891
147 13102 16918 120 496289
148 13179 18647 11 15624
149 13279 15544 59 82807
150 13372 13903 13 1932
151 13407 18797 61 147695
152 13473 17631 10 8895
153 13521 23296 73 510735
154 13551 15868 6 8762
155 13589 25287 4 25544
156 13778 21783 4 26689
157 13794 32477 57 235853
158 13822 14354 147 20755
159 13878 15727 54 69428
160 14077 21772 135 350583
161 14091 22367 136 903253
162 14159 18839 60 79965
163 14166 29686 98 964003
164 14325 28380 47 177672
165 14488 19170 34 54842
166 14499 16690 128 95004
167 14570 15091 22 3986
168 14678 16667 22 24439
169 14785 40259 124 350983
170 14865 46720 45 511893
171 14930 19451 85 181972
172 14964 18256 34 54485
173 14967 30907 27 185858
174 15096 33650 111 841960
175 15254 23388 128 276678
176 15263 16852 32 23114
177 15432 15913 76 14372
178 15451 21546 61 150787
179 15485 33664 12 72399
180 15523 15900 25 1944
181 15541 31166 60 274138
182 15623 18873 145 125796
183 15700 23080 43 48692
184 15765 16396 33 7768
185 15807 26885 39 284648
186 15904 19514 107 102767
187 15951 56801 5 67760
188 16199 20356 10 28604
189 16314 18712 62 56969
190 16405 19222 12 22226
191 16848 29687 13 68392
192 16851 17056 48 5248
193 16995 17774 15 9565
194 17018 34054 77 186151
195 17022 28647 11 48750
196 17099 36847 148 1741211
197 17103 46426 41 405118
198 17148 23246 13 49964
199 17202 20359 45 39135
200 17579 24248 133 327008
201 17621 23517 17 88780
202 17640 41057 20 157822
203 17776 33601 14 105710
204 17996 29342 71 185087
205 18042 22317 147 290619
206 18112 29161 127 1054038
207 18339 30726 85 224587
208 18458 44620 73 3046930
209 18616 26031 17 121324
210 18748 34867 42 178882
211 18751 19268 34 17887
212 18950 22853 46 108338
213 18974 20612 118 114010
214 19033 26273 11 47975
215 19152 37651 77 717311
216 19206 21450 6 7184
217 19448 31904 107 221767
218 19829 22410 34 68979
219 19852 35790 82 1915235
220 19861 22994 10 12356
221 20286 20489 104 9682
222 20344 22735 42 32658
223 20370 20391 8 70
224 20425 31342 23 29978
225 20434 23861 5 2259
226 20527 30174 136 523475
227 20543 21068 89 39857
228 20566 36889 93 845944
229 20607 43107 22 319671
230 20679 23712 39 206426
231 20729 54101 4 13052
232 20791 21114 72 28998
233 20847 28490 25 43315
234 20855 27442 68 396602
235 20863 22712 115 71918
236 21033 21273 21 2078
237 21104 21176 8 153
238 21137 29722 109 506044
239 21202 25740 43 149663
240 21301 23642 4 4563
241 21485 43308 121 1463408
242 21505 28190 61 255717
243 21536 22764 21 16570
244 21645 42102 55 876873
245 21661 26063 53 46791
246 21674 22884 133 106523
247 21688 25871 78 200490
248 21707 22933 110 48257
249 21818 24109 119 137267
250 21875 23634 79 100148
251 22260 23619 15 34795
252 22453 22828 21 5387
253 22514 22834 11 2004
254 22567 23613 52 32352
255 22620 36797 61 182482
256 22664 51994 34 225545
257 22671 33373 113 679904
258 22723 45104 46 102285
259 22739 35835 16 32559
260 22861 25480 57 41610
261 22962 34462 145 666015
262 23002 29879 81 166576
263 23066 24203 35 33514
264 23140 24810 29 28453
265 23265 32103 100 492830
266 23312 29524 29 30770
267 23691 35233 24 93162
268 23830 24196 78 28464
269 23856 27791 13 22989
270 23900 38887 8 130999
271 23914 42468 45 279842
272 24074 24933 114 46292
273 24276 34717 20 110064
274 24346 27356 145 442056
275 24416 32729 122 381873
276 24611 31531 73 224427
277 24634 29677 43 107834
278 24637 31613 7 16998
279 24660 39683 10 84972
280 24786 57761 59 795873
281 25025 29799 9 15250
282 25170 28839 120 202606
283 25262 29653 121 269862
284 25267 26358 8 5795
285 25310 28248 49 39669
286 25352 45505 81 1052497
287 25474 39124 5 27404
288 25477 29198 76 69565
289 25516 63307 35 492645
290 25756 43501 45 285784
291 25796 29276 54 67216
292 25805 25968 13 1376
293 25856 31784 78 80754
294 25932 35968 8 13432
295 26124 28903 23 47547
296 26235 34084 11 8261
297 26238 33656 30 57285
298 26331 27456 130 115640
299 26366 44979 141 399988
300 26443 37748 5 13386
301 26452 40971 143 1182671
302 26661 28131 13 4882
303 26767 33542 148 273862
304 26778 40779 41 207371
305 26797 33646 38 63946
306 26936 42673 14 126113
307 26939 38899 101 564634
308 26984 38526 132 1287355
309 27012 37342 65 313658
310 27063 48936 55 738227
311 27149 49963 40 212623
312 27205 28593 8 6299
313 27207 34792 23 237556
314 27229 34016 58 83308
315 27232 27281 5 208
316 27271 28334 105 66437
317 27553 28075 87 21052
318 27695 32920 112 713649
319 27952 32723 32 80691
320 27954 31022 23 22199
321 28166 44416 143 1508339
322 28202 51761 86 613771
323 28266 31929 70 327388
324 28320 32536 67 161013
325 28341 32199 11 11402
326 28693 29202 77 22665
327 28731 35484 47 141675
328 28753 38436 28 99052
329 29185 35252 91 181486
330 29365 65104 106 2536006
331 29445 54626 38 321318
332 29447 30113 132 44895
333 29459 29673 141 16508
334 29513 29522 72 348
335 29742 30651 79 90614
336 29827 29843 12 144
337 29833 44076 99 247790
338 29926 39881 5 6709
339 29940 45587 112 1148397
340 30237 32112 107 81624
341 30402 60684 57 280394
342 30529 37489 30 42031
343 30598 30788 14 1797
344 30773 39451 27 92448
345 30850 33387 8 9149
346 30865 36300 140 440546
347 31017 34984 52 84279
348 31026 35120 120 249877
349 31359 35622 34 132122
350 31599 35760 79 140894
351 31799 33488 42 20731
352 31834 40314 48 306523
353 31836 33214 49 54272
354 31881 64982 93 435887
355 32019 41533 60 143771
356 32057 45754 105 452470
357 32092 42348 72 516468
358 32196 43583 113 513065
359 32203 50393 13 37137
360 32343 33222 27 11264
361 32387 45904 45 521538
362 32569 44103 46 271979
363 32629 33558 148 34939
364 32714 34935 57 46118
365 32909 45983 126 743239
366 32941 42729 43 154412
367 33101 52901 76 1107594
368 33118 36289 13 15118
369 33150 47925 53 967488
370 33256 47487 41 141138
371 33446 51232 7 24513
372 33582 54835 20 94456
373 33684 36264 27 56269
374 33731 36466 7 7754
375 33748 36548 30 29086
376 33795 49042 70 797538
377 33818 43115 102 184119
378 33887 41879 39 212938
379 33897 41621 13 59257
380 33949 35135 43 11730
381 34220 38667 149 498773
382 34258 39740 108 677767
383 34288 45718 78 157302
384 34383 36302 70 30512
385 34601 38800 23 61308
386 34613 36389 124 72800
387 34643 37186 123 87721
388 34686 35217 9 6011
389 34852 50302 14 52078
390 34975 40875 70 350673
391 35049 42367 35 125308
392 35111 38583 130 173471
393 35253 36613 150 121343
394 35322 37928 19 15658
395 35364 42827 35 176341
396 35381 60033 121 1198440
397 35394 39999 100 196129
398 35462 36758 77 72765
399 35479 50177 150 700999
400 35493 52665 13 88157
401 35662 42420 13 15784
402 35677 42984 13 32280
403 35809 41298 16 74521
404 35897 37205 93 86251
405 35898 38753 17 16985
406 36045 67268 131 1682340
407 36122 39788 141 219170
408 36469 50781 141 680963
409 36576 46998 131 1594011
410 36587 38621 6 4087
411 36757 37427 136 46287
412 36951 45944 58 162372
413 37044 40503 54 69341
414 37751 40274 81 71592
415 37883 46281 48 55701
416 38075 38178 6 351
417 38185 57077 93 533606
418 38358 44955 12 52092
419 38633 59244 26 186680
420 38681 44198 37 44927
421 38896 43333 68 362973
422 39061 49964 97 476806
423 39141 43376 105 278164
424 39176 43383 47 62926
425 39478 40098 96 15138
426 39501 69023 138 1519531
427 39560 40517 40 45357
428 39575 49794 5 63427
429 39727 40335 61 12509
430 39841 43992 6 9395
431 39891 40070 128 17726
432 39902 43256 12 10870
433 39947 48171 11 41270
434 39956 42206 22 16344
435 40017 46486 18 35025
436 40032 40072 60 1167
437 40059 41690 11 7139
438 40141 43235 97 196464
439 40316 40452 38 2137
440 40333 43265 71 48070
441 40347 40727 8 2365
442 40518 43052 13 7646
443 40572 41241 10 1918
444 40658 48298 32 49300
445 40861 43755 23 50507
446 40862 44928 65 169578
447 40923 49599 117 523350
448 40956 43424 29 18038
449 40998 41466 51 9179
450 41052 51733 5 19050
451 41066 52022 121 208091
452 41075 53624 7 67394
453 41176 43182 55 12708
454 41203 47450 40 64150
455 41299 44957 136 265689
456 41632 51372 99 822301
457 41697 56562 29 271654
458 41716 42260 17 8351
459 41792 52208 75 397252
460 42059 44295 40 75423
461 42063 48992 90 374314
462 42085 54858 7 58931
463 42142 43482 8 3337
464 42171 50544 86 169607
465 42192 56278 129 1769973
466 42320 45554 26 54903
467 42333 48316 52 147309
468 42483 59050 6 105030
469 42747 71015 62 1441305
470 42764 64595 27 443851
471 42944 43514 5 1601
472 43027 55360 24 222805
473 43484 46687 4 3534
474 43491 52047 24 70931
475 43539 48741 51 247322
476 43551 47549 75 167586
477 43611 52749 96 287682
478 43731 43802 45 2764
479 43733 48397 51 42781
480 43789 50704 93 270883
481 43896 49167 90 87336
482 43925 51654 47 250189
483 43954 44072 27 1705
484 43956 57166 32 154874
485 44023 57964 21 111075
486 44042 47996 9 12770
487 44105 45244 18 1986
488 44201 58413 60 554600
489 44365 72269 64 671179
490 44422 57586 147 529439
491 44437 70046 42 139327
492 44560 57526 8 59984
493 44579 45210 6 3236
494 44598 50516 22 49204
495 44827 48109 45 40548
496 45051 46678 35 20767
497 45265 48038 64 55013
498 45518 49162 116 237343
499 45556 52355 33 55111
500 45612 53501 82 531663
501 45692 55427 126 147492
502 45834 48344 44 68509
503 45928 46409 126 16583
504 45966 49059 51 32985
505 45980 46987 111 17578
506 46072 58183 85 333480
507 46089 47188 76 42157
508 46090 50893 68 58594
509 46094 47654 81 51863
510 46282 50092 17 27943
511 46517 57214 36 98080
512 46677 52562 76 66711
513 46712 50176 75 73582
514 46812 55752 94 312569
515 46821 51424 142 90469
516 46834 54678 9 27077
517 46895 47271 23 3437
518 46910 48360 4 3325
519 46912 48073 76 45581
520 46924 71431 116 511010
521 47224 47841 31 6303
522 47346 51637 57 50336
523 47372 47504 11 359
524 47486 53028 123 217463
525 47508 48513 29 9178
526 47532 50916 20 26413
527 47761 48186 97 69847
528 48183 48717 34 6311
529 48295 58698 96 515952
530 48399 56832 20 215241
531 48567 50528 125 257772
532 48734 52765 33 38679
533 48842 49402 75 16770
534 48932 51648 87 71388
535 49013 53035 144 230013
536 49098 53843 32 27639
537 49179 50636 56 29257
538 49192 61816 77 514210
539 49481 59392 135 518766
540 49606 52301 124 67237
541 49774 51142 38 43326
542 49809 83920 7 135295
543 49942 52038 49 46313
544 50039 55140 31 158732
545 50221 60454 38 162107
546 50246 51899 35 46422
547 50257 52769 16 6550
548 50467 62243 48 193544
549 50663 54403 146 150082
550 50741 72720 139 357368
551 50756 54071 106 183766
552 50819 57263 119 173373
553 50885 74526 112 519676
554 51048 54364 141 272611
555 51057 52258 40 52994
556 51106 62996 54 138294
557 51136 54057 148 176233
558 51283 52132 12 4786
559 51557 51797 124 30525
560 51633 62932 21 87966
561 51667 54596 15 29137
562 51821 57073 31 63540
563 51970 55571 93 140022
564 51988 70779 40 117006
565 51991 57316 132 542227
566 52034 70930 87 691952
567 52139 66359 50 110130
568 52146 55016 104 223896
569 52160 52292 30 1959
570 52386 74473 57 325922
571 52404 54716 97 85167
572 52428 60579 31 204427
573 52698 54332 148 70014
574 52770 57271 26 41525
575 53014 56733 6 33816
576 53160 61024 30 140724
577 53169 54662 21 10830
578 53179 58844 62 161698
579 53243 61720 41 330671
580 53306 70559 125 275351
581 53390 63619 60 101884
582 53462 54967 87 32544
583 53492 60912 119 376106
584 53568 67105 40 118704
585 53706 68271 99 781600
586 53834 56666 17 34458
587 53841 63060 30 85884
588 53908 58987 18 46363
589 54189 55753 13 9646
590 54294 61011 10 38313
591 54420 60231 32 119331
592 54551 65020 133 517219
593 54705 57009 17 10589
594 54721 62007 45 95078
595 54770 61681 11 53068
596 54880 66213 63 240995
597 54941 59934 115 448725
598 55006 59416 118 156816
599 55020 60575 50 227585
600 55151 58010 32 36217
601 55153 70181 61 155436
602 55255 59827 83 129721
603 55477 56283 44 13723
604 55523 58020 89 51590
605 55533 67568 118 1101013
606 55599 59551 77 89599
607 55640 84627 81 2075114
608 55670 57999 11 12489
609 55679 77612 76 907456
610 55861 65331 79 92478
611 55875 65558 54 331997
612 55935 66628 99 606344
613 55989 57060 17 7095
614 56096 67338 9 46596
615 56303 76869 8 24463
616 56383 60565 103 127250
617 56394 68992 52 563919
618 56428 58047 29 11285
619 56442 62380 76 33120
620 56516 60152 20 34511
621 56594 57458 43 22482
622 56599 57438 99 18266
623 56907 64596 108 205278
624 56916 69681 56 327402
625 56918 59368 5 5259
626 57005 58736 123 102068
627 57190 59721 71 71368
628 57213 62482 77 130431
629 57257 63426 98 132871
630 57290 59932 8 8447
631 57319 58225 18 10807
632 57374 58950 64 47869
633 57386 60376 15 12403
634 57422 58779 34 8053
635 57543 96463 29 194376
636 57614 59209 7 2417
637 57648 63294 20 28608
638 58067 64324 42 37912
639 58221 59801 126 127239
640 58246 59581 62 55551
641 58307 58876 43 19531
642 58340 63004 128 166141
643 58411 70757 51 153776
644 58491 60281 65 29775
645 58538 70338 129 105345
646 58551 70696 9 65374
647 58645 61925 110 201664
648 58665 75716 66 455603
649 58900 62600 18 28952
650 58908 63422 67 180404
651 58935 72123 11 53038
652 59150 69052 11 50306
653 59173 72710 116 1318900
654 59474 63212 4 4085
655 59478 72833 39 302938
656 59682 60628 62 32687
657 59692 60391 118 103213
658 59889 71184 97 546420
659 60133 60823 113 20152
660 60157 68269 12 59651
661 60948 62881 24 15945
662 60989 73122 39 154905
663 61184 79210 60 564679
664 61269 72990 45 224274
665 61344 75063 62 205914
666 61383 61672 47 16724
667 61388 63869 135 279829
668 61394 62505 48 21190
669 61428 66058 22 29959
670 61518 64653 58 33507
671 61583 63500 96 128888
672 61666 72320 73 417347
673 61677 73852 58 421416
674 61750 63589 10 28099
675 61821 74692 12 55456
676 61854 78980 88 761256
677 62016 68384 18 67507
678 62107 64941 100 60376
679 62196 66130 5 20197
680 62215 62503 9 1573
681 62648 74354 24 145042
682 62913 69817 22 80324
683 62934 63137 125 23971
684 63279 73614 62 432954
685 63329 69942 88 251754
686 63437 66207 49 155907
687 63443 75628 66 340620
688 63490 70783 27 71053
689 63522 68531 60 335006
690 63841 65812 98 157021
691 63910 72151 37 45628
692 64192 66724 15 37690
693 64210 68759 145 206071
694 64242 65186 16 10200
695 64294 65676 18 11837
696 64301 67915 105 399424
697 64340 70545 6 18010
698 64413 66954 138 210141
699 64454 65009 69 8967
700 64507 66180 5 2778
701 64535 82665 110 1075575
702 64776 65588 86 61655
703 65157 67741 21 44692
704 65238 69574 6 16352
705 65311 69496 131 190663
706 65554 66527 14 7618
707 65639 71380 17 70316
708 65914 69111 52 56749
709 66041 74051 147 355625
710 66133 74122 15 43730
711 66271 67110 66 5751
712 66338 74845 10 18168
713 66415 66834 25 5377
714 66430 69243 22 9582
715 66461 67312 31 5850
716 66549 67812 58 27460
717 66704 93067 59 452314
718 66786 77935 55 187372
719 66824 85566 77 513546
720 66874 70296 17 15554
721 66917 72295 13 57702
722 67051 68223 66 33946
723 67057 68343 52 11486
724 67103 85499 4 24653
725 67123 75285 7 36767
726 67149 77870 24 77901
727 67481 79575 85 407414
728 67808 72610 43 53809
729 67892 75043 16 33687
730 67944 70934 10 59644
731 68000 78252 90 704594
732 68088 92914 132 1169266
733 68240 76188 34 147869
734 68256 73165 70 137210
735 68340 68718 28 1573
736 68352 81331 118 476070
737 68373 77940 53 605592
738 68397 73254 133 320951
739 68407 79798 102 594226
740 68681 80636 15 96255
741 68896 71982 97 85175
742 68902 71996 150 288472
743 69288 69705 56 5599
744 69310 76474 9 27589
745 69327 74497 68 368826
746 69493 83625 18 115670
747 69891 80807 10 27186
748 70221 79935 7 30836
749 70366 77089 99 287662
750 70455 79427 18 83171
751 70501 73590 39 18376
752 70565 79774 95 216467
753 71051 72963 21 28762
754 71068 75870 100 305170
755 71089 87647 71 269713
756 71095 72736 32 18411
757 71103 73404 108 273263
758 71225 82552 6 16817
759 71235 73402 16 21905
760 71256 79499 15 137406
761 71361 78765 88 604119
762 71470 73466 102 90519
763 71496 85794 138 291078
764 71521 71905 85 11405
765 71550 77014 112 133163
766 71574 75155 57 73188
767 71665 73650 19 8623
768 71682 75830 15 33546
769 71839 76145 25 28264
770 71951 79827 68 275218
771 72004 82189 14 47121
772 72030 81042 145 297906
773 72113 74714 115 117761
774 72118 81616 46 104208
775 72124 83988 27 52254
776 72162 86422 47 359878
777 72232 84761 56 526237
778 72383 75521 8 10304
779 72458 73734 71 63425
780 72582 75107 32 65896
781 72717 77748 4 9056
782 72904 84146 24 87662
783 72939 78549 122 217414
784 73110 73909 52 64342
785 73145 86083 91 368387
786 73151 76366 6 9293
787 73159 73339 134 9935
788 73290 73297 16 279
789 73433 84957 22 170576
790 73452 83041 47 156434
791 73550 76593 9 6147
792 73601 80327 69 356451
793 73619 73815 52 6812
794 73647 75453 34 22633
795 73742 80128 129 617080
796 73789 96538 6 110091
797 73828 96122 87 193631
798 73853 76397 24 26531
799 73883 84331 10 46925
800 73996 96999 66 367671
801 74052 78018 69 86724
802 74145 75286 114 64130
803 74158 77131 65 52813
804 74478 80482 12 13584
805 74504 82021 112 393303
806 74528 75843 36 34604
807 74537 97895 22 192833
808 74542 78502 51 91164
809 74571 75029 6 2089
810 74743 76065 73 86401
811 75105 76117 8 1386
812 75113 79254 100 173951
813 75142 91649 75 208737
814 75147 87950 102 473544
815 75293 84147 129 200742
816 75390 75876 121 38571
817 75555 79618 24 31762
818 75610 78890 31 20418
819 75634 82488 144 272442
820 75675 78903 32 7830
821 76090 89862 93 1710384
822 76165 98684 125 435385
823 76477 76969 22 6715
824 76586 77902 10 4173
825 76699 85116 95 193608
826 76744 86059 148 662680
827 76750 90404 41 244862
828 76875 88472 11 48866
829 77011 80853 21 28409
830 77030 78851 10 6295
831 77234 88917 148 897055
832 77621 84507 33 91878
833 77655 81543 17 28614
834 77682 93609 111 729966
835 77938 88593 7 39834
836 78006 86410 144 174616
837 78010 82064 78 80841
838 78087 79548 32 20494
839 78089 96137 27 212319
840 78280 78928 57 18010
841 78296 90314 13 26581
842 78383 87926 119 183823
843 78414 85147 73 304082
844 78421 80864 93 151453
845 78443 84701 65 131629
846 78627 82135 23 67551
847 78672 94465 5 48365
848 78821 80379 8 4737
849 78854 83469 7 9944
850 78886 94509 74 395789
851 78929 85098 56 78028
852 79065 81912 14 29466
853 79085 82262 13 27196
854 79141 82620 123 303372
855 79154 90398 12 32574
856 79189 80092 56 43196
857 79218 83153 7 15891
858 79242 79891 15 8453
859 79407 86032 13 57714
860 79861 85380 45 101071
861 79886 80813 99 153120
862 80110 81478 22 9542
863 80172 81722 48 8854
864 80330 81753 55 31301
865 80396 87981 46 226482
866 80454 91851 83 432521
867 80762 88703 106 654709
868 80905 83100 4 5520
869 80997 83913 19 9250
870 81039 93487 32 236094
871 81299 81815 16 4881
872 81591 84962 5 1748
873 81791 89743 63 194590
874 82022 86261 76 515815
875 82145 82223 11 630
876 82379 87937 37 53227
877 82456 82889 25 5046
878 82481 84342 16 19555
879 82768 90856 33 179974
880 82789 92055 46 153281
881 82832 84826 112 159839
882 82845 87217 26 36139
883 82873 87684 26 65899
884 82885 92773 11 80059
885 83057 85744 113 120909
886 83220 83373 39 4376
887 83306 84458 42 20367
888 83418 93120 131 1359887
889 83616 83840 49 6959
890 83640 99425 131 2390094
891 83673 92417 76 576459
892 83827 84258 33 6317
893 83888 95720 24 74672
894 83906 87300 21 29384
895 83982 93276 27 77680
896 84056 85383 46 89973
897 84261 87504 49 44900
898 84327 93632 59 271847
899 84372 90819 15 27471
900 84429 93185 144 390615
901 84543 91585 89 156776
902 84938 86005 15 8514
903 84996 86173 71 82836
904 85044 85899 6 1363
905 85210 96790 48 303325
906 85419 96471 68 204723
907 85639 89762 11 19424
908 85776 95142 27 123042
909 85910 94689 89 350971
910 86087 88556 146 172540
911 86256 95995 5 29959
912 86394 92833 57 506598
913 86419 91881 53 155003
914 86490 88227 110 160584
915 86666 89772 45 44116
916 86709 96280 41 103293
917 86785 98278 56 162505
918 86863 99949 29 366009
919 86937 88259 18 5395
920 87062 88693 36 40294
921 87130 96801 33 126160
922 87374 97970 42 378412
923 87419 92070 29 29454
924 87433 95415 144 1394939
925 87691 93016 149 408734
926 87708 93642 17 83504
927 87838 89902 33 18351
928 87857 97063 52 929762
929 87935 91757 73 96802
930 87984 90315 44 103083
931 88095 88660 16 6299
932 88098 92224 139 137900
933 88112 91222 64 266465
934 88132 95627 41 95463
935 88180 88690 138 34888
936 88203 91682 64 54287
937 88622 92594 99 112469
938 88686 92789 73 124844
939 88912 90379 15 27997
940 88947 90609 145 138810
941 89118 93661 85 160343
942 89147 99298 68 314551
943 89615 98752 23 46017
944 89834 98431 70 282357
945 89914 98100 26 132794
946 89969 90117 92 15050
947 89989 90875 82 28757
948 90143 94114 14 15996
949 90322 99791 142 675999
950 90465 91249 37 15508
951 90568 95096 117 224808
952 90605 91303 150 51798
953 90642 92013 111 58311
954 90761 99731 39 221469
955 90827 96518 24 64608
956 90955 95334 131 247881
957 91050 91500 137 34840
958 91064 92641 10 21265
959 91195 91599 64 5951
960 91416 95354 24 62373
961 91499 98294 17 82094
962 91752 94861 63 76749
963 92291 92842 20 3672
964 92487 93049 5 415
965 92676 99267 47 176226
966 92829 95002 147 169962
967 93080 99491 75 416657
968 93141 95919 22 36258
969 93157 95545 99 82605
970 93161 98788 22 52422
971 93194 96943 23 29629
972 93220 97098 144 209059
973 93251 98337 11 68943
974 93255 99054 88 309449
975 93282 97779 5 7587
976 93368 95038 149 266437
977 93395 93899 147 22503
978 93410 98547 79 101953
979 93645 98418 123 78572
980 93910 94302 75 8590
981 93966 95421 5 1880
982 94062 95361 131 325193
983 94078 94978 13 7555
984 94181 94782 40 9887
985 94182 98462 10 74360
986 94442 95103 14 4685
987 94518 97572 4 5555
988 94541 96370 24 32344
989 94911 99239 137 253496
990 95293 98290 110 214680
991 96150 97232 134 73722
992 96171 98447 24 26799
993 96783 99066 19 14559
994 97069 98123 85 39100
995 97371 97754 14 2431
996 97429 98952 13 16391
997 97445 97880 67 17478
998 97483 99440 53 35492
999 98433 99085 8 3173
