50 1000 0.057
.............###.................#................
#......##.........................#.......#.......
...........#..#.#.................#..##...........
.......#...#....#...........#.................##..
.......#....#...............#................##...
.......#....#...#.....................##.....#....
.............##.........................##........
...#..#.........................#.......##........
...##...........................##.......#........
..........................#.......#..........##...
.#.........................#.........#............
...........................#...#.............#....
.......##...#.......##.........#............##....
......#.....#.....................................
..................................#.........#.....
..................#..............##...............
.....#.........##.#............#.#...............#
....##............#.......#....#...#..##.#........
......................##.##....#...#..#..#........
.##.......................##......................
.#................................................
........#...........................#.............
#.......#.....#......#........................#...
...........................#........#.........#...
....#...............................#.........#...
....#.#.....................#.....................
......#.#........#...........##...................
............................##....................
.............................#........#...........
#............................#........#...........
#...#........###......##......###................#
#...##......##.........#.............#...........#
##....##.............................#............
........#......................................##.
.................#................................
.................#................................
.................................##..#......#.....
............#.....................#........##.....
............##................#...................
...#..............................................
.................#................................
.................#.....................#..........
...........#........####..........................
..#.............................#...##............
................................##..#...####......
........#...............#............##..........#
.............................##....#.........##..#
.#.......#.#.#................##...##...##.......#
.#.....#.#...#......................#.............
.#....##..........................................
0 58 12140 11 97654
1 181 887 19 9660
2 339 2931 13 37513
3 424 2564 82 52226
4 504 2559 11 7423
5 560 3337 26 28946
6 576 3131 7 6633
7 725 5594 69 91592
8 749 1314 142 11077
9 1076 9533 35 66753
10 1089 1565 95 18853
11 1106 6457 74 74859
12 1163 9408 107 288692
13 1184 9481 62 135424
14 1239 1441 140 44240
15 1252 4490 80 136869
16 1370 3752 50 63582
17 1405 3048 73 125026
18 1411 2989 99 140895
19 1560 11796 6 37418
20 1681 4917 30 31087
21 1885 11813 12 110832
22 2203 11067 66 340829
23 2477 3514 28 24179
24 2486 9101 54 223254
25 2518 6926 31 27461
26 2812 11416 33 220238
27 2852 13597 22 80035
28 2940 11055 78 152910
29 2978 31899 63 821070
30 3022 9674 83 177208
31 3122 4074 8 1812
32 3293 11026 5 11837
33 3352 3529 53 2643
34 3498 12261 16 34912
35 3705 21856 19 173696
36 3978 4484 140 32193
37 4111 6619 16 9785
38 4245 13619 58 183848
39 4390 40366 101 1636571
40 4400 22230 60 250732
41 4420 8264 78 91226
42 4430 8229 17 17855
43 4431 17936 115 330502
44 4445 6799 9 7715
45 4732 5254 48 16059
46 5037 8019 27 38551
47 5151 8800 120 169272
48 5222 5815 32 14418
49 5242 9797 125 237483
50 5264 9309 6 6982
51 5299 11021 32 58907
52 5338 6805 5 13226
53 5405 13287 22 103910
54 5418 10730 17 28838
55 5451 6819 14 11502
56 5574 10570 89 786732
57 5725 9392 94 56841
58 5772 19755 9 28594
59 5813 14370 40 165205
60 5839 9873 137 120798
61 5968 11449 26 241893
62 6012 6030 148 1475
63 6135 8752 77 48369
64 6179 8231 13 4704
65 6205 18500 117 655966
66 6220 12783 24 70512
67 6399 9893 84 189978
68 6505 13281 44 86965
69 6713 11707 37 151154
70 6859 14385 16 68068
71 6908 8123 8 12501
72 7005 8137 40 24962
73 7142 8957 11 7397
74 7269 11939 81 202291
75 7364 14806 96 248641
76 7367 9835 56 31048
77 7515 8400 16 11745
78 7598 10923 21 58285
79 7602 10985 118 143921
80 7628 18380 33 162343
81 7884 16469 21 46202
82 7957 11548 88 76940
83 7990 9377 115 55607
84 8265 10185 134 72730
85 8318 8619 9 2358
86 8665 15441 58 103227
87 8734 10208 85 44841
88 8888 13780 11 23655
89 8991 42553 92 2006475
90 9066 19403 8 37257
91 9340 9845 128 33800
92 9373 12241 97 130206
93 9440 9554 33 1812
94 9683 13450 23 72007
95 9785 10093 57 19092
96 9924 15424 54 34437
97 9951 11113 12 7792
98 10029 13464 12 25369
99 10059 13850 49 44554
100 10097 16620 39 121049
101 10158 12576 11 9038
102 10190 14968 16 46521
103 10342 19588 47 141528
104 10399 11580 34 8162
105 10819 15420 51 308995
106 10924 11193 61 5243
107 10929 42411 134 5006675
108 11037 18695 30 83385
109 11078 12447 114 84262
110 11326 15590 131 202807
111 11362 14211 103 451525
112 11465 12425 7 5595
113 11663 17277 44 96359
114 11665 16731 45 29445
115 11685 17717 30 60776
116 11879 13967 24 54219
117 11992 20834 76 377386
118 12042 23094 69 312675
119 12081 12686 40 13118
120 12209 14531 117 181293
121 12231 14023 36 27617
122 12463 18953 64 130507
123 12502 29944 25 165545
124 12870 19918 105 297953
125 12879 14111 5 3616
126 12907 22624 142 619577
127 12934 14933 100 140629
128 13039 21837 21 50924
129 13051 20816 94 584343
130 13137 14452 80 40580
131 13259 19387 8 12731
132 13266 16706 143 211530
133 13381 14972 90 37130
134 13526 13614 132 13484
135 13654 27224 21 84380
136 13725 16720 62 72468
137 14229 18289 12 22492
138 14367 15014 4 1444
139 14612 15908 5 1273
140 14614 14777 95 25453
141 14632 21422 23 91186
142 14752 16188 96 88177
143 14834 22578 10 165066
144 15202 16889 43 16603
145 15244 22347 7 20752
146 15249 44352 90 944085
147 15472 27545 83 1299064
148 15481 23372 121 418644
149 15584 17559 29 41310
150 15866 29048 89 864296
151 15989 28155 72 297180
152 16090 16734 27 9279
153 16222 16660 4 4628
154 16338 33752 94 247924
155 16422 24766 44 238487
156 16436 20520 24 43099
157 16668 21828 26 155710
158 16675 17201 11 1463
159 16827 25965 84 560984
160 16840 27648 64 63658
161 16884 24341 76 86072
162 17004 27186 94 248977
163 17173 23544 111 168008
164 17322 22806 54 62319
165 17531 23293 99 80789
166 17622 18785 65 30717
167 17818 27844 74 126165
168 17908 20459 34 20146
169 18036 33807 25 342104
170 18082 18324 136 20309
171 18243 29926 9 43535
172 18292 20885 45 27441
173 18556 21179 61 21538
174 18588 26125 45 116025
175 18706 20909 13 27551
176 18742 22608 11 15354
177 18859 44217 47 715068
178 18924 27334 8 28213
179 19038 22894 102 144879
180 19281 27695 42 108998
181 19307 20585 65 30513
182 19311 21874 72 67894
183 19378 27811 5 15726
184 19511 21090 22 8109
185 19525 20094 6 2797
186 19575 21539 19 50132
187 19920 23061 128 171713
188 20103 34146 125 507814
189 20149 32873 57 199991
190 20288 26787 13 69865
191 20343 23234 33 42147
192 20420 25602 75 385055
193 20523 20862 129 39196
194 20851 28454 73 207770
195 20927 21502 16 2444
196 21048 24535 134 289241
197 21055 28499 25 118519
198 21117 21943 21 14171
199 21162 24837 48 119949
200 21656 30507 11 59552
201 21702 24627 84 99617
202 21716 26444 86 56530
203 22059 32893 4 17700
204 22087 29962 46 507403
205 22096 26686 124 160244
206 22257 34978 91 1283843
207 22259 34719 22 58894
208 22417 42012 150 213095
209 22547 41294 27 368407
210 22602 26107 115 86566
211 22652 27486 64 467612
212 22987 25004 113 188447
213 23041 31435 41 180926
214 23046 44686 37 264306
215 23137 28485 70 88548
216 23211 29662 94 220340
217 23219 23948 5 2151
218 23241 28675 42 31073
219 23258 35176 12 144889
220 23443 26853 143 175064
221 23514 26924 95 282802
222 23596 28254 70 193478
223 23650 30991 7 16443
224 23675 24371 15 6558
225 23702 25443 18 17979
226 23726 28321 12 24661
227 23795 28052 8 18637
228 23951 24021 117 10823
229 24006 28029 4 16047
230 24104 40705 55 274976
231 24134 27840 75 339423
232 24204 32373 9 56443
233 24238 25820 113 93084
234 24269 26428 127 119425
235 24280 30033 9 32907
236 24475 41989 143 2419539
237 24486 30335 26 58470
238 24518 30711 130 244260
239 24934 35096 4 11685
240 24953 35542 69 168592
241 25024 26225 63 44932
242 25195 33952 91 644938
243 25198 30359 78 45206
244 25254 25942 82 79093
245 25366 32186 64 100290
246 25393 25770 17 5065
247 25403 41305 65 596421
248 25534 36994 140 766152
249 25593 27078 117 122296
250 25827 32288 127 210393
251 25890 30258 6 10154
252 25980 30660 136 163760
253 26025 27722 21 21176
254 26390 38111 136 435688
255 26391 29335 33 31478
256 26429 31240 75 140037
257 26464 34413 57 204955
258 26511 45361 39 255361
259 26761 28750 83 56650
260 26793 27280 102 27114
261 26818 28666 112 118529
262 26859 32312 5 9757
263 26880 33114 70 191126
264 26958 27693 22 10425
265 27089 27873 4 5589
266 27364 33994 56 271598
267 27573 30725 4 7379
268 27612 28980 23 8027
269 27618 52315 56 582970
270 27643 38783 4 36183
271 27752 28871 12 2939
272 27864 38800 65 169448
273 27879 33119 24 59556
274 27976 36146 72 158080
275 27978 27997 47 492
276 28136 31028 4 8658
277 28202 40258 128 915310
278 28215 35604 111 286363
279 28313 34143 89 273111
280 28348 29715 12 9242
281 28401 29713 12 8914
282 28555 30216 23 8001
283 28567 38702 138 591362
284 28929 30030 66 24283
285 29130 33400 132 247252
286 29164 61236 149 1891459
287 29171 42623 82 652578
288 29255 31510 76 16197
289 29650 49735 113 953657
290 29701 39774 15 57374
291 29759 30336 76 37780
292 29774 30449 122 35783
293 29802 40822 118 311170
294 29826 50900 75 484987
295 29849 32933 20 74941
296 29855 38454 94 475396
297 29918 33106 98 105694
298 29923 33280 102 34487
299 29970 30333 36 8317
300 30235 35956 145 845593
301 30417 38941 81 454173
302 30511 30885 52 17441
303 30526 39752 32 125066
304 30675 41335 53 104575
305 30684 32290 44 33005
306 30770 36823 72 440137
307 30824 33442 137 94219
308 30850 36134 9 34464
309 30851 42793 136 357829
310 30973 31282 9 1478
311 30999 34310 139 125621
312 31153 32023 81 15112
313 31173 33628 136 77350
314 31261 53412 10 92134
315 31264 44135 57 208627
316 31329 40345 109 359557
317 31355 32316 129 57062
318 31356 34238 117 133595
319 31380 38486 67 326765
320 31483 36774 12 16268
321 31491 41546 21 141430
322 31628 37248 80 104867
323 31946 35551 21 65226
324 31971 42517 60 129901
325 31973 35420 29 70688
326 32013 35118 28 45678
327 32047 62942 40 376061
328 32079 47617 12 76072
329 32286 52790 27 205061
330 32430 49395 102 1635217
331 32478 37454 129 273513
332 32509 42488 50 505502
333 32536 46040 93 656831
334 32616 35267 109 197383
335 32659 37769 16 37900
336 32673 52218 94 429160
337 32687 36950 16 48642
338 32833 33925 64 53164
339 32835 49753 57 541077
340 32859 45075 30 99180
341 32895 61388 131 1130323
342 33223 36468 15 31871
343 33342 40236 10 45672
344 33439 34417 109 80061
345 33455 43828 76 148818
346 33471 36650 27 61313
347 33551 37070 4 10693
348 33586 43639 141 191916
349 33599 34617 34 29852
350 33623 42033 148 393199
351 33799 47798 54 298097
352 33914 34546 65 17353
353 33921 35158 96 67462
354 33962 36665 5 5015
355 34028 39787 21 35726
356 34150 53507 17 217289
357 34255 47847 81 263220
358 34343 53752 73 628770
359 34509 34963 121 14015
360 34524 43803 81 204162
361 34565 35017 133 26114
362 34741 40663 27 94332
363 34919 42568 145 521716
364 34962 35669 5 938
365 34985 43113 134 640387
366 35028 50924 27 69540
367 35089 45375 10 20694
368 35268 39458 26 29934
369 35422 36141 88 21317
370 35445 39337 11 21932
371 35529 40101 7 12615
372 35721 45804 102 597736
373 35768 47515 50 225217
374 35791 37708 18 12408
375 35843 42394 71 236487
376 35894 36442 69 11352
377 36080 37111 61 42439
378 36099 46605 39 411095
379 36255 47420 65 387814
380 36335 36463 17 1019
381 36388 41681 116 374430
382 36467 48709 78 243125
383 36469 39495 20 30440
384 36538 50479 62 294885
385 36607 37311 56 24377
386 37004 50973 87 200665
387 37010 38444 25 12160
388 37061 64286 59 479552
389 37190 38886 9 8637
390 37218 44625 59 156590
391 37252 44568 131 361021
392 37505 43423 58 139694
393 37594 50053 20 105139
394 37796 38801 25 15561
395 37842 59959 103 967669
396 37933 40518 64 151754
397 38129 41288 14 16053
398 38147 44215 105 420754
399 38174 48739 46 309292
400 38230 38287 4 84
401 38662 49108 14 114931
402 38692 47568 33 75652
403 38807 39188 4 847
404 38824 41944 14 20973
405 38848 47892 24 116011
406 38875 41663 66 168123
407 38890 41904 46 29181
408 39218 58573 94 945915
409 39232 43755 36 59253
410 39583 46102 38 190176
411 39584 50779 103 616510
412 39596 42397 22 30887
413 39753 40993 94 52564
414 39823 53959 72 472751
415 39856 43086 67 79549
416 39879 45467 127 267119
417 39905 51679 77 590691
418 39942 42500 16 12347
419 39968 45964 31 154318
420 40078 43124 5 7186
421 40086 69950 58 1454220
422 40144 42430 79 29627
423 40420 42581 69 77878
424 40505 44129 48 54142
425 40616 60385 32 200884
426 40632 40806 130 5315
427 40648 44962 17 29356
428 40672 47980 149 612353
429 40847 42589 5 11772
430 40869 48697 102 97745
431 40925 43396 72 60733
432 40934 41687 19 2565
433 41089 48757 27 134667
434 41242 44184 6 10238
435 41388 45724 51 106646
436 41472 53884 59 170778
437 41536 47546 115 548041
438 41611 45407 17 13678
439 41646 43493 123 109796
440 41649 50916 140 592323
441 41908 43162 147 118740
442 41923 44580 150 299657
443 42130 55194 9 22406
444 42149 42189 6 163
445 42174 45197 37 58621
446 42332 49780 24 84353
447 42381 45923 93 117425
448 42457 52550 94 636322
449 42557 44194 7 12339
450 42627 42934 103 12746
451 42913 45105 150 244971
452 43052 46184 85 125401
453 43175 46221 135 146409
454 43446 55757 100 578434
455 43464 51126 80 194885
456 43478 51602 9 106678
457 43579 50052 79 328591
458 43593 44966 126 100438
459 43665 50274 28 65017
460 43683 44723 25 7459
461 43745 49970 5 7651
462 43849 48203 125 477015
463 43960 82146 17 145800
464 44075 49742 7 16049
465 44136 46996 110 107307
466 44159 61763 114 547384
467 44203 48154 11 12019
468 44209 46641 54 101922
469 44231 45327 136 31365
470 44303 47235 108 145905
471 44310 54875 108 408576
472 44388 63086 21 141037
473 44507 49727 36 49809
474 44539 45946 132 220540
475 44569 57960 102 740034
476 44720 51601 43 211561
477 44824 45096 141 26043
478 44874 52973 26 73945
479 44881 46339 127 89966
480 45189 47887 105 257177
481 45225 53449 16 50064
482 45259 50224 19 39051
483 45511 49380 82 127006
484 45875 53070 63 157118
485 45965 50119 57 55439
486 46003 48417 7 3068
487 46137 52829 9 15116
488 46138 46468 95 32706
489 46175 52786 126 227717
490 46311 61772 88 870231
491 46420 53230 17 71758
492 46635 49147 69 47352
493 46636 47352 17 14025
494 46868 59291 120 390262
495 46962 47448 9 2309
496 46983 53681 95 245135
497 47002 52959 91 294575
498 47134 61120 35 148343
499 47220 50538 107 372422
500 47464 51971 127 235148
501 47745 49850 26 15188
502 47754 52331 94 226702
503 47813 50105 8 11104
504 47890 58628 94 406634
505 47956 50953 117 209186
506 48120 56686 55 476455
507 48229 52406 17 37472
508 48347 60229 81 224945
509 48437 49249 149 104774
510 48456 48523 27 666
511 48498 65367 97 396078
512 48519 57749 62 157690
513 48538 52335 59 83863
514 48573 54284 27 65414
515 48632 60422 79 275826
516 48702 53998 9 17669
517 48815 50914 69 77705
518 48990 51840 25 74453
519 49098 54212 108 281459
520 49208 57152 48 144503
521 49602 55173 6 10988
522 49624 49959 56 8391
523 49643 68861 46 121682
524 49690 53893 31 52201
525 49821 52236 43 56407
526 49822 57474 31 123013
527 49857 51004 5 1047
528 49948 57776 38 165691
529 49984 53163 70 162359
530 50082 52709 36 64798
531 50202 61229 7 20427
532 50262 56848 86 241045
533 50292 55662 52 224361
534 50554 53322 115 78779
535 50831 58455 134 302113
536 51094 51616 37 13769
537 51320 54806 24 34245
538 51594 52798 18 13637
539 51613 56862 95 179615
540 51716 54235 4 4896
541 51870 52831 61 24772
542 51877 52668 122 46159
543 51951 62996 12 65701
544 52336 55824 82 86925
545 52475 57596 90 284220
546 52515 53262 24 9271
547 52554 53502 97 42016
548 52611 54167 4 3187
549 52748 56379 46 234991
550 52765 55585 35 28276
551 52797 53316 46 12046
552 52830 53860 62 26119
553 53469 55171 30 13458
554 53530 63962 100 680828
555 53579 75893 10 248932
556 53739 53999 112 19885
557 53745 64366 29 111865
558 53877 57339 69 142902
559 54107 56010 48 30088
560 54251 72311 32 513051
561 54311 67219 110 501501
562 54493 55285 28 20290
563 54497 60932 121 1136496
564 54601 65907 104 918640
565 54620 59057 111 285863
566 54637 70616 99 2152427
567 54705 66754 17 101152
568 54748 57469 142 336930
569 54859 89034 95 1181265
570 54899 55723 56 48059
571 54937 61696 10 30260
572 55086 59939 42 109603
573 55113 63426 139 1417647
574 55316 55479 96 19903
575 55528 60869 11 18044
576 55610 58820 132 193566
577 55647 60037 122 219340
578 55895 63255 20 91889
579 55898 56424 8 1265
580 55922 65288 15 17134
581 55927 67359 49 194179
582 55949 61143 68 233569
583 56266 98133 16 319541
584 56271 71841 54 922136
585 56336 58813 6 5945
586 56423 58040 40 20749
587 56536 58118 7 6309
588 56552 57338 18 9396
589 56611 65379 67 119639
590 56621 61881 7 19996
591 56631 67147 47 137266
592 56781 62800 35 70307
593 56800 83331 16 142134
594 56921 70755 109 402272
595 56991 61800 70 77067
596 56996 61495 62 145482
597 57001 58287 20 4712
598 57039 59052 34 13114
599 57082 66863 45 158974
600 57159 71041 110 4648494
601 57179 69446 113 515854
602 57197 64853 39 108975
603 57537 73173 88 774026
604 57601 59688 68 35090
605 57644 68234 64 263510
606 57669 63715 143 333062
607 57672 57894 125 17508
608 58193 77301 79 463502
609 58209 59235 14 11442
610 58238 68952 40 59602
611 58373 59263 73 31515
612 58395 62187 21 30144
613 58735 69991 66 458755
614 58777 59439 107 60169
615 58791 63409 65 192909
616 58909 58933 132 4715
617 58981 61357 43 40950
618 58991 64994 18 69198
619 59128 59611 45 12531
620 59252 64184 17 28489
621 59400 61796 41 17042
622 59750 65402 72 86070
623 59800 62022 122 205879
624 59816 64644 60 61261
625 59908 68091 7 13850
626 59965 61277 96 132708
627 59978 61250 85 26069
628 60013 79035 69 245902
629 60169 72620 30 334023
630 60197 61644 16 8638
631 60248 68597 68 362607
632 60280 65789 71 477758
633 60285 73280 21 232098
634 60506 61233 104 26261
635 60600 61197 90 52403
636 60636 65298 17 14943
637 60789 74522 89 848919
638 60955 63419 16 30690
639 60962 61582 50 9739
640 61021 85750 21 172985
641 61040 68738 56 324007
642 61066 78601 101 367991
643 61069 94015 37 909288
644 61493 69772 104 582143
645 61556 66386 137 326276
646 61844 63236 17 6847
647 61858 79226 15 101905
648 62173 63485 120 96512
649 62215 68875 73 217615
650 62279 78952 95 423571
651 62550 62971 50 15381
652 62653 65760 52 66466
653 62870 72772 139 267873
654 62891 66889 7 17854
655 62910 92026 125 2403212
656 62988 63167 14 1686
657 63036 66145 106 68396
658 63401 66417 126 106510
659 63406 63626 48 27837
660 63427 69059 128 82506
661 63492 65657 43 5623
662 63497 73388 37 115599
663 63573 66204 99 77187
664 63585 69762 9 34632
665 63605 70660 15 41642
666 63650 64876 47 20159
667 63675 76161 125 607871
668 63686 82145 5 19825
669 64082 65075 44 7851
670 64165 73540 32 139834
671 64191 76312 13 61364
672 64265 92948 56 184885
673 64352 69687 8 9192
674 64572 68722 144 282598
675 64574 79563 130 613231
676 64673 65170 6 1970
677 64971 66446 31 5977
678 65024 65423 86 41358
679 65051 66271 68 50227
680 65255 68996 31 36206
681 65414 71371 9 19569
682 65481 65983 81 17358
683 65571 69334 100 67191
684 65697 66643 17 5612
685 65724 79893 30 240030
686 65882 86769 85 393947
687 65953 70437 59 325019
688 65977 84701 97 755308
689 66170 76778 71 97655
690 66397 93161 31 834259
691 66706 74474 15 58396
692 66724 73909 69 248713
693 66727 67991 97 78936
694 66813 68965 98 75979
695 66933 69531 72 37651
696 67045 83409 16 47592
697 67251 70297 92 180192
698 67651 81305 75 449887
699 67772 85044 141 700419
700 67817 72489 15 16481
701 67822 87895 28 302944
702 67968 70082 70 40401
703 67983 74351 66 105522
704 68218 69344 13 6788
705 68221 72891 9 25074
706 68397 83345 67 692019
707 68481 69814 39 42235
708 68571 69986 11 3897
709 68634 69891 59 19164
710 68947 71455 15 5100
711 69165 76438 69 124157
712 69187 71407 71 135570
713 69278 71913 59 20435
714 69461 73821 42 78095
715 69581 71199 47 132431
716 69660 87988 24 73816
717 69752 74938 45 63991
718 69893 72018 18 11642
719 69932 82714 60 732319
720 69947 73965 10 12290
721 70088 70941 112 34135
722 70110 82570 71 112162
723 70137 72425 18 27470
724 70143 73303 24 31281
725 70199 70489 112 18922
726 70216 80491 4 42310
727 70222 75477 146 550402
728 70336 88431 141 493016
729 70394 79503 28 223521
730 70401 71756 87 36388
731 70426 80418 28 79707
732 70432 73651 6 16047
733 70493 72389 33 31694
734 70963 75635 108 96296
735 70973 82883 78 544495
736 70978 73493 12 30038
737 71074 71510 16 2272
738 71082 73752 105 93641
739 71156 73891 74 66143
740 71343 91679 19 372491
741 71475 86826 6 31235
742 71574 77091 6 22337
743 71580 71836 80 8208
744 71639 80376 110 359961
745 71784 90256 41 163292
746 71905 78141 66 58129
747 72073 78183 66 181565
748 72250 73953 128 29042
749 72468 74395 105 68146
750 72621 72845 10 364
751 72631 96627 65 842139
752 72718 77167 8 7816
753 72721 77132 21 31691
754 72783 72879 6 691
755 72817 73108 58 9049
756 72898 79960 63 186811
757 72961 74766 79 86014
758 73022 76402 141 369231
759 73023 85807 89 269930
760 73120 79829 78 340779
761 73202 73240 98 1069
762 73306 77924 38 272033
763 73459 73818 50 7498
764 73472 76089 41 67347
765 73476 83866 143 505616
766 73539 81853 27 119659
767 73605 75922 34 40953
768 73667 74823 67 37722
769 73756 86647 88 583907
770 73811 73958 67 7436
771 73852 82558 28 38854
772 73869 77849 41 115579
773 73945 76217 65 67167
774 74073 75103 15 13747
775 74128 95141 77 382209
776 74210 78524 15 46854
777 74291 83379 146 323052
778 74469 75226 83 37839
779 74705 76278 68 47422
780 74840 75932 95 53210
781 74871 87679 144 840067
782 75025 77502 50 42804
783 75137 75607 6 1106
784 75188 86452 58 255615
785 75189 81193 50 134442
786 75239 79681 66 82794
787 75316 88996 133 448317
788 75331 92538 115 463242
789 75425 75638 6 923
790 75586 83623 133 1424236
791 75613 80138 28 57570
792 75740 78987 49 40309
793 75919 86702 13 170827
794 76115 78276 41 136142
795 76294 78471 6 6282
796 76390 83312 62 197903
797 76445 78170 76 105357
798 76509 76785 13 1678
799 76530 76911 108 35445
800 76685 82156 20 53116
801 76712 78613 86 85005
802 76919 79263 78 34008
803 77043 80466 75 48323
804 77209 90998 77 552936
805 77307 77959 5 1225
806 77318 86559 7 37346
807 77331 85014 48 110601
808 77355 88900 18 224099
809 77692 78121 14 5685
810 77776 79453 11 12760
811 77830 82053 54 117443
812 77902 85066 127 360230
813 78095 92349 30 130068
814 78131 79229 31 10497
815 78209 79666 88 57493
816 78256 84150 99 631951
817 78445 79780 68 86020
818 78502 79606 140 87811
819 78537 87825 16 97117
820 78798 83859 99 114053
821 78931 91723 107 638474
822 79001 99560 62 197602
823 79052 81483 6 2956
824 79171 80560 145 121096
825 79172 80777 75 71711
826 79544 79610 144 16738
827 79614 84790 39 31889
828 79662 85362 149 319948
829 79851 96454 81 572282
830 79986 83105 23 45390
831 80002 99774 91 840758
832 80054 80223 36 13244
833 80126 83030 16 16036
834 80237 88202 66 182170
835 80249 88640 50 249166
836 80271 88552 54 59106
837 80353 88782 38 55665
838 80447 82491 45 37288
839 80464 91179 23 92762
840 80488 82114 17 21170
841 80550 88571 11 58336
842 80588 90504 42 118793
843 80666 80794 16 621
844 80701 89482 52 201039
845 81028 83943 114 372630
846 81110 95466 111 255351
847 81306 86028 35 69781
848 81452 86642 130 304025
849 81657 83989 95 76391
850 81681 83852 31 25033
851 81749 83822 14 21456
852 81764 84811 7 2423
853 82080 82753 5 1988
854 82514 86065 103 143297
855 82632 90187 73 145949
856 82712 83350 15 9686
857 83043 86805 88 90018
858 83065 85734 15 17449
859 83134 93360 10 36814
860 83170 89624 115 554639
861 83186 83369 9 778
862 83308 94132 38 105333
863 83316 98198 51 376450
864 83439 87259 121 69974
865 83534 91269 11 56056
866 83857 89307 8 32524
867 83864 89543 131 381168
868 83966 84103 11 916
869 84021 93359 15 127622
870 84025 89608 6 11374
871 84218 85747 28 33152
872 84221 96255 106 997177
873 84226 90267 4 10419
874 84231 84891 8 5499
875 84289 87728 110 204332
876 84337 89505 5 12825
877 84381 91700 84 456309
878 84600 85232 112 40725
879 84633 95566 7 40460
880 84734 87297 56 75024
881 84742 87388 7 1934
882 84761 86699 72 91757
883 84777 95978 138 942762
884 84882 96821 21 92752
885 85027 85319 10 1551
886 85193 87674 64 96828
887 85268 89102 37 71448
888 85597 85955 21 13939
889 85634 94883 139 757052
890 85718 90467 148 352511
891 85786 91348 19 26026
892 85963 95956 9 51363
893 85966 99719 92 475334
894 86003 89836 10 17583
895 86055 89480 15 25618
896 86063 94308 4 5901
897 86090 86424 124 48394
898 86117 86662 60 30033
899 86283 88102 10 11674
900 86332 88194 13 10598
901 86410 94530 71 233455
902 86588 88527 45 16462
903 86605 95416 22 54254
904 86726 97877 34 237335
905 86740 88345 147 66852
906 86758 86852 81 5519
907 86836 88032 61 33356
908 86851 87827 85 48385
909 86853 92009 83 134783
910 86959 94156 83 454389
911 86965 88573 12 11604
912 87015 90488 34 53532
913 87022 87473 103 67979
914 87048 87132 43 1155
915 87182 90949 135 320323
916 87191 89854 36 23729
917 87199 87439 5 431
918 87247 89603 12 13750
919 87254 91424 85 66137
920 87274 89825 22 24438
921 87298 92048 82 105496
922 87343 87996 6 1384
923 87558 96869 28 93548
924 87661 87852 61 20595
925 88134 88603 58 18818
926 88267 90173 8 4461
927 88427 90840 23 17913
928 88432 97911 28 207105
929 88556 99929 111 325667
930 88602 88641 136 3531
931 88648 97159 45 211914
932 88659 91040 76 76153
933 88745 96281 5 11789
934 88954 95760 45 152719
935 89368 95215 87 304598
936 89569 93433 34 17384
937 89575 91096 149 112904
938 89940 90596 54 12067
939 90021 95161 19 50078
940 90127 90716 10 2897
941 90351 91852 134 44028
942 90558 93052 35 62946
943 90671 92763 10 3880
944 90953 93087 30 86629
945 91025 94407 10 31500
946 91095 96316 97 321720
947 91378 93783 138 146897
948 91421 94107 81 41355
949 91504 96651 146 269620
950 91609 91951 32 6219
951 91862 91876 145 1305
952 91898 95182 9 16966
953 91973 92772 11 5870
954 91983 99839 102 311788
955 92058 96266 85 98245
956 92069 97490 13 13512
957 92073 93162 71 43910
958 92152 93343 11 8965
959 92240 97246 26 38156
960 92348 95564 25 31533
961 92388 93778 38 19887
962 92526 97220 106 129514
963 92570 93286 36 14607
964 92709 94591 32 32334
965 92737 95184 14 10956
966 92778 96796 100 294245
967 92995 93388 134 46256
968 93009 98851 17 57065
969 93082 93395 130 27630
970 93154 96515 35 41271
971 93353 94934 149 69677
972 93621 94909 35 43288
973 93950 94647 134 21865
974 94202 96350 7 3374
975 94207 96665 13 6344
976 94218 95265 80 38883
977 94333 97707 145 177402
978 94345 94579 7 2976
979 94414 95111 75 27129
980 94656 96361 34 24541
981 94743 97989 83 64559
982 94923 98905 108 232822
983 95091 99912 23 60849
984 95152 98347 141 268208
985 95601 97735 100 64519
986 95661 97216 19 11395
987 95914 97905 75 37607
988 95930 97887 66 49092
989 96575 99167 134 138661
990 96791 99473 7 11416
991 96842 99785 9 23494
992 97214 98073 122 89771
993 97294 99438 25 53094
994 97564 98719 44 19047
995 98007 98097 39 10501
996 98034 98789 149 20146
997 98332 98821 128 26246
998 98747 99279 36 27069
999 99033 99717 115 15680
