50 1000 0.039
...#.............#...#.....####...##..............
...#..#........####.##.......###..#...............
..#####........####.##........#..####.............
...##.#........#.####............##..#............
..................###.....##......##.##...........
................#####.....#..........##...........
..................#.##............#####...........
.....................#....#.........###.#.........
..............#......###.###.....##########.......
..............###...##.#.###.....####.####........
.............####....##.####.##...##..#####.......
.............####..........###.....#...###........
.............##.##......######.....#.............#
..............###........##....................###
.............####....................#..........##
..............##..................#####.......####
...........................#.##...#####.........##
.......................#####.##....##............#
.........................###.......#.............#
#........................#........................
#.......##.........................#..............
###.....#......#...#...#.#........#####...........
..............##...########......######.#.#.......
..##.......###.#...######...............###.......
..##.......#######..###................###........
..####.......#.#...##.#................#..###.....
..##...........#...#......................###.....
...##.....................................##......
............#...............##....................
.##.......###..............######.....###.........
#####.....###..##........######.##...###..........
.#.#.....###.####.......####.##.#......###........
.#........######.#............####..#####.........
##.........##.#.####...#......#.#....#####........
#.............#.########........##....####...#.###
........#.#..####.#...#...#.....#......###..####..
.......##.#..####.##########.........#..####.#####
........###....###.####...##.........#..####.#####
........#.##...#.#######..####......###......#####
........##.###.###....#####..###....####...####.##
......########......###.#.##.###.....###.....##.#.
......###.##..........########..##..##.#..........
.###.##....#...#....######.....#####.#.#...##.....
##.#.##.......###.#######.#......#.###....####....
..#####......#####...#..#.#......###.......##.....
....##......##.##.......#####......#........####..
....##.......#............#......##...............
...####...........................###......#####..
.....####..........................###......#.#...
##................................###.............
0 2 15080 62 410413
1 67 5023 146 371170
2 89 18943 30 202696
3 370 2885 9 8089
4 475 1671 69 32515
5 551 1918 60 26538
6 583 13575 114 438726
7 618 6958 91 376697
8 632 3699 77 71591
9 656 1597 129 27682
10 874 24288 126 1293943
11 1255 8296 33 136232
12 1387 3651 99 50474
13 1481 3542 147 68816
14 1490 14874 33 68768
15 1492 5389 9 17007
16 1522 4109 9 12324
17 1532 5791 124 194612
18 1542 4796 56 48029
19 1550 2532 56 10220
20 1606 10307 9 49669
21 1746 3175 17 16694
22 1851 12912 27 80349
23 1869 4089 103 80634
24 1894 10776 50 320576
25 1950 28795 44 407106
26 1987 2241 46 3414
27 2159 3570 23 33845
28 2209 2766 141 30359
29 2218 5207 149 760261
30 2361 3477 81 112849
31 2427 12895 62 455492
32 2628 6083 33 67069
33 2641 3744 100 66926
34 2658 2813 14 660
35 2679 2877 46 8991
36 2698 2983 66 8430
37 2880 6546 137 287559
38 2950 4818 74 165216
39 3013 11477 73 434086
40 3019 8250 18 54054
41 3218 9077 119 396929
42 3282 6302 23 37121
43 3459 4715 84 46510
44 3495 8823 38 91418
45 3569 6840 27 47336
46 3674 5513 131 93616
47 3687 3853 6 1028
48 3734 7923 22 18460
49 3777 5485 5 7266
50 3942 14638 97 429562
51 4004 9825 51 81165
52 4123 11617 19 59036
53 4134 11291 102 155173
54 4161 4289 138 18091
55 4303 7304 82 163448
56 4446 15063 130 1350180
57 4459 11858 149 370878
58 4472 5240 61 19339
59 4549 16482 102 311568
60 4634 5142 137 148355
61 4659 4804 86 14627
62 4719 21396 121 526725
63 4764 9260 107 106268
64 4772 6565 131 89016
65 4791 11822 113 175930
66 4888 10321 49 116803
67 4931 8347 32 27459
68 4967 5589 17 4212
69 4977 11778 21 49688
70 5250 11169 59 102799
71 5335 6165 44 12643
72 5498 5663 111 10171
73 5527 11482 92 80523
74 5557 6377 91 46921
75 5613 6672 62 55706
76 5678 12767 12 42939
77 5712 28592 14 198115
78 5723 11354 63 166328
79 5784 14998 81 193782
80 5945 7675 99 45047
81 6019 18987 11 19675
82 6028 10509 26 56857
83 6219 6490 27 9258
84 6400 6697 111 27797
85 6574 10836 55 47973
86 6831 9864 118 244524
87 7073 11124 62 87439
88 7169 9575 149 264641
89 7190 7420 38 3169
90 7213 20721 72 621702
91 7236 10491 12 28277
92 7527 7717 24 1841
93 7730 15095 22 87182
94 7813 8146 28 4212
95 8073 8800 106 49580
96 8322 12572 17 32966
97 8356 11608 31 18098
98 8397 9220 139 192229
99 8602 16054 14 68529
100 8669 9216 75 15469
101 8739 18510 44 195621
102 9023 11609 139 75556
103 9038 9357 106 17544
104 9067 20428 21 63896
105 9103 11678 64 80846
106 9272 9281 92 502
107 9287 10083 102 23821
108 9301 12880 5 10014
109 9317 9464 87 7974
110 9326 10360 28 18045
111 9389 25708 146 1245077
112 9431 9492 114 3154
113 9467 15237 22 126659
114 9664 11535 73 32002
115 9739 19195 46 94621
116 9760 13433 47 133428
117 9772 10042 137 8234
118 9798 10107 6 768
119 9850 17616 6 29676
120 9902 15332 35 121296
121 9934 15108 40 59478
122 9974 11120 62 22512
123 9990 10586 8 2369
124 10123 11456 116 190568
125 10217 11552 135 74064
126 10262 12710 94 51816
127 10289 10833 88 22374
128 10364 20378 88 341329
129 10449 13960 10 15070
130 10559 12509 35 35565
131 10609 19299 7 49205
132 10653 20507 10 54998
133 10679 14231 39 41383
134 10849 14215 59 149001
135 10862 12145 47 29532
136 11012 11630 126 79480
137 11072 12166 39 14888
138 11216 15541 53 88623
139 11256 18167 53 139884
140 11264 17870 18 21805
141 11295 22237 40 133857
142 11371 13321 56 22065
143 11434 23751 48 128915
144 11716 13545 107 79219
145 11770 13720 94 59087
146 11874 15412 18 28149
147 11915 18905 106 315178
148 11951 21132 127 249858
149 11961 13101 141 43547
150 12123 17909 11 32831
151 12211 12869 136 19670
152 12250 13665 121 143593
153 12270 14355 33 32939
154 12285 15883 138 100653
155 12296 18856 64 474881
156 12618 17220 94 261679
157 12668 12797 31 2969
158 12669 13251 36 25485
159 12833 23936 129 450136
160 12836 13836 11 5033
161 12996 20157 20 104237
162 13053 15418 143 155468
163 13273 27053 86 154757
164 13294 15196 39 68971
165 13359 14325 49 26470
166 13361 16440 123 194384
167 13372 16677 13 36839
168 13465 14542 23 18556
169 13569 21940 77 471195
170 13726 20951 113 364906
171 13830 18979 114 224372
172 14023 16131 49 32366
173 14103 14690 24 7552
174 14169 14832 70 10254
175 14550 16714 111 53536
176 14573 21732 29 131330
177 14602 14876 15 5132
178 15178 20230 7 10397
179 15206 15745 5 2265
180 15379 15827 43 8219
181 15537 20197 150 332414
182 15586 19802 97 103351
183 15608 15704 38 3763
184 15746 16180 129 17306
185 15792 16872 124 98430
186 15812 20968 62 247004
187 15894 15995 134 9075
188 15905 20264 29 58869
189 15929 17575 37 18214
190 15930 17362 101 112197
191 15954 16145 6 527
192 15966 22560 27 167991
193 16024 21380 103 261018
194 16040 16938 46 18934
195 16055 19654 117 138017
196 16122 22129 131 564751
197 16237 16894 43 31892
198 16436 20222 77 67842
199 16498 20796 5 8872
200 16682 16899 65 10055
201 16933 19046 74 99116
202 17097 26577 35 189249
203 17188 21567 7 16717
204 17192 19872 87 98444
205 17202 19952 28 43942
206 17241 18374 72 51525
207 17329 22346 7 6950
208 17552 20328 134 146019
209 17566 18252 104 55140
210 17727 24467 16 72681
211 17815 21776 49 52460
212 17886 20252 35 94634
213 18127 19281 15 4120
214 18298 46299 65 1233658
215 18379 27202 33 124633
216 18412 20160 47 50802
217 18421 19916 10 6508
218 18462 21331 24 22672
219 18495 26915 17 38572
220 18513 21375 147 565022
221 18594 19370 6 2286
222 18607 20001 55 47167
223 18689 25004 16 72899
224 18792 19145 12 694
225 18806 24441 12 47706
226 19136 20736 7 3428
227 19188 19755 34 5227
228 19394 25167 137 442726
229 19585 21031 10 6823
230 19648 24050 37 81949
231 19686 19993 127 16879
232 19793 20904 118 83531
233 19882 20632 76 25084
234 19894 22311 83 221060
235 19936 19987 148 3847
236 19950 23314 62 59783
237 20199 22888 121 139932
238 20318 22345 96 102918
239 20344 25935 92 208692
240 20490 23809 136 265141
241 20545 40765 50 288604
242 20581 20957 87 12673
243 20582 21862 12 6027
244 20589 20813 91 5033
245 20641 21463 48 43328
246 20649 24910 53 306889
247 20691 21475 120 43384
248 20884 32606 35 115022
249 21040 25164 118 179702
250 21049 40617 37 217759
251 21152 22950 78 56430
252 21240 25796 67 64562
253 21261 24812 113 219069
254 21535 25547 17 59870
255 21562 29361 62 528097
256 21659 28699 25 161692
257 21684 32413 93 811443
258 21715 22287 146 31504
259 21811 25028 4 3917
260 21882 22945 110 78103
261 22435 23440 9 6957
262 22480 22529 25 1407
263 22564 26803 43 106188
264 22897 35367 92 367159
265 23036 24734 18 8100
266 23151 24843 23 5650
267 23173 24680 17 9590
268 23329 23906 13 4999
269 23347 24856 15 9117
270 23494 24035 95 15287
271 23584 24129 14 9300
272 23731 28905 114 249334
273 23802 30792 117 150669
274 23900 24431 91 47134
275 23913 40418 75 330158
276 23996 33664 103 234629
277 24120 32686 101 192893
278 24142 34633 28 253766
279 24380 24958 76 13113
280 24598 30167 19 101382
281 24611 38900 100 1153054
282 25056 25722 140 96087
283 25097 26170 35 28925
284 25439 31275 67 166638
285 25447 26004 22 9256
286 25520 26260 73 15535
287 25536 28114 64 44487
288 25687 31893 48 120957
289 25917 28745 33 25289
290 25965 26341 30 6907
291 25985 29079 15 37080
292 26036 31013 67 147064
293 26258 27353 86 104314
294 26517 27768 20 33014
295 26538 46164 40 666425
296 26581 33682 11 42599
297 26735 28722 6 8861
298 26765 32117 11 29812
299 27023 30368 7 6359
300 27047 31464 27 47836
301 27373 29063 143 208189
302 27477 31116 85 307363
303 27621 32084 95 132893
304 27676 33201 17 33765
305 27749 30678 59 55877
306 27877 31714 113 138237
307 27898 30472 5 11526
308 28070 30425 93 176230
309 28213 33665 23 46772
310 28227 33481 12 34320
311 28284 33260 81 299124
312 28330 29083 11 7402
313 28600 34918 118 199708
314 28630 29743 82 32460
315 28769 36576 85 423591
316 28846 32392 40 70256
317 28867 31025 47 65050
318 28882 35654 130 608346
319 29002 43328 8 18996
320 29074 29506 38 7882
321 29141 36781 124 653758
322 29142 34378 19 24928
323 29179 45422 26 124530
324 29333 33169 45 116248
325 29397 32161 107 377558
326 29438 35854 14 36008
327 29486 36621 32 68109
328 29531 30459 35 5317
329 29566 34628 14 19000
330 29613 37497 118 594668
331 29936 32378 99 141652
332 30089 37763 127 581976
333 30125 30803 61 29133
334 30127 31044 149 154373
335 30194 37067 40 29525
336 30213 35804 128 189774
337 30310 39364 128 438461
338 30349 35557 60 63331
339 30485 42458 64 490802
340 30562 33063 130 315750
341 30747 37645 27 169761
342 30807 32513 143 220785
343 31103 32906 100 81620
344 31125 33930 132 189081
345 31179 46177 49 577159
346 31253 32805 97 81360
347 31273 32402 44 73109
348 31290 32745 72 81253
349 31524 35898 77 189670
350 31553 40857 7 14961
351 31575 34485 81 131748
352 31687 50274 7 27981
353 31819 32275 131 39133
354 32018 50004 29 57208
355 32111 32999 43 13490
356 32221 35716 34 107648
357 32356 46881 26 155276
358 32481 33227 56 11446
359 32515 33597 42 16985
360 32600 47489 5 22257
361 32751 40219 11 9179
362 32952 36302 62 83048
363 33328 34601 23 4523
364 33436 37374 56 324920
365 33530 37353 48 60151
366 33573 39670 67 379123
367 33610 35558 5 5409
368 33631 44602 122 365763
369 33701 44411 111 325382
370 33898 41294 71 102656
371 33904 37061 49 100985
372 33976 47817 118 1029980
373 34092 34969 124 25501
374 34135 39571 11 16591
375 34160 36733 89 137260
376 34275 38299 17 50137
377 34954 43608 103 399871
378 35231 36262 54 33960
379 35261 40145 107 378174
380 35552 41071 49 137842
381 35699 41638 146 612684
382 35703 38990 5 14508
383 35723 36437 7 2989
384 35793 39078 54 97991
385 35835 39190 43 72164
386 36025 38199 15 7425
387 36065 38180 33 51014
388 36104 40695 56 80277
389 36242 39282 135 540731
390 36317 36321 87 341
391 36544 39892 28 36740
392 36556 48594 54 227682
393 36676 36818 18 1461
394 36710 52265 39 110250
395 36712 38215 8 21652
396 36737 42202 15 33376
397 36970 41498 74 105532
398 37026 61539 131 570339
399 37103 39385 90 242488
400 37205 39386 8 11615
401 37347 39042 149 96947
402 37355 56113 105 1473832
403 37492 40025 139 34895
404 37727 41544 7 15511
405 37830 39383 26 17828
406 37959 42805 9 12339
407 38193 39520 117 83585
408 38205 42228 62 110196
409 38245 42285 106 371011
410 38307 42704 107 113082
411 38329 38415 52 3093
412 38387 39163 35 10202
413 38462 43581 8 28009
414 38580 39057 34 5663
415 38738 38769 8 95
416 38757 43416 48 83943
417 38827 42359 142 141882
418 38966 39157 23 1892
419 39113 50350 25 149833
420 39357 45453 22 55607
421 39433 42894 7 13459
422 39495 40267 41 16355
423 39899 41907 116 82984
424 40126 42830 12 13833
425 40384 43339 24 36552
426 40391 47574 87 374326
427 40568 42383 87 70760
428 40573 41580 50 31912
429 40702 41008 36 6779
430 40721 52658 39 104325
431 40740 43933 105 155109
432 40918 42585 9 3717
433 40960 43939 84 160811
434 40991 54390 95 180219
435 41029 42114 89 52714
436 41182 41515 15 1837
437 41255 46831 13 31149
438 41532 44948 21 19467
439 41732 47334 16 78137
440 41791 46652 28 62683
441 41796 46812 146 432191
442 41844 42553 16 10814
443 42249 43609 73 51134
444 42273 56668 5 32138
445 42300 42499 90 20305
446 42334 45891 26 74770
447 42375 62482 16 66573
448 42517 46593 16 30833
449 42524 43195 110 22104
450 43115 45862 37 81661
451 43280 44734 63 70155
452 43321 47524 118 170629
453 43359 49981 12 19774
454 43497 46741 9 14110
455 43711 43907 20 3689
456 43734 44818 53 29531
457 43930 50597 141 565970
458 44248 50152 38 45234
459 44344 46650 139 72438
460 44410 50187 49 69173
461 44458 45367 51 18352
462 44527 44634 8 722
463 44552 49121 18 32331
464 44663 49302 80 158387
465 44693 49230 148 269610
466 44735 50664 50 162810
467 44829 46430 68 129809
468 44847 47848 31 95186
469 44882 48334 49 71776
470 45210 54374 32 92694
471 45573 47246 36 31803
472 45589 46048 49 13876
473 45614 45712 24 2047
474 45626 47557 6 2856
475 45926 51509 147 324987
476 46009 49290 47 220391
477 46078 49173 111 125546
478 46082 50935 14 34760
479 46227 50336 85 265908
480 46452 46896 11 1631
481 46786 48047 25 8331
482 46874 47663 100 79838
483 46927 50851 107 141454
484 46934 52472 98 664882
485 46939 49222 67 66345
486 47027 54307 5 7323
487 47135 50243 100 182959
488 47256 59927 135 860908
489 47351 48206 101 22216
490 47454 54405 35 71159
491 47477 52599 139 466811
492 47675 60080 6 34547
493 47753 61893 128 1008318
494 47765 51411 25 70755
495 47772 47847 143 10270
496 47928 54530 81 471503
497 48029 50418 126 134485
498 48043 48078 24 670
499 48051 58568 91 322658
500 48090 50826 46 88407
501 48151 50948 17 17566
502 48181 50096 114 111103
503 48273 60630 106 719120
504 48403 49977 89 101287
505 48558 55697 71 170165
506 48705 49784 51 14974
507 48732 52984 74 131242
508 48752 50612 38 7298
509 48801 51962 23 45473
510 48870 51994 96 157105
511 48892 52590 84 76583
512 48996 56162 79 185373
513 49211 53357 69 91443
514 49254 57145 84 167128
515 49304 55510 76 472317
516 49357 53405 52 75185
517 49372 52613 101 207961
518 49452 50917 27 9391
519 49584 53470 59 103853
520 49857 60147 57 387248
521 50009 51040 102 49397
522 50079 79503 5 55959
523 50092 52739 12 29115
524 50170 56382 16 63183
525 50376 52252 9 4710
526 50413 60702 21 97709
527 50508 66058 56 208293
528 50515 54202 35 32763
529 50636 51290 114 138096
530 50774 52925 5 7393
531 51432 66287 6 10107
532 51670 54086 56 124480
533 51873 53079 43 15439
534 51876 61067 145 294767
535 51976 58332 27 52613
536 51989 55701 35 26623
537 52128 65322 139 1943233
538 52218 57057 42 27671
539 52264 57363 135 244590
540 52282 54585 83 61509
541 52350 57424 129 1181773
542 52352 54797 10 21237
543 52558 54255 24 24205
544 52580 53477 59 46551
545 52598 52763 71 5759
546 52636 56329 85 143446
547 52833 52967 14 552
548 52969 54297 62 29705
549 52970 53629 13 11546
550 53047 55877 59 199650
551 53095 58936 9 12341
552 53120 54030 57 38873
553 53146 53534 15 6422
554 53202 67745 32 251506
555 53246 60070 47 136958
556 53316 57050 100 465982
557 53486 55178 88 25413
558 53528 68984 5 58159
559 53572 56294 44 48863
560 53731 55614 8 7607
561 53746 54880 137 62935
562 53765 59606 131 299400
563 53777 70970 150 1222375
564 53820 54147 8 1416
565 53825 53998 39 2882
566 53925 54102 139 8788
567 53940 57426 29 44403
568 54007 63226 68 208863
569 54015 55372 16 11192
570 54073 61411 20 72642
571 54278 61614 19 125274
572 54318 58144 124 83253
573 54432 57199 98 65453
574 54448 63565 109 836782
575 54638 55799 90 43498
576 54650 56803 34 16863
577 54763 62424 49 333357
578 54803 73218 9 106536
579 54843 55582 87 139443
580 54940 55527 56 19603
581 54963 61653 28 68364
582 55068 74130 19 110978
583 55107 56041 5 999
584 55208 58218 51 79831
585 55463 60642 84 83785
586 55514 57644 96 102495
587 55726 57486 15 12828
588 55758 64982 78 151256
589 55774 59811 18 78052
590 55851 65029 51 108833
591 55932 66660 18 88001
592 56052 62136 33 149565
593 56178 57597 24 44391
594 56383 74074 64 1344087
595 56411 63056 86 303224
596 56921 56958 21 776
597 57054 62922 11 43589
598 57079 58308 8 4530
599 57216 60552 74 461187
600 57265 57969 61 30414
601 57345 66321 43 162064
602 57540 83776 55 432589
603 57657 63889 97 593985
604 57667 58981 8 7052
605 57674 57791 15 1139
606 57882 77159 15 106724
607 58067 58100 8 288
608 58118 59305 8 5733
609 58385 60238 30 34675
610 58530 65508 150 1206297
611 58584 74997 56 253036
612 58750 61217 47 14740
613 58782 61189 75 87226
614 58970 60669 113 83157
615 59182 74655 28 396503
616 59199 82297 23 301572
617 59302 70649 13 89871
618 59343 65712 68 256747
619 59387 64424 7 6168
620 59518 60890 34 46879
621 59527 59999 16 4818
622 59579 59777 8 1555
623 59621 59957 15 1776
624 59627 64978 122 500560
625 59645 77675 16 84977
626 59745 60835 7 3144
627 59909 60153 73 2747
628 59978 60374 7 2025
629 59982 69238 34 181862
630 60168 64246 17 14742
631 60661 61357 45 10326
632 60716 63469 82 177071
633 60816 61473 75 20962
634 60970 70939 19 49209
635 61091 67244 6 23223
636 61113 70827 22 37173
637 61148 63190 23 40406
638 61237 64130 78 100616
639 61301 62655 39 26338
640 61762 62355 117 40727
641 61836 71351 144 423525
642 61894 65114 125 185078
643 62000 67561 136 458078
644 62254 62320 149 6044
645 62306 62570 101 12178
646 62331 67023 127 400254
647 62351 69171 114 295905
648 62502 66176 103 311162
649 62690 67231 54 153615
650 62732 65477 121 163670
651 62974 73556 30 307489
652 63006 98450 99 2789023
653 63020 64101 138 102342
654 63052 70144 46 189378
655 63077 64776 7 4843
656 63153 66314 149 126716
657 63197 71151 123 835868
658 63439 64497 6 3384
659 63501 71271 107 195178
660 63531 69515 20 60902
661 63532 65789 51 124510
662 63572 63971 68 9064
663 63588 69739 9 16603
664 63716 64319 111 22666
665 63736 69209 47 96805
666 63770 64502 21 10903
667 63780 63922 91 10586
668 63789 64613 89 22490
669 64003 69410 20 43745
670 64050 74527 46 303191
671 64128 67963 35 59141
672 64207 67801 4 7631
673 64427 70381 101 83486
674 64475 72749 22 48024
675 64523 65213 9 908
676 64528 66602 7 10030
677 64589 69816 114 598278
678 64655 64880 88 26585
679 64682 66621 43 6132
680 64843 66640 115 104644
681 64897 65901 145 48576
682 64924 67832 147 223664
683 65136 70248 112 221625
684 65211 67201 22 35994
685 65228 65503 46 6986
686 65431 69783 67 81473
687 65448 69330 34 67574
688 65527 66742 78 37186
689 65533 67731 15 8285
690 65611 66109 7 1486
691 65855 74003 100 114580
692 65876 67491 61 18275
693 65914 69788 16 16268
694 65926 69290 52 104070
695 66028 66212 67 2944
696 66046 68470 56 74449
697 66273 80955 62 400183
698 66290 69125 48 15422
699 66399 79248 128 894720
700 66415 73276 26 122904
701 66650 72671 9 21927
702 66666 69797 38 48094
703 66723 67292 143 38682
704 66829 70018 36 36978
705 66849 76769 63 222468
706 66924 74000 85 352305
707 66965 68525 17 13298
708 67019 71296 84 157984
709 67039 67140 31 1551
710 67139 70105 99 144476
711 67297 88655 7 45034
712 67326 71477 86 373394
713 67375 68431 33 27397
714 67389 68018 68 22909
715 67404 73986 149 184718
716 67463 67500 23 1041
717 67601 73361 21 55510
718 67800 69406 41 51066
719 67954 75207 61 64457
720 67990 81198 34 156797
721 68077 71369 61 137589
722 68115 68291 24 1646
723 68469 75450 7 15204
724 68600 83737 32 694536
725 68679 71409 39 35669
726 69310 69565 77 13946
727 69579 72307 6 7594
728 69656 70697 23 11224
729 70016 78404 11 43130
730 70131 77812 104 247823
731 70341 73513 7 9595
732 70481 75055 125 679694
733 70546 86284 15 158545
734 70631 92702 67 574483
735 70660 74948 116 256596
736 70663 72211 125 197134
737 70724 70795 39 2031
738 70808 75502 96 136301
739 70984 75700 54 93813
740 71315 72490 124 73715
741 71357 75712 118 151637
742 71556 72180 120 49306
743 71577 74954 46 109464
744 71844 72158 99 27025
745 71879 74015 24 23606
746 71885 72959 144 68137
747 71958 72492 22 3301
748 72048 76189 4 4490
749 72058 74721 48 31221
750 72063 72770 10 5787
751 72125 74128 49 59637
752 72310 76898 15 39617
753 72351 73928 79 135886
754 72383 76819 37 44067
755 72408 74290 4 2192
756 72495 89921 32 296157
757 72533 78424 25 54731
758 72805 79141 22 49435
759 72842 78805 19 68957
760 72911 73746 12 13934
761 72971 75786 10 20764
762 73089 73206 36 1611
763 73158 81766 44 99304
764 73460 73880 49 4163
765 73472 75200 7 7870
766 73584 82283 7 28426
767 73715 73781 94 6117
768 73717 82186 80 334936
769 73734 84508 132 554785
770 73767 80490 39 45957
771 73799 74883 46 40152
772 73868 77913 51 112892
773 73918 85339 93 809818
774 73929 74596 7 3023
775 74008 78752 36 110031
776 74197 74549 7 920
777 74221 84656 108 653165
778 74250 79502 89 138170
779 74309 83899 144 992685
780 74515 75368 13 3483
781 74566 75779 89 73353
782 74698 80226 21 129456
783 74984 77607 122 82811
784 75039 78256 113 177518
785 75134 75713 22 5966
786 75181 81994 95 358480
787 75184 82968 7 99133
788 75188 75888 126 53222
789 75237 77902 20 47780
790 75443 76130 146 85544
791 75455 76790 24 11192
792 75522 77950 77 50019
793 75688 78330 48 78937
794 75899 76339 64 13601
795 75928 77204 12 5410
796 75973 77288 15 5272
797 76250 84191 22 38591
798 76292 83822 6 22845
799 76299 79187 57 27442
800 76752 79780 13 49163
801 76788 82659 71 184962
802 76947 83800 56 207976
803 77069 93646 135 479992
804 77283 78916 143 70215
805 77299 95644 95 625574
806 77443 81869 45 60469
807 77453 81461 73 341483
808 77648 98800 9 129381
809 77649 81458 51 124568
810 77720 83471 74 191752
811 77780 86811 98 353940
812 77789 77866 57 1694
813 77846 90518 54 120411
814 77957 90454 36 258628
815 78113 79630 88 46795
816 78201 87576 53 322719
817 78246 84017 13 33622
818 78253 82859 71 110836
819 78302 90905 23 178583
820 78835 87545 29 51060
821 78949 79753 12 5576
822 79053 82592 11 13829
823 79055 83878 107 411200
824 79094 79451 20 2764
825 79168 79287 53 7148
826 79292 83558 28 145754
827 79320 87211 51 194588
828 79359 88818 4 7289
829 79638 87840 126 856028
830 79855 83522 32 46655
831 79928 80015 54 3656
832 79988 80414 61 30747
833 80013 81003 43 55231
834 80040 80672 9 2888
835 80169 80267 35 2760
836 80186 85580 11 41179
837 80220 82220 97 56159
838 80225 85511 22 31973
839 80402 83334 9 18828
840 80517 86295 6 18542
841 80661 83809 79 58286
842 80688 85789 82 235411
843 80711 91132 19 175767
844 80779 83212 43 13881
845 80799 81035 61 7407
846 80850 86555 46 108956
847 81148 99271 23 379162
848 81176 82496 8 10473
849 81193 84108 87 62603
850 81408 84612 11 33477
851 81419 83875 9 38380
852 81424 90831 142 432810
853 81481 88805 32 43988
854 81516 82090 114 30277
855 81524 86048 99 294048
856 81534 87284 28 55203
857 81656 83911 94 129101
858 81665 81944 25 4134
859 81878 82553 51 8186
860 82193 82742 24 4586
861 82603 82879 7 1569
862 82699 88711 135 1104891
863 82721 86127 52 119560
864 82736 98043 60 569676
865 83011 87574 142 275942
866 83106 90221 131 325480
867 83205 86770 21 21566
868 83252 86479 130 353047
869 83323 85454 8 7875
870 83381 87167 65 146974
871 83430 86177 48 92398
872 83505 89156 13 20524
873 83845 93442 19 106919
874 83904 87891 105 67157
875 83932 86409 38 91072
876 84099 85838 10 12216
877 84127 90280 20 83760
878 84149 90828 90 406946
879 84189 89918 138 674630
880 84225 84774 32 30538
881 84242 84539 85 29456
882 84272 86256 6 1529
883 84281 85408 71 69237
884 84405 90399 20 29446
885 84488 89361 136 202993
886 84575 88397 15 20810
887 84703 89143 62 166563
888 84811 93252 4 12045
889 84816 97753 13 86187
890 84929 94758 24 21388
891 85006 88802 13 32722
892 85145 85353 77 8904
893 85303 87741 6 4208
894 85304 86624 112 159478
895 85362 86096 57 40651
896 85391 86950 25 7939
897 85407 89288 6 6161
898 85413 87579 21 12244
899 85475 99395 111 626380
900 85655 99259 33 76767
901 85657 87754 52 137795
902 85764 89276 81 39323
903 85786 89882 31 58456
904 85855 87481 28 22936
905 85859 88051 147 143570
906 86101 86488 22 2934
907 86168 92821 74 73131
908 86262 93473 145 229498
909 86366 92101 22 63694
910 86388 93880 60 171075
911 86440 87438 57 20863
912 86478 91159 134 128439
913 86493 89677 32 23793
914 86565 92127 65 230830
915 86582 91342 36 40990
916 86622 92029 65 192393
917 86641 87372 28 3741
918 86767 96955 9 146430
919 86799 87635 69 19330
920 86873 95520 7 90419
921 87033 88190 114 95267
922 87172 87518 32 4015
923 87240 87647 139 47077
924 87320 90475 21 47902
925 87416 90623 102 381216
926 87535 88629 137 86806
927 87596 91024 17 35386
928 87725 89266 22 20928
929 87740 91609 16 14900
930 88162 89027 54 23335
931 88256 96714 104 701034
932 88793 92322 140 312439
933 88898 99443 35 121383
934 88943 97698 98 491897
935 89013 89151 147 19869
936 89016 90876 11 16041
937 89202 96179 87 201752
938 89219 94163 134 269587
939 89257 96199 7 40711
940 89282 94795 57 141146
941 89292 92227 10 28265
942 89426 92382 116 403354
943 89472 94654 18 122643
944 89595 99687 11 35315
945 89714 90296 83 30157
946 89758 91565 36 22594
947 90099 98496 72 172646
948 90119 90890 88 19258
949 90314 96219 50 106901
950 90357 92724 41 36293
951 90448 91727 142 197494
952 90503 90652 123 11312
953 90560 99320 129 302483
954 90565 99418 96 190965
955 91006 93995 8 8397
956 91113 91908 140 76726
957 91192 92549 32 123304
958 91197 97308 20 31020
959 91250 93279 126 141675
960 91486 94774 43 88199
961 91564 94801 30 23290
962 92054 93071 115 103701
963 92060 96736 21 61011
964 92063 93621 26 20897
965 92133 98344 15 71458
966 92158 94646 9 8026
967 92273 94420 96 107548
968 92405 93943 51 110449
969 92631 93759 44 64798
970 92812 93597 20 5615
971 93045 96586 92 130400
972 93333 93674 94 43256
973 93380 94934 148 69644
974 93394 96702 52 78290
975 93569 95461 68 54828
976 93661 96160 96 62102
977 93852 94121 7 2048
978 94024 95088 68 32966
979 94186 94589 130 43176
980 94360 95255 21 9598
981 95076 97882 39 28735
982 95201 95489 14 1924
983 95374 96009 84 43373
984 95395 95571 24 1780
985 95828 99459 142 157711
986 95894 96266 74 7489
987 95954 97602 144 99721
988 96131 96687 140 38924
989 96161 96968 58 28892
990 96306 98244 77 137978
991 96335 98243 4 5335
992 96639 99662 40 95313
993 96864 97571 56 25432
994 96884 97336 45 10186
995 97252 99576 100 46593
996 97321 99343 130 136051
997 97463 99279 53 35312
998 98211 98524 23 4267
999 99020 99310 63 28531
