50 1000 0.097
..................................................
..................................................
....................#.............................
..................#.##............................
.................####.............................
.................#####............................
................#####.............................
..............#..#.#.###..........................
..............##.#####............................
.............#.#######............................
............##########............................
.............#########............................
..............######..............................
..............####.#..............................
.............#####................................
.............#.#####..............................
..................###.............................
..................#...............................
..................................................
..................................................
..................................................
..................................................
..................................................
..................................................
..................................................
..................................................
..................................................
..................................................
...............................................##.
...........................................#...#..
..........................................###..##.
..........................................###.####
........................................######.###
........................................#.########
........................................##########
........................................##########
.......................................###########
........................................##.#######
........................................##########
.................#.......................###.#.#..
.................####.....................#####...
.................####....................###......
.................#####.#...................#####..
..................######..................#######.
..................###.###.................##.#.###
.................#####.##..................#......
..................#######.........................
................#..#####.##.......................
...............#############......................
.................###.#####.#......................
0 58 9818 129 541946
1 83 987 134 41404
2 127 1623 66 101912
3 552 3300 30 4730
4 730 3490 11 28059
5 833 2304 7 3506
6 862 3501 122 438272
7 864 1769 118 83986
8 1348 3828 12 23828
9 1579 9559 49 168775
10 1698 1700 111 365
11 1712 1988 29 4761
12 1837 11454 107 996635
13 1902 7040 63 117563
14 1940 5919 23 18147
15 2017 2741 127 27966
16 2244 2396 80 5332
17 2302 4744 140 433804
18 2310 3205 18 5559
19 2404 2445 44 1730
20 2587 12376 6 28153
21 2592 19373 25 182010
22 2890 8339 7 41862
23 2937 4168 102 39994
24 2958 8189 12 21814
25 3006 3707 11 5871
26 3053 5078 21 9817
27 3170 6461 23 19350
28 3405 7073 50 233326
29 3480 5854 28 27685
30 3540 5122 48 51215
31 3708 4818 72 95821
32 3871 8782 86 123765
33 3923 5325 41 15038
34 3981 4524 12 3361
35 4038 6075 17 22074
36 4074 4982 75 65826
37 4383 6388 37 23881
38 4384 6878 18 23580
39 4415 4586 98 2485
40 4641 4822 30 4958
41 4665 6105 110 115100
42 4795 5599 107 42940
43 4802 7309 10 16142
44 5035 7406 11 6595
45 5052 5064 11 171
46 5095 7201 100 140676
47 5147 9225 13 13273
48 5172 5558 16 2318
49 5176 5951 22 6589
50 5351 8275 74 98007
51 5381 11737 14 42108
52 5413 6535 97 18045
53 5434 9835 17 54320
54 5464 9009 57 77330
55 5611 11833 81 343098
56 5700 6938 37 22418
57 5729 7025 62 62611
58 5808 8053 10 31898
59 5985 8630 15 10955
60 6226 6799 29 9225
61 6256 6334 119 12409
62 6316 9558 13 13193
63 6386 6520 8 442
64 6598 6987 79 5094
65 6668 6726 14 529
66 6672 7362 47 29712
67 6786 10050 32 26055
68 6865 8332 37 12534
69 6870 15384 8 56133
70 6890 9479 23 107671
71 6894 8125 20 20973
72 6960 10555 107 94015
73 7022 8450 26 7137
74 7302 11410 50 67139
75 7305 11823 18 27962
76 7358 7415 63 6658
77 7462 10626 99 39455
78 7575 22702 102 402685
79 7691 10238 24 9699
80 7695 9519 59 40920
81 7715 7861 39 4102
82 7732 13624 10 51649
83 7755 11743 112 123874
84 7812 14099 89 276687
85 7839 12333 9 13879
86 7840 12209 5 7462
87 7852 14589 74 188303
88 8089 9998 103 164445
89 8376 8567 111 7759
90 8380 14557 55 450294
91 8459 10962 100 159844
92 8882 9351 44 18778
93 8894 12730 115 261052
94 8994 9863 6 4381
95 9104 9272 60 6563
96 9136 10686 78 36043
97 9232 20899 25 75895
98 9376 11397 50 49169
99 9384 10034 95 53064
100 9455 15885 61 97789
101 9540 13598 22 58487
102 9667 10551 128 55002
103 9889 10087 61 8307
104 9970 13709 100 44344
105 10096 24604 16 44730
106 10132 10598 14 9915
107 10548 13423 88 132883
108 10566 15011 61 94436
109 10616 18414 33 179329
110 10693 11958 31 25005
111 10746 21312 38 55819
112 10858 18559 10 17854
113 10881 11163 13 729
114 10884 12989 30 76253
115 10969 11009 9 186
116 11277 15391 29 90048
117 11486 13205 38 35850
118 11554 12832 106 31018
119 11576 12317 22 15223
120 11635 20970 31 73915
121 11902 13408 63 78880
122 11921 14024 28 29208
123 12295 13231 78 43687
124 12369 18293 57 234494
125 12451 14293 43 29574
126 12576 15111 76 158095
127 12693 13835 17 6340
128 12703 21657 136 531613
129 12785 17508 7 11975
130 12880 14689 61 79723
131 12993 16323 72 103644
132 13026 13779 108 43056
133 13123 13475 78 30962
134 13126 13304 26 1057
135 13143 13299 90 20627
136 13220 14007 79 7031
137 13297 19746 115 548722
138 13561 13826 45 8428
139 13609 16717 49 93663
140 13665 15265 8 2244
141 13813 14614 62 4297
142 13893 18635 22 44440
143 13963 15996 57 80624
144 13993 17727 20 70944
145 14011 14246 20 2471
146 14025 15286 8 3389
147 14047 15423 66 31360
148 14096 14213 35 1844
149 14113 30604 26 143340
150 14169 18292 104 126077
151 14181 21877 136 287042
152 14218 18760 144 123729
153 14248 21232 33 158651
154 14446 19408 50 116346
155 14457 22400 132 420456
156 14497 25213 56 205807
157 14558 18836 35 98022
158 14622 15487 39 13449
159 14697 16938 37 58772
160 14763 15562 59 27998
161 14821 23203 37 77024
162 14878 18122 116 537204
163 14907 22682 54 267057
164 14985 16492 116 99030
165 15015 23397 139 786933
166 15088 15393 65 26097
167 15095 15702 28 5002
168 15119 20948 15 45778
169 15209 15956 72 10680
170 15246 20433 116 197196
171 15259 15433 128 28325
172 15348 16144 51 8976
173 15454 17795 130 106419
174 15470 16178 27 9833
175 15493 22096 79 161323
176 15531 21729 97 409275
177 15708 19027 135 251909
178 15730 31123 84 701921
179 15773 16337 136 39276
180 15972 16576 39 11123
181 15992 19143 48 56740
182 16071 18161 45 43518
183 16079 18829 33 48223
184 16094 16538 28 6185
185 16125 16301 141 16756
186 16224 19664 5 7550
187 16235 17703 107 63458
188 16310 27415 21 57679
189 16349 20778 65 125579
190 16615 35243 127 1727575
191 16810 18822 31 31058
192 17171 17175 12 28
193 17449 17665 97 9864
194 17611 24873 20 23107
195 17669 18101 21 7928
196 17752 18106 19 3688
197 17816 18693 32 5303
198 17885 20823 30 59042
199 17961 19856 115 52372
200 18210 19099 105 29182
201 18225 21702 64 83159
202 18371 20567 8 13279
203 18713 20081 78 78285
204 18719 22822 47 178686
205 18818 20368 79 48444
206 18855 22449 62 383644
207 18911 20483 101 107777
208 18987 21879 23 23413
209 19129 23136 22 57800
210 19340 21114 8 9418
211 19469 19597 14 835
212 19683 24500 120 52614
213 19781 25832 149 504468
214 19973 29230 97 168362
215 20033 20633 89 22038
216 20061 20593 52 10361
217 20087 21742 29 24160
218 20135 30967 16 90428
219 20156 20680 66 37307
220 20181 20212 105 2462
221 20227 22635 18 19706
222 20296 28797 116 313168
223 20358 23115 14 21394
224 20653 24683 24 30974
225 20752 27080 109 400509
226 20797 21685 8 3881
227 21046 22235 109 117003
228 21059 21106 29 2191
229 21138 24111 120 109631
230 21289 21318 12 243
231 21337 27003 109 374640
232 21565 32667 127 671930
233 21587 22920 11 14688
234 21596 25388 12 13084
235 21654 22293 16 2856
236 21765 25247 19 23521
237 21859 24393 98 76201
238 21882 24854 42 84235
239 21883 24515 4 4137
240 21968 28272 109 365608
241 22114 23474 15 7966
242 22267 23011 19 12363
243 22281 22794 96 19434
244 22371 22833 54 27844
245 22436 31412 58 137486
246 22662 23371 32 24689
247 22787 39435 14 147004
248 22860 24684 28 7951
249 22891 32813 56 292228
250 23047 30305 23 67949
251 23079 25511 127 106965
252 23140 26994 23 79202
253 23193 24767 83 51471
254 23279 29544 30 106894
255 23478 26662 142 468214
256 23553 23755 6 1444
257 23694 23823 31 3212
258 23725 27538 26 42773
259 24004 25876 16 6756
260 24302 30845 23 38499
261 24356 26561 7 10930
262 24367 26054 116 91792
263 24430 29210 79 195548
264 24443 25723 17 8833
265 24452 25093 103 14136
266 24489 25661 22 16095
267 24583 24751 97 9507
268 24654 26175 9 2255
269 24715 24758 87 2363
270 24937 25903 39 17220
271 25245 28685 7 20892
272 25287 26131 114 79333
273 25292 28672 4 3000
274 25422 25722 133 13285
275 25436 25534 115 4453
276 25471 28579 21 28376
277 25685 30641 95 120622
278 25770 26469 9 8938
279 26003 30728 24 61570
280 26011 27050 138 62856
281 26040 26365 51 13663
282 26067 26847 4 486
283 26120 29077 9 13296
284 26159 27107 64 27101
285 26162 28264 88 73109
286 26202 30116 31 31851
287 26293 28204 9 13251
288 26689 26921 8 1313
289 26954 33476 70 150873
290 27007 32129 23 48325
291 27036 27442 147 32941
292 27395 30228 7 14525
293 27453 27985 78 43162
294 27467 31931 101 288154
295 27544 31007 91 159353
296 27569 29578 43 43560
297 27617 29146 9 12804
298 27652 29236 116 107553
299 27672 32138 47 86240
300 27698 32367 90 142803
301 27717 32405 20 77275
302 27970 32740 105 252768
303 28026 28657 4 1638
304 28166 31405 56 25623
305 28362 29157 77 63978
306 28854 30407 64 57543
307 29131 30753 82 128916
308 29426 29801 81 9460
309 29453 33643 87 71752
310 29464 30173 8 1075
311 29474 30270 4 944
312 29533 29860 56 7180
313 29560 31281 60 38545
314 29607 42289 104 124546
315 29914 30756 104 46756
316 30241 34296 76 61469
317 30318 30529 15 4913
318 30328 32500 12 19463
319 30347 33132 142 325904
320 30509 41258 79 384662
321 30576 39388 43 194044
322 30628 32490 50 100285
323 30686 33949 68 78496
324 30789 31995 4 1950
325 30863 32465 40 12609
326 30936 36923 4 6460
327 31034 35834 38 180742
328 31095 32529 5 3014
329 31131 43143 35 97836
330 31162 31488 120 10690
331 31214 34990 13 30445
332 31652 32327 128 71075
333 31738 34949 99 186221
334 31844 32741 21 4216
335 31888 32020 89 7958
336 32081 35264 48 45937
337 32179 34136 10 6197
338 32235 47269 42 315420
339 32370 35347 37 38831
340 32520 36523 61 61180
341 32716 38637 23 59881
342 32801 34121 10 4942
343 33183 38452 143 141543
344 33299 38857 35 38179
345 33341 34284 26 16341
346 33344 36947 102 133544
347 33444 43139 56 543800
348 33619 34737 17 9513
349 34138 36925 29 48614
350 34179 34235 17 265
351 34201 34428 44 5096
352 34246 35061 28 12143
353 34407 35938 109 207257
354 34485 36661 38 154551
355 34592 38784 44 101328
356 34598 35079 65 65645
357 34602 35331 9 2662
358 34622 35450 4 1763
359 34716 37258 4 12946
360 34911 37792 82 250108
361 35008 42260 45 67981
362 35009 36664 122 62022
363 35018 40501 96 114015
364 35046 35324 49 4942
365 35364 37860 60 134745
366 35487 35994 108 31667
367 35548 38480 75 67934
368 35614 38072 102 229101
369 35811 40545 78 210449
370 35870 43057 12 22491
371 35873 39168 70 87720
372 35957 36018 13 372
373 36017 38167 23 6630
374 36246 42121 22 60276
375 36314 41302 62 57933
376 36363 38012 130 76542
377 36470 37613 115 57068
378 36481 39072 64 67157
379 36597 38262 6 7644
380 36670 37924 5 7470
381 37006 47051 148 603520
382 37024 39392 64 53239
383 37056 41652 18 46894
384 37113 38521 63 27934
385 37114 37166 26 1790
386 37126 37269 26 6347
387 37161 37895 44 18383
388 37621 38677 33 10050
389 37866 42790 48 85663
390 37900 39458 24 15510
391 37966 39232 72 39691
392 38028 40421 84 127858
393 38121 40925 72 161451
394 38129 50623 100 419021
395 38217 38325 69 2573
396 38264 52502 104 766076
397 38589 40373 83 66620
398 38619 39716 18 13932
399 38626 41734 40 27646
400 38645 43315 107 360545
401 38692 47918 11 75697
402 38714 39268 12 2956
403 38759 39078 140 25908
404 38847 39654 61 4115
405 38872 44877 117 483095
406 38896 43544 13 46647
407 38936 43691 21 12509
408 38966 49340 4 47692
409 38998 40723 60 27415
410 39218 55190 36 195654
411 39295 41887 52 163810
412 39420 42571 135 66561
413 39586 45787 50 70707
414 39808 39907 78 2532
415 39847 39859 146 1077
416 39950 46514 46 140574
417 40164 45825 25 62547
418 40206 44722 99 318380
419 40214 41684 24 8825
420 40260 40824 49 9831
421 40389 40909 105 119731
422 40539 42230 25 43845
423 40639 40879 22 4380
424 40662 41451 60 13818
425 40677 40815 87 11115
426 40687 42871 12 10809
427 40699 41834 70 34784
428 40817 42482 69 146770
429 41095 42349 139 141310
430 41121 44072 66 79919
431 41184 42937 31 14064
432 41544 48108 22 84432
433 41707 43214 121 25941
434 41931 46341 84 425537
435 41947 42553 66 9356
436 42351 42529 70 3714
437 42514 44688 83 45581
438 42666 42989 21 2951
439 42702 44040 142 59283
440 42800 44521 53 87937
441 42818 43152 34 8384
442 43087 43291 7 2061
443 43626 44242 127 24513
444 43762 45832 24 13409
445 43790 45050 82 64296
446 43837 45776 57 74103
447 43905 44452 123 59623
448 43966 49078 81 71565
449 43976 51984 63 70590
450 44035 48027 26 62816
451 44052 63091 70 332524
452 44357 54767 17 40209
453 44514 48524 77 217096
454 44548 45311 48 29532
455 44610 49623 32 113524
456 44723 47252 67 44740
457 44743 45182 37 15550
458 44846 44895 126 3591
459 45032 45883 23 19412
460 45069 55401 50 138572
461 45221 54924 8 16844
462 45354 46396 46 53360
463 45489 47227 11 6550
464 45512 49595 106 125795
465 45537 52457 9 27745
466 45586 45780 145 45636
467 45709 47072 56 49867
468 45816 46894 135 73156
469 45879 50818 32 81962
470 46010 51568 14 14010
471 46057 46101 6 200
472 46124 46502 7 1558
473 46278 47430 95 50787
474 46374 53221 149 318647
475 46455 50877 85 296764
476 46475 46747 11 2574
477 46702 47123 44 8148
478 46742 47574 11 4317
479 46802 50725 24 46010
480 47061 50214 6 9224
481 47110 50895 105 136586
482 47190 48414 28 16167
483 47193 47266 102 1811
484 47214 47376 21 1970
485 47328 49562 93 92790
486 47352 54270 143 392727
487 47379 51462 70 324357
488 47576 49122 32 19713
489 47632 47725 95 8198
490 47944 51546 4 3895
491 48005 52191 108 349603
492 48030 48147 61 4854
493 48158 48898 116 107996
494 48471 52912 8 14913
495 48497 48690 134 6043
496 48711 51426 140 364252
497 48761 50028 69 62467
498 48824 53048 120 66940
499 48866 54743 28 89704
500 48877 52166 38 64462
501 48928 49925 15 4926
502 48929 51965 95 247168
503 49002 49053 73 1703
504 49105 49696 62 12698
505 49341 52380 56 93910
506 49377 51751 88 88303
507 49450 56440 4 7961
508 49539 50042 57 15494
509 49674 54400 97 193239
510 49703 50538 72 60764
511 49884 51090 62 54870
512 50193 52687 36 49818
513 50261 52730 56 107418
514 50279 52049 69 44322
515 50288 52441 42 106903
516 50444 59927 18 67306
517 50516 51501 140 121462
518 50542 51410 140 84154
519 50667 51234 72 33716
520 50674 53225 75 119809
521 50716 54952 10 27658
522 50902 55006 41 36073
523 50927 53358 25 34158
524 50955 51757 112 107707
525 51106 52223 22 18689
526 51267 53408 11 35940
527 51328 52425 33 12461
528 51351 52283 97 42894
529 51388 53097 12 44745
530 51451 54843 74 156226
531 51542 56019 5 11252
532 51919 52690 71 29731
533 51971 55795 6 25132
534 52041 52136 133 16411
535 52267 53415 61 19347
536 52303 53494 23 27638
537 52316 66607 131 1271575
538 52464 53423 130 87078
539 52569 53527 33 6216
540 52596 53823 33 8825
541 52743 68689 26 109216
542 52744 57947 58 107725
543 52758 55989 85 132537
544 52902 53606 6 2780
545 53233 53285 100 3064
546 53234 56625 87 118879
547 53262 54218 14 5517
548 53326 56675 86 95105
549 53586 54422 100 21260
550 53633 61906 24 79786
551 53668 54671 46 30779
552 53702 56636 64 58942
553 53720 56548 26 78192
554 53825 55949 114 104484
555 53922 55443 59 45793
556 53986 55409 5 7760
557 54061 56515 17 15660
558 54197 59806 144 440522
559 54454 54955 108 21078
560 54489 55344 117 37395
561 54535 58559 50 87654
562 54855 56850 41 35184
563 54944 56232 97 43333
564 55066 64870 118 603147
565 55143 55994 33 20012
566 55386 56023 35 3563
567 55551 55789 26 3396
568 55732 56556 10 4198
569 55844 61919 6 21570
570 55991 57261 27 12285
571 56085 57228 76 50388
572 56171 58320 12 13932
573 56334 59287 24 17910
574 56339 57767 25 10566
575 56380 64728 9 77649
576 56560 58005 44 125251
577 56605 57146 52 22767
578 56704 56965 65 5751
579 57277 57644 18 2076
580 57318 62792 49 68420
581 57418 63542 79 178504
582 57577 59576 15 9711
583 57611 65149 49 79984
584 57670 58376 7 1600
585 57787 61466 97 142828
586 57877 58242 85 9357
587 57922 59150 85 46119
588 57993 58089 6 1203
589 58017 63148 56 212425
590 58116 59477 90 43384
591 58207 59070 87 15714
592 58223 60951 47 21315
593 58270 67714 111 665019
594 58277 60750 30 44194
595 58360 62935 88 269149
596 58419 59331 27 8379
597 58507 63606 20 19621
598 58520 59874 99 76525
599 58578 60129 11 10109
600 58583 58860 6 1985
601 58613 60830 23 31276
602 58643 59460 73 31638
603 58756 85129 64 393677
604 58776 60411 45 82769
605 59001 60556 81 49115
606 59016 65875 70 256727
607 59018 60600 80 38882
608 59182 59300 130 20575
609 59184 66965 42 235300
610 59222 61469 93 81028
611 59515 59745 76 2389
612 59533 69027 15 13156
613 59577 61557 58 33282
614 59867 61026 122 33826
615 60020 61543 144 142396
616 60058 60090 87 3787
617 60069 62132 37 33302
618 60092 60505 134 45274
619 60253 61167 62 39778
620 60314 63072 81 82857
621 60374 61274 23 22131
622 60381 61408 115 79469
623 60426 77710 20 162514
624 60430 60467 99 4894
625 60473 61502 58 22987
626 60492 63883 23 51648
627 60497 62335 18 16890
628 60733 62561 107 46332
629 60769 63537 39 47249
630 60808 71450 32 141855
631 60831 69713 37 95623
632 60953 63227 91 107727
633 61151 69621 37 87696
634 61217 63860 20 33224
635 61303 68463 8 12165
636 61316 61651 51 8614
637 61453 66616 140 402513
638 61668 64288 20 44647
639 61687 63304 87 55500
640 61719 67558 44 89544
641 61831 67903 60 57117
642 62011 66341 33 79690
643 62123 68346 42 146588
644 62301 62889 102 16200
645 62322 62759 81 21516
646 62475 64271 97 89849
647 62579 63001 73 10552
648 62723 63026 9 1010
649 62736 64677 16 13328
650 62819 64856 108 249280
651 62839 69832 35 113520
652 62953 69235 50 148133
653 63013 64065 75 23140
654 63110 64117 10 2705
655 63237 63430 76 5265
656 63297 66395 30 47579
657 63423 69221 113 184463
658 63522 65268 39 54500
659 63580 65692 80 163977
660 63597 65063 12 6042
661 63630 66536 122 329224
662 63667 67603 46 51368
663 63816 67732 139 562235
664 63855 65117 103 42318
665 63873 65449 40 11787
666 63940 64107 39 1707
667 63966 64877 13 6766
668 64077 64956 20 5917
669 64082 64410 43 4387
670 64087 65505 25 15537
671 64126 69767 104 252839
672 64226 65779 89 73599
673 64390 66112 130 130580
674 64491 66783 6 8882
675 64627 65820 8 6347
676 64721 65605 98 39405
677 64783 66769 12 5374
678 64878 66221 25 23855
679 64916 69669 78 174900
680 64939 65487 142 43458
681 65051 65562 93 72600
682 65110 69993 5 4677
683 65156 71033 34 77990
684 65297 65756 33 11108
685 65300 67520 75 47718
686 65469 66253 6 4083
687 65654 69209 15 26599
688 65721 66849 11 11139
689 65987 68847 140 80330
690 66092 67500 75 80192
691 66130 66520 144 25024
692 66169 66755 20 25291
693 66266 69496 5 6362
694 66280 66707 102 35744
695 66700 67161 19 2208
696 66898 69652 17 11973
697 67109 70259 12 4800
698 67206 68033 60 34614
699 67343 67551 21 1625
700 67424 67699 98 43290
701 67473 69288 140 129586
702 67630 67798 114 9938
703 67631 72745 99 436543
704 67660 68341 23 9950
705 67753 77127 110 430912
706 67834 68342 118 35420
707 67862 68216 123 32249
708 67889 70210 44 51959
709 67961 70846 78 60516
710 68427 78561 4 10037
711 68724 71253 5 2630
712 68864 69396 37 7490
713 68924 72772 13 33404
714 68928 69427 89 46643
715 69229 74048 121 430236
716 69287 78451 85 339163
717 69371 75357 8 10137
718 69443 70001 7 1430
719 69487 70185 138 94333
720 69653 70807 6 7591
721 69674 72839 9 7452
722 69768 70545 145 64733
723 69791 70636 11 3501
724 69881 72699 141 229847
725 70015 74270 97 216730
726 70476 74854 52 83470
727 70598 72949 140 98593
728 70635 75685 37 101229
729 70676 70702 61 2766
730 70801 71313 113 47835
731 70914 73413 126 103326
732 71066 72153 114 48992
733 71083 72596 67 54271
734 71106 72216 148 99125
735 71300 71712 25 4726
736 71427 72252 117 42104
737 71437 72518 25 16061
738 71527 75439 58 90149
739 71537 83627 148 672578
740 71571 71883 19 1681
741 71572 72565 147 75853
742 71678 75516 105 93018
743 71679 73158 123 142689
744 71705 72644 14 6493
745 71787 73415 19 20069
746 71824 74561 125 129624
747 71862 82552 15 101327
748 72256 75546 61 116765
749 72626 74551 137 162848
750 72700 78200 137 182101
751 72801 73018 29 4910
752 72890 82068 126 242482
753 73082 73718 128 52296
754 73194 73789 78 58323
755 73466 74183 138 116981
756 73559 75009 58 22125
757 73624 81344 117 103212
758 73651 75068 24 13179
759 73686 74431 79 85370
760 73691 87157 106 593635
761 73823 74727 15 4824
762 73828 81459 65 127064
763 73919 74411 114 25203
764 74053 76367 78 38892
765 74314 83881 52 63434
766 74562 75611 73 91962
767 74667 75309 4 2121
768 74706 79496 7 19764
769 74791 79323 39 75834
770 74876 75140 100 12331
771 74976 76396 71 33403
772 75038 75549 25 6016
773 75092 76253 105 60583
774 75109 75810 6 2159
775 75337 75938 99 17204
776 75529 79713 92 259526
777 75563 76130 6 692
778 75566 76727 68 131636
779 75636 76216 126 54839
780 75794 79392 8 7724
781 75877 78033 17 12442
782 75896 76201 19 1176
783 75946 88252 15 84175
784 76015 78090 27 30545
785 76037 77715 85 56682
786 76044 77103 72 20981
787 76046 78273 5 5106
788 76076 78421 54 30352
789 76138 81234 86 304494
790 76147 83076 125 157704
791 76151 77362 46 34975
792 76232 77021 15 2198
793 76312 76667 110 57514
794 76342 76768 9 1300
795 76401 77052 16 13605
796 76708 77107 111 51270
797 76741 79494 108 158695
798 76746 78184 23 44778
799 76952 82206 36 27285
800 77004 77794 83 57638
801 77080 78586 24 16790
802 77097 88038 85 431699
803 77168 80641 81 121124
804 77278 83253 110 512177
805 77357 79581 59 117521
806 77379 78315 90 100359
807 77469 79945 89 62653
808 77523 78387 19 3969
809 77622 82109 150 99669
810 77627 81895 35 54168
811 77675 77900 30 4387
812 77703 81778 9 23322
813 77858 83007 132 183266
814 77911 78535 144 83872
815 78325 82802 6 8880
816 78382 83907 8 15135
817 78445 85183 21 22703
818 78469 80451 16 8602
819 78528 79779 12 7547
820 78648 79418 106 19071
821 78664 84321 11 21477
822 78758 78984 69 9494
823 78933 82479 90 476787
824 78964 80997 122 37354
825 79241 80788 88 48968
826 79270 80846 5 1506
827 79330 80382 6 3260
828 79378 82417 19 32005
829 79499 83411 37 46550
830 79571 80053 129 101334
831 79573 84342 86 215960
832 79582 80396 14 9625
833 79770 81338 53 194435
834 79851 84935 63 45820
835 79862 83209 110 161198
836 79964 80152 58 6280
837 79977 87912 31 166682
838 80039 81046 92 36900
839 80225 85145 44 94967
840 80244 84516 108 163735
841 80261 83548 77 67356
842 80378 85327 19 38393
843 80455 80587 10 1507
844 80470 86332 43 137271
845 80507 82035 47 10990
846 80538 92393 67 159525
847 80849 82770 44 68875
848 80886 81183 11 931
849 81418 87315 16 59101
850 81509 83443 8 9489
851 81760 87730 41 194325
852 81794 82822 37 20335
853 81882 87553 38 68445
854 81966 83485 92 78271
855 81985 83275 70 102906
856 82087 83830 104 37976
857 82421 84872 88 114191
858 82599 83440 112 42696
859 82819 89897 46 136687
860 83029 83322 87 12987
861 83240 87649 91 243287
862 83248 83614 66 16637
863 83257 85529 8 8959
864 83261 83833 5 1179
865 83358 86002 98 134348
866 83599 84971 128 58673
867 83843 86625 9 8760
868 83848 88603 21 43624
869 84028 84554 5 1574
870 84219 86720 37 39116
871 84297 89494 13 6718
872 84360 84487 46 2858
873 84402 85968 28 7558
874 84434 90473 34 270478
875 84557 88672 91 105553
876 84614 84801 98 9475
877 84666 92071 103 129677
878 84671 90329 52 238781
879 84706 86839 96 76519
880 84842 84897 18 567
881 85124 89147 52 117255
882 85264 86653 64 67170
883 85317 86265 22 32012
884 85657 89314 107 216112
885 85664 86924 75 19397
886 85763 89951 11 22110
887 85897 87615 37 53094
888 85960 87599 85 67043
889 85971 88178 39 68736
890 85975 88988 24 13497
891 85995 87375 141 114333
892 86008 93322 19 41754
893 86108 87891 97 114466
894 86178 92199 66 304036
895 86223 87748 11 18892
896 86242 89402 108 106935
897 86446 86821 49 30103
898 86499 88140 6 1055
899 86584 86586 69 58
900 86666 89947 9 9639
901 86831 86951 42 4471
902 86889 87381 129 32057
903 87064 89996 58 18045
904 87068 88840 86 54393
905 87069 87097 8 191
906 87440 97315 21 69110
907 87449 91410 147 338097
908 87600 90764 36 42538
909 87602 88817 26 24091
910 87805 88101 129 19937
911 87815 88761 16 6419
912 87925 91362 5 7844
913 87997 89935 133 117870
914 88174 92697 48 93116
915 88283 88344 144 5892
916 88395 88406 83 811
917 88538 90838 31 27365
918 88565 89148 8 2415
919 88730 91085 6 5621
920 88956 92911 6 12676
921 89349 96769 11 84752
922 89354 89551 116 12487
923 89456 90842 11 6645
924 89467 90732 115 60137
925 89546 92452 77 83839
926 89581 90240 145 76441
927 89736 91635 99 81831
928 89809 90212 11 791
929 89861 96751 8 10016
930 89941 92358 146 132548
931 90139 91237 65 25670
932 90183 91254 30 16858
933 90194 93140 108 74370
934 90291 94333 132 688516
935 90377 91526 5 1908
936 90411 90756 23 3092
937 90512 91130 13 9533
938 90721 91196 48 5068
939 90739 91003 25 1952
940 90740 91360 139 49720
941 90784 99840 73 148518
942 91179 96893 101 173173
943 91361 94768 30 29005
944 91532 95033 77 40603
945 91568 93337 23 21062
946 91574 92836 9 7969
947 91676 93614 98 96459
948 91816 93651 72 53949
949 91820 93052 60 31309
950 91847 92935 115 53019
951 91864 96328 19 68884
952 92025 94156 132 206315
953 92111 92112 78 104
954 92320 95914 137 104361
955 92550 94529 78 102753
956 92684 93426 57 40120
957 92722 93945 76 65642
958 92785 94658 9 15629
959 93021 95454 105 225634
960 93025 99974 5 6475
961 93266 96051 10 12037
962 93508 95462 87 71648
963 93638 95081 36 17086
964 93757 96566 116 374909
965 93824 94109 102 31871
966 94029 98944 92 180949
967 94394 97224 88 135538
968 94484 98884 92 152566
969 94546 95602 101 42636
970 94616 97439 32 35210
971 94758 96006 57 58839
972 94773 95358 79 10360
973 94787 97102 81 136239
974 94834 97654 39 27299
975 94934 96859 60 62050
976 94987 98739 120 118955
977 95059 97702 8 5873
978 95244 97338 48 40419
979 95259 95415 73 12276
980 95444 96337 134 107910
981 95474 97558 66 29781
982 95952 96382 26 8584
983 96032 98042 124 49812
984 96220 97488 111 78852
985 96280 96592 125 6825
986 96397 99397 28 65684
987 96548 96867 34 4717
988 96649 98052 11 6501
989 96659 97578 21 7094
990 96739 99121 70 90959
991 96968 99377 52 29877
992 97068 97253 46 12944
993 97149 99345 53 33750
994 97215 97913 15 3670
995 97289 97416 12 1088
996 97299 97325 101 1735
997 97570 98970 45 22819
998 98307 98879 6 1937
999 98397 98992 44 19935
