50 1000 0.010
....##..........#.......###...................#...
.............#..##....##..##..........#...........
...........###...#....##...#..........#...........
......#.##..#..#.###..#..................##.......
..#......#........#..##..............#.........#..
..##.............###....##......##.####.........##
####..............####..#...#####..............###
#.................###........###....#.............
..................##...............##.###.........
.#.#............#..#..........##...#.##...........
.###......##...##..........#...#...#.##...........
##..##..........##.....#...#..##...#.###......#...
##.##....###.....##....#.......#...#..#......##...
.#.#.....###..#...#...........#...#..........##...
.......##.#...###.##.....#........#...........#...
....#..##....#####.#...#####.....##....##.........
#..##.......#..##.........#........#..............
#............##.#..##............###.#....#.......
#...........#####..##.............#..###..#...#...
....##........#....###.................#.....##.#.
.....##..##..###.........##........##.....#..#.###
........###.##.#..#......#.........###....#.......
........##.....#.##...............####.#.##.......
......#####..###.#.....#.............#....#.......
........#..#####.......#..........................
####....#......#......####........................
###.###..............######.....#.......###....#..
##...#......###.....####.......###.............#..
.#............##......#..........#................
......###.....###....##....##...#.....###.........
.##..###.......#......##...###.##..#...###........
#.#..##...............###..###.##...#....#........
..#...##..............#.#...#...#..##....#........
........#........#....#.#...#.....................
.......###..##.................##.....##..........
.......###..#................#.##....##...........
.##......#...#........##.....#...#..####..........
.##.....#...##........#.....##.................#..
.......###...#...##..........#.................##.
..#..............##...........#.#..#.##.......###.
...........#......##......#...####...#............
..###......#....#.####...###..##......#...........
...###..........##.###.###..##........#..#.##.....
...#.##....#..#######..###.................##.....
..###.#.......##.#....#....##...............##....
..#..##........#.......#.....................#....
..#............#.......#.................#........
..##.#..............#.##.........#..##...#.....###
.##.......#.........##..........##...##..#..######
.....................#...............#.......#....
0 4 502 4 2248
1 128 259 118 21094
2 167 1056 54 29652
3 174 2579 130 98265
4 190 9099 29 182884
5 243 3863 14 23331
6 287 6515 8 17031
7 667 1222 8 2734
8 791 2926 107 151477
9 799 980 9 596
10 849 2757 54 34292
11 881 2446 119 95806
12 888 8382 45 65662
13 968 2333 22 21648
14 996 5789 48 172101
15 1102 1522 18 4598
16 1226 5781 79 92165
17 1301 2462 80 24930
18 1340 5209 138 92312
19 1519 4203 7 12618
20 1636 2235 137 11797
21 1853 2758 50 7447
22 2021 3527 34 16801
23 2050 2226 84 10104
24 2093 30020 49 530498
25 2252 6184 82 161763
26 2319 6510 44 60768
27 2334 4016 148 80015
28 2572 3073 64 9225
29 2575 10508 34 128601
30 2739 3156 12 1114
31 2833 4386 51 28438
32 2952 3089 95 5411
33 3276 6740 25 29365
34 3432 4076 128 8586
35 3787 8828 12 17884
36 3878 6671 129 189280
37 4166 7654 106 257225
38 4364 10651 17 34338
39 4416 5221 13 3905
40 4425 5837 82 61751
41 4470 8816 105 127383
42 4567 5531 82 79248
43 4829 11424 120 772067
44 4886 4975 93 7284
45 4922 13465 65 158387
46 4934 6678 6 6734
47 4970 8915 25 48726
48 5089 7829 54 77812
49 5115 5155 132 2435
50 5206 8150 132 353369
51 5362 7364 38 26016
52 5364 17109 14 159792
53 5374 6657 84 31039
54 5458 12790 10 40178
55 5565 6060 10 5036
56 5618 7634 84 97291
57 5702 6151 139 39934
58 5728 5946 4 599
59 5778 6641 23 7190
60 5780 11261 82 210117
61 5977 9217 129 48635
62 6196 7981 106 80346
63 6227 12258 28 91580
64 6244 10294 62 256332
65 6260 7532 52 48937
66 6369 10195 146 128490
67 6445 8874 101 264157
68 6578 6667 68 1780
69 6599 18779 42 264792
70 6642 17210 120 434896
71 6725 10398 22 61769
72 6853 10384 35 96330
73 6955 10102 5 6371
74 7007 22838 108 384905
75 7085 7120 78 837
76 7128 10702 28 89208
77 7232 7925 108 36663
78 7311 13131 74 344739
79 7325 9758 69 46695
80 7411 10543 83 260627
81 7459 11084 133 109803
82 7477 14843 17 38779
83 7587 11102 87 137082
84 7613 10375 60 91319
85 7666 15555 5 12948
86 7690 12601 70 90422
87 7693 8749 46 28282
88 7805 8243 37 3636
89 7977 11638 111 55892
90 7996 9863 109 108829
91 8015 18540 27 172011
92 8072 17501 36 69606
93 8103 8272 89 2476
94 8143 16637 143 629514
95 8171 10180 106 126349
96 8228 13917 16 57552
97 8258 11648 6 18296
98 8304 13309 83 50771
99 8397 13452 75 180608
100 8399 10612 17 5402
101 8470 23596 6 20186
102 8748 16121 113 275172
103 8791 17049 72 212078
104 8885 9835 7 1700
105 8984 14197 107 502526
106 8988 11382 37 32367
107 9023 9697 123 50181
108 9087 9794 100 90608
109 9116 13584 11 40409
110 9256 9331 111 2346
111 9261 9462 5 497
112 9270 14096 23 33017
113 9341 10894 19 12063
114 9358 9871 14 5122
115 9376 11353 103 80914
116 9531 9726 90 6167
117 9930 14413 38 35965
118 10356 10985 35 5935
119 10455 10684 130 10246
120 10629 10784 82 6757
121 10735 14005 33 27458
122 10749 11046 54 16442
123 10777 11661 5 4289
124 10862 12749 11 8187
125 10926 14565 113 296823
126 10954 13951 15 20060
127 10999 19685 57 246017
128 11020 20951 34 53294
129 11189 14084 53 86887
130 11456 29687 64 132697
131 11579 13362 68 73866
132 11584 17226 44 109009
133 11620 15314 6 5548
134 11651 17371 16 61953
135 11793 28814 61 245236
136 11822 13111 11 10287
137 11876 20482 7 34623
138 11924 15325 95 161132
139 11971 25278 96 524805
140 12013 16380 83 110492
141 12130 19311 5 21915
142 12134 14909 5 10227
143 12306 13122 23 10208
144 12402 15024 8 10818
145 12417 17296 19 21712
146 12510 15204 104 134057
147 12909 20584 133 305464
148 13077 15238 77 145630
149 13098 16781 5 6881
150 13174 14351 66 49587
151 13423 16030 88 153317
152 13568 14666 14 11937
153 13690 14945 42 12244
154 13802 14202 101 11693
155 13955 14756 145 78084
156 13994 14047 47 1511
157 14121 14176 83 4788
158 14243 18524 69 93764
159 14276 18873 130 214666
160 14317 23220 10 27563
161 14553 14859 10 1929
162 14723 20614 9 21628
163 14835 22163 97 574312
164 14973 16742 143 59580
165 14976 16905 52 74737
166 15170 18173 17 84206
167 15456 19815 64 194885
168 15465 20183 90 197773
169 15489 19140 4 11073
170 15535 17440 119 269559
171 15639 19931 124 147394
172 15848 28494 7 42598
173 15924 17998 108 249921
174 15960 16967 73 14624
175 15972 17277 13 21765
176 16366 18981 73 133330
177 16367 19373 111 57047
178 16459 22464 10 69772
179 16540 17868 9 8888
180 16609 17472 34 6223
181 16811 24101 148 794847
182 17004 20561 117 274002
183 17081 17197 24 1438
184 17205 22592 76 110339
185 17483 23474 35 53788
186 17746 21007 32 54093
187 17920 20212 61 28131
188 18025 19933 57 42022
189 18148 18438 48 4022
190 18290 23633 119 194490
191 18297 20048 7 3205
192 18384 18966 65 11738
193 18421 20786 61 28015
194 18617 22353 39 78218
195 18783 20459 16 25560
196 18795 21683 147 260448
197 18840 18993 104 10544
198 18933 20245 43 21640
199 19006 21511 22 43158
200 19138 19916 76 25149
201 19431 21498 122 199902
202 19439 19615 37 3831
203 19447 21348 124 96729
204 19526 22596 135 202779
205 19528 23198 17 39491
206 19618 28268 40 249820
207 19804 23112 30 63957
208 19847 23488 17 10407
209 19939 22777 123 367554
210 20006 21190 10 3611
211 20086 22615 70 277606
212 20106 25672 24 86285
213 20324 20499 52 5206
214 20552 21167 45 14124
215 20558 26829 34 52495
216 20563 24120 9 22517
217 20611 33216 11 88427
218 20739 21962 11 4115
219 20769 22039 69 51333
220 20773 27674 38 80789
221 20816 23572 8 7549
222 20970 22110 71 21511
223 20974 21439 17 2017
224 20997 21589 69 14748
225 21019 22644 71 25495
226 21043 24541 10 15086
227 21079 24964 25 79907
228 21089 28002 56 135640
229 21266 21484 50 1106
230 21335 25677 96 173349
231 21415 23659 8 9689
232 21422 23430 120 184813
233 21430 30298 14 83337
234 21500 33033 35 294232
235 21587 22081 35 5459
236 21697 33071 121 2685703
237 21928 33303 110 705844
238 22009 25599 38 41707
239 22190 22650 20 13600
240 22216 23891 37 10718
241 22312 24091 90 68131
242 22381 23831 56 163073
243 22481 25053 134 342506
244 22514 28457 41 92084
245 22519 31702 35 106835
246 22590 22657 91 5017
247 22676 31592 12 61117
248 22728 35135 133 826888
249 22819 23466 13 960
250 22850 23345 9 3462
251 22852 25452 133 296034
252 22892 27144 14 15841
253 22945 23417 124 58908
254 23012 23024 49 567
255 23019 27255 53 60601
256 23049 23772 31 6604
257 23070 24434 113 186137
258 23150 25015 13 15536
259 23177 27186 47 137495
260 23178 24066 52 14354
261 23319 26925 94 144945
262 23472 26275 48 148036
263 23490 24308 38 11099
264 23703 23886 140 32897
265 23710 26898 138 253671
266 23764 24358 83 15965
267 23776 31504 21 66328
268 23835 31942 105 613242
269 23991 33455 66 498375
270 24077 26295 45 165259
271 24155 25356 5 2921
272 24322 28409 4 5525
273 24447 28220 90 101539
274 24627 24656 25 863
275 24675 24845 85 8207
276 24792 25741 23 17518
277 24803 40249 15 118171
278 24862 28360 138 332887
279 24876 25519 105 85059
280 24982 26727 13 5013
281 25075 25458 4 789
282 25143 25600 9 6106
283 25187 27301 84 191404
284 25434 30223 118 101465
285 25517 28200 4 8841
286 25555 31433 144 217410
287 25605 30900 62 199736
288 25615 26294 62 27066
289 25632 27527 5 3071
290 25750 28732 134 465286
291 25843 27173 62 41349
292 25923 26385 61 23851
293 25947 28355 29 36132
294 26053 34408 30 178331
295 26057 27170 89 32679
296 26114 29322 146 394286
297 26151 36398 79 251883
298 26350 26393 28 1111
299 26406 30588 22 14563
300 26451 27986 94 44472
301 26949 27517 76 7935
302 27058 27426 36 6259
303 27073 27478 64 10800
304 27224 27902 90 56402
305 27481 28921 30 48569
306 27639 31071 7 23952
307 27686 34643 146 276513
308 27810 28292 61 15722
309 27896 29717 21 29947
310 28221 33351 40 115229
311 28628 30161 25 12206
312 28675 29518 128 66959
313 28727 29161 24 3082
314 28811 34861 138 99660
315 28953 34621 72 80526
316 29012 56471 84 1144136
317 29032 33481 17 32440
318 29131 30503 59 33187
319 29143 30890 5 4441
320 29175 31648 29 32862
321 29345 30943 149 456906
322 29392 30842 100 80141
323 29467 30054 116 38343
324 29469 32507 49 86689
325 29530 30139 22 5024
326 29583 34903 25 30794
327 29629 30662 36 3908
328 29704 34020 41 66336
329 29863 32501 5 8243
330 29956 36637 103 318209
331 30047 33065 95 145115
332 30142 33375 65 59749
333 30186 30793 20 6832
334 30331 37196 122 198703
335 30389 32512 102 197404
336 30398 31367 11 12369
337 30400 32286 16 11980
338 30694 35245 4 9249
339 30776 34458 81 200460
340 30777 38143 37 62245
341 30780 31685 30 21110
342 30937 31487 74 13325
343 31070 32292 33 14231
344 31134 38727 80 740088
345 31226 40453 14 82858
346 31357 32592 31 25683
347 31480 34066 135 101323
348 31555 41037 18 187131
349 31596 33432 148 128154
350 31607 35053 10 24122
351 31739 45799 30 119742
352 31753 31793 143 1563
353 31790 35765 111 420511
354 31957 34038 130 354159
355 31966 33141 45 36354
356 31978 40624 12 32397
357 31984 34211 10 21653
358 32043 32990 93 96529
359 32149 33879 104 222393
360 32189 35144 28 69835
361 32279 39939 19 112144
362 32320 36305 5 5304
363 32362 41431 98 159528
364 32372 33528 68 81109
365 32446 41682 138 410420
366 32533 34416 31 23045
367 32548 40020 55 179921
368 32600 32727 120 9810
369 32613 39504 75 161550
370 32669 32995 116 19610
371 32719 34617 26 63174
372 32766 33810 102 35726
373 33219 36537 70 222244
374 33276 35288 92 295083
375 33526 35295 63 57509
376 33675 41294 11 46360
377 33802 36569 143 136004
378 33890 39932 14 35043
379 34165 36143 32 26718
380 34426 35748 57 36279
381 34738 41140 16 15775
382 34762 38606 132 269835
383 35011 39331 124 136553
384 35108 39553 119 208466
385 35469 38238 68 97177
386 35643 38634 8 5929
387 35685 36775 96 19000
388 35927 36485 41 9465
389 35967 37460 91 122418
390 36135 37148 57 74960
391 36154 41285 23 41996
392 36298 43911 28 36248
393 36394 38051 89 72220
394 36448 37845 137 76536
395 36453 38578 14 14020
396 36616 37020 62 16293
397 36686 39655 99 169950
398 36750 37270 20 8787
399 36752 36815 36 6080
400 36883 40332 123 283014
401 36913 38234 72 88043
402 37163 38776 18 19376
403 37185 37960 10 2551
404 37360 40486 66 261133
405 37421 39866 149 488656
406 37442 42751 143 256398
407 37489 41981 61 172204
408 37539 38022 21 5502
409 37596 44371 5 21856
410 37599 40151 9 12151
411 37948 39629 14 10350
412 38003 44310 38 471103
413 38105 40084 5 4675
414 38124 38224 145 9363
415 38184 38492 59 9399
416 38299 45835 5 10817
417 38450 40029 126 166604
418 38616 43681 120 184750
419 38722 49058 71 305261
420 38729 45579 89 327206
421 38744 39176 24 2308
422 38761 42407 8 10312
423 38798 49534 39 169032
424 38863 41128 65 52937
425 38946 45215 40 115146
426 39125 39562 138 15964
427 39171 48183 30 323232
428 39184 40158 7 722
429 39215 40576 11 8077
430 39424 47957 6 23001
431 39523 39648 67 9363
432 39647 45640 39 111041
433 39662 42351 32 38823
434 39682 48371 12 42171
435 39749 46797 31 36921
436 39974 40544 67 12570
437 40104 40444 133 10921
438 40290 40753 19 3524
439 40787 43180 27 17204
440 40806 41960 39 20987
441 40921 43599 5 2904
442 40930 43993 55 96946
443 40976 41377 59 10105
444 41044 43172 14 9326
445 41046 42638 15 14244
446 41245 42940 30 23460
447 41874 42529 48 29702
448 41910 53163 109 300383
449 41995 59864 8 21593
450 42026 46698 123 220652
451 42257 47749 12 36353
452 42487 45272 34 72019
453 42611 44183 116 129869
454 42738 46440 21 40806
455 42773 43252 19 2524
456 42857 45374 29 26733
457 43137 45190 76 74396
458 43194 49411 130 191786
459 43231 43360 81 4270
460 43276 46847 89 325650
461 43339 43485 148 8083
462 43351 45399 30 29226
463 43475 43735 103 11525
464 43619 63366 145 791600
465 43765 48567 28 66005
466 43788 44208 10 827
467 44017 49368 7 21943
468 44076 46552 144 225842
469 44093 47027 48 123225
470 44182 44910 13 3678
471 44284 46418 89 124213
472 44297 44857 46 4774
473 44367 44628 37 2034
474 44671 46853 99 184092
475 44700 44729 66 1176
476 44796 45602 28 8857
477 44875 48429 58 165997
478 44922 45213 98 12712
479 45140 52395 122 489117
480 45201 45613 10 2531
481 45241 47553 127 136438
482 45270 54630 92 441360
483 45535 49361 44 101069
484 45741 47821 81 129222
485 46008 51121 11 50327
486 46039 46824 27 11139
487 46234 46909 26 28201
488 46466 46911 27 10253
489 46787 51661 9 8315
490 47013 47204 28 7688
491 47228 47444 51 4537
492 47263 48480 131 34682
493 47293 47857 104 29704
494 47559 48078 10 831
495 47942 56721 101 397701
496 48013 51716 26 28707
497 48158 49847 33 41928
498 48320 48948 92 44308
499 48514 52548 12 12802
500 48881 49000 10 504
501 48908 52807 15 90833
502 49356 59073 57 430257
503 49358 50643 8 4261
504 49359 50478 10 8937
505 49374 50697 88 33503
506 49442 50798 20 22884
507 49522 50638 21 11480
508 49625 49926 11 2784
509 49648 56376 150 489897
510 49703 60218 27 65837
511 49708 55060 110 507899
512 49741 49987 136 9261
513 49757 50276 92 40698
514 49888 51413 150 110137
515 49990 53085 125 185528
516 50134 57452 21 83369
517 50201 50466 14 2499
518 50245 52476 49 142339
519 50248 53256 7 8102
520 50363 50491 59 3948
521 50394 55475 29 36606
522 50524 54127 44 49224
523 50629 51428 34 24855
524 50656 59952 51 96081
525 50735 51644 20 5663
526 50822 51313 64 33025
527 50931 58360 82 73703
528 51173 51518 33 8988
529 51307 52995 86 80653
530 51374 56790 143 329480
531 51463 52207 8 1730
532 51559 51702 58 8411
533 51567 55636 40 204118
534 51568 52401 78 81634
535 51633 53239 88 51453
536 51852 52511 139 44875
537 51884 53381 15 9591
538 51913 53511 67 132522
539 52064 53497 136 49365
540 52153 54851 116 101811
541 52187 52696 16 2552
542 52387 55318 29 42246
543 52549 55746 9 34626
544 52569 53531 10 8261
545 52627 62197 10 103652
546 52644 58705 84 296459
547 52782 59678 69 67781
548 52815 55838 44 73356
549 52840 53140 139 23641
550 52841 53942 65 14021
551 53039 57880 20 28036
552 53063 66734 46 133740
553 53262 56156 85 58375
554 53313 54495 143 161431
555 53565 53737 93 11949
556 53576 55728 36 37976
557 53652 54465 148 36348
558 54022 57088 86 222048
559 54247 60181 54 327943
560 54300 65801 104 621676
561 54476 58717 59 169911
562 54549 55945 62 22859
563 54706 61421 6 25368
564 55211 55331 63 9092
565 55299 65867 66 297060
566 55353 57747 4 3526
567 55393 55958 14 3741
568 55414 56583 147 58611
569 55441 57208 90 132811
570 55522 64375 61 212491
571 55587 55665 24 1561
572 55725 57635 109 187776
573 55786 56515 23 12086
574 56118 68516 84 263816
575 56122 56953 27 14247
576 56255 57244 146 61937
577 56295 56381 90 9405
578 56346 61220 7 13934
579 56412 57163 29 8708
580 56516 56780 85 25792
581 56830 64771 97 345942
582 56956 68833 5 30179
583 56972 58112 19 5111
584 57045 57863 107 79958
585 57254 65361 28 139811
586 57364 59551 14 11881
587 57416 62550 10 47958
588 57575 57592 118 3518
589 57783 57995 37 6097
590 58152 62326 13 28871
591 58291 58683 15 1996
592 58364 59477 43 21376
593 58464 58472 73 517
594 58466 62638 33 110406
595 58539 61914 58 47384
596 58590 59594 58 34051
597 58639 60658 46 82084
598 58642 66588 114 878884
599 58668 66855 102 730549
600 58699 62410 110 139805
601 59009 60745 29 16609
602 59089 62223 18 13148
603 59227 66571 8 33719
604 59276 61248 9 7880
605 59458 60277 55 25816
606 59470 61464 68 20603
607 59555 63599 26 37590
608 59617 62495 9 12883
609 59619 62047 47 60316
610 59718 62954 103 159331
611 59751 62611 29 27712
612 59805 62436 47 179188
613 59845 63082 36 52994
614 60099 68888 29 155253
615 60341 63959 77 172707
616 60375 61117 139 62130
617 60379 63488 127 119325
618 60612 61342 119 74870
619 60672 65731 136 397758
620 60902 63717 45 23928
621 60923 72889 14 37534
622 61015 68298 7 16429
623 61017 62112 57 30588
624 61299 62940 56 53774
625 61363 62628 16 14856
626 61384 69577 72 219511
627 61556 62901 117 72085
628 61617 61933 118 10376
629 61655 62337 123 29459
630 62139 62544 49 10062
631 62235 76864 25 129650
632 62276 64580 6 5418
633 62301 65135 118 174328
634 62341 63813 28 27885
635 62598 63095 41 5130
636 62861 65276 20 13036
637 62902 65783 4 9564
638 62909 63261 109 16425
639 62951 64124 95 36300
640 62965 64986 84 202198
641 63069 68744 85 224196
642 63209 71202 88 274755
643 63212 64877 19 39977
644 63254 66399 33 129424
645 63314 65542 64 102508
646 63425 63454 6 46
647 63428 69335 43 77837
648 63568 64672 35 14289
649 63650 65758 54 56646
650 63716 64828 133 32659
651 63845 65957 31 39223
652 64056 65651 91 63649
653 64197 65642 37 49073
654 64256 68831 122 356818
655 64292 68206 23 13488
656 64325 66445 4 6389
657 64393 70696 26 68277
658 64534 80683 21 140827
659 64538 69656 67 215741
660 64658 85289 17 156251
661 64802 65768 11 5735
662 65050 65708 31 5430
663 65087 69699 64 379564
664 65191 68385 78 126719
665 65429 68221 49 51371
666 65480 67648 27 89448
667 65612 66063 137 14725
668 65885 70478 70 183168
669 65941 69152 89 299649
670 66079 68422 100 175869
671 66218 66572 147 75181
672 66235 69700 10 17225
673 66359 70410 74 45914
674 66376 69364 132 383697
675 66535 66741 24 1242
676 66593 67170 76 54224
677 66678 69226 30 89313
678 66715 69645 74 87519
679 66838 67349 60 9000
680 66942 77227 54 89306
681 67026 72264 83 161284
682 67030 70362 37 117867
683 67041 70733 16 18922
684 67122 70268 144 474991
685 67184 72746 53 132002
686 67215 71159 26 29909
687 67301 77739 19 59813
688 67344 68407 43 36012
689 67388 75342 117 155093
690 67481 67491 112 1395
691 67616 68950 115 80230
692 67737 68535 81 28449
693 67790 71174 124 504459
694 68019 70475 59 80348
695 68044 68184 18 1154
696 68052 69734 58 91846
697 68119 69885 38 31258
698 68148 72820 89 203528
699 68391 68977 44 5861
700 68445 69958 82 54151
701 68521 90330 17 177863
702 68537 79949 17 108792
703 68807 73343 12 33122
704 68881 69816 41 23797
705 69045 70549 24 10784
706 69083 71371 70 271462
707 69135 72979 17 11272
708 69270 70748 72 53658
709 69313 71023 29 24195
710 69380 77659 52 115371
711 69388 72233 9 5431
712 69666 73029 113 58270
713 69694 70511 31 48271
714 69713 70222 15 3677
715 69846 74222 126 164951
716 69990 87334 5 16417
717 70048 73345 60 55014
718 70113 70872 56 27645
719 70353 80210 13 74387
720 70762 75323 134 308459
721 70956 77091 124 342964
722 70979 76735 20 64472
723 71021 79176 13 25384
724 71127 79684 15 73057
725 71147 74911 58 124056
726 71196 73903 20 32744
727 71233 74926 120 83955
728 71482 71970 92 9793
729 71527 75899 27 58580
730 71683 74281 12 6684
731 71911 80206 47 114731
732 72081 75360 62 151885
733 72172 78341 7 10481
734 72202 74221 68 55529
735 72345 73378 20 11277
736 72377 72754 7 3242
737 72423 81147 9 53466
738 72563 85409 149 1336311
739 72570 76509 23 20492
740 72631 80918 144 752712
741 72707 73540 50 34192
742 72729 85755 121 186894
743 72735 75772 123 305576
744 72794 78034 123 217906
745 72828 76645 137 90740
746 72987 74836 47 51072
747 72995 73130 84 9642
748 73073 74966 61 32138
749 73184 73829 21 18181
750 73253 74740 135 76846
751 73261 81060 32 218976
752 73300 75985 5 9210
753 73392 75325 49 81356
754 73464 75186 13 10616
755 73576 85556 34 177896
756 73781 74636 77 17781
757 73816 76087 109 48767
758 73980 74051 99 2669
759 73995 75174 35 25235
760 74103 75807 131 155221
761 74251 76305 9 4474
762 74290 74483 106 15062
763 74295 75039 55 24043
764 74310 76868 22 22658
765 74334 75351 13 13858
766 74613 77390 86 97370
767 74717 75774 15 5477
768 74739 84065 134 555840
769 74872 81296 7 17845
770 74981 78723 136 101272
771 75047 75581 26 11450
772 75092 75553 6 1660
773 75176 77122 20 6443
774 75244 76003 27 16192
775 75579 75855 85 25755
776 75609 79758 97 89439
777 75611 79053 9 24747
778 75660 81528 28 87219
779 75669 78708 37 160328
780 75764 79448 84 133524
781 76096 79590 33 51409
782 76100 80507 36 44341
783 76412 80201 53 57109
784 76557 81883 46 116640
785 76779 82722 125 429801
786 76928 77778 84 57092
787 76955 76956 44 42
788 77146 77359 18 1939
789 77206 83105 12 21095
790 77221 78038 90 26582
791 77301 78577 47 52607
792 77378 81866 10 27175
793 77386 77975 25 5924
794 77426 83438 73 315699
795 77445 80003 86 117876
796 77466 77700 63 8969
797 77658 79413 137 158918
798 77682 84791 9 21332
799 77697 84196 146 178139
800 77770 79530 18 13022
801 77787 85323 25 73241
802 77994 79323 49 78218
803 78027 78996 107 50907
804 78102 79578 117 47109
805 78380 79839 8 1166
806 78644 84931 11 25234
807 78659 80222 83 70648
808 78973 83417 53 76179
809 79166 81256 71 32590
810 79230 79904 12 3177
811 79273 85953 147 367859
812 79659 79735 61 4177
813 79673 82296 98 45507
814 79676 89588 18 65287
815 79850 80647 14 15884
816 79940 81520 120 76541
817 80148 83075 100 193409
818 80166 85784 30 146834
819 80287 83222 95 48593
820 80395 87695 80 179148
821 80440 89919 59 283187
822 80562 83035 9 32369
823 80735 83052 13 35105
824 80811 82809 60 62821
825 80819 81398 132 20546
826 80844 85165 23 43406
827 80927 81337 10 872
828 80950 91925 61 224218
829 80976 83203 28 42574
830 81018 85641 36 145791
831 81114 82206 145 38113
832 81118 81620 4 745
833 81354 81657 7 1088
834 81550 82197 9 1837
835 81619 81742 100 13334
836 81663 90922 54 162319
837 81706 83451 82 48793
838 81711 83449 130 33062
839 81800 85439 25 35880
840 81876 83466 122 120854
841 81899 84225 28 35323
842 81916 83198 42 45529
843 82031 84557 45 35329
844 82074 83220 31 11116
845 82141 83764 20 11260
846 82177 84782 11 26562
847 82367 82904 63 45384
848 82489 83815 29 11758
849 82535 86056 14 28792
850 82658 87828 111 165594
851 82750 89534 4 14153
852 82752 87011 80 72156
853 82902 85109 52 28434
854 82985 84621 16 8971
855 83033 84310 90 92882
856 83275 85596 96 79337
857 83406 92098 113 453249
858 83539 91403 96 263222
859 83564 85242 53 39884
860 83570 84162 129 33106
861 83574 87709 23 95937
862 83587 92112 69 236309
863 83592 84437 33 11250
864 83709 89628 7 9782
865 83795 83806 9 168
866 83848 86233 42 68829
867 84027 85725 27 11301
868 84029 86696 35 79146
869 84320 86804 12 21831
870 84354 86701 64 225063
871 84466 86840 58 25465
872 84529 86728 61 76750
873 84649 91215 70 161262
874 84693 86843 17 19228
875 84738 87261 90 41847
876 84865 87591 74 56322
877 84887 86368 57 45687
878 85139 87750 24 32696
879 85167 89185 111 273067
880 85222 86996 69 226531
881 85410 85642 54 8465
882 85419 88028 119 136375
883 85497 92260 66 207972
884 85567 93930 8 40745
885 85646 89050 71 70830
886 85734 88727 32 44471
887 85752 87179 103 91726
888 85794 91033 17 41231
889 85825 89641 20 25576
890 85951 88066 4 6829
891 85964 89474 130 271347
892 86045 86213 59 9323
893 86173 86623 130 32956
894 86175 89753 38 86555
895 86227 89078 77 61065
896 86253 88345 11 8799
897 86463 94770 10 26932
898 86574 88979 7 11359
899 86664 87645 29 8449
900 86697 90185 65 110236
901 86941 87642 121 60345
902 87111 87340 99 14204
903 87139 92222 40 231112
904 87659 90321 12 11307
905 87791 89140 105 26769
906 87818 93021 55 134777
907 87894 89593 4 3484
908 87934 95970 51 143935
909 87992 88780 54 7769
910 88007 96198 18 78016
911 88239 93084 104 173157
912 88254 92233 70 100639
913 88293 90600 76 58490
914 88373 89074 30 9823
915 88412 93869 47 101377
916 88867 91312 119 310674
917 88978 91007 148 177846
918 88995 93599 110 207877
919 89047 91930 22 44956
920 89097 90056 21 16629
921 89229 94236 12 44540
922 89254 89961 39 12845
923 89495 98744 11 28116
924 89595 91130 74 72034
925 89710 91502 126 156248
926 89776 94901 20 111039
927 89794 91901 71 145436
928 90002 90751 65 8607
929 90060 92491 147 212180
930 90241 90338 14 1259
931 90258 94369 138 118004
932 90272 94582 120 270637
933 90310 91368 103 27922
934 90326 90518 111 12030
935 90333 91569 26 13426
936 90541 98094 14 107458
937 90632 91846 106 106102
938 90813 97194 70 194117
939 90872 91385 68 9740
940 91177 93130 76 35927
941 91237 94043 21 28767
942 91294 97835 30 59214
943 91300 95832 25 27386
944 91400 93091 10 18843
945 91430 94113 23 72803
946 91635 95382 148 575506
947 91664 93016 69 52684
948 91830 98504 114 1456653
949 91851 97560 9 41978
950 92186 92446 4 511
951 92238 97578 67 247099
952 92292 94313 5 4288
953 92360 97818 63 381966
954 92574 96059 96 101817
955 92637 96211 28 86472
956 92769 98849 11 6978
957 92788 95289 10 13386
958 92848 93658 6 3651
959 92865 94179 71 25853
960 92939 93666 113 42929
961 93035 95080 85 47838
962 93181 93806 46 24696
963 93237 95907 97 267076
964 93468 98051 88 235098
965 93589 97008 23 34995
966 93762 96199 45 35176
967 93768 98721 18 67748
968 93868 96982 122 304298
969 93964 97692 4 3803
970 94605 96908 125 45787
971 94645 96463 130 195344
972 94785 97359 23 33327
973 94904 94949 111 2855
974 94936 98969 42 61702
975 95132 95570 105 40408
976 95174 98638 75 252462
977 95301 95631 69 16387
978 95730 95875 56 2585
979 96159 99874 34 28514
980 96263 97198 68 64426
981 96266 97002 143 59631
982 96384 98483 5 3451
983 96416 97969 24 12084
984 96465 98348 108 76826
985 96743 96814 9 448
986 96841 98253 59 8337
987 96913 97757 67 12879
988 97418 98537 34 18150
989 97503 98652 35 36864
990 97544 99986 13 15308
991 97570 98716 5 4255
992 97682 98174 73 12750
993 97997 99227 113 77477
994 98156 99491 8 2897
995 98199 99186 41 15131
996 98360 99053 23 14036
997 98366 99024 18 12345
998 98385 99466 36 11861
999 98959 99136 13 1240
