50 1000 0.046
..............................###.............#...
.##............................##............###..
###............####.............###.........######
###............#.##.............####......######.#
..............###.###.........#.##.........####...
...............######.........###...........####..
..............####.##..........###...........####.
................###..............###............#.
................#####............###............#.
##.#...............#.....####.....................
####.....................##..................#....
#####..#...............#####..............#..#....
..###.##...............#..#.#.............#..#....
...#####...............#.####...........######....
..##.#.#...............#..#............########...
..#....#.............#####.............#.###.#....
.......#..............##...........#.#............
......................##.....##....###............
............................###...######..........
..........................######...##..#..........
...........................######.##..............
..........................##############..........
.....##...................########.##.............
......#....................#.#..###...............
#...###..........................#................
##...###.........................#................
######..........................##................
#####.....................................######..
.####.....................................####....
..##......................................#.##....
..........................................#.#####.
.........................................######.##
..........................#.................######
..........#...............#.................######
..........#.#..........#####...............#######
.........#####..........##...................##.##
...........#.#..........#...................##....
........................##....................##.#
...............................................###
................................................##
.............#.#.................#..............##
.............#.#####.............##..............#
........#..########..###.........###.............#
.......#########..#######......####...............
......########.......###.......###................
.........#.###....#..####....##.##.............#..
....#.....#.#.....#..........#####............####
...###....#.....####.......#####.#.........#####..
.#####...###.###..#........######..........#.##...
#####...########.###........##.#............##....
0 42 4123 88 130164
1 60 5886 139 369639
2 65 7077 129 502780
3 69 1349 16 7136
4 180 22037 43 994722
5 228 6404 130 435942
6 305 10611 24 118105
7 492 2107 18 16984
8 650 11124 10 29365
9 833 2977 27 15956
10 900 6176 137 1808331
11 968 5066 5 9279
12 972 1038 147 8193
13 1117 11001 112 416815
14 1158 2967 21 11933
15 1177 1965 58 58506
16 1217 10520 19 56647
17 1381 9317 39 189758
18 1496 11956 31 188141
19 1663 2122 41 3964
20 1819 5765 7 12818
21 1881 5450 97 197912
22 1955 7942 9 19883
23 2054 2132 4 420
24 2242 4893 29 51387
25 2463 16177 44 229640
26 2694 5681 115 211447
27 2817 9998 50 266015
28 2826 3365 143 28340
29 2840 10736 80 151338
30 2984 9435 76 63479
31 3044 4257 59 18576
32 3085 4483 46 29386
33 3190 6679 46 73814
34 3323 12066 14 118347
35 3337 6199 89 50663
36 3510 8285 70 189808
37 3729 12313 8 21749
38 3795 9109 12 128746
39 3822 3988 7 1014
40 3854 4808 129 88175
41 4043 5487 36 15288
42 4245 11637 135 394983
43 4262 5189 4 1927
44 4277 6118 12 15671
45 4350 11238 40 94212
46 4684 7920 10 9759
47 4708 20342 109 524229
48 4742 12464 117 461077
49 4803 5479 52 6696
50 4848 4941 34 829
51 5013 9625 46 153352
52 5128 5465 17 3397
53 5320 10783 76 449522
54 5572 10319 51 121962
55 5613 6925 47 45235
56 5690 6483 94 24639
57 5898 7941 88 54834
58 6089 10956 96 105836
59 6210 18305 7 24646
60 6230 8143 5 3500
61 6342 9657 139 432120
62 6380 23577 4 26132
63 6638 8025 5 3458
64 6662 6927 98 17837
65 6757 14054 35 101818
66 7151 7929 72 28552
67 7395 23591 72 528278
68 7449 28217 30 294391
69 7452 9653 24 20695
70 7542 12444 16 47727
71 7572 15664 34 102352
72 7671 9595 120 194927
73 7694 16878 9 36731
74 7719 10802 6 3954
75 7765 12357 148 263856
76 7790 16553 30 87726
77 7849 14441 10 16626
78 7959 11865 150 226226
79 8037 11281 39 109262
80 8059 11224 20 17049
81 8131 11255 7 5587
82 8205 14457 121 280495
83 8219 8843 61 24880
84 8320 10352 40 51432
85 8340 8702 141 16763
86 8348 12592 104 125858
87 8361 8922 103 18360
88 8959 29344 21 550678
89 9011 16986 7 28693
90 9084 10987 37 36445
91 9146 10170 62 42713
92 9181 15370 91 155927
93 9208 34359 5 34841
94 9215 14698 97 242754
95 9223 13079 5 5073
96 9332 16883 53 218450
97 9346 16892 16 35478
98 9538 15586 12 12647
99 9630 13205 55 128554
100 9755 11050 51 20709
101 9804 15384 56 374406
102 9899 13055 89 270475
103 9920 13423 89 103135
104 9928 10532 62 28378
105 9969 12709 72 55488
106 9993 12107 121 189923
107 10024 11152 30 4758
108 10067 14809 69 110581
109 10087 11816 120 68128
110 10123 10161 139 5353
111 10380 11915 82 134022
112 10383 10672 108 26414
113 10555 10947 119 44954
114 10679 17368 62 242961
115 10774 14594 43 39158
116 10960 12034 30 9830
117 10962 13899 19 91313
118 10976 17393 33 172764
119 11021 11109 10 1039
120 11397 13913 124 124199
121 11642 20218 137 267955
122 11664 13291 105 104389
123 11682 13897 5 8794
124 11698 13504 62 53558
125 12012 16733 14 36020
126 12154 14740 12 11752
127 12280 16850 23 25893
128 12323 32861 105 1042893
129 12339 29034 29 171066
130 12361 12995 12 4848
131 12508 26348 84 224008
132 12646 17731 77 139488
133 12717 15293 23 31345
134 13162 15070 143 120090
135 13298 14585 127 44681
136 13313 18499 85 314016
137 13314 19247 18 49989
138 13404 19546 104 255899
139 13442 16253 122 265229
140 13455 20156 7 32693
141 13552 17704 79 115379
142 13662 15685 29 36355
143 13716 14179 10 3992
144 13889 14828 53 31027
145 13928 18145 15 28682
146 13943 21662 55 99159
147 13999 16262 129 130523
148 14276 15512 55 6211
149 14307 17477 8 17809
150 14454 14545 5 819
151 14494 14958 97 66219
152 14496 18156 26 63888
153 14500 20725 87 154864
154 14503 14591 135 4113
155 14505 14533 23 158
156 14556 21297 103 232221
157 14592 14878 40 6172
158 14697 16508 30 12800
159 14992 15515 148 33889
160 15041 18810 6 7764
161 15072 15460 47 6106
162 15129 15245 11 374
163 15511 32705 48 367770
164 15546 18868 9 6458
165 15818 16652 116 25019
166 16015 17092 25 16588
167 16053 17025 4 5149
168 16057 18011 108 120287
169 16066 27793 9 26952
170 16140 19272 78 291869
171 16157 18667 34 20300
172 16309 18792 7 7603
173 16533 17134 19 4015
174 16631 23980 69 420728
175 16677 36893 76 153074
176 16694 27466 41 200281
177 16844 17737 117 114379
178 16855 17837 10 5104
179 16860 29483 139 473478
180 16940 20272 107 155288
181 17161 19202 43 22948
182 17195 17730 81 22248
183 17199 26365 121 717838
184 17389 20043 80 124620
185 17597 19684 51 94354
186 17782 18660 145 57559
187 17786 18647 136 80976
188 18117 18322 80 34528
189 18219 19196 33 7046
190 18353 19466 57 50517
191 18456 24394 27 132652
192 18714 22696 145 543491
193 18797 29723 122 815251
194 18885 20046 16 7423
195 18955 22160 111 308806
196 18987 23959 136 213230
197 19009 46031 18 121531
198 19143 25741 6 17293
199 19177 19336 26 3910
200 19263 31066 39 172180
201 19415 19998 100 22125
202 19526 25504 77 200740
203 19533 37381 91 340956
204 19575 20275 76 27336
205 19722 21596 7 8129
206 19778 20705 122 124506
207 20356 25568 6 8841
208 20357 29213 112 361167
209 20465 32597 58 128391
210 20653 22498 24 11421
211 20676 22378 63 28464
212 20706 20778 98 10176
213 20709 23188 15 25160
214 20743 25027 38 106395
215 20786 28126 43 192982
216 20931 23619 64 89573
217 20985 24501 7 13018
218 21049 21711 26 5631
219 21108 21370 101 18619
220 21113 23898 67 72022
221 21176 22871 131 68253
222 21244 24866 30 37243
223 21259 22735 140 91364
224 21348 27356 74 217144
225 21364 23599 14 16846
226 21450 22452 136 30114
227 21717 23014 29 9609
228 21738 25079 75 159343
229 21926 30660 62 284188
230 21949 23981 29 23546
231 21990 26296 13 16915
232 21992 25043 27 71441
233 22224 45779 105 853340
234 22348 22845 67 13410
235 22475 22560 80 3662
236 22544 28013 100 401132
237 22570 26453 81 311415
238 22701 23017 11 1378
239 22878 30192 7 18776
240 23254 23438 114 7107
241 23300 24057 90 48323
242 23366 23416 15 479
243 23370 25907 125 198177
244 23467 26460 43 56317
245 23531 27712 21 66342
246 23592 24966 142 152671
247 23719 26360 5 8828
248 23765 25793 116 113900
249 23928 31338 18 74932
250 24153 25625 38 13428
251 24234 30082 85 200550
252 24235 28234 90 32775
253 24388 31296 11 32551
254 24410 27187 50 29630
255 24418 27051 125 161857
256 24495 25353 5 2546
257 24970 26130 86 34803
258 25010 25262 15 2203
259 25176 25283 5 97
260 25279 26336 8 3101
261 25282 26061 14 4786
262 25351 36776 122 1641211
263 25352 27544 95 79940
264 25378 27611 106 85581
265 25413 42163 97 647211
266 25523 33308 14 36104
267 25630 27686 56 157641
268 25639 26339 27 15415
269 25643 34342 17 78741
270 25678 26481 86 16509
271 25887 26643 134 74540
272 26038 26664 76 21494
273 26405 31155 104 79996
274 26447 26508 57 1801
275 26565 27128 148 82535
276 26632 29667 14 19207
277 26654 26686 91 1741
278 26717 29742 14 13445
279 26732 30438 115 108545
280 26762 32555 129 321415
281 26918 27423 70 17632
282 27084 27434 37 2996
283 27216 35274 33 67149
284 27288 27458 60 7376
285 27414 34047 125 245804
286 27508 37602 90 320853
287 27596 31172 20 20362
288 27647 36213 68 84259
289 27703 29133 9 8658
290 27827 28140 110 15944
291 28003 48522 10 80115
292 28164 33894 5 22331
293 28343 34396 26 95819
294 28448 56845 47 306937
295 28482 35583 123 570362
296 28687 28901 57 9073
297 28846 39574 41 560160
298 28886 32637 91 153093
299 28950 32053 135 160613
300 29183 35130 14 32876
301 29197 33556 24 17529
302 29319 29397 66 4525
303 29359 30839 41 26793
304 29745 42655 87 225246
305 29866 34645 23 60181
306 30023 39780 81 294829
307 30036 45533 52 868752
308 30338 34037 24 24840
309 30360 50493 125 906873
310 30377 33252 34 9006
311 30421 32943 40 15026
312 30427 31491 11 2348
313 30551 37241 100 214218
314 30690 30788 43 1716
315 30753 35218 86 187051
316 30780 34508 110 351566
317 30981 31819 27 18996
318 31003 39614 121 1549895
319 31042 31378 54 14499
320 31144 37485 149 357819
321 31223 32876 35 28095
322 31249 36577 9 8434
323 31437 31934 91 36720
324 31540 36467 85 157986
325 31624 32760 86 97327
326 31766 32596 96 76139
327 32042 32193 100 3303
328 32110 33123 37 47814
329 32135 34188 60 83377
330 32210 41932 57 82420
331 32267 52620 62 927223
332 32275 42325 10 25703
333 32344 37191 104 282637
334 32475 42530 66 407162
335 32730 46234 91 450391
336 32794 33048 138 48410
337 32798 33361 68 44909
338 32949 35458 39 74321
339 33004 41016 21 31414
340 33118 33120 23 31
341 33142 39982 13 20514
342 33452 33688 87 10680
343 33477 34427 140 112799
344 33579 37414 144 216075
345 33602 33964 23 1692
346 33632 48265 8 32216
347 33685 34695 29 61182
348 33715 35054 120 103049
349 33841 34130 137 20579
350 33852 35894 33 34113
351 33872 36499 58 57989
352 33884 37908 11 23088
353 33944 41174 131 592669
354 34055 35707 61 71609
355 34194 38625 85 310932
356 34231 34406 134 7615
357 34285 37012 23 38179
358 34313 34408 106 3862
359 34318 45434 6 49329
360 34322 40022 81 70333
361 34330 34507 70 6691
362 34513 35949 40 20977
363 34572 35670 25 9144
364 34584 36864 75 41992
365 34587 43121 8 14960
366 34614 37172 126 220173
367 35086 36584 5 2112
368 35100 36159 56 32738
369 35125 38015 103 153228
370 35237 35416 4 352
371 35440 38844 57 120042
372 35579 48614 55 278119
373 35677 37298 31 11404
374 35684 44294 149 487912
375 35697 38594 6 2250
376 35700 35775 92 5690
377 35927 36996 54 22693
378 35952 37943 33 54732
379 35965 38856 7 4458
380 36052 38388 150 81987
381 36115 39225 33 59216
382 36145 38566 25 59306
383 36239 51535 9 32506
384 36241 47304 81 118086
385 36339 44070 6 42149
386 36423 37335 145 89723
387 36438 44534 57 190974
388 36440 38785 78 69849
389 36637 45642 62 141675
390 36668 38817 31 18265
391 36788 38504 19 6963
392 37360 42033 70 174781
393 37469 38541 118 30502
394 37601 40335 86 107944
395 37604 39299 5 9283
396 37678 41466 50 42098
397 37724 37996 86 10159
398 37884 50912 129 462793
399 37945 43766 63 99709
400 37960 39098 71 39384
401 37966 38975 28 14193
402 37984 42457 62 206686
403 37995 58304 31 177522
404 38128 39697 22 37337
405 38146 39014 49 40183
406 38153 38599 149 35085
407 38198 39195 20 8014
408 38208 41222 62 103800
409 38248 40752 131 129425
410 38290 44961 8 19842
411 38404 42612 19 82808
412 38416 40643 59 35533
413 38741 44121 31 134537
414 38746 39229 29 4684
415 39087 52487 13 33276
416 39175 40276 58 14659
417 39271 40020 52 16954
418 39471 43387 9 17189
419 39573 43665 20 51754
420 39584 40851 83 32199
421 39702 39825 40 4104
422 39704 42889 44 44683
423 39715 39892 64 5098
424 39745 41964 5 4603
425 39945 56989 63 288055
426 39956 41898 20 21022
427 40163 46243 19 94474
428 40193 40262 116 6349
429 40340 41493 74 47808
430 40573 43542 87 112026
431 40668 42485 5 2290
432 40877 42419 72 51589
433 41118 42826 31 51088
434 41149 47365 110 140336
435 41265 43482 5 2244
436 41317 41356 33 1948
437 41592 45894 14 29860
438 41680 43826 95 233142
439 41708 42935 13 4082
440 41927 44671 68 38500
441 41977 58192 7 42591
442 42050 44643 104 112818
443 42408 44131 24 13094
444 42418 42802 6 812
445 42556 43613 134 116743
446 42686 45615 140 91699
447 42766 49153 46 93262
448 42780 49209 27 135037
449 43001 69311 7 67460
450 43074 43521 126 64145
451 43101 51165 62 136484
452 43184 45293 36 27277
453 43247 44224 4 575
454 43251 44095 123 42772
455 43366 50690 12 39233
456 43535 45299 136 115172
457 43636 46361 42 76306
458 43750 44133 24 10361
459 43792 45279 43 25528
460 43839 48905 4 10843
461 43862 45487 17 11747
462 43893 51411 140 949491
463 43933 49298 41 42097
464 44032 47402 48 132353
465 44043 51905 58 230526
466 44142 47399 69 90882
467 44212 48193 90 166398
468 44272 49296 96 285582
469 44378 46341 53 35516
470 44379 47340 11 10600
471 44385 45716 50 29433
472 44606 45424 6 2023
473 44700 46084 89 35251
474 44831 45764 47 14107
475 44935 45793 22 5256
476 44983 49998 41 51641
477 45002 47426 24 31010
478 45151 51660 35 139445
479 45160 45892 147 37112
480 45230 45823 26 6784
481 45267 47583 94 128604
482 45294 50669 42 75473
483 45433 48098 53 42519
484 45514 46076 5 1919
485 45634 51523 19 41363
486 45737 59949 6 46742
487 45789 54407 27 68947
488 45901 48574 28 26497
489 45954 48359 36 51254
490 46082 46209 7 1177
491 46189 46276 59 5380
492 46287 54331 5 15007
493 46294 46903 23 7269
494 46485 49123 108 61877
495 46643 50777 100 363761
496 46645 47411 40 10204
497 46835 51180 28 56048
498 46844 50414 101 115818
499 46989 56093 96 298444
500 47104 55954 21 52044
501 47121 47385 14 1783
502 47344 47471 24 3841
503 47639 50461 147 254290
504 47642 50049 115 173730
505 47697 48047 33 6104
506 47805 52031 116 235578
507 47927 56128 79 107494
508 48022 51766 21 32680
509 48200 51242 38 55936
510 48260 55357 34 33058
511 48269 49483 86 43032
512 48271 50381 142 227977
513 48329 51961 103 83678
514 48400 49066 14 7895
515 48549 52552 25 46193
516 48576 48605 87 1201
517 48749 53758 78 348110
518 49033 50413 82 69886
519 49070 50293 92 90585
520 49072 49819 9 3285
521 49143 54350 67 272202
522 49217 52857 134 297665
523 49299 50785 137 100497
524 49487 49604 23 1981
525 49541 51015 40 27642
526 49761 52293 23 11579
527 49786 50359 22 6938
528 49991 56307 78 315068
529 50018 55955 104 198125
530 50052 51790 6 2638
531 50119 50647 37 2499
532 50169 54653 66 96629
533 50232 52604 59 59597
534 50330 55653 15 36392
535 50344 52508 12 51647
536 50513 54180 111 174519
537 50659 59417 18 48748
538 50709 54130 62 72855
539 50766 52838 70 115976
540 50801 54291 13 26850
541 50903 59032 144 211966
542 51054 52113 9 7505
543 51066 58619 112 712121
544 51346 57490 33 55683
545 51362 53421 17 12609
546 51579 56768 4 13773
547 51598 52600 141 162997
548 51633 54641 145 154707
549 51677 51939 21 2179
550 51814 60321 82 964116
551 51821 59690 4 12404
552 51909 61783 107 416873
553 52146 60878 87 579952
554 52407 58096 20 66538
555 53218 58689 46 200426
556 53315 53530 54 20860
557 53385 57016 102 114307
558 53456 69355 7 51862
559 53460 55225 55 52898
560 53470 54456 44 10370
561 53591 54162 46 13010
562 53624 66349 14 36060
563 53735 56381 56 20599
564 53741 54233 24 25217
565 53786 55134 21 22145
566 54124 56786 72 67858
567 54283 57661 30 61773
568 54336 72304 99 836257
569 54357 61384 6 10818
570 54414 54824 7 2122
571 54532 55533 35 14773
572 54775 68055 93 233172
573 54811 56821 67 39290
574 54924 58527 91 93347
575 55024 61256 16 55695
576 55032 63174 7 24438
577 55187 57874 61 46558
578 55336 56929 93 58672
579 55510 56173 80 16273
580 55771 56444 32 20037
581 55820 58157 32 41866
582 56137 61380 20 52154
583 56179 58459 70 25916
584 56301 58566 49 153201
585 56485 62245 65 147866
586 56721 68202 30 167365
587 56838 56894 6 364
588 56846 72230 57 555945
589 57086 57705 11 4863
590 57324 59811 123 187208
591 57393 58711 79 54111
592 57497 60405 54 39072
593 57519 60285 52 129525
594 57542 63208 99 370203
595 57630 59849 93 82318
596 57633 60129 22 34561
597 58079 74633 44 73931
598 58139 61785 78 112769
599 58193 61502 9 19030
600 58295 71863 22 183020
601 58321 60401 142 57047
602 58447 62334 131 652083
603 58567 59723 11 5663
604 58680 62816 42 117941
605 58913 64603 150 301748
606 59060 63355 34 42455
607 59071 65458 100 143206
608 59186 59897 122 55697
609 59190 61186 20 19631
610 59318 61871 25 56302
611 59509 66771 87 486697
612 59534 62196 74 155096
613 59601 63600 86 191368
614 59602 60096 63 16453
615 59644 61364 148 111180
616 59682 61868 32 15272
617 59862 65422 120 264652
618 60105 72941 83 501003
619 60198 61094 57 7687
620 60271 65309 103 61164
621 60333 68415 86 421178
622 60372 61622 8 2478
623 60396 62156 9 4648
624 60719 61711 27 6716
625 60722 63849 72 142788
626 60733 72611 46 475988
627 60909 66120 7 12844
628 61157 63561 29 41065
629 61419 63865 20 44893
630 61481 65710 133 506254
631 61709 69638 4 15064
632 61789 79854 31 191124
633 61859 67062 17 50390
634 61900 66955 23 73636
635 61979 68117 139 398103
636 62202 64548 15 12623
637 62289 63412 21 37202
638 62548 68066 10 10509
639 62553 63954 16 18241
640 62843 64463 27 20974
641 62965 65908 61 128089
642 63008 63992 64 40012
643 63142 71898 36 220126
644 63253 64978 18 23365
645 63257 71814 149 832527
646 63302 63832 54 17045
647 63493 67944 13 16520
648 63602 68937 11 15935
649 63819 64187 14 2520
650 63976 66086 127 305858
651 64101 65403 114 76584
652 64466 69814 38 130193
653 64477 67978 40 234318
654 64510 67281 126 74775
655 64541 80698 117 439465
656 64545 68261 12 24537
657 64565 66222 37 24589
658 64669 69520 134 180234
659 64753 65631 88 44263
660 64783 64904 140 8178
661 65053 65153 54 5372
662 65132 79466 85 741428
663 65297 65360 82 2247
664 65298 65868 23 3891
665 65343 67437 6 7535
666 65368 70486 41 110784
667 65412 75843 6 32444
668 65450 74753 26 96685
669 65479 70874 40 253071
670 65595 81463 11 81039
671 65633 65835 35 2853
672 65636 67714 40 36440
673 65641 76716 74 1009331
674 65756 68784 50 53406
675 65889 67865 128 156067
676 65934 67308 143 129567
677 66256 78264 129 444125
678 66264 69760 109 209889
679 66307 79126 111 726984
680 66447 67094 59 24515
681 66460 71978 20 18183
682 66625 84331 23 291257
683 66687 67862 11 8205
684 66722 70810 134 185494
685 66833 71108 26 112377
686 66992 73859 98 223854
687 67111 78145 23 40134
688 67124 68404 130 80165
689 67158 70002 5 2782
690 67290 75346 25 57345
691 67341 69489 6 3692
692 67379 68847 41 25953
693 67529 67980 53 11220
694 67668 68900 139 41713
695 67697 86113 9 84292
696 67745 74012 126 309485
697 67756 72991 15 72178
698 67780 76928 45 149189
699 68035 81536 48 361000
700 68083 68098 98 1192
701 68195 78241 95 441541
702 68235 68917 20 3861
703 68360 76652 6 26440
704 68646 72172 33 30488
705 68728 74013 143 286707
706 68951 76641 100 424840
707 69139 74910 145 475892
708 69142 79946 20 72376
709 69277 71939 34 25901
710 69377 71216 11 7062
711 69417 69933 59 7296
712 69537 71818 122 192756
713 69689 75275 10 14297
714 69757 73384 20 37436
715 69803 99572 23 369131
716 69973 73068 74 169819
717 70437 71577 50 27375
718 70609 72913 96 98880
719 70643 96999 103 1260221
720 70670 71606 7 4016
721 70671 75058 149 336860
722 70696 74913 53 173802
723 70709 70908 41 4916
724 70784 79083 57 691343
725 70845 75437 13 10148
726 70875 80268 85 268357
727 70957 76149 21 39781
728 71054 71600 12 1310
729 71061 74370 20 48482
730 71062 73274 55 37492
731 71090 75075 66 40148
732 71174 72121 95 29347
733 71403 75911 21 148020
734 71427 82074 143 1582294
735 71514 75603 10 35911
736 71541 74850 120 447444
737 71656 72704 19 11960
738 71767 74552 81 97151
739 71964 75604 96 65435
740 72071 73317 20 9227
741 72206 74386 83 96763
742 72226 76979 7 14426
743 72244 73230 16 4569
744 72548 76568 68 168292
745 72592 84665 46 507979
746 72614 76797 40 104597
747 72650 82552 8 11359
748 72763 73621 31 7015
749 72802 76283 18 58868
750 72885 73332 67 12339
751 72907 74963 33 9563
752 73002 77110 29 30701
753 73400 93122 149 781314
754 73432 87606 59 422564
755 73453 85744 59 394076
756 73487 78067 135 186198
757 73561 76254 16 19185
758 73676 73810 21 2311
759 73794 73929 18 1686
760 73858 83745 86 772066
761 73866 76826 12 7568
762 73907 76102 10 3509
763 73984 76151 9 5324
764 74002 78497 125 134329
765 74262 76924 57 48687
766 74336 77947 47 82365
767 74359 77541 145 337031
768 74549 80813 145 381567
769 74602 80131 142 215365
770 74655 78277 53 195336
771 74704 93798 92 688328
772 74707 85127 141 861244
773 74799 75448 98 79988
774 74803 75862 8 9599
775 74840 84086 71 271191
776 74905 75475 40 2956
777 74957 75502 121 51645
778 75038 87484 29 378835
779 75061 80284 47 164288
780 75082 77530 97 206338
781 75429 76372 21 6052
782 75759 93625 127 456735
783 75769 82319 71 312290
784 76065 85357 10 38344
785 76174 77319 5 4708
786 76293 77120 27 15115
787 76461 78294 88 134306
788 76479 78721 11 59221
789 76522 81456 17 30785
790 76564 80156 10 34276
791 76660 77572 88 77540
792 76902 84971 50 133318
793 76984 80589 110 71983
794 77134 78204 37 24411
795 77278 77610 11 3996
796 77511 80219 86 80737
797 77640 88284 94 514675
798 77691 84928 79 287675
799 77698 78034 25 4482
800 78263 84203 62 77815
801 78278 81653 127 306802
802 78284 83064 125 216815
803 78347 81504 67 33770
804 78376 81118 16 29267
805 78384 81069 7 3728
806 78475 80281 132 80778
807 78512 81960 76 101117
808 78539 80400 135 50044
809 78587 90762 146 426119
810 78591 79365 67 32833
811 78602 80120 40 92190
812 78688 79836 19 9641
813 78716 80736 28 17772
814 78723 79672 77 28735
815 78743 82041 104 77318
816 78838 85118 50 239200
817 78840 83058 14 36549
818 78848 83756 18 24610
819 78849 79361 82 31875
820 78998 87896 30 154921
821 79176 86705 63 266756
822 79249 87378 25 46307
823 79314 84204 65 158271
824 79441 79457 145 964
825 79464 81770 21 10542
826 79593 80725 64 39268
827 79608 82226 7 2887
828 79617 79766 45 4690
829 79628 81146 54 40575
830 79631 85350 19 34893
831 79826 87208 91 64197
832 79827 85338 30 47158
833 79935 80127 87 41616
834 80010 80203 89 11657
835 80059 81527 67 54326
836 80293 80588 145 16097
837 80315 95311 83 434276
838 80347 80974 74 22206
839 80483 94832 10 66269
840 80565 84083 48 42346
841 80845 81059 11 2731
842 80865 93731 7 32719
843 81229 86701 38 46301
844 81293 81480 36 3028
845 81300 81528 144 18097
846 81423 81937 132 26220
847 81427 84329 11 9408
848 81570 83778 9 9431
849 81613 84448 105 42977
850 81672 91452 26 79163
851 81804 86067 134 423871
852 81886 84721 127 86915
853 81986 91392 24 135618
854 82017 82399 25 2673
855 82151 83746 5 5870
856 82306 90433 70 303310
857 82586 84570 37 17410
858 82980 86026 17 38044
859 82982 88650 10 15158
860 83034 83917 71 66673
861 83045 84811 86 66353
862 83097 91814 6 20213
863 83109 84639 5 3953
864 83156 85994 14 28086
865 83187 87688 68 52218
866 83211 85868 51 57859
867 83287 88997 99 349398
868 83324 86920 31 24722
869 83345 83870 89 28536
870 83382 91271 38 329910
871 83401 95100 130 485884
872 83408 91860 16 281500
873 83432 83661 61 9696
874 83480 89822 85 664533
875 83586 86488 55 58010
876 83682 86392 39 216504
877 83802 90649 11 90222
878 84020 91081 91 767258
879 84047 87585 116 240727
880 84134 84161 49 1487
881 84410 87344 65 59499
882 84534 86448 21 21204
883 84636 86714 37 30960
884 84668 95558 10 44836
885 84684 85823 147 63691
886 84754 92348 119 380867
887 84788 86495 70 67460
888 84867 86975 73 29653
889 85001 87991 102 268474
890 85263 88357 39 44936
891 85289 95738 17 28397
892 85321 85503 85 12577
893 85481 89107 130 49969
894 85604 88252 7 7458
895 85677 91903 6 26124
896 85722 87701 29 24129
897 85840 87740 59 60721
898 85883 86210 39 6973
899 85929 91013 137 291512
900 85989 96343 96 257600
901 86050 88472 20 14142
902 86357 90661 129 340115
903 86376 88947 9 29483
904 86561 88864 135 123941
905 86620 96660 33 133951
906 86692 87249 11 2664
907 86716 88342 94 20700
908 86969 90654 41 79252
909 87160 88207 18 4789
910 87172 88215 15 10460
911 87184 90121 51 50154
912 87278 96199 90 355019
913 87501 87819 114 26354
914 87514 88124 53 12978
915 87572 90700 42 54584
916 87765 88412 56 15917
917 87792 93455 133 365999
918 88171 96844 34 81876
919 88291 91100 113 99649
920 88305 88562 7 1826
921 88316 90007 65 138486
922 88513 93369 71 58861
923 88624 90573 86 155306
924 88684 93380 84 236477
925 89015 94674 14 48283
926 89122 89228 68 8988
927 89191 89206 69 1767
928 89217 90673 125 85244
929 89238 89481 135 12635
930 89316 92471 140 97169
931 89416 90329 55 64725
932 89420 96612 9 68124
933 89540 91338 97 171606
934 89598 94559 51 96928
935 89935 93097 81 92968
936 89950 90105 31 6467
937 90015 90484 131 14082
938 90125 92993 29 37513
939 90128 90819 23 14637
940 90213 92071 72 98241
941 90295 92259 32 36829
942 90431 95649 16 12163
943 90710 92563 32 61126
944 90727 91134 61 9319
945 90975 94681 57 91255
946 90996 91187 14 2681
947 91092 97325 53 42067
948 91321 91958 32 10724
949 91431 96302 78 83300
950 91524 92555 29 12701
951 91573 96276 110 964815
952 91677 96779 97 93512
953 91807 95051 58 68246
954 91848 93517 142 220757
955 92167 94394 5 4057
956 92168 92432 68 6926
957 92199 93541 81 49721
958 92404 93367 7 3489
959 92489 93775 97 45499
960 92657 93707 20 19784
961 92787 95313 10 20192
962 92825 93888 47 11905
963 92935 94073 77 34181
964 92978 93637 55 19055
965 93043 99820 8 43811
966 93422 93883 87 8354
967 93948 95274 53 64946
968 94219 94822 107 42017
969 94221 95249 52 16132
970 94264 94928 83 48505
971 94278 94675 34 28347
972 94470 94979 99 15063
973 94515 98397 131 190012
974 95035 95724 25 16217
975 95071 96214 49 11271
976 95097 96262 12 8118
977 95184 98116 91 122207
978 95213 96633 20 4728
979 95315 98964 40 22528
980 95647 99821 57 35361
981 95737 97268 128 198239
982 95777 96022 76 7252
983 95914 96482 76 15660
984 96124 96701 144 68354
985 96133 99266 8 8481
986 96407 98154 57 37655
987 96824 98320 20 4700
988 96895 99709 38 38705
989 97115 97186 19 701
990 97128 98981 27 16355
991 97350 97538 67 17397
992 97525 97598 54 4005
993 97555 99023 59 86084
994 97612 98448 10 3237
995 98090 98975 114 72792
996 98692 99588 44 21555
997 98748 99295 12 1905
998 98816 99837 27 11158
999 99053 99282 90 17541
