50 1000 0.036
..................................................
.............................#....................
.............................###..................
.#..........................####..................
.#.........................######.................
###........................###....................
##...........................####.................
##.........................####...............##..
...........................###................####
............................##...............#####
............................#................####.
............................................###.##
..............................................###.
..................................................
..................................................
..................................................
..................................................
...................................##.............
...................................##.............
..................................#####...........
...................................##.............
...................................##.............
.........................................#........
.......................................####.......
........................................####......
..........................................#.#.#...
..........................................###.##..
.........................................######...
...........................................#####..
..................................................
..................................................
..................................................
..................................................
..................................................
..................................................
..................................................
...............#..................................
...........#####..................................
...........#.#............................#.......
.........................................###......
.........................................###......
..........................................##......
..........................................#.......
.........#........................................
........##........................................
......####.#......................................
....#########.....................................
.....##.##.##.....................................
.........#..#.....................................
..................................................
0 17 3120 13 28981
1 89 2915 97 136613
2 332 4086 86 76884
3 350 14059 60 454626
4 380 851 33 13211
5 790 1732 104 40313
6 919 2368 45 24922
7 930 4044 40 145878
8 933 2810 35 53754
9 1018 1570 88 19070
10 1048 11122 38 99953
11 1078 1171 14 487
12 1099 3177 139 118550
13 1165 4708 14 15386
14 1326 3232 37 196193
15 1357 5212 24 11972
16 1585 5987 7 26774
17 1672 5532 59 100813
18 1860 5338 20 42097
19 1873 2936 27 12044
20 1886 3882 42 44201
21 1991 3518 65 83838
22 2118 4003 137 40704
23 2413 5566 30 41087
24 2419 3916 5 4118
25 2449 5268 10 16342
26 2457 4935 44 47370
27 2493 6040 111 107454
28 2509 11186 94 109774
29 2525 3063 54 14551
30 2549 3800 46 15775
31 2718 6944 75 148218
32 2805 6037 65 80509
33 2828 9398 105 470933
34 2897 6580 26 18131
35 2926 6846 77 75880
36 2966 16860 14 243302
37 2981 3442 130 24977
38 3305 4085 91 70662
39 3351 3772 62 6250
40 3536 7612 5 10636
41 3600 4879 58 66562
42 3602 6387 114 129843
43 3635 4160 117 33530
44 3673 5531 121 78476
45 3820 5484 141 102697
46 3836 5986 61 69875
47 4271 9967 123 181353
48 4450 5143 14 3937
49 4460 5217 124 71543
50 4506 6772 139 339286
51 4599 6883 131 208635
52 4610 10378 8 20611
53 4903 5309 59 41240
54 4939 4981 32 604
55 5016 5089 146 2494
56 5051 8317 76 83024
57 5100 6329 37 57248
58 5121 6058 5 3433
59 5175 9250 26 76588
60 5270 6726 75 80833
61 5300 5687 80 9584
62 5668 8657 63 32106
63 5725 9064 137 119802
64 5836 6479 50 12611
65 5888 8131 84 42002
66 5970 11119 15 12233
67 6055 10489 66 58279
68 6065 7926 25 43806
69 6285 8045 53 73998
70 6340 9166 4 2349
71 6807 6946 8 1087
72 6829 20146 42 590741
73 6893 11561 46 59368
74 6904 13264 104 133841
75 6965 9293 50 21608
76 7048 8584 8 4838
77 7066 11001 107 1222207
78 7077 7803 59 23628
79 7192 9955 15 12263
80 7259 8075 32 16911
81 7322 8660 99 44220
82 7581 12844 148 467336
83 7720 9141 24 12320
84 7819 8378 17 9521
85 7831 8449 98 30944
86 7846 8105 33 5770
87 7943 8434 9 1705
88 7969 8868 100 24764
89 7980 15190 83 130190
90 8127 8655 16 4894
91 8162 8793 119 35756
92 8171 8252 81 4501
93 8223 9126 69 15755
94 8233 9657 5 3045
95 8327 9459 53 73738
96 8329 11064 36 28218
97 8619 15354 5 16490
98 8800 9321 88 44940
99 9014 11623 6 9659
100 9021 9177 21 1255
101 9117 10548 61 45287
102 9174 13573 121 593175
103 9316 11781 84 134892
104 9414 10031 72 11612
105 9462 9826 121 25696
106 9510 13310 27 93669
107 9634 11100 14 13869
108 9636 10022 15 1882
109 9730 9954 130 42976
110 9822 11458 128 209427
111 9878 10021 138 11001
112 9937 11372 14 8732
113 9998 13099 6 13229
114 10017 16607 15 49011
115 10038 15355 78 132622
116 10118 12073 64 75818
117 10370 13808 146 363783
118 10379 12936 20 18904
119 10385 11818 11 9882
120 10781 14679 34 19292
121 10882 11442 8 2100
122 10996 11159 62 6492
123 11101 13149 37 31045
124 11404 13790 82 25447
125 11568 13619 6 6447
126 11595 12760 110 57793
127 11901 13791 25 21632
128 12092 23987 61 541345
129 12218 14610 24 14444
130 12239 12709 124 109233
131 12419 20608 51 122578
132 12528 17187 8 5298
133 12647 13134 70 18936
134 12650 15434 21 11142
135 12682 13237 91 30266
136 12949 14235 54 38057
137 13220 18014 12 40868
138 13379 13931 100 42195
139 13439 20369 142 630128
140 13464 16673 69 140649
141 13620 16825 23 8588
142 13738 17436 95 180213
143 13886 17481 50 231746
144 14279 18212 99 184637
145 14508 14516 36 178
146 14724 15937 11 7682
147 14811 15578 128 40883
148 14897 15400 20 4768
149 14961 19141 8 5814
150 14985 22810 29 75674
151 15011 16027 46 14736
152 15051 17793 41 64206
153 15064 16130 15 6024
154 15171 22263 149 249143
155 15303 15516 63 6646
156 15334 19167 22 29084
157 15712 18587 47 62619
158 15713 25711 8 18081
159 15812 20862 17 68593
160 15867 18537 14 38917
161 15974 22658 52 75634
162 16283 21766 30 39411
163 16286 18064 25 49265
164 16451 20618 50 70163
165 16554 16756 11 1976
166 16652 18109 22 27460
167 16698 21453 6 4279
168 16789 18039 6 2797
169 16826 18498 16 9835
170 16936 20662 60 79839
171 17066 18708 10 8350
172 17353 19330 40 50613
173 17457 25428 90 470222
174 17511 21074 24 54411
175 17525 22628 147 318005
176 17844 18391 107 35184
177 17891 20803 33 33469
178 18031 26076 16 79959
179 18056 19917 6 7216
180 18084 19125 104 74216
181 18128 26223 35 181485
182 18176 18387 67 6643
183 18202 19944 38 54028
184 18445 19099 99 19541
185 18544 19493 34 16592
186 18629 22745 65 173738
187 18680 19764 52 37360
188 18704 18738 126 2418
189 18712 20090 45 51002
190 18717 25951 16 73328
191 19204 28487 110 184147
192 19255 19541 12 3550
193 19317 21494 127 248511
194 19326 22425 137 111385
195 19341 23985 105 104873
196 19518 22802 132 217057
197 19520 23684 81 95215
198 19572 19871 39 8425
199 19672 19825 73 12920
200 19808 20263 46 16337
201 19961 23805 84 124866
202 20010 21837 97 191070
203 20218 20516 22 9881
204 20229 22330 59 70657
205 20922 24560 56 94945
206 20926 21427 18 8022
207 21000 21241 12 1895
208 21107 21246 138 9608
209 21114 25463 128 178980
210 21141 22337 34 13422
211 21149 21724 50 17034
212 21354 25488 141 1064445
213 21357 31361 129 782825
214 21381 23189 4 4409
215 21519 22069 10 3815
216 21608 22148 14 3545
217 21649 21728 30 2276
218 21686 23621 145 106575
219 21749 37768 38 453767
220 21779 27164 7 2156
221 21782 21839 25 1386
222 21792 22234 36 18346
223 21833 24973 11 52758
224 21905 23542 74 35464
225 21937 23516 11 14710
226 22014 30244 30 45197
227 22090 25712 17 116300
228 22194 25855 72 142245
229 22270 25983 71 297206
230 22343 23832 39 47385
231 22344 24467 15 16658
232 22367 22779 24 4501
233 22373 30684 131 301770
234 22403 27856 32 69722
235 22459 23186 47 16560
236 22518 26695 22 21167
237 22594 22612 145 1980
238 22613 22742 61 3782
239 22619 27813 106 226796
240 22656 34211 53 291165
241 23078 28242 45 55150
242 23100 23252 83 19135
243 23255 25160 5 2173
244 23277 23720 56 9885
245 23322 25444 28 21556
246 23385 34217 97 561240
247 23484 29845 83 176479
248 23598 24054 54 8962
249 23657 25576 92 51486
250 23675 28244 27 134901
251 23810 24020 37 6272
252 23839 26447 75 192808
253 23873 26177 130 90635
254 23901 27521 100 168520
255 23915 24780 118 101556
256 23928 27430 44 53941
257 23953 24085 24 1189
258 23992 26170 139 140920
259 24076 24404 74 71074
260 24079 33850 6 27474
261 24367 24994 32 25032
262 24479 39118 91 301525
263 24583 25397 77 35767
264 24587 28618 86 130781
265 24651 26702 120 71830
266 24796 27390 73 32576
267 24896 26590 141 193877
268 25063 25290 31 4266
269 25091 29090 141 407439
270 25126 32887 77 193873
271 25183 25659 96 22540
272 25211 25744 35 7488
273 25316 28919 141 242252
274 25439 27760 80 61981
275 25595 27424 53 26938
276 25617 27673 72 57140
277 25768 31996 13 10189
278 25863 28391 73 73678
279 25960 27777 95 51832
280 26237 29932 103 197474
281 26264 37352 140 1131400
282 26651 27404 55 21205
283 26889 31056 36 46511
284 26928 27096 63 3495
285 26930 34777 75 497537
286 26956 27175 117 45931
287 27237 27682 22 2781
288 27360 28276 43 28310
289 27371 28141 112 27312
290 27417 27498 13 648
291 27439 34822 8 35843
292 27510 33422 13 32956
293 27512 32801 62 135220
294 27562 27684 33 1360
295 27610 30119 126 62237
296 27727 32067 57 136863
297 27805 32879 103 342526
298 28049 31125 8 3979
299 28137 30167 4 3748
300 28186 29520 7 2530
301 28474 29435 76 56431
302 28641 34866 117 246367
303 28722 37228 109 163878
304 28757 30070 85 79865
305 28916 35213 87 220250
306 28940 33680 95 104175
307 29028 32117 5 8862
308 29144 35914 6 5823
309 29190 29680 7 1840
310 29199 39390 4 34906
311 29214 30250 129 249748
312 29234 33414 7 5183
313 29317 30551 34 74564
314 29610 40021 5 24956
315 29638 33582 147 668730
316 29687 31768 11 11834
317 30086 52305 84 1409895
318 30146 32563 13 17935
319 30159 31173 46 9526
320 30189 35320 123 170051
321 30572 31178 27 4672
322 30598 31817 74 72206
323 30692 31255 107 33571
324 30856 34065 33 76451
325 30907 34052 145 243140
326 30936 31241 132 12223
327 31079 33863 11 30706
328 31104 32578 57 21232
329 31188 35103 7 8943
330 31259 45290 6 64508
331 31324 31416 47 4009
332 31419 31884 91 58050
333 31584 36152 57 314052
334 31642 34043 19 17624
335 31677 32466 81 29671
336 31724 33397 126 84361
337 31760 32989 47 138487
338 31788 36228 57 65990
339 31876 39497 26 98323
340 32073 35223 32 70659
341 32172 33793 120 158006
342 32183 32205 16 855
343 32348 33087 76 24098
344 32358 39125 52 216703
345 32383 32745 20 3234
346 32389 33051 41 10173
347 32452 36526 33 31156
348 32463 34973 73 63070
349 32552 32650 41 6253
350 32651 34128 139 143391
351 32652 32815 62 6818
352 32744 36166 105 192658
353 32783 35362 150 84317
354 32900 39477 131 849616
355 33115 35562 82 77244
356 33131 34016 68 13544
357 33166 37904 74 264779
358 33175 33718 81 31746
359 33283 35292 68 115365
360 33424 36003 100 60012
361 33467 35847 11 20273
362 33493 33871 142 24855
363 33540 33754 147 10566
364 33546 33753 108 4063
365 33795 38057 40 108504
366 33844 39634 77 53701
367 33845 36576 8 6475
368 33979 34049 12 525
369 34019 34078 84 4603
370 34138 38153 106 218130
371 34141 40724 62 70139
372 34185 34469 8 924
373 34198 35087 8 3046
374 34333 36776 83 35940
375 34766 40318 121 322472
376 35035 36514 50 23905
377 35200 35594 40 16563
378 35332 38193 135 148115
379 35373 37177 93 113900
380 35533 36979 148 66674
381 35574 37853 78 221996
382 35659 39378 27 43411
383 36084 36690 29 4843
384 36121 37585 17 12056
385 36143 39426 40 127642
386 36185 41020 18 45596
387 36263 38281 27 54455
388 36350 37927 116 44030
389 36373 44929 70 167130
390 36421 45294 5 87346
391 36671 39676 6 5277
392 36703 45222 33 34559
393 36722 37173 25 2737
394 36755 45591 118 256778
395 36792 38182 60 54056
396 37190 39646 108 229562
397 37211 38395 11 1600
398 37280 38771 63 32444
399 37321 39514 107 44668
400 37405 41571 107 215713
401 37469 38091 90 15324
402 37648 41707 30 49807
403 37743 40234 147 99892
404 37898 40270 12 8154
405 38008 41949 34 134471
406 38024 42304 28 54583
407 38166 38323 10 1588
408 38399 41806 6 13816
409 38428 43399 7 10948
410 38465 38515 114 7251
411 38508 39599 129 47673
412 38517 38852 41 3257
413 38706 40434 100 33567
414 38876 43679 106 109937
415 39048 40863 114 33024
416 39163 44588 28 56630
417 39275 41716 71 71826
418 39301 41448 115 142153
419 39302 41920 138 329070
420 39377 42104 91 80978
421 39379 39415 55 1119
422 39410 45550 88 211055
423 39461 40650 38 11060
424 39504 40462 25 12277
425 39647 40605 13 3056
426 39721 45062 11 22751
427 39892 43494 37 54603
428 40011 42097 53 43255
429 40032 42943 16 19417
430 40039 46925 63 277854
431 40091 41997 105 83090
432 40192 43738 138 312131
433 40756 42967 113 97950
434 40841 44502 132 161478
435 40911 42364 93 65021
436 40913 41593 11 2338
437 40994 43772 107 71297
438 41005 46426 84 248927
439 41012 47302 52 238610
440 41197 42296 136 62159
441 41314 54440 135 1486972
442 41337 44871 58 114450
443 41516 45299 26 63077
444 41720 48861 38 106725
445 42329 44417 13 16706
446 42358 43747 83 39102
447 42476 43835 17 13433
448 42539 42946 127 58567
449 42635 43483 26 9802
450 42640 44017 66 19380
451 42719 51539 101 620678
452 42765 47845 25 80627
453 42811 48167 21 42433
454 42844 45499 117 232629
455 42852 55680 13 86540
456 42876 45895 17 28697
457 42889 51161 20 62002
458 42918 45391 125 236336
459 42921 46636 7 8763
460 42994 43126 19 1787
461 43209 47921 120 405581
462 43446 45446 10 34072
463 43684 44221 24 16943
464 43837 50204 109 244882
465 43951 47544 66 156656
466 44122 48023 69 167210
467 44343 45412 143 44456
468 44739 47967 23 37164
469 44746 46610 7 15346
470 44775 45717 16 2948
471 45201 48068 41 19373
472 45219 47313 117 96765
473 45258 51769 123 418826
474 45289 45304 40 635
475 45339 45358 71 1026
476 45364 47700 118 80279
477 45514 45549 12 278
478 45656 48052 41 30433
479 45854 53281 83 415486
480 45984 48488 102 98919
481 46001 49569 67 131166
482 46039 48235 39 27961
483 46094 47145 39 32593
484 46285 54521 40 123923
485 46578 46621 21 369
486 46765 47472 103 35547
487 46794 54245 45 145819
488 46809 47075 116 17608
489 46835 48660 48 94828
490 47014 47511 88 42806
491 47177 47811 30 3884
492 47219 55203 5 19326
493 47249 49100 149 78092
494 47602 52000 77 74759
495 47844 48976 14 7145
496 47909 53259 113 256076
497 47961 54031 34 110710
498 48026 53152 143 217170
499 48087 53058 26 28559
500 48155 50939 11 13824
501 48254 48773 98 8937
502 48301 53380 67 389685
503 48406 48847 42 5488
504 48500 54174 34 77748
505 48501 49010 25 5566
506 48529 49783 8 10976
507 48616 49632 38 26101
508 48632 50960 140 160837
509 48848 49834 91 65087
510 49033 51538 15 23003
511 49082 50876 24 24674
512 49244 50672 15 11424
513 49510 58782 6 22644
514 49543 52405 59 25726
515 49629 53609 53 35914
516 49691 51610 5 1873
517 49741 51025 145 106889
518 49970 56821 69 131261
519 50146 51444 12 9649
520 50218 53801 111 237623
521 50379 57938 45 100404
522 50448 55806 15 45349
523 50463 54111 5 12245
524 50573 52893 99 376276
525 50618 52816 127 196009
526 50622 57242 34 102905
527 50871 53653 11 11962
528 50884 51324 109 8776
529 50966 51723 136 42362
530 50994 51868 26 20074
531 51029 56551 104 299334
532 51157 57721 11 29557
533 51488 52373 10 9215
534 51594 60577 59 198775
535 51642 53677 19 11313
536 51938 52475 82 43703
537 52012 55670 83 99008
538 52032 53324 37 18252
539 52184 54288 97 39609
540 52239 55555 19 17689
541 52285 56746 33 33423
542 52456 52533 98 3345
543 52474 54939 54 83173
544 52582 53615 61 30112
545 52702 53572 17 24180
546 52775 53748 7 6158
547 52936 54827 149 94417
548 52940 58530 34 63176
549 53006 53692 34 8531
550 53036 58140 40 90127
551 53138 55422 7 9204
552 53199 56142 100 392384
553 53288 55650 8 3579
554 53458 54002 55 7102
555 53481 57680 9 5949
556 53524 54130 8 2447
557 53545 57618 55 149831
558 53927 57338 52 39849
559 54188 54256 41 2522
560 54191 54803 115 29504
561 54269 58334 12 9661
562 54305 61566 64 83799
563 54389 55166 59 27680
564 54421 58765 59 51448
565 54424 55928 44 80331
566 54578 61288 144 324234
567 54618 57342 28 30627
568 54657 55876 4 1600
569 54745 54841 150 5916
570 54780 61601 29 39491
571 54866 63086 34 207201
572 55036 58217 128 379238
573 55075 58400 16 65245
574 55077 58054 142 260427
575 55088 55912 108 49277
576 55333 61929 86 336245
577 55357 57670 143 61172
578 55483 58486 11 11376
579 55623 55685 8 400
580 55667 56105 71 31292
581 55775 59736 57 156739
582 56012 58953 13 14314
583 56026 56846 71 29499
584 56035 63522 22 72976
585 56066 58420 32 41133
586 56127 61269 19 31557
587 56181 62459 10 16253
588 56255 60393 104 234116
589 56339 57398 26 23917
590 56343 60096 17 12047
591 56365 62378 89 174614
592 56376 57844 53 30646
593 56382 58654 106 122116
594 56386 68136 43 224475
595 56591 60437 95 166777
596 56709 57408 39 15546
597 56918 59688 12 21899
598 56994 60629 55 223693
599 57004 59741 6 4579
600 57034 57291 41 6144
601 57232 57272 28 1030
602 57376 71326 60 241321
603 57456 57491 11 317
604 57471 66022 31 142463
605 57560 62529 92 183545
606 57631 59779 134 333271
607 57682 59752 80 53045
608 57693 59718 43 44307
609 57763 60641 25 35830
610 57829 61189 12 15468
611 57854 62128 86 304626
612 57868 59385 42 25730
613 57934 65692 58 113389
614 58031 58512 45 9132
615 58064 59592 23 8722
616 58166 58951 16 8778
617 58219 61113 25 14336
618 58386 67122 35 90021
619 58424 58968 54 12098
620 58538 66926 21 64808
621 58579 61092 6 6153
622 58834 60964 30 27013
623 58866 59319 106 41457
624 58904 60587 25 21509
625 59043 68347 32 92071
626 59317 63174 66 75495
627 59361 63389 88 302698
628 59485 62151 15 10989
629 59571 63102 118 208158
630 59577 60701 63 46499
631 59602 61993 58 67740
632 59972 63505 28 62470
633 60216 62380 5 3534
634 60384 64670 88 279529
635 60397 62213 5 4915
636 60426 60813 7 2830
637 60455 60979 131 40942
638 60502 60712 119 12426
639 60628 62462 59 27041
640 60630 62663 65 93701
641 60924 62706 36 42847
642 60934 65774 16 25605
643 61035 64992 103 140075
644 61307 61656 38 5179
645 61453 69581 10 40530
646 61497 64827 8 5422
647 61572 62646 5 980
648 61596 63748 21 30648
649 61611 69944 65 166812
650 61705 62907 6 3322
651 61725 67769 5 16050
652 61886 63111 30 17454
653 61935 69352 115 180207
654 61982 63212 55 30514
655 62037 65731 53 33178
656 62113 70012 143 629883
657 62480 62542 4 187
658 62527 69571 4 4954
659 62544 66582 136 184539
660 62802 62947 34 3536
661 62842 65364 29 77333
662 62929 64252 125 98371
663 63191 64914 21 6469
664 63255 63885 15 5458
665 63267 64700 95 133909
666 63296 67953 140 176873
667 63562 65659 102 89439
668 63601 75320 16 118230
669 63732 65620 5 8411
670 63808 66001 6 5337
671 63825 65455 108 194265
672 63830 64308 92 54636
673 63906 68130 11 8543
674 63935 68154 73 223847
675 64003 66890 133 179597
676 64090 65341 21 6859
677 64170 64183 96 531
678 64189 65010 121 33059
679 64195 66814 79 64054
680 64334 65430 66 27673
681 64448 65162 26 10920
682 64591 65452 109 48248
683 64680 66392 8 4682
684 64741 66707 10 9527
685 64870 67818 126 356436
686 64911 69311 139 888416
687 64931 69063 43 60385
688 65027 68094 31 68672
689 65102 74037 105 297124
690 65209 70075 32 91634
691 65292 66937 25 19247
692 65461 65956 6 620
693 65601 65912 61 5131
694 65734 66593 7 953
695 65875 67585 11 9323
696 65914 70209 113 148863
697 65921 68659 112 109678
698 66203 66958 9 1591
699 66264 68443 18 17405
700 66342 68770 125 318427
701 66448 66836 45 5835
702 66469 67887 12 16596
703 66526 69680 27 73989
704 66529 67693 9 13971
705 66611 71539 76 269211
706 66717 67528 89 48953
707 66770 71147 67 128477
708 66819 73082 100 181715
709 66839 70222 26 14584
710 66878 67297 5 2100
711 66904 72939 16 52496
712 67136 70959 6 11245
713 67235 68471 5 2971
714 67689 70079 25 58385
715 67729 68902 5 5097
716 67963 73902 106 231331
717 68001 73766 18 128500
718 68045 75361 149 312433
719 68060 70029 13 9688
720 68369 69505 99 20318
721 68415 68919 75 14358
722 68446 69090 36 23813
723 68782 70428 65 42177
724 68977 72802 113 156571
725 68982 72539 16 21180
726 69018 75827 130 166082
727 69045 70871 55 31321
728 69339 79745 75 301199
729 69536 75717 14 39776
730 69539 70725 40 20352
731 69549 71529 19 10973
732 69561 70329 126 37688
733 69654 70212 126 66673
734 69884 72076 14 26285
735 69889 72639 80 138733
736 70020 72698 86 56770
737 70048 71201 71 15550
738 70078 74063 133 167285
739 70091 74499 52 163659
740 70223 70703 105 29566
741 70256 72243 109 145980
742 70260 71392 22 7373
743 70261 71661 45 18543
744 70575 76616 44 251421
745 70605 74392 61 52203
746 70633 75676 148 615217
747 70647 70869 81 20577
748 70694 75783 87 215870
749 70712 71226 18 4245
750 70758 74774 59 184535
751 70796 71620 60 31882
752 70859 78959 63 219763
753 70933 73110 35 38799
754 70977 73364 15 16433
755 70996 73572 11 12630
756 71047 76535 20 34757
757 71118 72798 31 84365
758 71174 79741 31 50212
759 71180 74981 25 105944
760 71339 72971 8 6091
761 71442 74317 15 29371
762 71500 72141 96 36543
763 71775 72567 22 18865
764 71828 80874 46 380163
765 71890 72017 88 9389
766 72084 72858 40 31754
767 72114 72725 104 28445
768 72202 74043 75 72540
769 72221 73491 15 5748
770 72227 73148 42 9423
771 72230 77266 48 48784
772 72489 73121 9 1505
773 72510 74808 26 128390
774 72677 73212 34 7881
775 72938 73611 17 7620
776 73149 75384 22 31498
777 73217 77428 4 1404
778 73346 77361 122 236275
779 73562 84576 107 550743
780 73604 75373 72 31069
781 73742 79336 11 30038
782 73797 77316 65 188094
783 73861 87842 10 116168
784 73868 77672 87 84959
785 73920 78280 34 88991
786 74072 82573 127 279769
787 74582 80720 77 148694
788 74654 79317 20 44952
789 74751 76040 6 1105
790 74870 75593 9 3019
791 74929 79170 115 332616
792 75118 78501 6 3434
793 75234 75933 134 89203
794 75300 77919 7 8437
795 75302 77855 13 17807
796 75403 76364 35 10235
797 75528 80281 78 63906
798 75631 81860 89 284777
799 75685 77023 90 30928
800 75691 76307 81 15420
801 75892 79322 60 72136
802 76013 79291 72 98701
803 76075 76340 10 487
804 76112 78031 41 16893
805 76120 77602 8 5578
806 76131 81280 32 75116
807 76181 82100 21 33442
808 76598 82090 47 87509
809 76982 78063 37 29672
810 77088 77729 78 32919
811 77148 77785 15 4614
812 77229 80849 65 70423
813 77456 78371 6 1022
814 77726 79417 31 40070
815 77808 80795 78 69726
816 77817 78638 25 15508
817 77934 78897 70 51331
818 78056 79571 4 782
819 78168 78904 97 32063
820 78455 79140 10 4529
821 78528 79649 114 95977
822 78787 79153 23 5614
823 78868 82587 88 113874
824 78887 86330 17 106496
825 79032 81189 6 3848
826 79306 80230 27 27113
827 79415 88385 48 83193
828 79541 85338 35 35336
829 79584 81758 120 112430
830 79678 80277 43 12353
831 79762 81934 5 3947
832 79778 80717 100 44285
833 79795 81096 135 79835
834 79823 82959 7 22737
835 79967 82025 73 61594
836 79985 82711 30 24722
837 80143 82039 29 42582
838 80398 84353 142 276639
839 80587 81203 143 18456
840 80724 83902 23 30812
841 80740 85142 35 247260
842 80742 81215 18 3883
843 80852 82704 23 10004
844 80912 82456 6 5281
845 80952 83417 66 99716
846 81013 83828 42 90372
847 81045 89358 15 61363
848 81126 81370 63 4892
849 81210 83087 8 9565
850 81285 81940 124 69804
851 81298 87304 39 164372
852 81468 84296 10 20357
853 81491 85933 126 246286
854 81529 82470 54 18395
855 81717 86743 25 51543
856 81771 82172 20 2966
857 81776 85066 14 25625
858 81896 83042 122 72850
859 81959 87278 5 23302
860 82031 93258 4 22248
861 82066 84129 9 7007
862 82082 82936 64 21265
863 82139 82545 13 2003
864 82193 90756 40 191010
865 82444 92113 22 66106
866 82477 84726 53 53252
867 82531 97794 83 772685
868 82563 85791 127 63465
869 82570 85879 108 130769
870 82591 86992 123 296605
871 82612 90319 11 29818
872 82625 87911 8 18030
873 82762 83251 78 28143
874 82763 85659 37 62066
875 82765 83702 41 10927
876 82796 82826 5 41
877 82907 83884 46 41116
878 82990 95097 90 757487
879 83101 87360 40 156866
880 83238 85104 45 32893
881 83270 83752 6 1033
882 83278 88534 17 16634
883 83325 84411 126 52546
884 83411 90804 7 27906
885 83562 84492 118 32649
886 83692 88541 23 110329
887 83765 83905 61 7567
888 83779 84290 42 10025
889 83787 84436 7 1705
890 83819 87509 136 165675
891 83885 86722 24 33216
892 83925 88708 9 15953
893 83950 84186 70 2974
894 83967 84228 46 9042
895 84142 94468 14 107997
896 84209 86386 15 32921
897 84241 85557 18 24912
898 84303 95300 13 92020
899 84382 84445 113 3186
900 84636 85495 145 32284
901 84781 94646 73 374319
902 84838 86026 30 45242
903 85034 86703 76 41255
904 85099 85815 77 12622
905 85107 85809 127 18276
906 85225 86771 146 64657
907 85304 98289 122 2010731
908 85329 85598 30 9018
909 85342 88098 131 175727
910 85358 85787 6 2332
911 85504 88264 13 5281
912 85618 87346 75 86002
913 85630 90998 33 105590
914 86073 89167 128 266985
915 86102 86224 34 3042
916 86337 91692 90 213165
917 86545 91355 141 195831
918 86661 87869 129 82889
919 86744 91658 81 295215
920 86803 92161 56 45575
921 86949 87807 50 10080
922 86980 88838 77 63496
923 87106 92394 31 47285
924 87108 88858 13 20938
925 87109 88052 111 111917
926 87173 92243 126 302503
927 87603 87822 65 3193
928 87618 88300 78 9710
929 87831 88767 48 7500
930 88166 90854 7 4979
931 88322 90987 32 16945
932 88333 90230 39 34009
933 88367 91239 56 66033
934 88459 96032 122 331759
935 88490 95112 126 386221
936 88787 90302 5 4406
937 88804 89323 95 10172
938 88818 90119 70 136336
939 88832 90102 60 52094
940 89098 90141 103 46783
941 89435 93249 20 78597
942 89496 93437 103 169343
943 89520 96133 105 215910
944 89688 90577 26 7115
945 89754 90125 61 4302
946 89768 92021 56 68999
947 89860 92026 48 113607
948 89875 97350 120 332761
949 90205 90262 121 5276
950 90240 91318 60 24281
951 90927 95886 71 105095
952 91206 91448 23 2053
953 91211 96050 14 50471
954 91323 95910 23 56768
955 91465 92730 6 1593
956 91488 91678 36 3152
957 91574 95348 31 54666
958 91604 92574 60 23726
959 91726 92585 97 12363
960 91738 92802 22 27284
961 92062 93884 109 225995
962 92094 97305 16 36982
963 92343 98993 116 583515
964 92628 92850 58 4223
965 92668 92696 16 264
966 92849 94062 16 13499
967 92970 94856 38 55756
968 93033 94394 131 80557
969 93067 95342 145 79366
970 93104 95479 35 42534
971 93156 94806 97 78483
972 93430 96863 54 57550
973 93534 93602 104 4225
974 93684 94401 21 9493
975 93783 99171 16 40645
976 94037 97051 14 55030
977 94165 99452 64 70000
978 94846 95701 24 6067
979 94851 95730 57 19901
980 95028 95551 10 1071
981 95123 96145 42 19524
982 95349 96387 60 25150
983 95790 99334 12 7468
984 96048 98872 137 187870
985 96066 96300 22 2901
986 96178 96417 143 26315
987 96216 96233 20 279
988 96223 98052 24 11465
989 96261 96833 6 1336
990 96537 97225 34 3224
991 96578 98412 6 8506
992 96622 98164 45 16968
993 96712 98171 53 68807
994 96928 98756 31 22357
995 97029 97631 121 50835
996 97094 97730 27 8314
997 98037 99340 16 7275
998 98060 98158 50 2935
999 98487 98507 42 594
