50 1000 0.082
.............####.###########.#...................
...........######..#.#######.##...................
...........#######..###########...................
............######.####.######....................
............#####..########.###...................
.............##.#..######..##.....................
..............#......#.#...#......................
.......................#..........................
..................................................
..................................................
..................................................
.......#..##......................................
.......#.###..#....##.............................
.......######.##...##.............................
........##.######.##..............................
..........##.###.###..............................
..........###########.............................
.........####.####.#..............................
..........##..##..................................
..........######..................................
.........##.#####.................................
...........######.................................
............####..................................
............###...................................
...........####...................................
..........###.#...................................
........######....................................
........######....................................
..........#.#.....................................
..................................................
..................................................
..................................................
..................................................
..................................................
..................................................
..................................................
..................................................
.......................................#..........
..................................#..####.........
..................................#..##.#.........
................................#########.........
.................................########.#.......
............................###...#.#.#####.......
...........................###......####..#.......
............................##........#...........
..............#..#.##........##...................
............###.###.#...#########.................
.............########....######...................
.............###.####....#######..................
.............#######.....#.####...................
0 89 2174 114 17789
1 428 13785 72 389282
2 573 3584 117 456616
3 850 4408 87 304340
4 1061 31900 47 504510
5 1151 1999 120 28346
6 1155 2699 41 60395
7 1230 12016 150 479163
8 1290 3346 25 58731
9 1337 1849 149 6417
10 1343 1414 48 1255
11 1432 2164 16 4919
12 1635 1881 131 23610
13 1647 3510 19 39767
14 1653 5902 53 56257
15 1654 5778 91 484311
16 1715 12772 22 93099
17 1866 17805 119 1385167
18 1889 6913 8 9757
19 2021 5046 26 14661
20 2076 8155 5 17311
21 2124 9090 5 13201
22 2173 5947 18 41030
23 2207 6864 83 442227
24 2218 11635 37 56148
25 2229 9005 24 72107
26 2329 15953 14 127684
27 2355 6735 7 25891
28 2430 11533 59 222398
29 2563 4697 16 17857
30 2576 5536 121 256587
31 2667 15048 29 128073
32 2729 7461 34 60423
33 2859 5397 38 19315
34 2868 8956 24 101200
35 2985 9757 75 172742
36 2996 5284 28 23892
37 3194 6765 17 20935
38 3218 4126 4 2046
39 3238 3841 104 61948
40 3313 3316 13 22
41 3348 6039 26 24971
42 3356 10187 131 357461
43 3358 3812 40 11465
44 3659 4950 31 7707
45 3807 16370 72 707952
46 3836 9248 60 99797
47 3911 8491 4 6177
48 4242 8139 78 144473
49 4268 17279 33 298097
50 4386 5579 48 10649
51 4396 10094 111 314680
52 4536 10865 76 298867
53 4607 6167 61 35255
54 4823 9514 68 134601
55 4848 5106 104 8690
56 4905 7111 85 88287
57 5188 13224 6 40509
58 5247 7794 86 203011
59 5331 9135 109 217806
60 5489 5936 85 40993
61 5605 18340 124 540180
62 5628 26600 27 114589
63 5735 8185 99 23819
64 5812 6971 11 6844
65 5945 12024 35 65030
66 6609 7894 6 4166
67 6667 7138 5 2990
68 7077 13441 84 405145
69 7205 11480 48 94664
70 7215 16723 8 69890
71 7271 14657 132 613551
72 7366 26901 38 213586
73 7405 8205 38 9523
74 7474 11194 115 511941
75 7489 11543 148 151073
76 7514 11092 87 78354
77 7647 11962 93 295411
78 7854 11388 97 245176
79 7899 10896 131 181123
80 8170 8902 72 20044
81 8321 13149 59 140846
82 8338 9041 16 3119
83 8649 8832 8 645
84 8666 9940 75 43709
85 8811 12946 74 204343
86 8829 11189 102 404672
87 8913 12193 20 27886
88 8917 22323 41 146055
89 8973 20678 119 397645
90 9002 16925 107 122108
91 9004 14262 6 19478
92 9024 9572 48 5900
93 9137 10349 8 960
94 9349 22435 57 394767
95 9427 10515 6 2342
96 9444 10056 5 1057
97 9470 14774 21 110651
98 9478 10112 28 7881
99 9496 16294 59 39278
100 9530 10108 41 21245
101 9587 9696 7 606
102 9701 12323 60 55771
103 9712 19146 91 132028
104 9730 9967 27 13680
105 9800 11554 131 65844
106 9886 13119 10 29626
107 9892 12514 21 58978
108 9905 13837 144 78263
109 10039 13393 6 8829
110 10122 11502 18 65267
111 10324 14418 65 215790
112 10390 11692 141 99790
113 10414 29898 21 46165
114 10562 10956 47 7415
115 10667 10905 12 1731
116 10681 21681 88 284368
117 10808 16838 62 131592
118 10837 13260 132 159946
119 10947 17758 51 159869
120 10962 12078 5 3440
121 10976 13836 26 26855
122 11033 14460 29 106514
123 11445 17087 20 21240
124 11544 12480 128 53943
125 11573 23144 81 479996
126 11749 21139 118 485780
127 11815 13433 75 170355
128 12044 13677 38 28963
129 12157 12943 139 76789
130 12319 14203 63 64123
131 12437 19568 62 133998
132 12460 31223 12 137236
133 12505 13805 16 3779
134 12599 19681 5 16136
135 12634 16477 85 266254
136 12718 12846 128 6048
137 12739 19969 15 18321
138 12781 13203 36 5950
139 12823 13753 131 30880
140 13048 13602 62 7884
141 13083 14879 57 13057
142 13091 24265 15 119661
143 13220 14932 60 78056
144 13473 14428 17 4010
145 13562 14567 15 7085
146 13694 23276 80 377512
147 13779 22787 27 251354
148 13847 26887 107 282299
149 13858 34840 122 995559
150 13880 29257 5 33513
151 13910 14092 75 4653
152 14036 21253 21 21299
153 14048 15229 73 53490
154 14139 15605 10 13095
155 14179 25160 15 81351
156 14301 25822 84 536150
157 14426 15638 37 21313
158 14599 15594 65 95516
159 14616 15885 12 12860
160 14767 29228 7 22677
161 14859 14909 114 4288
162 15032 18018 97 110464
163 15053 15662 75 44477
164 15166 16156 46 15815
165 15311 15321 97 1403
166 15466 32296 82 475815
167 15574 18739 116 181542
168 15595 17787 55 44198
169 15619 17522 83 161098
170 15698 17215 126 248496
171 15788 18666 113 124291
172 15821 17211 108 65442
173 16045 18283 9 35277
174 16155 52803 16 493189
175 16200 18822 46 67039
176 16293 18156 13 11091
177 16718 19332 28 30706
178 16863 21085 109 167600
179 16987 23776 58 122800
180 16990 18052 10 5619
181 17091 18660 12 15806
182 17137 25059 68 238747
183 17180 25400 23 159748
184 17207 18164 95 42070
185 17221 20295 113 117883
186 17251 24528 142 446481
187 17301 26523 13 44431
188 17330 19323 31 53088
189 17538 18655 70 73805
190 17649 23275 105 100711
191 17710 17747 140 2472
192 17783 19101 21 10715
193 17849 19208 11 4489
194 17956 24586 21 111734
195 18074 24209 111 506512
196 18285 28396 10 21652
197 18324 24574 69 53221
198 18618 25547 90 423596
199 18643 19863 131 62148
200 18720 21382 136 271922
201 18827 18976 62 5921
202 18911 21220 86 156330
203 19200 27404 88 475535
204 19239 26599 144 978055
205 19318 19853 51 15685
206 19413 42238 8 44155
207 19445 20442 42 26561
208 19551 20621 126 74806
209 19599 20887 21 15952
210 19666 23536 9 15218
211 19711 36270 30 597095
212 19892 20755 38 28666
213 20042 24861 7 10744
214 20058 25100 58 88390
215 20103 20269 71 4344
216 20128 20958 63 46765
217 20243 25994 31 98876
218 20348 21343 83 25109
219 20580 24758 44 38793
220 20582 20623 110 3848
221 20586 25538 66 81081
222 20849 26831 51 106979
223 20869 23522 20 16654
224 20892 32100 41 167321
225 20909 24211 80 167946
226 20964 25144 69 203647
227 21027 28305 59 190487
228 21210 24491 33 73524
229 21280 46663 59 197466
230 21300 24645 45 166306
231 21401 22410 77 32312
232 21415 29923 37 189361
233 21421 21775 144 41886
234 21547 37400 57 376712
235 21605 25032 48 42709
236 21712 27445 39 268652
237 21883 22329 57 10288
238 21963 25346 147 237201
239 22128 23411 93 68171
240 22131 39610 7 48276
241 22333 22759 102 42785
242 23206 25838 30 67690
243 23232 26811 92 95161
244 23316 24925 38 28340
245 23344 26652 54 91438
246 23414 29917 19 55509
247 23439 23767 57 6943
248 23529 38098 66 267732
249 23705 43320 88 406991
250 23836 24751 4 9249
251 23984 26685 5 4051
252 24087 27442 66 129694
253 24293 27842 101 156619
254 24457 34563 91 503447
255 24719 27189 54 59822
256 24737 35262 54 120966
257 24804 36101 74 1025044
258 24921 29865 55 149553
259 25202 26285 95 45353
260 25298 32170 66 157989
261 25402 25486 40 2183
262 25610 31426 131 270966
263 25695 27552 13 21376
264 25802 36723 9 70198
265 25902 26729 17 7227
266 25979 35974 48 234921
267 25986 30023 45 91942
268 26035 31973 96 147926
269 26036 28411 53 44345
270 26063 26366 12 2422
271 26065 27630 103 126556
272 26191 34019 48 182568
273 26195 27809 22 14877
274 26212 30524 76 156420
275 26220 34620 14 24259
276 26301 31340 134 193920
277 26327 28613 27 23605
278 26342 31111 118 222724
279 26384 28833 134 250050
280 26422 35688 89 312482
281 26475 27922 130 144789
282 26498 30315 7 9098
283 27028 31920 40 64488
284 27132 32602 69 59092
285 27204 30428 30 51387
286 27356 29145 16 24354
287 27415 46710 6 27242
288 27466 30656 24 18001
289 27481 33513 76 395805
290 27625 42612 14 77856
291 27640 36510 5 18636
292 27655 32699 50 106340
293 27697 35669 15 90274
294 27724 31794 59 189050
295 27927 31462 35 51448
296 27991 31691 95 138721
297 28264 35963 77 665375
298 28300 32133 100 386446
299 28360 31905 4 9193
300 28550 31469 138 103700
301 28643 34921 101 350937
302 28693 32193 36 241244
303 28746 29057 149 17380
304 29023 29212 44 6458
305 29034 33787 77 215142
306 29045 30231 12 8042
307 29662 39890 8 39993
308 29702 46148 17 80120
309 29706 37405 130 199041
310 29768 32680 41 41690
311 29857 36365 13 30712
312 29904 39142 29 39957
313 29963 34917 51 100975
314 29969 32343 15 16578
315 30062 37758 17 45417
316 30170 35537 53 79046
317 30277 31388 63 189820
318 30495 32046 16 16734
319 30564 34658 81 142264
320 30647 31259 4 1442
321 30657 34307 45 60811
322 30702 33367 12 66290
323 30908 33145 79 120918
324 31114 32532 87 68479
325 31315 36629 16 15335
326 31501 33464 46 66395
327 31513 31750 80 14632
328 31548 53828 6 24894
329 31595 32228 52 22773
330 31610 33460 74 21916
331 31618 35127 37 24100
332 31640 36560 108 253073
333 31725 37551 25 48437
334 31748 34957 149 242364
335 31791 37213 98 222656
336 32027 32161 40 2294
337 32108 33288 140 41535
338 32206 41017 84 201946
339 32267 36511 7 9369
340 32306 72251 4 77748
341 32373 35661 65 41479
342 32398 33606 67 19668
343 32505 32823 133 14244
344 32535 43889 42 433456
345 32548 35175 113 104532
346 32797 35015 132 216663
347 32806 33388 82 18258
348 32907 35659 55 94123
349 32970 34928 9 4914
350 33072 33512 136 47417
351 33188 34149 32 7966
352 33293 36795 19 11013
353 33314 36236 54 45205
354 33335 46263 121 479366
355 33360 34385 8 1489
356 33371 46285 20 67148
357 33415 39286 28 44644
358 33470 35128 36 37046
359 33510 53610 27 361409
360 33550 36161 125 181057
361 33568 36045 69 32064
362 33621 68170 39 234220
363 33667 37656 12 31687
364 33843 38981 126 120753
365 33922 37052 115 187996
366 33939 37297 148 124447
367 34300 38749 118 209685
368 34398 40126 95 68434
369 34549 41628 22 53680
370 34603 37686 46 42751
371 34726 42311 20 34433
372 34801 38812 103 605812
373 34888 36871 9 14349
374 35122 38161 87 162270
375 35324 40312 27 39895
376 35385 42375 13 27979
377 35588 38510 60 103582
378 35744 38731 32 46455
379 35796 42294 77 370434
380 35904 38249 120 169277
381 35998 62951 17 75043
382 36040 38407 29 21060
383 36388 40032 12 34696
384 36483 53029 27 83567
385 36682 37338 12 5109
386 36837 38146 127 67462
387 37065 39391 55 23048
388 37266 46123 128 488959
389 37291 37827 9 3520
390 37312 40805 12 9003
391 37478 40048 61 54266
392 37661 39559 44 20442
393 37690 38175 5 980
394 37749 37860 4 132
395 37792 39349 103 138810
396 38084 43357 34 98699
397 38130 51212 135 277674
398 38302 44694 26 169451
399 38317 60228 135 648144
400 38428 52684 24 84134
401 38567 46547 112 315753
402 38590 49561 52 308686
403 38763 45586 61 198823
404 38835 39372 53 18317
405 39009 45041 5 15811
406 39020 46938 49 413996
407 39040 47308 63 288676
408 39046 42086 93 66725
409 39248 43711 82 107559
410 39344 40669 44 14905
411 39498 40209 91 48038
412 39533 42970 62 120970
413 39863 43031 7 6796
414 39926 42516 147 61658
415 39940 48442 44 121561
416 39948 41044 127 77335
417 40093 42536 13 14349
418 40246 51786 118 590124
419 40259 41857 100 109250
420 40288 49834 12 25021
421 40454 40776 116 13071
422 40470 45935 18 36521
423 40833 48293 24 147229
424 40878 46658 5 11171
425 40985 49927 121 251750
426 40992 45993 104 118553
427 41037 45896 33 64291
428 41085 44302 77 131286
429 41143 46784 91 138980
430 41253 44017 11 7802
431 41255 47985 69 100583
432 41416 54347 40 236699
433 41431 48578 9 50575
434 41443 43277 121 54673
435 41469 42981 69 41505
436 41629 45992 78 361980
437 41652 47361 53 106456
438 41734 42746 17 5399
439 41850 42823 9 2886
440 42082 47189 119 94570
441 42225 45806 19 52019
442 42269 52053 68 302007
443 42442 45402 130 133621
444 42487 47819 59 310338
445 42594 44543 45 19008
446 42617 44275 23 13009
447 42625 46205 38 74622
448 42669 58271 92 261936
449 42789 43478 76 13402
450 42873 43429 17 10189
451 42936 61391 62 258114
452 42967 49337 5 26905
453 43039 43823 62 54395
454 43132 64174 6 83688
455 43231 59490 10 102676
456 43239 44030 31 20326
457 43344 44442 110 48536
458 43359 72790 19 140152
459 43462 46414 117 216902
460 43540 43652 110 10446
461 43600 46144 37 35089
462 43819 46364 6 4917
463 43994 48240 147 150904
464 44730 45796 78 96434
465 44737 45149 138 63922
466 45131 46113 93 44646
467 45231 48560 42 70377
468 45324 50015 148 420702
469 45669 50494 5 7330
470 45692 51782 51 186372
471 45834 48120 82 52494
472 45857 49641 51 85282
473 45983 48848 93 185108
474 46054 48425 122 243615
475 46095 52668 106 439147
476 46100 47553 15 7003
477 46354 53073 80 126941
478 46395 58835 5 10153
479 46423 56626 53 161331
480 46469 58462 19 116574
481 46506 49221 80 108137
482 46528 48960 43 61779
483 46795 47746 138 75570
484 46819 52793 43 63294
485 46820 51193 143 244360
486 46873 47658 53 7641
487 46999 49370 19 28984
488 47110 56741 64 324956
489 47230 53246 77 131847
490 47279 49122 68 122653
491 47589 53826 86 249998
492 47630 64428 24 189572
493 47638 53842 7 13331
494 47643 58653 76 414501
495 47792 49386 82 40366
496 47904 50315 51 22917
497 47914 47958 125 2913
498 48039 48944 4 3381
499 48156 52948 5 12641
500 48182 52919 129 284290
501 48238 52967 150 131474
502 48592 54518 94 171464
503 48725 49080 19 5985
504 48770 51852 73 217181
505 48957 63175 143 905341
506 49138 54230 48 109771
507 49208 50943 72 100743
508 49234 51615 21 7343
509 49289 52584 54 53779
510 49357 59993 65 221545
511 49403 60381 6 108019
512 49456 56933 93 742196
513 49462 51466 8 12805
514 49698 53729 19 23925
515 49758 63559 69 152419
516 49953 53242 103 227843
517 49964 60527 7 57905
518 50240 52094 35 29417
519 50265 50683 10 1776
520 50367 56508 13 29853
521 50382 56876 16 10628
522 50483 55761 127 335401
523 50654 54167 18 83414
524 50813 55935 73 186861
525 50934 54937 20 39064
526 51011 52078 32 17047
527 51070 58300 27 133002
528 51077 65167 66 474105
529 51187 54747 62 85487
530 51267 56815 119 411676
531 51471 59333 117 192941
532 51501 63355 7 31953
533 51604 53319 99 125416
534 51645 53580 128 284299
535 51727 51794 100 5705
536 51755 52354 96 23418
537 51761 56380 71 71034
538 51818 59317 43 249163
539 51819 65764 10 49098
540 51854 84134 31 192426
541 51992 53415 31 25924
542 52020 53711 23 15319
543 52043 54525 5 7624
544 52074 55540 62 119357
545 52173 54213 78 134500
546 52197 54089 13 9162
547 52207 54378 128 40045
548 52342 55393 17 20783
549 52428 53121 5 2820
550 52558 58570 6 13960
551 52569 60798 123 853327
552 52597 52751 94 9543
553 52635 60403 43 72411
554 52663 53207 103 18193
555 52783 53425 40 14288
556 53012 56196 44 85245
557 53111 53603 58 23939
558 53130 64215 103 504243
559 53185 53417 24 4565
560 53270 55632 96 109904
561 53308 55016 21 6932
562 53353 53792 81 26798
563 53449 54146 142 61631
564 53494 53779 15 2679
565 53512 55445 14 12851
566 53536 57331 47 19648
567 53566 55153 18 4591
568 53611 58286 109 232632
569 53675 65041 96 140306
570 53822 55471 15 31163
571 53829 58957 13 19810
572 53977 56022 18 11941
573 54043 59444 14 27906
574 54083 63411 7 34083
575 54136 55321 26 24672
576 54223 64034 25 179760
577 54227 54505 42 5987
578 54269 61554 12 23434
579 54387 57419 105 234617
580 54393 58674 96 364629
581 54401 54796 26 4174
582 54402 59383 43 58490
583 54414 59057 4 7024
584 54587 57314 80 93235
585 54681 62696 13 80399
586 54699 71251 12 152079
587 54754 59801 55 115347
588 54789 56629 118 162722
589 54996 60349 48 96822
590 55009 55462 5 1012
591 55019 61363 35 53951
592 55028 61930 116 580745
593 55299 64707 99 140356
594 55480 63679 119 248677
595 55485 57532 8 30730
596 55769 58675 132 422667
597 55847 57460 71 67215
598 55968 56971 51 16883
599 55979 57621 77 74883
600 56014 65898 5 11549
601 56151 56791 119 28745
602 56320 59759 68 14291
603 56485 59400 5 3772
604 56506 57291 67 66700
605 56655 80053 102 966063
606 56668 57070 96 27033
607 56688 56713 14 414
608 56875 58814 85 27744
609 57107 60655 65 92960
610 57341 68875 32 164037
611 57412 63657 131 271401
612 57448 59689 19 20609
613 57530 67002 27 42169
614 57555 62839 41 115569
615 57625 59211 78 53030
616 57642 57846 48 11206
617 57655 70268 64 855687
618 57684 58664 123 54234
619 57693 60764 70 161933
620 57710 66384 117 959543
621 57736 63002 126 350693
622 57905 58599 72 15458
623 57983 60803 9 6042
624 58113 59434 68 78714
625 58212 71488 69 1084092
626 58365 76161 67 417393
627 58397 63644 143 225158
628 58402 59565 143 45849
629 58545 65602 119 517247
630 58644 71553 53 299606
631 58919 64194 119 234430
632 59031 78298 5 93512
633 59056 61467 32 16081
634 59063 66492 121 393707
635 59175 60540 55 30264
636 59263 61300 18 30641
637 59411 62423 38 86118
638 59471 71544 10 78582
639 59646 86185 35 163020
640 59680 63020 24 15303
641 59875 74980 61 411453
642 60135 65999 35 57476
643 60143 60762 5 1308
644 60370 63222 11 9131
645 60458 61998 20 16346
646 60585 61182 43 28680
647 60680 63286 89 70224
648 60888 62447 141 60140
649 60889 62159 57 43339
650 60924 64158 50 45934
651 60926 61486 31 11499
652 61115 69960 13 47394
653 61194 62220 29 6805
654 61311 73129 47 188187
655 61490 72043 130 429552
656 61566 66147 25 100714
657 61620 64846 55 60500
658 61649 65605 9 25675
659 61804 64108 15 31081
660 61823 66391 139 136623
661 61835 65833 21 52952
662 61875 72993 60 133815
663 61982 66768 5 20192
664 62086 63622 23 29324
665 62150 75512 14 40460
666 62191 66632 124 297098
667 62193 72038 45 138182
668 62230 63598 16 12991
669 62459 73188 78 450155
670 62491 62595 40 2512
671 62614 65178 10 36042
672 62673 65140 136 92056
673 62749 66992 33 139992
674 62895 68328 16 47027
675 62993 71351 81 283118
676 63049 66728 121 322041
677 63087 67250 19 19367
678 63088 69076 8 31716
679 63170 68195 71 173065
680 63260 63561 9 1033
681 63335 65639 141 163275
682 63348 68089 12 13612
683 63422 68018 66 77172
684 63681 71710 7 18994
685 63682 64227 17 5195
686 63714 64048 53 9229
687 63849 66852 43 56990
688 64180 64713 35 5944
689 64326 72706 26 56202
690 64448 71831 60 202452
691 64570 80229 68 103036
692 64753 68106 10 5623
693 64849 69229 50 41567
694 64991 69846 134 309628
695 65005 72419 41 221818
696 65017 74576 104 461092
697 65133 68378 98 61856
698 65343 67458 33 30586
699 65537 67597 68 180416
700 65697 68648 31 41306
701 65836 77752 47 166006
702 66003 70037 5 7635
703 66006 70469 45 191011
704 66065 68406 11 5579
705 66084 67633 145 52580
706 66146 74052 12 52101
707 66217 66462 104 17891
708 66409 67110 56 21423
709 66440 76594 29 82277
710 66469 67422 46 16786
711 66713 70585 63 124825
712 66923 72693 10 12284
713 67417 69642 45 62341
714 67586 71554 89 85710
715 67726 67804 12 320
716 67749 71726 149 282845
717 67802 78451 37 133394
718 67931 72292 47 165035
719 67941 71026 5 2419
720 68005 71721 27 53128
721 68061 71857 121 144369
722 68084 69290 8 5157
723 68109 70043 54 31668
724 68194 70444 100 113728
725 68372 68860 34 18825
726 68563 75628 7 16020
727 68564 71422 96 193838
728 68972 69199 11 3031
729 69010 71139 114 96351
730 69031 70956 50 75710
731 69073 77435 18 43819
732 69102 69393 47 4904
733 69128 71332 98 271470
734 69262 72722 32 59061
735 69331 82011 118 719943
736 69347 74532 137 476373
737 69446 75505 51 34631
738 69490 82614 65 325498
739 69491 82530 118 366755
740 69581 87209 74 357090
741 69722 80656 64 320842
742 69736 75700 8 15467
743 69860 72713 121 302672
744 69977 71775 32 41876
745 70161 71078 137 100163
746 70176 71998 28 43255
747 70282 70816 20 9458
748 70318 72538 33 76895
749 70385 71517 70 77355
750 70617 74751 69 105837
751 70679 74653 9 24704
752 70712 71460 75 45583
753 70739 80249 30 86322
754 70740 73671 66 69375
755 70843 72768 16 8801
756 71012 71692 30 4760
757 71362 71611 65 12356
758 71758 85723 52 249962
759 71946 73790 13 6562
760 72065 74969 10 15511
761 72239 93551 115 1292130
762 72261 77160 29 35943
763 72295 72547 10 2215
764 72440 74732 12 4747
765 72467 73182 38 21460
766 72658 78201 19 17666
767 72725 73205 90 22788
768 72743 76150 32 78360
769 72916 76740 12 14083
770 72971 73227 6 966
771 73145 76337 145 134529
772 73249 77604 15 23413
773 73332 76431 8 13241
774 73417 73481 110 4692
775 73498 80944 111 304365
776 73521 77394 87 67613
777 73625 74099 73 12569
778 73629 75130 108 49641
779 73704 82224 53 103848
780 73847 74464 22 7089
781 73856 77625 102 139383
782 73960 75426 27 42961
783 74078 84828 19 45909
784 74170 85211 150 587834
785 74200 75607 25 6006
786 74352 76885 16 4561
787 74420 81637 5 9584
788 74594 84068 88 579687
789 74654 84448 12 31320
790 74694 74759 36 1529
791 74816 76992 6 4835
792 74874 76921 9 11495
793 74889 75084 91 10558
794 75115 82702 149 280500
795 75117 75370 73 42055
796 75255 78149 41 49671
797 75303 78747 50 148658
798 75369 76741 17 24036
799 75380 75804 94 18254
800 75519 86994 105 418751
801 75535 82637 12 22616
802 75648 91796 118 942614
803 75801 81531 22 103736
804 75995 76574 100 54863
805 76055 76174 37 5442
806 76097 85946 40 99906
807 76157 77501 11 11930
808 76255 85905 68 218922
809 76501 86229 64 239795
810 76636 90809 72 155254
811 77305 80397 15 26404
812 77449 77630 109 10801
813 77486 77615 24 2067
814 77750 81410 50 114778
815 77933 84730 76 133314
816 78260 80205 14 8951
817 78266 80798 73 102814
818 78332 79459 62 29500
819 78523 84036 80 199892
820 78549 78717 31 1235
821 78649 80260 10 10397
822 78743 82703 30 43975
823 78855 80031 35 16325
824 79044 79378 10 2408
825 79206 94623 68 242707
826 79243 80494 58 45263
827 79417 82233 39 26643
828 79772 86889 21 38687
829 79793 81192 111 90880
830 79853 81186 116 45655
831 80077 86750 10 29189
832 80155 83767 70 47267
833 80191 80649 38 4570
834 80253 91862 39 86924
835 80381 83945 60 114849
836 80429 80768 68 14036
837 80501 82450 12 3946
838 80608 85045 5 12070
839 80650 82902 47 72885
840 80705 83064 84 58205
841 80825 84301 65 82209
842 80872 86903 42 64140
843 80932 81174 11 1095
844 80976 89376 93 141770
845 80979 85120 67 123514
846 81002 87986 36 46285
847 81024 81077 97 2621
848 81074 83688 82 200656
849 81078 82234 111 106041
850 81583 82972 7 6122
851 81640 81708 83 3992
852 81647 83076 37 14524
853 81668 82223 58 36099
854 81791 85561 6 6664
855 81806 92046 113 469501
856 81957 82193 25 3083
857 81973 85519 140 637122
858 82078 83075 5 793
859 82191 83543 40 17134
860 82411 91760 118 628249
861 82669 84375 23 5267
862 82816 83981 6 3695
863 82825 90038 137 139428
864 82829 83589 102 16548
865 82924 92125 95 246947
866 83029 84868 97 118066
867 83305 84080 40 8477
868 83374 85774 113 139074
869 83386 86145 5 2831
870 83389 89728 106 760033
871 83458 85816 11 5311
872 83481 84325 115 93059
873 83500 87823 77 155590
874 83514 85473 26 11553
875 83556 87549 17 35271
876 83780 94457 29 73112
877 83802 90311 131 203278
878 83839 87222 148 178310
879 83904 99192 144 3862148
880 84108 87083 29 54634
881 84187 88164 89 109589
882 84199 86474 39 32486
883 84204 87281 82 71888
884 84271 84363 105 5528
885 84307 85692 28 28494
886 84596 88662 81 148593
887 84609 85437 23 11285
888 84715 87788 23 105307
889 84793 85243 57 14716
890 84851 85827 134 72201
891 84897 84942 109 2669
892 85023 87374 43 16440
893 85092 85139 44 1443
894 85108 94265 78 231178
895 85142 87604 7 18969
896 85435 90703 84 167954
897 85439 91341 48 192307
898 85728 85912 72 4978
899 85740 89222 125 50183
900 85949 87996 80 134880
901 86206 99500 107 838997
902 86227 90021 8 8115
903 86263 87663 129 127040
904 86308 88978 6 3376
905 86451 98190 79 157744
906 86492 89341 116 87342
907 86575 89577 22 33474
908 86621 94419 111 282092
909 86681 86999 24 6016
910 86694 87239 98 17587
911 86810 95151 113 476374
912 86831 93899 132 448445
913 87282 92526 41 43766
914 87311 88944 115 40553
915 87443 95063 6 20827
916 87466 90584 4 2914
917 87474 90209 9 12672
918 87871 88236 36 7959
919 87894 88674 15 5459
920 88039 95130 47 62368
921 88140 88813 80 43412
922 88207 99264 144 825894
923 88316 99438 79 252373
924 88374 89879 138 136650
925 88509 92151 142 250992
926 88512 88552 85 2494
927 88521 93821 7 14510
928 88905 91060 57 82882
929 88921 88927 122 1522
930 89040 89373 24 4411
931 89192 90708 5 2936
932 89321 90504 125 21309
933 89362 93405 5 20789
934 89519 90880 150 262606
935 89836 92592 44 107657
936 89909 91171 100 66457
937 90276 96761 9 15407
938 90325 95766 28 43391
939 90566 90873 77 19593
940 90614 91477 149 159676
941 90802 93014 10 7316
942 90819 95878 35 107337
943 91035 92934 25 9524
944 91041 94090 17 59820
945 91069 93591 93 92765
946 91151 96477 49 325368
947 91172 99499 75 238536
948 91189 93347 145 133173
949 91361 96879 22 97522
950 91752 92676 26 10944
951 91948 99862 147 1054084
952 92194 99076 115 409411
953 92351 96476 10 20097
954 92366 95429 48 49009
955 92368 96805 110 319902
956 92383 96556 7 13755
957 92571 97383 42 60531
958 92572 95536 31 64872
959 92609 99619 26 179499
960 92629 96444 55 115677
961 92695 95544 38 81088
962 92732 94062 107 56689
963 92967 94715 25 77872
964 93263 94100 11 8119
965 93338 93875 47 12000
966 93407 98240 49 217293
967 93466 94575 103 22749
968 93513 94269 28 14817
969 93562 98262 45 106763
970 93568 94978 128 301523
971 93675 99735 67 339865
972 93708 95832 7 16182
973 93739 93938 77 4190
974 93760 95647 65 38754
975 93774 94308 5 937
976 93918 96056 144 70517
977 93998 98918 42 108983
978 94053 99927 50 75516
979 94081 94131 57 1004
980 94111 95512 20 15523
981 94362 96194 66 22983
982 94572 95487 66 32619
983 94662 97586 10 11373
984 94695 95708 52 29172
985 95251 99138 64 120144
986 95335 96379 28 12191
987 95349 95715 88 19788
988 95415 99594 36 28637
989 95454 96508 20 20956
990 95547 98344 5 8552
991 96606 97567 76 32005
992 96735 97078 38 9575
993 96768 99518 13 30529
994 97086 99778 7 30862
995 97461 99812 102 117097
996 98177 99887 7 7722
997 98384 99251 87 62418
998 98391 99375 139 89373
999 99211 99610 48 7747
