50 1000 0.061
.......###########.....#####....####..............
.........##.########..#####.###..####......#......
..###..##############.#...##.#....####.....###....
#.##.....##.#####.#####.....##......##.......###..
#..#....##.###.....###...####.##...#.........#.#..
#####.##..##........#....##.###.####..............
.####..####.......####..##...###.#.##.............
...#######.........#######..#####..........##.##.#
....######..........####.#..#.#.............######
....##.#.##.......###########....#..........#.####
...#####............#...###.....##.....#......###.
...#####.#..........#.###......##......#.#...###..
......##.##.............#....#.###....##.#....#...
......#######.......#...###..##.############......
..#..######........###..###..###########.##.......
.##.#####.......####......#..##.#####.###.........
#######.##.......###......#........#...#.......#..
#####.............###.....##........######....##.#
######............#.................####.....#####
###.#..........###...................#.##.#..#.#.#
#..##.#.........###.....................#.#.#####.
#..######.......###....................#####..##..
......####.....#..#..#.................####.......
.....####......#####.##...............#####..#....
.....#######...#..##.###......#...#....#######....
....####.#.......###.##############....#...#......
.......##......#######.######.####...###..........
...............#....#..###...#####.....####.......
.......................##......#..................
.###................#...#.....##...............##.
.###.........#...#####.............#..........##..
#####....#.###..###.###............##.............
##.......#######.######...........#####...........
..####....#.##...###.###...........####....#......
...##.....##....####..####.......#.#.##..#.#......
....###..####..####....###......#####....####.....
.........##.##.##.....#.#.......###.###...##......
......#####.##.......#####.......#.#####...#......
.....##.#######....#..#...........######..........
.........#######..#####..........###...#..........
........##..###...#...#....#......#....#..........
......##..................###.#######.............
.......#......######........##...#.#..............
..######......######.........###.####.............
......###.....###..#####....########........#.....
.............#.#########.....##.###......####.....
.............#####...##..........##......###......
.............##.#...##.....................#......
.............#..#..##.............................
....................##............................
0 19 5663 46 66701
1 110 765 33 3633
2 226 2384 24 7872
3 261 772 71 9371
4 495 4596 138 189709
5 540 6137 84 183736
6 555 2302 60 55119
7 561 5132 91 198250
8 662 2033 53 28774
9 807 1932 69 28636
10 881 1476 94 48182
11 1113 6987 6 11928
12 1196 4209 22 30547
13 1216 1468 18 1588
14 1317 1497 32 1690
15 1337 1819 23 13529
16 1387 2959 13 33313
17 1406 9560 25 217124
18 1455 3081 68 38140
19 1525 12411 68 232103
20 1648 2029 4 772
21 1659 6379 21 28669
22 1677 5759 16 30523
23 1728 3406 14 18720
24 1763 2449 16 4930
25 1910 2982 94 17426
26 1951 2684 72 30240
27 1961 3402 71 59870
28 2284 2666 143 166013
29 2434 3224 8 3307
30 2543 4012 32 14085
31 2755 6124 32 55320
32 2858 12367 33 89739
33 2883 5529 9 22586
34 2941 3024 144 2233
35 3096 3437 15 1062
36 3109 3334 10 719
37 3338 6349 28 14576
38 3645 7400 43 77788
39 3795 4054 116 38873
40 3891 9008 19 44268
41 4040 4724 94 29667
42 4096 5953 33 9571
43 4177 5583 87 66806
44 4268 8425 22 51036
45 4668 6643 53 76428
46 4718 10347 22 14234
47 4824 5439 43 9512
48 4886 6305 123 143399
49 4898 9791 30 55430
50 4972 5479 44 12126
51 4977 8456 104 91134
52 4989 6687 50 75557
53 5195 5858 136 60093
54 5253 5307 121 4105
55 5257 5329 32 697
56 5450 6265 25 13098
57 5463 6026 82 36784
58 5535 5789 118 10364
59 5643 7976 144 239290
60 5658 6785 50 29797
61 5700 7310 26 27181
62 5723 12899 5 41383
63 5731 7705 7 7897
64 6039 8632 46 58077
65 6113 10510 95 238966
66 6342 6933 113 21344
67 6421 7367 97 32834
68 6691 8135 85 107817
69 6754 7839 146 235504
70 6793 7458 25 8281
71 6796 7035 80 7198
72 6880 7337 5 1507
73 6944 7059 36 5968
74 7003 9081 91 46048
75 7025 13708 37 72002
76 7180 11443 7 11803
77 7302 11046 7 15057
78 7351 11263 105 162354
79 7379 8385 77 80943
80 7484 8539 60 28981
81 7644 11087 89 118080
82 7711 17140 48 231153
83 7758 9544 144 90891
84 7765 8029 63 8487
85 7876 8806 32 8396
86 7901 8588 24 22754
87 7946 9796 54 42501
88 8139 10723 26 53558
89 8698 10775 18 23920
90 8924 9538 102 13369
91 8942 12248 22 53051
92 8959 8997 110 2654
93 8996 9374 14 3316
94 9111 9417 141 15015
95 9129 10437 78 37807
96 9281 11255 52 22918
97 9360 14819 7 21706
98 9383 10314 39 26073
99 9493 10692 132 75456
100 9503 13288 80 37349
101 9671 9907 8 738
102 9676 14711 71 178825
103 9763 11630 63 64035
104 9967 15115 5 6874
105 10051 11058 40 27946
106 10063 11503 122 231994
107 10224 14801 30 57141
108 10268 15662 93 182393
109 10348 10932 6 1837
110 10528 13113 127 321721
111 10655 13195 71 38328
112 10659 11688 11 7782
113 10824 17325 30 156045
114 10864 14064 50 62058
115 10865 12428 130 147046
116 11084 12453 7 3577
117 11198 11540 9 1759
118 11226 11711 36 3715
119 11244 12316 9 7930
120 11344 11360 41 546
121 11354 13365 50 87112
122 11823 12287 6 1124
123 11954 12431 51 5252
124 11992 12008 46 1088
125 12060 13295 12 8543
126 12148 15325 102 208834
127 12260 14747 4 2839
128 12278 13029 102 101133
129 12625 15465 60 58132
130 12725 16254 122 84849
131 12938 15185 5 6251
132 12944 20388 21 100863
133 13013 13101 101 3255
134 13191 15597 10 14480
135 13294 16318 4 8406
136 13401 16131 8 7954
137 13443 14549 21 10975
138 13491 19451 137 1102083
139 13557 17617 65 41824
140 13623 14358 11 4620
141 13646 13852 8 600
142 13726 17500 146 183876
143 13869 14373 87 40197
144 13891 15977 131 94307
145 13908 14292 59 12441
146 14066 14109 23 572
147 14085 15254 26 35937
148 14089 14166 22 1351
149 14187 16395 125 102573
150 14337 17026 57 135179
151 14413 17498 17 13728
152 14422 19491 22 51459
153 14488 15600 79 30195
154 14589 18887 11 10183
155 14608 20377 12 31220
156 14668 17493 25 38825
157 14876 20531 40 108486
158 15048 21470 72 130777
159 15091 15794 7 1940
160 15129 17151 6 10020
161 15202 16177 25 15287
162 15427 16043 64 21231
163 15434 16893 13 18402
164 15444 17554 12 10674
165 15559 16725 33 21877
166 15573 16472 115 31682
167 16093 18317 16 18784
168 16137 17297 111 65747
169 16300 17674 16 12288
170 16319 17422 73 18617
171 16394 22621 57 235239
172 16615 18343 20 17415
173 16622 19441 54 34665
174 16718 27435 93 136076
175 16847 18624 77 107277
176 16980 17370 18 6595
177 17024 17418 125 25917
178 17264 21536 34 87737
179 17356 19038 49 20142
180 17483 21506 4 11540
181 17582 18754 107 61903
182 17661 19258 52 48871
183 17756 17983 8 697
184 17904 26322 4 7386
185 17913 24236 5 11464
186 18043 18222 142 9216
187 18220 18395 122 13808
188 18762 25469 76 120801
189 18842 22557 109 105836
190 19127 20889 146 109317
191 19167 23697 101 128631
192 19414 24487 38 334467
193 19863 22351 78 47311
194 19941 20734 24 10112
195 20023 20469 95 25463
196 20160 25785 142 461610
197 20318 22861 63 58701
198 20695 24750 51 281533
199 20762 26366 62 43293
200 20887 22807 9 4427
201 20904 21461 136 21353
202 20927 23137 59 31490
203 20991 26658 28 26238
204 21381 24422 26 21022
205 21525 24067 14 10595
206 21649 23048 47 21953
207 21691 26589 40 89031
208 21695 22290 95 50092
209 21737 24157 35 38436
210 21769 23747 88 70197
211 21914 23586 50 52649
212 22203 22301 53 1820
213 22241 23518 31 37922
214 22295 23764 107 54996
215 22404 23081 21 15447
216 22540 24716 146 141010
217 22644 24418 99 218662
218 22645 23050 128 8731
219 22927 28817 16 66349
220 23046 23673 36 10928
221 23095 23373 60 5664
222 23141 23180 12 712
223 23576 24129 45 13870
224 23622 27501 15 48832
225 23711 25708 81 115420
226 23870 24494 14 3113
227 24015 33211 142 233498
228 24588 27024 37 44283
229 24590 32061 146 570965
230 24917 32552 46 115036
231 24962 30303 30 78530
232 24976 32896 70 182346
233 25001 31162 20 55749
234 25047 26476 37 10694
235 25131 34105 108 612280
236 25387 26002 13 9020
237 25395 25541 36 4745
238 25537 26258 16 5738
239 25715 25961 43 20015
240 25809 26174 58 5569
241 25867 27145 10 2784
242 26398 31327 62 202580
243 26469 30262 67 39020
244 26549 27951 103 54202
245 26600 28943 120 88162
246 26606 32877 38 185047
247 26700 31747 144 343843
248 26780 27217 41 6741
249 26812 27075 35 13122
250 26911 28909 131 249271
251 26932 28897 50 67598
252 26967 29121 79 201845
253 26993 27378 4 459
254 27064 28178 18 9727
255 27119 30318 6 14214
256 27279 32391 144 692743
257 27349 29964 40 23608
258 27396 29542 15 5545
259 27429 27996 5 356
260 27575 29835 64 53234
261 27599 27606 69 168
262 27659 28360 9 1787
263 27666 27789 4 220
264 27713 30353 135 443593
265 27731 28389 90 6643
266 27769 30515 36 36324
267 27838 30117 52 99707
268 28024 33263 14 27164
269 28127 29631 47 18440
270 28150 28265 58 3902
271 28196 33574 9 12840
272 28341 29850 66 95349
273 28357 29886 88 60936
274 28451 32501 47 149859
275 28623 29720 88 50962
276 28705 33629 127 106559
277 28714 33150 21 29509
278 28722 30093 14 9063
279 28975 35526 12 88309
280 29017 32335 11 9764
281 29294 34523 142 174988
282 29300 31566 22 30430
283 29445 32506 93 113516
284 29522 30879 56 17887
285 29620 39674 5 26982
286 29634 33459 54 115965
287 29696 30289 36 9976
288 29796 30209 98 32766
289 29950 32775 77 132281
290 30000 33859 84 199996
291 30078 30227 59 9216
292 30171 31125 101 78829
293 30229 35986 46 111804
294 30378 36906 59 113776
295 30463 31808 17 3908
296 30661 30787 99 4685
297 30861 33988 17 27725
298 30901 33090 7 8129
299 30912 42257 65 263529
300 31204 33327 46 245631
301 31521 31609 66 11399
302 31532 31924 76 20027
303 31569 35320 98 114904
304 31715 32388 92 16157
305 31724 33381 125 135515
306 31847 34002 140 105054
307 31886 33276 12 7889
308 31921 32459 54 9852
309 31929 38576 27 52622
310 32253 44649 79 284977
311 32288 32613 5 294
312 32493 33760 111 20999
313 32656 33804 126 143072
314 32857 33799 55 28790
315 32945 33444 31 2895
316 32961 36341 111 237095
317 33055 35470 86 81138
318 33081 33193 124 17530
319 33147 36396 116 78142
320 33149 35360 4 2059
321 33311 35160 14 15001
322 33471 34636 97 152472
323 33488 33652 8 1842
324 33657 34046 14 3117
325 33661 37022 128 156447
326 33696 35648 134 153506
327 33721 42886 149 320019
328 33842 36581 56 25980
329 33862 33984 12 944
330 33972 36248 7 17167
331 34003 38774 26 57591
332 34019 35746 69 43210
333 34230 36500 48 114813
334 34373 35923 4 2476
335 34428 35014 103 12727
336 34500 37802 102 108731
337 34778 35731 123 32554
338 35631 35642 7 54
339 35683 35748 142 23812
340 35926 39711 108 224877
341 36051 39486 16 7895
342 36066 40462 20 26632
343 36070 38451 14 25396
344 36144 36595 98 33231
345 36204 36563 87 15556
346 36296 36589 116 10844
347 36364 37909 25 7345
348 36508 36785 17 4104
349 36552 40929 14 32593
350 36602 38107 5 5409
351 36654 39332 26 37215
352 36688 36736 61 3641
353 36782 37821 5 3277
354 36807 38353 68 53699
355 36817 37891 37 31745
356 36840 37115 78 5760
357 36988 42971 84 135632
358 37046 37525 128 67452
359 37063 40329 35 12943
360 37074 38806 33 26197
361 37151 37294 35 1902
362 37292 39701 59 49581
363 37302 38464 14 14170
364 37358 39690 21 18259
365 37462 38086 12 7171
366 37477 39808 40 53212
367 37491 37839 41 12074
368 37776 44095 98 84940
369 38039 42442 126 219704
370 38057 40631 67 66868
371 38103 38177 147 2259
372 38286 38833 40 13779
373 38391 38827 67 16184
374 38392 43211 31 57655
375 38441 39222 12 5118
376 38445 40403 12 22129
377 38527 38896 14 1706
378 38748 39876 132 77952
379 38897 39403 53 9117
380 38969 42909 27 163127
381 39007 40498 115 82486
382 39070 41253 7 14205
383 39154 39479 5 1033
384 39363 42483 60 57298
385 39508 40430 78 39975
386 39585 40429 117 28724
387 39714 42720 22 42387
388 39769 43821 60 123918
389 39772 40404 30 3744
390 39877 40028 98 11617
391 39957 47045 22 72225
392 39985 43968 26 62121
393 40065 42233 53 28894
394 40179 41111 11 4711
395 40219 44953 5 9465
396 40225 44245 125 133725
397 40332 40706 145 24830
398 40355 40760 57 4103
399 40408 45300 35 68762
400 40414 40662 150 38108
401 40447 41379 46 29104
402 40554 46410 111 174657
403 40572 42859 55 82650
404 40661 42174 141 306065
405 40685 42824 88 23214
406 40864 41136 67 9039
407 41211 45412 47 119161
408 41446 43269 135 46112
409 41633 44003 84 116715
410 41881 45032 18 28020
411 41905 42577 15 2878
412 41924 42754 121 62515
413 41980 42931 17 3960
414 41992 42062 5 408
415 42006 48511 7 33785
416 42036 44724 10 5325
417 42258 48402 85 287045
418 42298 44525 68 82213
419 42666 47024 37 61127
420 42708 44474 6 4873
421 42899 43349 14 8173
422 42908 43317 7 1303
423 42917 43600 127 60280
424 42960 43443 77 10901
425 43052 46789 108 221364
426 43061 43343 117 8449
427 43062 44742 11 8487
428 43186 44049 7 5597
429 43484 46262 8 13580
430 43489 45899 118 242423
431 43692 48609 99 86165
432 43730 44212 39 9541
433 43767 46254 113 90643
434 43979 45488 140 191040
435 44054 49368 40 39559
436 44075 44920 74 52071
437 44097 49251 26 81702
438 44238 46101 68 60827
439 44263 47224 38 67624
440 44289 45090 133 77892
441 44335 44411 4 273
442 44571 52004 149 556643
443 44574 57960 24 192261
444 44596 47020 22 31038
445 44677 44902 34 2053
446 45009 46089 90 41192
447 45172 46994 46 40324
448 45226 45372 42 1715
449 45265 46140 144 49005
450 45379 45644 96 5699
451 45386 46721 29 19239
452 45416 48597 7 15782
453 45550 47160 40 59082
454 45673 48513 122 70382
455 45708 49947 65 102040
456 46120 46524 42 24887
457 46384 46834 12 2071
458 46400 46860 107 27503
459 46614 52576 139 467811
460 46733 47623 18 5647
461 46898 47037 6 556
462 47017 47034 45 559
463 47162 48501 14 11655
464 47233 51808 145 204485
465 47305 48095 28 15138
466 47382 47600 19 656
467 47470 52205 97 240593
468 47490 47667 7 1192
469 47539 51065 22 16217
470 47738 49205 71 67584
471 47910 49822 45 26643
472 47912 50423 15 65937
473 47939 49024 39 20009
474 48019 49855 5 11447
475 48190 49747 102 84554
476 48217 48657 45 14567
477 48291 50581 20 15751
478 48408 58310 148 193138
479 48542 49501 69 70563
480 48549 52420 97 356392
481 48582 48830 17 1982
482 48605 49732 50 32974
483 48862 52506 8 6799
484 48897 51748 72 99704
485 48954 50692 66 27377
486 49039 50793 19 8388
487 49135 49543 124 24864
488 49138 52578 88 122322
489 49462 49943 12 3499
490 49490 50490 13 11724
491 49616 49857 41 11264
492 49688 50217 13 2924
493 49767 53294 32 163948
494 49807 54143 28 39637
495 49845 52031 62 115789
496 49885 52807 115 196375
497 49927 51407 47 58937
498 50143 51293 32 11037
499 50644 50907 10 723
500 50645 53517 6 9736
501 50822 50850 26 293
502 50840 51204 84 10545
503 50866 51451 124 90435
504 51121 51636 116 23016
505 51153 54241 34 23355
506 51395 58087 11 30779
507 51445 51923 76 26141
508 51562 52724 126 190255
509 51568 52198 70 31651
510 51576 51814 92 23346
511 51638 53691 91 121164
512 51768 60700 111 1040706
513 51947 52567 43 15560
514 52344 53639 84 34764
515 52393 53646 31 31911
516 52434 53258 52 27547
517 52521 52918 29 5063
518 52777 52953 123 13808
519 52803 57261 139 528376
520 52814 53167 104 66271
521 52829 54032 18 8329
522 52921 53597 133 56682
523 53020 54033 146 82129
524 53056 53821 67 43516
525 53092 54329 70 120956
526 53220 57169 40 56550
527 53261 55632 100 75568
528 53324 56808 80 86371
529 53578 54298 10 2160
530 53650 56345 149 177728
531 53750 55029 5 3016
532 53899 54208 11 3358
533 53936 58375 51 145622
534 53952 54801 8 3310
535 54198 55363 61 19751
536 54754 56973 50 55732
537 54797 64907 141 1061278
538 54937 55073 76 24377
539 54992 55597 104 29780
540 55225 55415 95 6030
541 55252 55933 126 70513
542 55366 57043 25 12153
543 55534 55823 34 5227
544 55744 59177 23 57002
545 56007 56147 123 8181
546 56100 57554 143 95246
547 56220 58505 28 55765
548 56279 61580 125 300248
549 56344 58648 18 69607
550 56445 57585 127 107129
551 56550 58431 4 4563
552 56558 58916 72 61534
553 56581 67917 12 33950
554 56591 58348 7 9922
555 56786 57941 37 22483
556 56816 62494 80 356471
557 56853 57433 11 4666
558 57049 61208 47 129527
559 57185 57656 17 2811
560 57417 57527 80 7033
561 57513 57601 107 5308
562 57582 62875 48 82078
563 57596 60515 99 233626
564 57625 59056 30 30442
565 57640 58120 18 3099
566 57953 59583 108 25735
567 58011 60425 59 64620
568 58061 65417 93 158479
569 58113 59801 118 102079
570 58116 58430 8 1449
571 58214 58473 150 80402
572 58217 60625 11 12692
573 58422 64376 35 76465
574 58555 59644 10 5863
575 58716 58861 6 853
576 58819 62295 14 15257
577 58896 59275 8 1468
578 58988 59515 85 37846
579 59175 59771 16 10420
580 59731 60464 76 22436
581 59770 60304 63 14239
582 59991 62922 68 174994
583 60005 60170 7 1698
584 60039 60864 40 17752
585 60168 61129 75 24739
586 60201 60860 125 92694
587 60303 62013 57 13539
588 60331 62950 24 52229
589 60372 60418 123 2836
590 60384 60846 64 14414
591 60472 63729 20 21324
592 60632 68495 52 50453
593 60665 64935 34 118206
594 60768 64419 82 87169
595 60828 62418 39 35705
596 61029 68082 5 18768
597 61083 62698 40 27005
598 61200 64039 90 177069
599 61288 63446 101 136952
600 61377 62654 93 100394
601 61439 65091 50 68571
602 61486 66273 40 87866
603 61510 62869 6 6299
604 61520 66730 25 34696
605 61651 63397 147 109268
606 61819 62068 109 9879
607 61842 65051 130 276353
608 62036 68016 116 267724
609 62037 64708 41 35123
610 62092 63427 137 35191
611 62346 64137 55 22136
612 62359 63486 118 114484
613 62509 63956 64 41518
614 62524 67203 119 149947
615 62576 64559 26 32949
616 62837 62858 67 1371
617 62958 63096 149 45036
618 63012 63955 64 25054
619 63109 66584 85 218233
620 63200 66282 121 337915
621 63267 63871 97 33151
622 63284 64093 122 55940
623 63293 64756 41 21405
624 63378 65360 17 15516
625 63423 65671 16 19702
626 63503 65669 108 88156
627 63625 67147 16 27097
628 63715 70334 99 213083
629 63829 66078 21 26637
630 63949 64087 8 839
631 63969 64746 63 56982
632 64428 64777 20 2114
633 64433 65207 104 51795
634 64440 67253 144 181732
635 64641 66604 7 7371
636 64721 64773 72 3094
637 64741 73073 95 193537
638 64827 65232 61 12240
639 65086 66709 36 38978
640 65576 66479 101 59922
641 65579 69717 92 167182
642 65627 74926 70 326851
643 65763 65959 121 13521
644 65792 71609 95 158328
645 65816 67090 26 22837
646 65825 66394 72 15195
647 65863 67236 35 15295
648 65904 67050 25 17271
649 65922 72786 6 25360
650 66025 69585 5 4345
651 66115 66265 102 11947
652 66191 69153 140 251181
653 66239 71294 145 241699
654 66355 68014 46 69282
655 66527 67252 29 9561
656 66529 77881 62 308153
657 66630 66676 56 5655
658 66933 72277 44 155390
659 67065 73082 105 196848
660 67082 73618 43 101311
661 67114 70128 6 10864
662 67115 67722 44 19691
663 67205 67294 92 7833
664 67208 68506 7 4741
665 67217 68590 66 42259
666 67353 68366 104 37114
667 67411 71462 55 118088
668 67632 67761 17 1173
669 67639 68042 100 33454
670 67692 71070 18 43446
671 67698 69420 147 182370
672 67702 68038 61 11087
673 67707 70368 92 77441
674 67912 69703 9 6381
675 67913 68094 7 920
676 67950 69262 68 65525
677 67994 72433 66 29300
678 68081 70392 111 49249
679 68131 68534 19 5245
680 68255 69790 33 44863
681 68348 74484 25 136787
682 68426 73154 37 46391
683 68445 68789 6 1082
684 68528 73777 118 326955
685 68567 72415 80 240614
686 68606 72073 56 75084
687 68644 70109 7 4772
688 68660 74516 10 11805
689 68755 73999 12 47825
690 68884 75352 62 121746
691 68979 69471 6 1908
692 69140 73171 56 169566
693 69285 71330 100 67854
694 69324 69922 6 2010
695 69345 70209 55 9922
696 69511 70322 90 33218
697 69616 72434 82 80039
698 69622 70979 15 6151
699 69697 71934 86 50597
700 69880 70867 75 91947
701 70045 70077 28 300
702 70056 70990 29 13838
703 70173 71892 76 47385
704 70180 73383 124 275707
705 70341 73386 37 53508
706 70721 70942 25 5956
707 70797 71686 49 13998
708 70806 73368 133 238423
709 70980 72145 14 11648
710 71017 71155 63 4022
711 71033 72246 100 116263
712 71045 72186 5 3128
713 71135 72420 112 65305
714 71226 71497 56 28485
715 71277 71558 23 3559
716 71291 77886 89 173767
717 71396 73576 43 56988
718 71539 72038 75 41538
719 71806 74284 94 77069
720 71808 73684 132 375566
721 71911 75157 65 74059
722 72085 72851 38 9702
723 72682 73191 39 16579
724 72748 76306 14 26063
725 72783 73015 59 9552
726 72874 73004 17 1648
727 72935 74382 142 234699
728 73039 73697 62 25387
729 73049 76299 42 60012
730 73105 75705 125 97323
731 73276 73323 38 1357
732 73308 78950 25 86965
733 73319 75452 60 102769
734 73414 73471 67 5958
735 73792 75432 86 105703
736 73811 75110 13 18905
737 73847 76057 63 88268
738 73861 74055 133 9484
739 73868 75039 6 2519
740 73969 75077 130 25148
741 74253 80405 34 468950
742 74487 74893 81 11075
743 74585 76020 23 13097
744 74675 77419 71 48704
745 74702 75499 36 20068
746 74754 75216 50 25496
747 74798 76836 58 31348
748 74885 75615 25 13406
749 74967 76048 87 60235
750 74969 77295 80 71619
751 75237 77363 55 133694
752 75369 80415 47 110601
753 75375 75657 108 6684
754 75454 77551 6 2704
755 75514 77101 98 72628
756 75551 76830 48 18184
757 75569 78617 47 13191
758 75791 76132 14 2439
759 75966 76703 143 60827
760 75969 76084 16 836
761 76074 77610 8 6092
762 76234 78660 108 103564
763 76245 80245 28 58160
764 76422 77290 148 80877
765 76718 77995 12 14149
766 76866 78248 26 29668
767 76894 77176 30 4878
768 76987 78428 109 59979
769 77048 77068 80 868
770 77306 78564 50 14910
771 77373 84630 13 25799
772 77415 81172 41 44215
773 77444 80531 47 146494
774 77613 77660 126 4365
775 77765 80094 34 62024
776 78022 78259 69 6633
777 78048 83951 108 1782971
778 78060 85056 54 187624
779 78252 80582 18 31442
780 78565 78830 100 9506
781 78580 84947 12 41386
782 78601 81533 25 33901
783 78670 80156 29 13711
784 78679 80515 12 10981
785 78803 80630 74 169223
786 78814 89601 51 391874
787 78951 84465 12 37359
788 78979 79857 53 15154
789 79054 80836 59 25545
790 79158 79944 29 8618
791 79228 79500 100 14109
792 79275 80915 87 52600
793 79376 82187 73 94271
794 79516 81841 121 181657
795 79836 83844 58 275189
796 79840 79932 32 2256
797 79845 80192 130 19407
798 79921 80036 142 7937
799 80021 85083 141 460294
800 80122 80131 87 708
801 80160 82559 18 18750
802 80178 83609 87 139682
803 80210 83939 88 193317
804 80479 83247 5 4202
805 80501 86325 89 169853
806 80541 81894 9 5085
807 80597 81342 8 1784
808 80747 80807 20 1040
809 80886 81850 25 11384
810 80983 81870 4 2173
811 81127 81182 79 2277
812 81392 87327 12 26634
813 81598 83216 11 4750
814 81706 84464 22 19093
815 81869 82663 59 9474
816 82012 82498 10 3355
817 82082 83969 77 105091
818 82106 82944 10 5205
819 82113 82868 7 6370
820 82134 82257 7 579
821 82362 83177 59 20647
822 82597 84738 146 111691
823 82611 83575 82 105563
824 82720 84527 49 67423
825 82837 84361 27 18070
826 82950 89188 5 12121
827 83070 84172 83 93228
828 83168 84265 95 53948
829 83213 84736 146 267757
830 83452 84823 19 10471
831 83479 90519 69 324145
832 83480 85805 81 69925
833 83554 90922 89 182067
834 83601 85459 19 24283
835 83718 86909 4 6672
836 83741 85079 37 13253
837 83762 87046 111 185306
838 83799 84277 10 3525
839 83831 84517 8 4379
840 83858 87149 20 31703
841 83994 84364 31 5153
842 84078 84662 66 31307
843 84102 86180 54 28534
844 84301 85331 140 109693
845 84356 86554 15 21779
846 84357 92074 139 406016
847 84435 85504 10 2656
848 84566 85099 124 16765
849 84674 85880 87 25739
850 84681 85544 15 8806
851 84772 86346 142 115838
852 84801 88346 93 106562
853 84950 90166 85 170871
854 84953 85117 10 3005
855 85104 87199 123 179403
856 85217 85700 20 4707
857 85396 87153 76 47547
858 85512 88326 85 99171
859 85585 85596 19 170
860 85616 85773 64 6202
861 85636 86053 92 14312
862 85662 86692 52 13871
863 85778 85821 14 307
864 85865 92149 4 25639
865 85900 88366 139 74033
866 85994 88436 108 19292
867 86054 87914 12 6288
868 86072 87970 35 27218
869 86189 86563 66 15154
870 86306 87890 107 141044
871 86467 87005 49 10141
872 86496 88944 106 104701
873 86865 92174 75 196426
874 86872 89137 50 40452
875 86992 89116 28 20413
876 86995 87677 44 5752
877 87022 92209 107 200191
878 87037 87370 132 20582
879 87050 91946 146 284979
880 87240 90301 10 5920
881 87292 88139 42 12757
882 87430 88001 13 2899
883 87447 90202 62 48254
884 87568 90168 5 5561
885 87767 88995 113 95479
886 87795 88096 26 5827
887 87796 91166 99 197452
888 87799 90772 89 162190
889 88071 89942 139 55949
890 88085 89358 96 48560
891 88162 88834 50 21650
892 88191 89438 48 12995
893 88193 91232 25 24784
894 88262 91416 71 95818
895 88482 91034 12 25475
896 88902 91488 123 269711
897 88987 89912 120 34362
898 89094 91640 16 53418
899 89201 90656 84 99036
900 89284 94838 127 404708
901 89306 89974 11 4950
902 89556 92533 8 7060
903 89580 89679 126 10533
904 89631 91851 31 25369
905 89635 89785 40 2879
906 89731 91207 16 12109
907 89764 90053 143 38052
908 89783 94247 39 102078
909 89784 89835 29 1818
910 89844 93106 30 163398
911 89860 90453 131 70334
912 90030 92499 48 91457
913 90160 92902 7 4644
914 90236 91783 14 13149
915 90329 91747 7 4080
916 90339 91726 8 13844
917 90379 91187 15 3749
918 90496 94473 35 31679
919 90598 91911 25 12729
920 90732 92326 14 17077
921 90845 91046 9 825
922 90971 95165 84 64524
923 91048 93147 59 39780
924 91140 92092 5 2164
925 91221 91738 30 18663
926 91325 92397 36 11333
927 91337 91522 62 4818
928 91354 91932 28 8682
929 91364 92310 38 15110
930 91433 91758 28 17157
931 91450 91900 63 15707
932 91579 92755 72 56584
933 91594 91956 132 13096
934 91865 93042 18 7176
935 91889 92215 115 19945
936 91986 93865 104 69702
937 92118 97887 125 257728
938 92331 93686 11 7883
939 92418 94432 14 27476
940 92455 94295 25 37726
941 92506 92564 86 2338
942 92536 93300 36 11633
943 92585 92671 6 241
944 92736 93151 106 53850
945 92752 93864 140 97126
946 92817 94859 145 259831
947 92932 93788 15 8588
948 92956 95931 17 24176
949 92989 95493 22 27294
950 93161 93250 15 787
951 93257 97777 34 55819
952 93348 95527 93 43597
953 93412 97271 35 99645
954 93533 95198 59 38101
955 93576 93588 59 729
956 93642 97901 72 134010
957 93780 93934 120 23136
958 93898 93966 40 880
959 93956 95685 113 89586
960 94081 96997 51 20626
961 94321 96302 65 72148
962 94413 97191 98 243140
963 94549 95232 30 10323
964 94669 96042 87 25226
965 94737 98736 59 60617
966 94751 96076 138 94357
967 94979 96858 37 45611
968 95171 96863 13 29804
969 95318 99695 24 29706
970 95471 96679 18 11491
971 95547 98014 121 73019
972 95566 95949 64 12452
973 95775 96601 50 15436
974 95848 96114 108 17163
975 95852 95913 58 2406
976 95857 96535 8 2415
977 95877 99646 20 23159
978 96262 97479 39 13075
979 96277 99958 63 88947
980 96309 98109 19 12253
981 96334 99557 34 84662
982 96787 99285 10 5668
983 96867 98257 133 234727
984 96921 99798 12 27081
985 97089 98016 148 52886
986 97159 98246 46 36683
987 97177 97413 5 716
988 97260 98358 6 4282
989 97411 97857 82 17493
990 97639 98651 48 25204
991 97985 98497 16 4307
992 98084 99455 14 10202
993 98148 99308 6 1123
994 98430 98941 84 30458
995 98660 98879 57 12019
996 98849 99282 127 66833
997 99182 99312 132 12064
998 99324 99755 54 4045
999 99526 99754 68 9517
