50 1000 0.008
.##........###.##.......###......#####.##.........
..#........##.#.#................#####.#####......
............###.#.................##.#.#..........
....##......#.#.....#.............................
...###......#..##...##............##..............
..............##..####...........####.............
...........#####...####...#......###..............
.............##......#..###........#..............
...................................#....##........
#.#............#...#..#....##....###...##.........
###..........#######.###........######.#.....##...
#.#............#.#...###........####...##....##...
.##..........##..#....##.........####..#.####.#...
...........#####.....#.#...............#.########.
...#..........#.....##..#..............###.#####..
...#.................#.##..####........########...
...###...............#........#....#..###...##....
..###..............##.........##.#.####.#..###....
....##.............#.............#.#..#.....##....
..#...#...###...................###...##..........
#####.##.#......................##.....##.##......
###..######..................####.###...###.......
##...##.###............##..#..#...###....##.......
...###.###.............##.###.....##..............
....#..##....#.###....##.###.......##.............
..###.#######..##....######..##.#######.........##
...##.##..####.#.....##.##...#.......#...........#
...####...#.....##..#####....###....##...........#
...#.#..........##....#......####...###........##.
........#......##....##....#.###.....#..........##
#.......##..##.##....##....##.##................##
##...#.##..###.......##...##.##.............#...#.
#...#####.#####...........##..###........#####.#..
#..##...####.................#.###......#########.
#..##....##..................##.##.......#...#..#.
.........#........#.............#........##.###.##
.......##...#....###........................#####.
........#...##...#.###.......................##...
.............#.......#...........#.#..............
.............#.................#.#.#..............
.....................#.........######.............
..................####..#......#..#...............
..................###..##.....##......##.....#....
.....#.............###.##......#......####..##....
.....#................##.#............##.#...#....
....###...............##.#............#.........##
...###.###.............#.#............###.....####
....#..#.#..###.......#...............#........#..
.........#..#.........#...........#...............
...........###........#...........###.............
0 24 292 44 3984
1 117 2571 96 76941
2 204 1228 19 11751
3 285 1849 85 221505
4 485 5816 116 292862
5 602 1465 124 39396
6 764 5144 71 98924
7 847 4420 4 3911
8 897 1800 60 15811
9 1017 22164 108 1017382
10 1085 5350 9 13274
11 1424 5612 132 430048
12 1681 8381 72 304734
13 1970 9545 138 246372
14 1994 2461 16 3322
15 2059 16603 121 774460
16 2356 9650 17 77832
17 2413 5009 85 116119
18 2755 7367 51 62148
19 2769 3104 71 9849
20 2771 6326 36 24525
21 2936 5848 58 85104
22 2977 4552 115 87363
23 3036 4118 143 133996
24 3048 6047 141 97036
25 3080 3320 59 8798
26 3173 4285 82 57592
27 3241 7075 128 172683
28 3311 5438 110 83257
29 3443 7090 91 173913
30 3497 5318 9 5383
31 3646 4414 89 27653
32 3686 3761 41 2211
33 3755 6139 98 29530
34 3914 5668 119 141342
35 3964 5295 147 167557
36 4075 5403 59 17995
37 4126 4680 59 27207
38 4164 7858 137 168679
39 4270 6614 82 144661
40 4359 6388 30 20292
41 4437 5626 45 6549
42 4549 5765 142 31861
43 4639 6468 38 23901
44 4689 7286 20 15934
45 4800 12002 140 499300
46 4887 5027 36 2950
47 5010 9433 95 148574
48 5565 10026 74 242893
49 5599 19245 72 484638
50 5754 7962 66 62794
51 5813 8366 23 30312
52 5866 6349 109 39973
53 5908 6623 82 21680
54 5921 7926 13 15997
55 5942 13039 7 39159
56 5947 17818 121 779324
57 6105 7136 28 5805
58 6112 7011 108 95901
59 6131 7031 33 24721
60 6274 9326 124 128715
61 6324 10404 17 28715
62 6337 12950 4 9953
63 6396 7082 120 43274
64 6401 13147 109 276742
65 6430 30483 86 891234
66 6621 6878 90 15115
67 6655 16468 70 171682
68 6676 6867 58 4942
69 6748 8045 30 8039
70 6846 14215 146 538240
71 6912 7754 36 13219
72 7003 7425 8 937
73 7104 7963 22 14758
74 7148 11267 57 57970
75 7256 7640 9 1213
76 7321 8794 62 46254
77 7343 8865 123 119461
78 7420 7702 32 9474
79 7436 9577 13 7114
80 7487 14716 11 26909
81 7611 18734 54 201946
82 7669 14807 13 32481
83 7813 9004 38 9525
84 7843 8969 100 36214
85 7887 9332 89 51339
86 7936 9235 11 6348
87 7997 9146 6 1941
88 8074 17172 76 568348
89 8086 8670 19 7525
90 8104 9159 7 21323
91 8220 11264 103 247933
92 8256 14424 23 63088
93 8263 17994 66 159121
94 8392 11478 79 58989
95 8497 9985 47 41617
96 8772 11286 55 174039
97 8867 21615 101 1681057
98 8965 9789 108 14940
99 9014 12495 135 190381
100 9204 12077 7 21394
101 9469 12473 19 50313
102 9472 22969 55 180371
103 9476 11450 77 67188
104 9737 10158 132 47231
105 9811 11623 35 28210
106 9925 15941 126 580482
107 10096 10779 79 31181
108 10191 10411 90 6106
109 10321 14375 6 8970
110 10323 11679 66 74361
111 10427 13497 70 191863
112 10485 11690 10 4196
113 10494 12948 101 160672
114 10519 11695 53 65035
115 10610 11640 144 27693
116 10631 19005 130 153584
117 10650 12045 102 116377
118 10752 12587 125 298126
119 10791 10995 61 3756
120 10942 17834 73 246638
121 11044 11629 22 4282
122 11254 16669 77 256667
123 11408 18003 78 134478
124 11524 14150 134 152515
125 11632 18567 24 36451
126 11801 14683 103 156247
127 11875 15590 115 235758
128 11880 13308 50 33218
129 11951 16815 20 17548
130 12009 13148 50 21543
131 12076 13366 60 39022
132 12303 17882 20 97853
133 12416 12594 133 20139
134 12431 12959 80 22646
135 12547 15534 6 7247
136 12598 18441 18 52411
137 12663 14812 52 27868
138 12690 22471 7 40278
139 12739 13716 134 51272
140 12778 13511 13 4555
141 12790 15826 115 218677
142 13083 15482 10 7564
143 13138 17986 122 160332
144 13346 18560 28 65963
145 13448 18929 143 298986
146 13732 21996 124 481126
147 13735 15127 57 25815
148 13750 14240 8 3693
149 13847 16582 132 126600
150 13905 19610 22 66902
151 14052 23175 117 246729
152 14054 15017 76 37117
153 14137 21572 67 161965
154 14290 16103 16 20926
155 14295 15431 9 13055
156 14303 16732 20 40939
157 14643 15125 103 22875
158 14738 18646 38 91992
159 15147 18229 48 47156
160 15294 15384 84 4476
161 15405 15646 136 26126
162 15522 15894 7 1469
163 15524 16847 29 13615
164 15736 15975 16 1322
165 15954 19972 4 8344
166 16068 21718 88 266883
167 16148 29883 26 159881
168 16265 17016 79 45271
169 16296 16498 147 12334
170 16427 18689 20 25174
171 16428 26786 83 218790
172 16467 36943 106 948739
173 16795 21734 110 112119
174 16949 20020 116 88493
175 17001 20394 17 21955
176 17142 23687 21 69115
177 17169 25895 10 84464
178 17282 23040 15 40612
179 17285 18219 37 19910
180 17461 22145 105 420658
181 17571 18013 25 3896
182 17648 18375 21 9214
183 17951 23360 70 94570
184 17991 17999 97 954
185 18149 22657 20 76727
186 18195 19236 5 3975
187 18280 19506 118 39833
188 18297 35203 45 604256
189 18456 19163 21 8486
190 18649 29048 42 183276
191 18818 19426 74 37105
192 18915 20206 92 49761
193 19038 23529 84 289476
194 19122 21727 59 55219
195 19258 20080 10 3100
196 19331 26725 84 330106
197 19343 21057 108 64258
198 19441 23203 14 14942
199 19480 22860 13 20114
200 19495 20765 9 3842
201 19535 29229 7 37965
202 19616 21487 28 47209
203 19687 26337 16 40591
204 19688 25191 142 151820
205 19854 30776 137 303435
206 19939 22609 18 18068
207 19969 26109 83 211170
208 20328 23553 145 106583
209 20552 30639 141 243197
210 20581 21528 24 9691
211 20647 20739 84 5531
212 20680 21407 36 12697
213 20793 24773 23 23988
214 20873 26353 12 17768
215 21031 22041 89 49994
216 21033 22349 22 9947
217 21328 23734 75 41605
218 21356 21640 64 7178
219 21374 22287 12 19033
220 21408 23285 43 10561
221 21418 22015 137 31033
222 21598 23441 13 13738
223 21678 25585 10 21812
224 21737 27409 112 208665
225 21947 23292 101 37505
226 22068 22542 30 6928
227 22104 26800 137 363285
228 22330 25843 96 79503
229 22507 25854 9 22657
230 22656 28920 128 338272
231 22734 23186 8 2094
232 22771 25836 49 56788
233 22797 32147 16 43275
234 22847 36665 23 113329
235 23204 23921 38 17711
236 23230 28019 121 296149
237 23276 25337 16 6968
238 23508 41896 75 474729
239 23548 27657 20 33364
240 23745 29323 66 208144
241 23814 24775 110 53785
242 23957 24732 18 6309
243 23969 24272 28 1522
244 24069 28700 27 39092
245 24071 24931 43 15026
246 24142 24878 50 17258
247 24155 24538 33 7758
248 24270 24408 31 3235
249 24311 31312 112 309143
250 24593 24854 20 940
251 24641 29066 106 98178
252 24677 25316 123 26413
253 24679 29083 98 111168
254 24736 26690 96 100853
255 24814 36299 80 563738
256 24843 25267 89 23371
257 25071 30958 57 240963
258 25286 31515 149 553809
259 25618 31627 4 8220
260 25845 27184 4 3522
261 25863 30762 41 189571
262 25865 26274 66 15834
263 25880 42170 149 433765
264 26220 26743 37 15131
265 26288 28633 56 136912
266 26372 28437 6 10806
267 26436 26896 8 2499
268 26501 30821 111 283506
269 26785 27453 79 26063
270 26876 28212 102 31071
271 27032 30729 60 54419
272 27080 35308 22 75110
273 27202 30228 17 19691
274 27266 32228 41 68485
275 27509 28460 124 20712
276 27580 27805 112 28806
277 27593 30403 127 126534
278 27658 28522 66 51387
279 27750 28223 49 5580
280 28030 28899 69 34273
281 28190 35822 10 20624
282 28268 31221 9 11445
283 28338 29458 16 13682
284 28473 35713 49 99156
285 28514 31810 5 3484
286 28525 30057 14 4945
287 28592 31785 22 88776
288 28596 30671 83 112281
289 28653 31657 32 19017
290 28674 33678 65 115360
291 28722 41104 115 908678
292 28892 30211 125 121163
293 29089 33970 26 59927
294 29100 29570 137 53916
295 29106 32748 47 41425
296 29130 46124 113 339997
297 29322 38125 102 452658
298 29360 30291 60 44621
299 29367 32623 48 21723
300 29392 30504 115 22945
301 29497 33357 80 342223
302 29620 30645 16 15275
303 29819 34141 126 97524
304 29907 36819 13 121216
305 29958 30831 4 1396
306 30045 35462 72 99193
307 30097 31549 81 76940
308 30236 38341 8 26586
309 30239 31875 12 12677
310 30287 33042 41 114361
311 30354 38209 10 12415
312 30467 32272 107 44378
313 30475 32213 18 15104
314 30536 33587 9 51880
315 30660 30699 72 1297
316 31024 35264 123 150108
317 31107 31863 24 10501
318 31184 31426 75 10490
319 31219 31596 10 3161
320 31364 39236 80 505211
321 31508 39208 144 352856
322 31624 36852 6 13008
323 31706 33794 29 29156
324 31724 32552 118 43628
325 32237 36690 105 216016
326 32373 32555 57 6829
327 32388 35425 15 22080
328 32484 33404 52 77600
329 32602 32770 4 443
330 32883 34591 39 55344
331 32907 42999 12 44201
332 32933 39700 16 43396
333 32999 34951 118 82244
334 33007 33761 13 3799
335 33094 34377 25 12152
336 33278 35483 21 31343
337 33300 39170 28 34122
338 33363 35012 25 9062
339 33393 34946 98 126224
340 33408 36882 87 140596
341 33428 40008 59 119513
342 33432 40156 90 122555
343 33446 35214 9 9369
344 33526 42855 17 100017
345 33657 36507 37 37418
346 33732 34643 139 36954
347 33751 34337 94 13221
348 33771 40522 74 207316
349 33779 38699 83 125884
350 33933 42041 5 6642
351 33936 37097 16 12098
352 34007 37854 27 18324
353 34080 40688 71 392924
354 34106 40173 34 91727
355 34492 37037 124 234754
356 34676 37170 9 14626
357 34784 34984 5 659
358 35020 41606 64 214688
359 35103 37119 5 6945
360 35142 38662 35 27839
361 35172 35461 89 21919
362 35198 36165 7 6319
363 35224 38053 40 42714
364 35275 35999 50 17013
365 35330 37175 111 158020
366 35338 42059 5 5405
367 35348 36192 34 10035
368 35382 36156 6 1449
369 35411 40636 105 136242
370 35454 39252 142 322734
371 35459 40932 124 603275
372 35474 37742 141 111047
373 35570 42920 9 31669
374 35594 39501 62 194005
375 35653 36658 49 16906
376 35690 48195 78 611355
377 35788 35953 43 2245
378 35992 42322 9 14672
379 36024 41972 98 204183
380 36045 37133 119 45705
381 36286 39912 104 134346
382 36406 37195 57 19628
383 36407 40593 107 245792
384 36417 37903 47 18029
385 36519 38432 20 16642
386 36648 37182 139 25576
387 36692 36694 69 167
388 36879 38610 9 12262
389 36896 38413 108 17307
390 36985 37024 30 516
391 37215 43318 72 180694
392 37256 37594 56 11064
393 37407 40670 36 37709
394 37455 49920 94 253403
395 37484 41296 48 26476
396 37641 49088 102 517732
397 37839 40771 42 36161
398 37883 41766 98 253358
399 37957 42643 46 39392
400 38170 43220 4 14879
401 38399 38509 138 7774
402 38451 40302 78 72597
403 38506 39509 17 5308
404 38608 54369 4 28844
405 38760 45232 8 91001
406 38779 38997 54 6688
407 38815 40296 22 13807
408 38817 42530 57 96360
409 39181 39706 120 42831
410 39445 44587 113 288483
411 39468 46180 113 575136
412 39491 44828 127 102511
413 39610 47875 37 232948
414 39722 45658 20 25081
415 39743 40746 22 9876
416 39858 50554 128 1073084
417 39977 42494 136 276545
418 40232 42017 94 132848
419 40368 46427 150 460121
420 40402 40664 146 53143
421 40434 47265 72 501948
422 40632 42120 45 73728
423 40671 42750 71 63355
424 40697 44449 37 130076
425 40755 42285 71 74690
426 40872 51211 125 826725
427 40938 41937 57 33894
428 40947 41839 68 38727
429 41004 43208 50 58001
430 41033 42132 8 8649
431 41045 46488 101 89190
432 41450 42112 12 4854
433 41456 43439 89 111973
434 41570 43798 98 36111
435 41695 41945 22 5971
436 41716 48495 36 31929
437 41746 41991 141 29178
438 41773 57902 12 93310
439 41840 42786 30 12006
440 42144 45920 111 164605
441 42207 43977 139 32579
442 42208 48006 34 43704
443 42239 42664 84 21581
444 42502 43310 50 11603
445 42521 46292 55 112460
446 42545 48712 139 160123
447 42610 43160 19 7489
448 42640 49400 17 49702
449 42734 45789 132 257472
450 42997 43712 75 26284
451 43106 45002 40 10144
452 43227 45596 128 360233
453 43323 58465 133 414214
454 43432 45403 111 32608
455 43456 51143 36 381844
456 43540 50049 72 318601
457 43564 44160 69 45118
458 43566 48815 47 95917
459 43905 53567 52 129119
460 43986 56991 110 356134
461 44113 45637 7 5007
462 44174 45113 126 60951
463 44296 45939 94 55554
464 44336 56361 54 339491
465 44429 46561 82 146526
466 44544 47126 46 35560
467 44550 48119 57 114455
468 44568 45702 140 40613
469 44740 45001 8 642
470 44846 52471 146 312714
471 44879 45841 142 61559
472 44938 45545 37 24551
473 45058 47846 83 24116
474 45266 45856 97 33110
475 45371 49880 51 176906
476 45378 50313 68 77348
477 45387 45845 73 14996
478 45451 68038 33 299931
479 45588 46433 53 21139
480 45852 46159 54 4579
481 45915 46583 30 17803
482 45956 51498 41 103383
483 46039 50759 15 30948
484 46064 46957 114 30733
485 46068 52935 10 122460
486 46086 50031 8 12392
487 46121 47381 35 12863
488 46164 47541 93 56523
489 46211 47056 19 4128
490 46270 46882 93 51186
491 46326 48162 5 7263
492 46337 47110 80 15949
493 46440 59100 9 39996
494 46537 46555 120 711
495 46647 52657 118 136401
496 46687 48469 93 43081
497 46700 49780 72 404851
498 46705 46925 5 991
499 46771 51570 110 308543
500 46942 54185 91 192040
501 47059 48699 76 53990
502 47082 59306 46 280302
503 47084 51267 116 315544
504 47434 48415 26 9677
505 47476 47850 47 16080
506 47539 61227 27 105127
507 47873 53877 87 135080
508 47916 52065 115 136539
509 47947 47975 22 314
510 47969 50865 86 391873
511 48061 49204 21 19343
512 48062 49439 90 102926
513 48064 51742 110 437139
514 48151 55935 142 907567
515 48187 50224 109 65980
516 48539 50902 34 73930
517 48639 49906 140 55966
518 48975 53409 134 259981
519 48977 51173 110 143899
520 48991 49086 21 994
521 49102 49130 87 1451
522 49192 52672 107 77341
523 49210 50218 6 4048
524 49322 49612 24 10085
525 49328 50197 113 29516
526 49509 62202 15 136935
527 49576 55636 82 330697
528 49759 51850 100 58630
529 49870 55087 87 350425
530 50126 51240 121 86169
531 50161 58609 5 8299
532 50162 52282 129 59032
533 50217 55719 102 245904
534 50226 52198 11 5100
535 50252 56043 11 15814
536 50253 52415 110 74514
537 50351 54516 52 77160
538 50406 55439 45 75153
539 50420 53137 33 22434
540 50478 50517 15 494
541 50508 51550 68 16959
542 50595 50807 54 2349
543 50667 55666 88 80630
544 50719 65498 32 79746
545 50804 52287 7 578
546 50947 51331 84 17795
547 51064 52778 76 67910
548 51100 52665 79 121282
549 51241 63563 8 44796
550 51269 53493 136 95685
551 51499 56279 88 299898
552 51571 54007 67 66692
553 51641 55973 5 6254
554 51679 65213 86 355606
555 51733 60669 25 146350
556 51835 53536 23 18963
557 51960 53147 32 25816
558 52022 52050 89 2191
559 52023 65200 115 1056092
560 52174 53118 74 91857
561 52228 53274 19 1743
562 52358 53974 57 48275
563 52378 55816 111 188909
564 52706 57699 51 319941
565 52816 63805 93 502185
566 53050 60812 113 1225676
567 53262 56694 109 65400
568 53379 58704 74 107107
569 53432 61759 7 66505
570 53449 53769 17 1837
571 53633 60730 126 162767
572 53859 56181 55 139447
573 53936 56232 125 65969
574 53992 57163 53 73763
575 53997 56704 150 171915
576 54058 54232 21 5142
577 54113 61196 6 25317
578 54124 56643 94 58459
579 54126 58412 63 145926
580 54215 59144 37 60882
581 54418 57669 77 108029
582 54427 55120 14 2050
583 54450 55105 36 8153
584 54469 64022 46 219533
585 54595 54598 44 170
586 54787 58270 78 208948
587 54982 54989 147 581
588 54992 55307 122 36586
589 55119 56912 57 28829
590 55185 60455 44 112653
591 55478 56022 73 25568
592 55594 58077 48 47291
593 56060 69607 39 87674
594 56084 61489 123 109935
595 56133 71699 13 23300
596 56204 58080 75 47011
597 56206 57184 45 30158
598 56895 59476 53 69541
599 56921 57087 8 636
600 57011 57635 83 18875
601 57040 65250 13 113651
602 57103 66530 35 124430
603 57338 66899 130 677906
604 57368 57973 142 48156
605 57494 60108 51 119971
606 57648 60161 17 39013
607 57789 59938 52 30861
608 57927 63727 17 41374
609 57969 59722 95 108487
610 57976 75218 75 237930
611 58004 58100 44 1227
612 58152 62259 28 62470
613 58171 59576 34 35336
614 58251 60426 18 42996
615 58262 70167 84 553919
616 58509 59102 31 5655
617 58587 58827 119 7859
618 58599 65943 134 340494
619 58657 64789 144 425857
620 58800 70321 30 154246
621 58923 62697 18 16227
622 58928 63093 29 35644
623 59041 60437 143 133902
624 59307 62098 6 3776
625 59647 66401 132 79187
626 59676 68647 67 194493
627 59709 63593 147 125146
628 59989 65505 86 182430
629 59999 61131 65 38521
630 60018 61004 97 19958
631 60150 60264 12 324
632 60195 65861 11 16854
633 60357 65118 11 16298
634 60384 88336 86 210361
635 60438 61153 67 53759
636 60447 62152 50 39391
637 60453 62264 68 26216
638 60519 61594 52 14514
639 60582 61392 122 46627
640 60591 65807 84 101502
641 60677 65651 119 415843
642 60722 65605 39 112504
643 60740 64518 44 21793
644 60774 62228 121 59349
645 60784 63627 30 75356
646 60849 66532 104 230392
647 60876 61800 21 19784
648 61005 61763 125 63211
649 61053 61285 108 19571
650 61313 66195 118 314514
651 61346 61396 20 1763
652 61421 61593 51 5125
653 61422 62725 60 55701
654 61507 62025 36 16601
655 61627 63570 46 29827
656 61899 62625 82 33405
657 62038 62199 43 4003
658 62041 62188 101 13213
659 62149 62376 143 8830
660 62375 65747 145 62759
661 62380 75463 9 38954
662 62450 67911 10 30123
663 62561 62660 16 1458
664 62636 66420 8 5165
665 62642 71444 6 8918
666 62645 69622 12 34298
667 62693 68499 68 77593
668 62771 63721 52 45659
669 62974 69493 14 50590
670 63085 63915 40 17942
671 63281 70878 39 74112
672 63372 63495 73 3607
673 63389 63632 87 12961
674 63456 66500 70 121785
675 63876 66709 116 100095
676 63978 64801 52 31624
677 64078 64475 11 3117
678 64093 66945 102 82850
679 64431 66352 28 21329
680 64534 71091 31 88361
681 64654 67190 70 124787
682 64776 78648 6 19277
683 64908 66584 74 106386
684 65062 69613 119 166776
685 65232 66314 14 5383
686 65359 68320 140 113707
687 65397 65797 70 5030
688 65453 69136 119 162644
689 65806 72369 65 228734
690 65852 66344 119 40183
691 65884 67847 27 11224
692 65924 66274 16 3555
693 66023 66541 41 16156
694 66040 69206 12 14191
695 66091 68330 115 140771
696 66128 67698 29 23048
697 66130 69958 6 26260
698 66152 67333 6 2607
699 66188 67064 41 20901
700 66250 74736 131 568058
701 66355 69710 51 105730
702 66370 70737 108 288674
703 66414 71458 57 87296
704 66428 70158 24 27069
705 66744 72026 10 28734
706 66820 73407 57 38979
707 67012 69050 131 67097
708 67176 73310 7 21857
709 67200 72745 65 184047
710 67259 72900 65 59870
711 67355 70970 23 41298
712 67573 68066 114 15055
713 67729 71691 67 204799
714 67770 74620 115 269516
715 67772 71055 126 237953
716 67790 69006 119 80579
717 67832 78186 98 329194
718 67952 71233 14 16762
719 67989 70041 71 31133
720 68326 74410 90 431915
721 68340 73758 7 20083
722 68364 72199 130 60873
723 68406 70282 22 6971
724 68408 70251 121 210396
725 68541 87393 92 398381
726 68726 69307 126 44698
727 68759 70527 18 12293
728 68976 71661 95 191419
729 69041 97577 10 196888
730 69101 71777 4 5601
731 69171 70866 67 38794
732 69396 71489 138 87384
733 70162 80345 16 87194
734 70274 76216 109 341584
735 70318 79402 69 195141
736 70355 72523 94 175537
737 70367 70431 30 2007
738 70557 74479 35 111087
739 70706 70856 113 8168
740 70888 79045 35 254614
741 70894 76689 139 497396
742 70925 73173 50 76023
743 71032 74585 148 231835
744 71383 71592 108 14940
745 71403 79439 23 53164
746 71734 71963 8 1349
747 71769 72597 7 1239
748 71914 74979 104 157995
749 71924 75093 54 26244
750 72027 74633 4 12059
751 72081 73492 30 27815
752 72108 75301 113 87805
753 72376 75628 25 19471
754 72480 76017 13 26603
755 72485 78040 98 169149
756 72488 77380 30 45606
757 72712 76697 94 269384
758 72768 73769 89 38978
759 72889 75345 143 233853
760 72894 74059 39 11814
761 73044 75091 20 41938
762 73085 76831 96 145152
763 73109 76512 72 408596
764 73271 78384 30 68724
765 73321 75417 104 132809
766 73343 75735 40 53948
767 73473 74530 19 16542
768 73498 75164 56 88148
769 73588 78344 23 67802
770 73604 79141 29 44071
771 73768 76502 66 24846
772 73800 77455 12 33806
773 73839 81787 81 285544
774 73858 74086 10 2282
775 73874 75194 130 65098
776 73941 80923 126 203767
777 74002 78226 19 26422
778 74006 76459 94 72475
779 74119 78994 130 98264
780 74268 74774 92 22531
781 74412 82603 75 418572
782 74439 77102 56 47300
783 74502 80880 102 138458
784 74533 75977 50 33915
785 74592 76325 26 29245
786 74617 76100 12 14802
787 74772 86179 58 129388
788 74789 75754 139 73201
789 74817 77316 110 122776
790 74889 75247 150 13717
791 75000 75385 37 3505
792 75002 80510 15 33375
793 75157 78536 142 93972
794 75187 78049 33 58336
795 75519 76173 32 13835
796 75607 76463 45 15349
797 75621 88729 141 378127
798 75636 76509 20 5363
799 75680 77482 20 5972
800 75881 76796 111 79967
801 76106 78771 120 118800
802 76127 79703 50 56906
803 76176 83040 46 185678
804 76304 76712 112 40975
805 76310 79951 22 61007
806 76397 76496 17 1196
807 76494 77127 67 7988
808 76499 77678 23 15053
809 76786 77736 19 16966
810 76880 77334 132 28727
811 76925 79059 61 87177
812 77192 79723 22 15692
813 77195 77363 115 11273
814 77213 82787 80 214083
815 77238 79082 6 5435
816 77247 83715 101 448479
817 77318 82443 146 222407
818 77367 78096 132 43962
819 77384 79854 25 36903
820 77395 88225 41 755047
821 77457 92410 10 57015
822 77504 82720 47 45230
823 77590 82172 122 113869
824 77631 85765 11 28206
825 78053 81721 148 414672
826 78256 82388 44 31792
827 78336 81583 100 246127
828 78390 84045 59 349766
829 78405 78791 15 4315
830 78410 86396 73 357445
831 78447 80697 23 13392
832 78806 87722 119 795686
833 79112 80488 84 69795
834 79170 80083 74 37107
835 79400 80856 81 150225
836 79541 85056 9 32307
837 79555 81014 30 15486
838 79619 90794 5 18445
839 79674 81751 46 21885
840 79773 82126 104 40959
841 79776 84513 93 164689
842 79996 85928 54 116244
843 80047 82102 18 27330
844 80135 81711 125 147261
845 80202 82598 6 8646
846 80261 80737 53 10177
847 80399 85947 29 100397
848 80423 85134 11 16686
849 80432 83098 24 29580
850 80541 81558 67 39998
851 80578 83785 5 5217
852 80652 81078 56 10499
853 80960 84630 150 106265
854 81135 83572 88 35732
855 81230 87497 68 198403
856 81296 82650 25 20998
857 81408 82997 8 4339
858 81421 83905 88 45815
859 81631 82031 5 1316
860 81795 87113 49 64640
861 81810 82295 30 8708
862 81820 92657 106 1287615
863 81829 84866 24 53116
864 81842 89597 81 144747
865 81929 83256 113 65243
866 81987 84121 60 69433
867 82068 84970 148 114331
868 82187 92947 97 354165
869 82284 83685 128 99923
870 82297 88999 26 70878
871 82805 87197 34 39807
872 83250 92189 60 406318
873 83391 84111 51 18013
874 83401 88678 21 68342
875 83619 86786 18 23923
876 83928 88425 125 335872
877 84023 86868 99 543852
878 84026 86709 7 8225
879 84055 84909 19 9049
880 84670 90507 7 34045
881 84690 98967 12 32070
882 84713 85621 34 6191
883 84727 90185 43 122431
884 84747 89920 65 66574
885 84749 86187 102 41759
886 84759 84985 43 5117
887 84854 86008 15 9979
888 84906 85777 4 2147
889 84930 86663 125 143503
890 85183 90051 149 172557
891 85213 86988 5 4144
892 85292 93088 18 26650
893 85412 99513 63 414570
894 85431 87733 64 82351
895 85474 87323 114 109988
896 85643 98541 41 241728
897 85900 87961 112 88341
898 85992 90509 125 180398
899 86037 88596 84 179150
900 86306 86430 82 3494
901 86307 89393 50 138593
902 86358 97039 145 1199421
903 86554 89184 63 102161
904 86630 92671 43 90827
905 86789 89192 134 133694
906 86814 90055 6 10336
907 86991 87870 139 54119
908 87056 96821 44 315194
909 87134 87765 20 8437
910 87452 96729 5 26803
911 87477 88213 133 32902
912 87550 89549 4 3470
913 87707 90318 7 7455
914 87710 88799 73 30269
915 87887 91069 21 9792
916 88269 90813 120 54690
917 88344 94067 30 54175
918 88427 97402 20 56165
919 88447 90349 31 44082
920 88460 92418 4 11306
921 88494 91289 110 281687
922 88499 88739 120 13501
923 88512 90462 77 114334
924 88707 89204 60 35917
925 88745 93604 134 574302
926 88859 91655 142 303144
927 88947 89854 12 9281
928 89143 99362 86 503170
929 89300 91743 50 47820
930 89411 92135 73 64005
931 89478 93755 30 36113
932 89647 90465 127 51555
933 89869 93571 78 55147
934 89933 90356 105 43154
935 90112 92542 13 10617
936 90319 90327 67 240
937 90352 95161 149 244932
938 90519 92281 80 55155
939 90529 96677 79 122085
940 90595 91694 36 12996
941 90767 92766 135 106942
942 90916 97904 4 13958
943 90932 92504 110 39376
944 91027 92889 107 33659
945 91361 91671 38 5536
946 91482 92071 134 50847
947 91528 96759 20 92731
948 91597 96368 18 24856
949 91608 93472 132 141867
950 91838 92742 22 39211
951 92003 94957 68 190032
952 92116 94047 136 90803
953 92172 94276 61 26469
954 92173 95047 142 115803
955 92331 93586 146 360486
956 92428 94498 19 17309
957 92500 94507 8 30732
958 92518 95056 7 2185
959 93092 99279 47 114253
960 93111 94695 87 79992
961 93154 93660 11 3675
962 93375 93582 11 2365
963 93563 97067 53 143000
964 93763 97902 99 209958
965 94146 94779 59 31970
966 94163 95780 12 7079
967 94409 97259 70 113003
968 94735 95314 103 22516
969 95052 95208 6 568
970 95240 95528 29 6440
971 95269 97164 146 41084
972 95309 96604 79 58640
973 95352 95859 90 11970
974 95432 95556 93 6420
975 95540 98761 64 41803
976 95605 95686 7 516
977 95819 98772 11 15964
978 95828 96441 22 9312
979 95897 97912 41 20931
980 96104 97184 113 44803
981 96319 98457 40 49132
982 96495 96786 22 1793
983 96588 98489 86 36982
984 96653 97304 54 10516
985 96924 99559 100 28544
986 97044 97630 70 21258
987 97107 98251 42 37291
988 97174 97334 43 6928
989 97378 99179 106 40898
990 97631 99079 147 170449
991 97645 99240 149 150329
992 97766 98302 14 7655
993 98216 98769 48 19760
994 98350 99334 47 59922
995 98495 98801 12 1573
996 98506 99307 42 8857
997 99010 99815 93 58556
998 99088 99302 9 2112
999 99584 99651 28 2173
