50 1000 0.056
.......##.........................................
......####........................................
.....####.........................................
.......#........#.................................
.......#.......###................................
..............#####.....#.........................
................##......#.........................
........................###.......................
......................######......................
......................######.#....................
........................##.###....................
.......................####.####..................
................#..##.########....................
................#..#####..####....................
.#..#...........#..##.##....###...................
.##.#...........#####........#....................
##..#..........######.....................##......
#####...........####.......................##.....
#.#.#...........#..#...................#..####....
.................####.........##.......##.##......
..................#..........###......##..#.......
............................####.....#####........
.............................###.......####.......
..............................##.......#####......
..............................###........##.......
...............................#.........#........
..................................................
....#.............................................
...####...........................................
.####...........................#.................
...###......................###.#.................
....###.....................#######...............
...##......................##.##.##...............
................#..#...##........###..............
................#####...##.....#####..............
...............####.....##.....####...............
....#........######...####.....#####..............
..###.........####.......#.....####...............
..###..........###............###.##.#............
...............######........###..#####...........
..............#####.#..........######.#...........
................####...........######.#...........
.................................#.##.#...........
..................................##...##.#.......
.......................................#####......
..........................##.......##.###.........
.........................###........#####.........
.......................######.......#####.........
......................####.##.......####..........
......................................###.........
0 127 2787 13 24609
1 223 2030 143 76261
2 226 2918 42 67415
3 239 7827 31 297025
4 249 18041 150 1668796
5 547 3267 92 223118
6 562 4615 6 20447
7 620 4228 125 331616
8 640 731 7 469
9 642 12942 33 158883
10 653 12570 37 119644
11 823 4350 124 736832
12 931 2444 11 3617
13 1025 12295 104 562513
14 1041 3965 149 205664
15 1050 20511 30 177380
16 1087 3271 59 120452
17 1128 2849 10 3076
18 1140 3019 55 48447
19 1308 1711 47 8304
20 1344 2560 95 40919
21 1347 2881 133 59969
22 1736 5574 40 42074
23 1794 9315 49 200130
24 1805 3226 10 6720
25 1881 3694 16 16626
26 2018 4011 130 52747
27 2035 4626 57 46827
28 2042 2737 39 21552
29 2117 2716 112 47985
30 2160 2665 55 22143
31 2335 2697 61 19973
32 2394 4387 7 2968
33 2523 6218 17 27396
34 2533 14208 60 286369
35 2707 6424 6 4601
36 2748 5157 37 35452
37 2753 7462 8 15000
38 2768 4952 116 239522
39 2793 6406 12 31558
40 2990 19287 53 526180
41 3473 10524 74 193425
42 3586 3624 78 2703
43 3718 6185 15 11249
44 3732 35803 35 308221
45 3783 8608 41 30431
46 3876 5496 145 58046
47 3920 6623 14 25484
48 3940 7569 54 46769
49 4409 6391 79 66866
50 4566 29484 8 56082
51 4818 10721 12 30313
52 4856 21214 4 59328
53 4898 4991 72 7777
54 4949 11834 7 17480
55 5143 6983 137 379662
56 5460 5975 71 24647
57 5646 8167 6 9025
58 5887 5973 12 395
59 5916 8102 20 10578
60 6090 10238 129 144464
61 6215 10244 36 73975
62 6249 14028 100 203356
63 6439 11463 85 240188
64 6513 11776 96 106634
65 6843 8584 12 18260
66 6986 14627 113 303547
67 7318 11880 78 179713
68 7343 14266 4 34108
69 7420 11179 127 150945
70 7457 12144 80 170350
71 7683 13732 26 67287
72 7707 10141 56 82008
73 7790 20991 109 546930
74 7832 12030 45 38007
75 7891 9218 88 166050
76 7992 21572 28 172922
77 8019 8723 119 22813
78 8127 20411 11 63136
79 8490 8899 29 11498
80 8736 14647 114 231628
81 8769 16979 86 168071
82 8771 19921 37 86695
83 8825 12103 84 160495
84 8981 9317 70 7089
85 9154 14709 38 139028
86 9350 10444 38 33475
87 9366 13733 40 56607
88 9387 19043 56 114348
89 9510 19874 49 82511
90 9585 13489 62 182962
91 9637 20325 150 471671
92 9774 10131 15 1820
93 9948 16903 6 44676
94 10097 10994 25 13483
95 10170 12447 26 49257
96 10175 14413 79 107434
97 10351 27162 27 224035
98 10371 10934 19 2654
99 10435 10691 124 33354
100 10486 13372 129 259724
101 10639 11245 114 39910
102 10738 46785 140 2947175
103 11025 12155 103 20171
104 11124 14644 27 19207
105 11213 14917 62 33551
106 11316 11620 129 35232
107 11605 14190 29 39156
108 11626 20604 116 618744
109 11751 20519 8 21994
110 11850 17556 108 416769
111 11866 16132 9 29573
112 11938 14576 50 48353
113 12180 14214 45 30726
114 12204 13193 7 3292
115 12325 25145 100 343638
116 12404 19488 38 190136
117 12700 13023 12 1324
118 12745 13761 68 35261
119 12746 19739 7 47964
120 12756 16352 14 11941
121 12779 13254 8 3498
122 12825 31592 21 102916
123 12987 18106 16 45618
124 12993 14577 95 56603
125 13013 16162 74 112247
126 13190 22709 5 5558
127 13192 14511 135 15117
128 13237 17752 51 92371
129 13320 29714 28 141050
130 13433 13556 116 14028
131 13614 13619 50 251
132 13708 26076 147 900993
133 13866 51061 109 693672
134 13884 14492 45 5713
135 13930 17760 9 17145
136 13945 17088 4 3363
137 14027 15500 21 24790
138 14030 24781 12 29016
139 14070 24338 101 363820
140 14091 29529 12 84828
141 14173 16844 45 71315
142 14250 20481 78 270585
143 14311 18539 4 7847
144 14347 32557 141 823684
145 14607 22795 5 13826
146 14718 32800 29 197104
147 14901 20276 129 233967
148 15021 16578 10 6716
149 15032 17816 10 22197
150 15398 17676 45 25646
151 15459 17425 132 346178
152 15627 19758 11 17494
153 15884 22815 90 446098
154 15994 22962 25 39541
155 16129 27941 5 56801
156 16194 23910 6 14418
157 16238 29205 33 202612
158 16268 23463 9 14515
159 16276 23264 123 119942
160 16286 16640 75 19836
161 16416 18428 19 31555
162 16710 22534 97 520853
163 16749 18355 81 156050
164 16893 22381 110 611250
165 17171 22023 82 94856
166 17209 21555 18 24685
167 17271 18199 43 17623
168 17275 17346 112 3234
169 17451 18897 21 10149
170 17546 21599 42 78650
171 17586 18868 101 72228
172 17596 27625 109 701985
173 17660 24433 11 24602
174 17726 25123 39 146864
175 17767 19030 93 75971
176 17824 21437 129 245667
177 18012 23420 4 11687
178 18030 19209 96 38622
179 18043 26031 146 708727
180 18068 29503 8 63882
181 18110 18491 63 14625
182 18139 20910 59 64576
183 18632 20692 24 32131
184 18643 18964 114 14041
185 19143 22624 99 244955
186 19163 20245 9 2027
187 19282 28744 79 452825
188 19360 20450 45 25460
189 19386 26271 48 115457
190 19410 23902 71 176386
191 19480 35895 84 416050
192 19658 23365 130 105157
193 19702 21504 133 113348
194 19878 27755 120 429248
195 19888 30902 48 142980
196 19905 24763 26 43080
197 20037 25092 90 171030
198 20064 22193 8 15160
199 20232 23968 42 96918
200 20383 29423 46 110269
201 20828 26694 79 191595
202 20853 21179 89 17751
203 21101 26831 136 541951
204 21233 23387 29 37048
205 21322 22284 148 115061
206 21383 26908 79 111228
207 21395 22969 28 23981
208 21407 25507 140 167965
209 21800 25295 79 255918
210 21936 22396 48 7889
211 22042 32709 72 825709
212 22054 25165 37 63089
213 22103 22752 29 7512
214 22126 34922 45 279661
215 22168 23921 8 18146
216 22466 33670 20 73605
217 22484 30563 99 576477
218 22508 23871 54 72400
219 22513 25823 62 88167
220 22879 39870 138 837966
221 23005 23941 6 551
222 23019 29508 149 495335
223 23028 26419 8 9308
224 23096 23542 15 1044
225 23135 30985 4 33627
226 23199 26520 109 214145
227 23280 28846 69 207406
228 23292 24282 117 74919
229 23359 24204 73 13859
230 23443 47768 44 525237
231 23491 29051 14 33101
232 23531 30461 16 28328
233 23586 38171 14 205057
234 23587 31679 143 256799
235 23769 23989 23 3434
236 23833 28194 21 48432
237 23862 32470 60 96450
238 23969 24503 51 10534
239 24007 24526 113 25242
240 24154 36355 9 50103
241 24490 27238 146 162934
242 24508 25901 18 31268
243 24551 24712 41 2693
244 24630 26576 110 82901
245 24946 33467 41 86687
246 25041 40326 146 1860720
247 25079 30197 30 69088
248 25268 31895 71 179044
249 25704 27777 36 24968
250 25734 35327 37 140340
251 26029 27598 43 15147
252 26195 37851 5 102574
253 26551 26653 36 1096
254 26569 31183 55 353808
255 26600 28361 40 58386
256 26634 27254 54 38191
257 26666 32988 51 81953
258 26718 26921 28 2887
259 26816 27399 121 61711
260 27107 28096 14 3972
261 27141 28299 39 20644
262 27355 27583 50 10059
263 27473 32919 24 87693
264 27524 28311 128 67670
265 27525 31756 12 54383
266 27770 34744 4 5423
267 27831 33171 65 170168
268 27835 28543 8 2653
269 27845 28090 27 4212
270 27860 30879 131 116932
271 28109 29561 65 94765
272 28233 38163 68 187806
273 28379 40641 52 124124
274 28383 29878 64 98597
275 28451 29169 24 8239
276 28468 31159 28 29003
277 28557 39489 15 58343
278 28640 28697 19 622
279 28713 29147 134 27785
280 28774 29166 4 615
281 28796 30804 92 107603
282 28839 32138 6 3466
283 29137 30436 72 28116
284 29180 34275 8 15724
285 29209 34616 20 61697
286 29266 32609 89 155638
287 29462 39391 101 379316
288 29604 48247 45 139425
289 29693 35939 20 95509
290 29701 29835 110 7428
291 29824 32665 106 175443
292 29852 35038 33 72310
293 30019 35493 126 188188
294 30024 30604 6 1205
295 30073 40062 12 49524
296 30369 33593 5 14518
297 30573 34998 46 117716
298 30632 36602 82 157990
299 30731 34768 119 151070
300 30818 33824 50 69913
301 30877 32048 6 3689
302 31011 37969 50 71182
303 31023 32272 143 199728
304 31086 34931 28 30673
305 31166 43971 29 83103
306 31181 34533 82 160459
307 31202 33164 121 212010
308 31392 36793 5 20356
309 31439 34925 102 245498
310 31584 35076 142 104686
311 31686 36185 92 311416
312 31708 32790 29 4276
313 32147 40768 35 222324
314 32172 34648 40 10332
315 32180 47771 145 441552
316 32439 43899 45 211688
317 32497 38354 5 9972
318 32525 37220 16 32587
319 32825 38377 22 24150
320 32937 46480 8 69708
321 32979 33158 128 17806
322 33123 33865 11 6081
323 33155 53608 37 467715
324 33222 39481 77 87753
325 33253 35372 149 116048
326 33267 39803 27 67356
327 33619 35762 22 12288
328 33630 36024 56 69074
329 33645 36140 149 213064
330 33726 36538 5 15686
331 33740 46239 60 281334
332 33907 43379 102 226789
333 33936 34488 123 37232
334 34086 34963 45 11888
335 34193 41279 39 233394
336 34207 34216 15 115
337 34393 41208 14 38112
338 34515 44032 118 393362
339 34839 38564 141 178853
340 34847 37207 33 27675
341 34974 41903 141 280520
342 35190 39344 13 8688
343 35257 43701 43 291114
344 35259 35398 18 1696
345 35293 37370 32 12697
346 35369 38871 96 110881
347 35371 35416 69 700
348 35386 35669 115 23898
349 35565 37613 113 162933
350 35579 43473 5 28884
351 35621 36703 13 7968
352 35650 41171 133 404107
353 35691 39422 74 120659
354 35736 38558 8 10735
355 35763 41522 99 64067
356 35893 39112 41 120872
357 35904 43120 41 69381
358 35905 43916 118 204944
359 35945 36821 99 73431
360 36139 46907 29 209615
361 36294 39282 99 33625
362 36326 41563 69 218744
363 36571 37176 9 1268
364 36612 37409 115 85679
365 36620 36913 67 7364
366 37203 41326 62 104510
367 37228 38997 90 100963
368 37359 40040 74 78083
369 37408 38903 112 81733
370 37424 41997 126 385606
371 37518 46957 24 123907
372 37705 58125 125 1847056
373 37706 38138 136 94823
374 37719 39378 135 258735
375 38026 38786 77 37932
376 38067 38787 34 14701
377 38149 45731 149 144928
378 38185 46156 51 366563
379 38200 38579 15 2900
380 38251 38776 43 10603
381 38262 38322 27 750
382 38402 41795 122 164281
383 38415 42369 131 286154
384 38526 41040 102 89682
385 38741 55439 10 37839
386 39065 42362 127 138646
387 39103 48695 127 608328
388 39303 40876 20 19349
389 39332 42745 66 68011
390 39472 40090 105 58022
391 39498 46523 13 70612
392 39527 39911 86 25522
393 39738 49023 26 80088
394 39818 42148 92 152833
395 39833 58999 30 448997
396 39843 42497 19 50668
397 39924 41082 38 31335
398 39932 48039 56 180752
399 40033 42614 117 134219
400 40078 40939 33 7338
401 40234 41960 15 19698
402 40316 40884 27 10068
403 40345 40643 73 16594
404 40353 41946 24 19192
405 40380 46577 12 93537
406 40440 40644 45 11572
407 40548 41598 53 16642
408 40575 46427 85 246526
409 40771 51764 60 163458
410 40880 52012 42 140007
411 41209 43518 102 38828
412 41580 41749 74 14000
413 41629 48588 101 100230
414 41667 41705 15 396
415 41780 47813 136 203182
416 42013 53887 112 295229
417 42040 49335 144 784413
418 42367 45304 133 224824
419 42443 46500 134 186515
420 42520 50477 7 25529
421 42596 47053 31 54024
422 42665 42985 18 4842
423 42675 51157 66 435774
424 42695 45115 120 164968
425 42701 46494 67 106681
426 42729 45089 19 10044
427 42831 44317 17 21098
428 42837 42873 9 476
429 42885 48606 105 743426
430 42926 46402 19 25890
431 42936 51497 49 168642
432 42965 46517 99 96752
433 43078 48448 46 143771
434 43085 50845 11 97767
435 43220 44550 12 5981
436 43338 44486 77 23043
437 43400 47295 124 220048
438 43583 55022 22 75693
439 43618 44575 35 9953
440 43799 48834 116 317095
441 43845 44949 44 28827
442 43861 46878 117 200448
443 44022 45201 126 38974
444 44180 46767 43 43859
445 44251 49282 8 30161
446 44337 50739 135 312800
447 44555 46945 129 88459
448 44592 46560 26 41714
449 44625 51023 58 181387
450 44684 45030 12 6075
451 45084 45759 103 33004
452 45090 60726 22 158349
453 45233 63283 20 232606
454 45361 57110 75 367677
455 45439 52204 93 157792
456 45650 70225 123 4218130
457 45758 47912 6 5965
458 45809 50401 18 51017
459 45900 56547 19 41160
460 46117 47361 128 113113
461 46192 48058 91 44797
462 46288 48170 115 85413
463 46298 48090 93 22506
464 46496 46599 23 1122
465 46516 49706 79 221830
466 46676 47034 21 6718
467 46731 52912 7 5436
468 47003 48489 83 42537
469 47150 48693 35 40720
470 47244 55904 7 26141
471 47271 51348 64 98271
472 47402 53133 34 50701
473 47508 58051 28 211353
474 47668 52240 92 136056
475 47849 51915 17 57752
476 47894 54346 38 123779
477 47999 49310 143 50766
478 48027 57779 43 145136
479 48136 56076 110 400656
480 48216 50073 99 187336
481 48249 52811 113 196571
482 48425 49852 12 11576
483 48434 48811 54 5481
484 48467 49911 4 3410
485 48470 49116 58 15534
486 48507 48640 24 775
487 48511 67095 10 42810
488 48584 51304 69 98843
489 48917 49239 136 43459
490 48933 67001 53 161213
491 48948 51640 28 73174
492 49011 53448 55 150465
493 49223 51756 137 146740
494 49297 51817 9 4246
495 49336 50171 75 34231
496 49414 49717 36 5206
497 49635 54494 141 141985
498 49688 50176 7 1479
499 49742 53605 28 32172
500 49748 59873 46 438403
501 49854 61840 77 362520
502 50084 51037 75 87614
503 50151 73325 126 380333
504 50237 51453 4 2839
505 50327 55031 8 9303
506 50354 50662 130 18088
507 50482 53185 64 65902
508 50598 59296 9 75470
509 50670 56771 42 203936
510 50688 56921 35 46173
511 50701 70889 53 672700
512 50747 57299 21 87301
513 50850 57239 10 44129
514 50879 50967 70 4119
515 50900 52376 38 62023
516 50991 51630 130 51916
517 51057 65746 105 272422
518 51081 53372 112 92735
519 51344 52220 7 2767
520 51392 53769 28 42635
521 51594 56353 117 131975
522 51742 60613 25 101835
523 51780 52789 15 6527
524 51890 52030 142 28775
525 51899 65382 22 307513
526 51922 53347 134 58833
527 51983 54203 21 15246
528 52052 64007 4 19875
529 52155 58391 8 22371
530 52374 56053 63 251020
531 52473 76884 4 47787
532 52515 56814 68 108808
533 52668 54450 15 9759
534 52758 57726 66 180371
535 52890 53822 31 5371
536 53266 55649 114 184397
537 53329 56543 27 53044
538 53410 55762 149 214598
539 53420 58238 40 154379
540 53499 53735 14 2570
541 53507 53614 5 246
542 53666 74829 150 1348461
543 53733 58863 7 7191
544 53804 54122 56 23833
545 53821 54125 9 1713
546 54161 60117 30 83261
547 54260 61680 7 30707
548 54290 56792 58 53611
549 54341 58252 11 18606
550 54425 55847 68 55188
551 54427 57216 35 24145
552 54496 56429 85 133270
553 54710 56300 67 34140
554 54741 57439 11 7422
555 54750 61624 36 72338
556 54779 58883 111 222006
557 54944 58484 104 340444
558 54951 64641 117 347457
559 55122 58261 37 36275
560 55156 59669 39 121460
561 55217 55370 36 1869
562 55235 66726 76 393251
563 55286 56648 82 101143
564 55335 57395 55 27645
565 55367 59711 145 504671
566 55512 59695 7 7675
567 55623 55737 26 1152
568 55673 58640 43 69150
569 55829 55884 24 1675
570 55883 59240 59 111184
571 56072 60310 54 153867
572 56143 61069 8 11865
573 56169 58194 23 12445
574 56407 61821 76 139859
575 56417 57108 113 39853
576 56506 62991 74 308291
577 56612 57974 4 2100
578 56677 57639 47 11311
579 56688 59639 75 76388
580 56689 58656 15 32319
581 56718 57567 88 48410
582 56944 60528 44 141173
583 57192 58144 37 17650
584 57315 59582 123 201019
585 57339 63124 26 29230
586 57408 63492 13 20443
587 57473 58396 100 40507
588 57477 57821 29 1666
589 57960 60407 17 10764
590 57967 70070 54 614418
591 58055 63104 37 78178
592 58099 65820 19 76499
593 58170 59727 108 177592
594 58293 60598 77 96203
595 58326 66731 28 33298
596 58345 67329 15 33038
597 58487 61649 16 9136
598 58517 60067 50 17491
599 58537 65323 56 132209
600 58599 64185 25 59679
601 58798 58833 88 2302
602 58822 60138 41 24888
603 58926 62002 31 32197
604 59008 61923 23 16919
605 59158 61236 148 134198
606 59177 63188 10 11338
607 59201 67349 5 14680
608 59258 60949 4 1545
609 59635 63092 32 52268
610 59739 65429 11 27358
611 59823 63528 142 236172
612 59850 62443 149 126439
613 59929 74943 17 102956
614 59955 60295 128 44677
615 59990 61086 147 91276
616 59998 62721 8 7197
617 60109 72853 107 523653
618 60180 60781 142 26414
619 60192 61681 73 53979
620 60250 67426 9 21223
621 60426 62458 110 130700
622 60833 63832 4 3067
623 60883 60927 18 348
624 60903 70024 121 631143
625 60975 63323 104 159105
626 60986 70610 150 609566
627 61024 63386 85 96176
628 61319 70945 36 128386
629 61481 66914 115 275237
630 61723 73490 6 23617
631 61819 62166 116 63796
632 61859 62756 59 21817
633 62003 65066 21 23412
634 62060 65942 80 125824
635 62069 68371 8 23817
636 62154 62260 32 4837
637 62265 62898 5 6933
638 62355 64515 114 127050
639 62477 62960 30 7078
640 62564 68077 40 42071
641 62591 72530 45 309991
642 62697 67814 7 9210
643 62740 63943 4 1547
644 62787 66951 41 75063
645 62834 65784 30 52332
646 62886 65273 17 17852
647 62970 63307 7 1442
648 62984 64428 110 47308
649 62985 67389 73 252976
650 62994 69885 119 282329
651 63003 64951 45 11934
652 63232 73356 21 135577
653 63237 66060 18 41113
654 63374 64877 32 15746
655 63415 66906 143 298099
656 63450 69976 32 366613
657 63476 64059 15 3186
658 63507 74597 126 645861
659 63530 69233 73 726383
660 63550 65100 136 42614
661 63565 64542 17 3723
662 63784 65194 142 333923
663 64013 65552 14 5738
664 64038 68257 58 101048
665 64091 64744 66 28665
666 64159 71258 48 259522
667 64246 65532 143 108290
668 64294 65683 89 66287
669 64450 73793 31 59171
670 64563 66120 34 15044
671 64707 65369 25 14838
672 64863 64981 125 26969
673 64906 67368 100 193832
674 65122 72915 22 75009
675 65174 65793 36 11674
676 65237 70165 106 123630
677 65316 78843 117 768930
678 65447 87789 25 211335
679 65452 67250 100 48049
680 65457 72956 136 691816
681 65504 66977 6 3032
682 65525 65581 105 13122
683 65545 73404 23 36076
684 65550 69868 72 112404
685 65712 66376 122 78139
686 65838 65874 103 2444
687 65902 66990 87 33798
688 65959 72849 13 25223
689 66092 69788 101 123980
690 66429 71203 25 70672
691 66508 74809 10 58907
692 66536 78047 60 368840
693 66685 71501 51 128095
694 66688 79383 102 783659
695 66699 76437 88 871358
696 66824 69923 41 52978
697 66844 68079 69 105716
698 66982 72248 48 99295
699 66988 69598 138 146092
700 67170 67601 8 4740
701 67292 70261 33 16157
702 67343 67819 66 7507
703 67600 68002 134 11292
704 67695 73461 8 12510
705 67789 68112 138 26624
706 67919 77962 14 37102
707 68018 69706 30 11532
708 68044 74879 18 88057
709 68082 68826 4 1108
710 68161 74728 138 273832
711 68282 68613 8 691
712 68526 69411 97 34955
713 68752 76083 29 108103
714 68961 70447 18 12494
715 69042 69928 60 22017
716 69060 74604 67 278668
717 69092 84447 39 110022
718 69096 75397 74 234557
719 69155 90540 8 137190
720 69202 70149 62 34207
721 69367 81299 62 328849
722 69417 70824 67 33489
723 69690 69717 141 1556
724 69709 73859 99 78270
725 69843 72831 17 25472
726 69947 77691 132 195674
727 70123 71066 125 62753
728 70277 71352 49 15935
729 70296 75763 21 35128
730 70412 81339 31 176897
731 70484 83496 23 453195
732 70493 73039 63 65552
733 70520 72069 38 83021
734 70596 72454 68 188465
735 70677 76322 11 16472
736 70726 83441 107 785899
737 70732 72687 21 23226
738 70788 71619 90 24648
739 71015 71338 44 9035
740 71022 79332 99 240494
741 71237 75037 106 212483
742 71267 72262 143 72002
743 71444 78729 7 33511
744 71510 73441 35 30277
745 71560 72626 145 55820
746 71635 72297 6 2746
747 71738 80576 24 72246
748 71773 76511 32 34594
749 71849 72531 55 13035
750 71969 78007 148 195587
751 72040 76311 11 20224
752 72081 76770 103 105433
753 72252 73520 85 30292
754 72459 82084 35 119201
755 72644 73507 105 83910
756 72668 77148 16 30231
757 72704 73162 8 2046
758 72758 73033 84 16082
759 72761 81325 135 260120
760 72767 82058 134 565591
761 72928 79768 10 16012
762 72973 75341 66 84192
763 72992 73063 111 8591
764 73021 80297 26 145943
765 73139 75264 12 28896
766 73157 73741 32 10132
767 73174 75569 86 80550
768 73189 84291 18 87447
769 73257 85106 11 10640
770 73345 78146 90 99509
771 73505 83410 14 124996
772 73626 75203 7 5803
773 73736 74833 43 32499
774 73812 82829 19 65882
775 73869 75556 74 85616
776 73965 76000 108 138501
777 74048 91443 93 305758
778 74191 77773 80 81942
779 74609 81957 38 104935
780 74818 75878 96 16233
781 74890 84815 110 1156917
782 74909 77208 5 8754
783 74926 88806 125 556325
784 75062 80124 9 23756
785 75077 75633 13 2928
786 75335 75498 5 1232
787 75610 75731 15 974
788 75619 75837 46 3732
789 75666 80012 66 60425
790 75714 75879 35 1298
791 75969 94913 92 256205
792 76060 84855 137 553708
793 76165 81995 4 4653
794 76345 77338 80 20528
795 76372 77044 6 6224
796 76384 85559 149 471315
797 76460 76532 79 2553
798 76639 94445 125 827143
799 76707 77981 53 23795
800 76951 87656 144 154662
801 77042 77932 72 42502
802 77077 80829 72 59318
803 77235 82081 24 71030
804 77298 90161 55 115988
805 77371 92902 41 112337
806 77379 79045 18 21807
807 77396 79935 31 30075
808 77425 97036 89 994611
809 77535 79439 60 41349
810 77562 84023 55 74406
811 77578 79867 26 71662
812 77827 82689 94 320493
813 78096 79126 6 1585
814 78126 79921 57 87944
815 78274 91220 12 150634
816 78289 78550 38 5408
817 78419 85629 54 68663
818 78569 80671 6 8946
819 78610 79461 148 63601
820 78773 79738 40 19237
821 78862 80067 127 50726
822 78991 91897 127 484829
823 79200 79941 12 2394
824 79201 80655 117 189057
825 79272 93742 68 479986
826 79277 83869 19 30200
827 79363 80949 138 29367
828 79372 81701 146 67091
829 79464 82012 11 12135
830 79519 84003 7 12852
831 79533 79930 95 20023
832 79606 86818 27 93180
833 79615 82371 5 2120
834 79638 85095 122 253301
835 79652 80013 44 5960
836 79770 80592 32 5989
837 79851 85753 10 33746
838 80023 80039 34 373
839 80240 88758 38 171586
840 80320 84757 64 142355
841 80496 83223 101 151278
842 80579 90164 117 708236
843 80580 93211 12 71303
844 80679 85666 20 23394
845 80695 81222 113 49849
846 80879 81732 53 22411
847 80911 82732 128 126622
848 80920 82967 147 89674
849 80954 81962 38 70487
850 81240 81265 26 2344
851 81281 86407 133 678272
852 81436 82091 129 49150
853 81480 85757 13 22792
854 81761 82167 53 14742
855 81813 88550 123 277660
856 81883 83090 30 16417
857 81968 83912 22 12225
858 82101 96415 42 151149
859 82160 84551 113 306175
860 82340 98569 109 898634
861 82373 84967 61 36773
862 82389 98345 7 27741
863 82428 85065 76 102994
864 82505 88345 11 13486
865 82546 83381 23 11771
866 82582 89093 29 56835
867 82668 86622 26 67539
868 82934 85071 126 542713
869 82943 88358 140 1028195
870 83061 83651 22 5954
871 83099 87778 55 88481
872 83205 89719 62 153411
873 83379 89803 139 261621
874 83453 84906 6 3320
875 83586 99916 115 770324
876 83605 85919 100 79672
877 83623 86761 85 104552
878 84027 84437 35 10235
879 84048 86922 46 55929
880 84293 84750 9 1182
881 84307 85712 20 4225
882 84409 84941 41 14437
883 84469 89884 75 155451
884 84606 89633 55 97855
885 84697 88637 106 113744
886 84820 84955 55 3293
887 84904 87047 28 8092
888 85093 87488 100 79525
889 85187 89991 4 9264
890 85203 86695 14 13404
891 85429 87043 65 73736
892 85447 93017 60 357085
893 85562 89596 58 175336
894 85592 87291 19 17354
895 85858 91622 87 327544
896 85988 91775 57 124316
897 86164 88508 20 64405
898 86188 96853 79 351715
899 86228 86693 14 1957
900 86324 89040 47 51186
901 86516 88357 87 142495
902 86667 95222 140 343140
903 86671 87797 133 52300
904 87124 91111 88 80076
905 87126 89102 143 127772
906 87284 89074 91 67423
907 87391 93436 30 71432
908 87471 88677 83 72287
909 88059 99341 98 625310
910 88137 91803 22 25735
911 88198 90951 40 111846
912 88217 88569 58 9348
913 88317 90181 49 42877
914 88368 90285 125 163857
915 88370 99538 6 16348
916 88450 89240 106 45816
917 88457 89307 20 7452
918 88464 98849 42 366957
919 88708 90546 12 12759
920 88713 91402 4 4391
921 89035 98425 27 98684
922 89117 91248 21 23998
923 89210 90677 22 17139
924 89362 89599 103 23437
925 89575 89829 95 24381
926 89637 96840 13 50865
927 89765 95390 35 60223
928 89860 94714 19 61389
929 89882 95484 86 267651
930 89916 92398 30 62191
931 89965 90993 102 68599
932 90048 90798 14 6167
933 90071 92802 84 87773
934 90375 90844 53 18302
935 90418 91070 63 17276
936 90702 91613 35 27895
937 90855 92856 116 113082
938 90897 94012 120 221474
939 90981 95553 134 201276
940 91112 94461 97 91407
941 91266 91456 128 15415
942 91267 94872 25 40217
943 91341 97191 6 24017
944 91500 94495 136 197749
945 91611 93124 124 44462
946 91770 94123 105 60674
947 91778 95540 75 311039
948 91860 94527 23 15687
949 91946 92638 67 24197
950 92030 94389 18 39924
951 92046 98746 121 324894
952 92050 93828 26 18770
953 92331 98212 18 38852
954 92391 95599 37 62966
955 92509 96244 128 362289
956 92529 96329 10 9028
957 92595 95917 112 278604
958 92657 94398 102 29324
959 92725 98699 83 339752
960 92752 93958 32 31725
961 92796 93267 82 25567
962 92797 93650 47 27931
963 93112 95607 100 83229
964 93365 98534 150 213730
965 93842 94157 33 5614
966 93867 96003 24 22691
967 93921 97043 46 83424
968 93922 97492 15 20347
969 93930 95788 16 17965
970 94042 95564 14 13756
971 94453 94560 53 5923
972 94467 97414 54 106785
973 94722 96741 30 53586
974 94792 98130 18 29375
975 94920 98001 26 57634
976 95080 97324 143 162977
977 95084 95363 94 13710
978 95371 95623 80 11617
979 95392 98786 125 200108
980 95448 97682 19 25432
981 95511 95544 30 463
982 95953 96464 46 8670
983 96010 96666 7 1348
984 96433 97486 121 61556
985 96474 98344 127 83229
986 96554 99575 149 129444
987 96562 97954 114 33408
988 96615 99012 8 9571
989 96750 99347 128 68787
990 96837 97690 49 12313
991 96964 99920 65 230154
992 96988 99501 7 4764
993 97221 99331 54 52441
994 97491 97822 95 38473
995 97535 99168 7 5967
996 97815 99313 41 81152
997 98218 99061 27 6144
998 98541 98663 6 706
999 99120 99951 58 14231
