50 1000 0.007
.....#######.........#..........########...#######
....#######........#.#..#.......#######..########.
.########.#.......#####.#.......#.#######.######..
#.########.........####.#..........####..########.
##########..#..#....######.........##.######.####.
.######.##.###.##.########.........##..###########
.##########################.........#....######.#.
#########...################.........##.##########
####..#.#.##################..........#####.####.#
####.#####..#.##############..........############
.####.#.##...####...###.####............##########
###..........#.###.#######.#.............#########
............##.###########...............##..#####
............#############.................########
.............##########.#...............####.#####
.............##..######..................#########
................#######...................##...#.#
..............#########..........................#
..................#.#.............................
..................#...............................
#.................................................
#.....................................#...........
#.....................................#.#.........
###...................................####..##....
#.#...................................###..###....
###.##..................................######....
#######...............................#######.....
#####..................................###.###....
#####.................................#.########..
####................................###########...
.###...............................###.#####.###..
######............................#############...
...###............................##############..
....##.............................#.#####.##..###
................................##.###########....
.................................###.#.#######....
.................................############.....
..................................#########.##....
...............................##############.##..
................................###############...
.................................#.###.#######....
..................................############....
....................................##..#.####....
...................................##..#######....
...................................##...#####.....
...................................#....####......
........................................#.###.....
.......................................###.##.....
.......................................###........
..................................................
0 22 10164 96 160311
1 251 2770 129 69632
2 306 3565 15 23892
3 622 36527 16 105008
4 681 2513 82 110350
5 891 18076 70 340871
6 1253 21885 135 891349
7 1368 31308 145 4146457
8 1384 22628 79 3230598
9 1392 2104 6 2708
10 1418 17400 31 212609
11 1475 11986 84 200010
12 1675 1783 6 213
13 1788 3154 78 58443
14 1826 6991 49 189236
15 1899 2225 88 22217
16 1934 2715 129 87567
17 2056 16543 109 1846655
18 2240 2249 22 139
19 2437 10389 29 73346
20 2464 4721 17 9917
21 2599 10328 23 47231
22 2898 10694 92 513649
23 2920 4959 11 6337
24 2971 8946 58 73984
25 3278 8145 21 46734
26 3342 9518 17 41096
27 3404 7079 95 146343
28 3529 4108 13 3380
29 3837 17691 30 163818
30 3845 18809 7 33479
31 3965 12185 6 21407
32 4081 16936 105 761675
33 4121 18630 28 98249
34 4149 12748 87 284906
35 4238 6733 143 56175
36 4264 5903 17 19944
37 4509 4708 20 1633
38 4521 10885 29 108216
39 4591 4714 50 3173
40 4620 5971 84 148727
41 4645 22554 82 342801
42 4858 20650 5 123090
43 4910 11001 142 269652
44 5015 6998 146 478055
45 5075 13537 38 121172
46 5238 6040 10 5283
47 5260 5534 120 18350
48 5334 13149 15 66606
49 5389 9986 125 967864
50 5417 6818 138 180730
51 5448 14994 85 273954
52 5501 8916 7 17208
53 5508 7343 25 15565
54 5523 8224 40 38330
55 5634 18894 95 433558
56 5856 17615 96 838644
57 6067 20431 146 1337646
58 6084 10110 130 404432
59 6203 7985 29 29565
60 6217 12033 21 64926
61 6408 7617 71 40464
62 6525 34981 94 2041840
63 6799 10027 26 26615
64 6842 8969 16 23350
65 6926 8764 83 34416
66 7100 11847 41 56073
67 7196 13007 26 85962
68 7253 26969 48 240088
69 7356 14589 121 128758
70 7386 9826 39 20120
71 7391 13431 106 262369
72 7551 8645 12 7359
73 7742 24537 54 103899
74 7858 8196 54 12428
75 7863 23511 44 141677
76 7871 17958 22 36687
77 8013 12532 73 105699
78 8182 21185 56 136644
79 8199 29769 97 1312777
80 8216 9622 13 16370
81 8240 26445 23 213330
82 8485 14048 50 137584
83 8503 21234 13 68926
84 8542 21732 75 197657
85 8571 9702 65 35000
86 8596 16236 115 765492
87 8698 11429 106 145664
88 8700 14942 30 72698
89 8720 16256 20 25492
90 8828 21757 68 479765
91 8970 16286 5 28283
92 8979 12421 12 8739
93 9041 17556 5 9904
94 9092 11581 19 23979
95 9203 13092 24 44832
96 9233 17044 94 514588
97 9372 25481 92 1024327
98 9400 25513 84 724787
99 9503 12015 48 39941
100 9706 16950 111 194577
101 9722 11811 64 157726
102 9751 10561 28 9051
103 9802 14720 89 338624
104 9809 20159 113 597587
105 9830 19252 70 316412
106 10001 21440 27 208535
107 10271 26553 9 102982
108 10292 13052 125 62562
109 10471 20962 20 78212
110 10629 22521 132 1192315
111 10852 29137 12 91154
112 11086 16133 5 25405
113 11158 12855 81 145633
114 11187 12881 10 5428
115 11379 23708 77 381293
116 11382 22572 7 42473
117 11411 39113 34 380451
118 11424 17181 21 42445
119 11487 34384 7 187395
120 11518 23658 79 355493
121 11675 37825 23 114398
122 11752 12736 9 2963
123 11879 17518 50 76017
124 11956 24006 34 129279
125 12179 12923 86 20651
126 12228 30314 16 101697
127 12443 15328 124 197443
128 12467 20727 50 274508
129 12640 23422 89 270868
130 12964 17428 96 110820
131 13113 18556 75 157324
132 13247 20678 18 160833
133 13280 21384 99 208138
134 13637 19538 131 282347
135 13709 27887 25 74560
136 13727 27522 49 108675
137 13732 18301 7 13243
138 13775 21698 36 156753
139 13781 17972 94 183077
140 13784 16321 47 27025
141 13955 30915 65 326037
142 14014 24891 36 151126
143 14171 14276 53 6108
144 14192 29351 6 44213
145 14268 14977 76 56375
146 14358 16308 64 72292
147 14731 24609 69 388283
148 14877 37235 11 56007
149 14937 15822 20 7509
150 15025 20458 22 38202
151 15042 31027 5 61168
152 15349 18980 4 9011
153 15391 30793 51 150841
154 15399 59424 62 2139653
155 15478 24703 139 631372
156 15494 16208 43 12691
157 15554 25350 7 5979
158 15737 28552 89 306499
159 15763 32269 85 313940
160 15810 17010 54 10086
161 15814 18099 7 5276
162 15879 18002 76 53070
163 16249 18914 68 56631
164 16309 17128 23 7414
165 16504 19480 51 88768
166 16813 26271 77 289456
167 16868 50884 116 2516312
168 16873 66438 42 809523
169 16891 17474 40 8342
170 16909 18527 15 15136
171 16938 29302 92 382578
172 17045 18709 76 48014
173 17072 31660 139 698202
174 17091 19935 150 272314
175 17108 22163 87 176976
176 17162 19350 40 56404
177 17272 20530 11 13805
178 17282 21729 139 462322
179 17385 21478 137 166787
180 17524 18797 19 6774
181 17600 43677 25 221085
182 17711 32707 16 88303
183 17762 19536 28 13769
184 17832 25824 49 168047
185 17955 20198 29 26547
186 18028 43447 129 1466629
187 18128 26877 49 220027
188 18143 19009 16 9816
189 18166 30723 111 265522
190 18407 56022 105 1421922
191 18438 23473 102 190038
192 18469 23594 5 35213
193 18638 21468 15 13945
194 18682 20788 6 6526
195 18756 35017 40 106041
196 19014 19072 7 317
197 19120 24948 119 714272
198 19153 20797 87 124376
199 19178 31777 9 18709
200 19184 24605 24 47223
201 19327 24404 62 199241
202 19338 33973 74 711255
203 19481 22621 9 8812
204 19601 21188 4 8388
205 19709 24879 126 568160
206 19724 40123 84 1016585
207 19745 26686 119 504988
208 20003 45431 48 320686
209 20049 44541 94 912792
210 20050 28814 11 50349
211 20201 21828 37 23790
212 20264 48116 55 319198
213 20346 30366 18 153448
214 20411 30891 78 1333546
215 20475 33377 117 509724
216 20521 22795 46 41993
217 20542 23874 141 236514
218 20590 39232 80 839292
219 20660 26013 141 900586
220 20714 27304 110 309483
221 20730 21436 7 2433
222 20988 36313 135 996039
223 21042 21542 104 36675
224 21122 26511 21 69116
225 21127 23199 79 65388
226 21305 25599 10 23527
227 21375 36792 55 156685
228 21547 21578 100 1482
229 21666 24792 24 82254
230 21754 27479 133 443726
231 21781 37872 109 808537
232 21832 23821 110 72692
233 21837 24108 41 100089
234 21954 31729 123 464525
235 22070 35248 9 48430
236 22075 30475 5 29237
237 22087 32859 135 538253
238 22184 33451 46 249305
239 22206 30234 7 16954
240 22558 37008 96 442263
241 22662 43691 90 303599
242 22921 23331 137 32838
243 23004 23103 116 14932
244 23098 29745 8 33001
245 23323 33137 46 63759
246 23357 27834 65 267045
247 23527 26802 102 126297
248 23568 38506 69 189387
249 24181 24935 61 80951
250 24320 26732 52 26933
251 24496 38396 126 692122
252 24582 27972 78 115289
253 24590 53183 17 271470
254 24625 42634 74 414048
255 24697 34999 6 9151
256 24707 28769 14 36967
257 24737 31881 6 9866
258 24828 40669 130 614108
259 24853 26594 29 11210
260 24918 34570 87 169056
261 25071 55422 43 210024
262 25106 25730 14 10804
263 25232 46488 128 1825613
264 25472 58897 27 244487
265 25678 35806 144 398773
266 25739 36548 5 25926
267 25791 31812 31 60279
268 25802 32009 22 46970
269 25812 30166 24 67518
270 25939 33316 44 581628
271 25948 26801 69 20416
272 25956 29139 48 111759
273 25981 28073 63 35611
274 26053 60862 135 4004510
275 26081 41743 32 119285
276 26204 26608 100 12006
277 26248 31502 25 21284
278 26360 35918 37 178914
279 26537 27392 17 4599
280 26540 32431 42 94720
281 26690 27448 76 36399
282 26774 29151 57 41830
283 26875 34122 14 33626
284 26882 36173 96 149729
285 26945 31737 26 65502
286 26954 29678 21 20619
287 26958 32914 24 181154
288 27005 27284 107 15438
289 27038 53008 40 215666
290 27237 35942 5 10078
291 27337 27679 110 29181
292 27339 34305 148 282779
293 27381 34055 127 333902
294 27654 34685 148 1083915
295 27773 40010 91 523795
296 28014 35094 97 291576
297 28133 31031 134 77802
298 28197 32326 126 209445
299 28247 29241 33 8426
300 28415 39429 112 649407
301 28419 37715 133 964378
302 28456 32766 101 138158
303 28492 40106 20 115820
304 28519 33697 19 65068
305 28878 40811 25 218601
306 28893 31344 23 36181
307 29014 29706 25 10365
308 29045 30342 38 7844
309 29058 30227 117 121056
310 29089 32195 75 167940
311 29189 34824 86 109371
312 29236 32457 134 159073
313 29347 48387 28 110398
314 29365 31958 81 125917
315 29371 36196 11 20304
316 29391 39872 148 409922
317 29455 38037 128 1209502
318 29641 30003 82 13787
319 29698 74259 8 35519
320 29781 37835 69 295571
321 29788 43572 53 457391
322 29853 35001 6 11834
323 30002 43735 85 436364
324 30044 42751 45 263186
325 30167 47720 107 359048
326 30316 59963 7 77162
327 30430 48372 15 84907
328 30447 37409 129 573160
329 30453 33800 132 158018
330 30466 36508 21 59768
331 30507 77698 41 1349699
332 30658 48989 24 127078
333 30803 60842 86 394704
334 31232 36040 136 320062
335 31369 31604 140 19679
336 31468 51590 8 30045
337 31669 42105 37 101392
338 31688 35793 49 63317
339 31801 32733 83 29418
340 31955 38982 23 143698
341 32010 49343 42 347703
342 32171 34689 134 77275
343 32204 34311 32 77443
344 32232 33716 91 99333
345 32304 45793 51 119774
346 32475 35903 8 19428
347 32477 47516 97 715808
348 32500 51255 23 208313
349 32519 42832 71 351706
350 32552 45380 138 376673
351 32596 55047 37 204121
352 32618 35021 108 138458
353 32670 33450 10 8614
354 32741 36682 120 289766
355 32754 51692 5 24868
356 32788 34182 132 134606
357 32863 34830 28 34233
358 32973 57622 46 530547
359 33146 33871 100 36625
360 33376 49622 94 418432
361 33398 47823 92 909201
362 33449 38631 60 260494
363 33502 34074 37 10734
364 33568 36561 7 11718
365 33597 48426 62 371623
366 33605 50834 138 376853
367 33805 35199 19 27334
368 33943 44168 14 49636
369 34273 40972 20 35768
370 34278 43924 145 672488
371 34385 34565 68 5522
372 34397 43569 108 516038
373 34418 35276 24 7926
374 34538 36209 75 227407
375 34601 39193 149 547422
376 34811 37374 77 112115
377 34896 52452 16 241839
378 35062 35517 33 10241
379 35067 50476 53 147041
380 35300 38902 6 47160
381 35303 45017 25 108475
382 35309 35862 85 12607
383 35406 63825 35 467753
384 35450 47934 14 62659
385 35703 55221 55 585409
386 35855 37730 9 23649
387 36174 36669 101 18566
388 36264 42743 15 24470
389 36283 36592 13 418
390 36447 38588 6 8904
391 36470 36768 22 894
392 36524 42141 34 100212
393 36636 40032 38 44316
394 36693 42994 129 537622
395 36789 46609 11 18134
396 36941 40704 105 321508
397 37013 54659 92 158557
398 37040 39772 138 154221
399 37052 39237 71 57586
400 37106 39115 10 7236
401 37110 42626 47 47641
402 37240 57783 90 654672
403 37253 58203 10 111673
404 37322 47673 69 517690
405 37440 41085 52 49897
406 37646 38303 36 55983
407 37894 43631 63 318875
408 38120 46631 84 284778
409 38268 50958 32 137004
410 38381 46104 34 117243
411 38414 62332 9 201623
412 38596 39770 9 4571
413 39053 55318 62 1148785
414 39054 41435 49 79132
415 39353 49324 27 95846
416 39378 45806 75 316846
417 39422 42175 14 7170
418 39775 57666 50 270353
419 39861 43490 88 237240
420 39954 47226 118 443664
421 40029 41901 69 37060
422 40177 44614 62 86118
423 40452 49646 119 485177
424 40712 62778 127 1607633
425 40896 42550 25 36353
426 40917 44202 17 44787
427 41076 53607 59 184223
428 41204 42139 52 19626
429 41221 42657 122 73919
430 41318 56235 49 242618
431 41358 42816 21 18156
432 41483 46642 119 258747
433 41659 41729 105 5687
434 41738 56781 123 1223302
435 41772 56824 12 54408
436 41835 42419 63 28581
437 41987 82387 27 523106
438 42017 47073 8 36463
439 42030 46948 125 264981
440 42116 48832 23 57403
441 42325 45145 32 34016
442 42361 51238 17 103492
443 42481 63161 111 1608981
444 42535 44517 24 11125
445 42549 43289 16 3488
446 42793 58050 20 75112
447 42818 43352 30 7126
448 42823 64793 51 265959
449 42881 59262 9 67566
450 42913 66206 77 516022
451 42934 53929 18 42321
452 43034 56711 7 50676
453 43109 43119 83 701
454 43220 87197 63 1876099
455 43221 50583 30 56489
456 43373 65816 6 16891
457 43406 50549 61 593022
458 43492 50687 90 266443
459 43504 44809 93 122100
460 43520 46938 127 94989
461 43553 45701 113 82851
462 43725 46236 107 318721
463 43826 49732 6 6256
464 43857 45064 102 20815
465 43965 43979 13 130
466 44054 50375 8 22344
467 44062 45020 31 14819
468 44111 46657 19 13420
469 44309 47637 65 117631
470 44580 47982 139 251745
471 44646 63723 116 923024
472 44748 47894 14 29060
473 44871 52936 6 74747
474 44889 52061 46 194771
475 44980 45563 31 38994
476 45116 51223 78 206637
477 45130 45397 48 59042
478 45137 46210 29 21810
479 45427 48963 25 29219
480 45485 53599 120 381042
481 45501 49772 19 22155
482 45690 49393 29 30269
483 45692 58995 4 6065
484 45713 45723 23 114
485 45803 61927 81 1028700
486 45879 52946 28 156458
487 45905 54072 44 196450
488 45917 50560 11 26713
489 45941 63624 32 129851
490 45944 48657 33 44193
491 46001 58084 63 239244
492 46022 46371 116 27616
493 46064 52448 144 536158
494 46077 66608 7 38172
495 46082 52066 65 116517
496 46150 67086 16 150805
497 46261 57959 18 61469
498 46263 48496 49 63863
499 46361 63826 49 445310
500 46367 52127 99 145462
501 46712 50768 117 156451
502 46875 49927 75 95502
503 46928 75035 107 1221896
504 46959 57257 21 137894
505 47102 56470 91 209813
506 47117 56816 39 131828
507 47276 72131 43 182310
508 47399 82202 41 258653
509 47601 53466 16 47185
510 47863 69012 78 544072
511 47993 91154 46 1537647
512 48177 58404 149 230835
513 48215 50270 105 79238
514 48268 61224 20 121213
515 48316 52338 140 312879
516 48351 60949 26 73639
517 48478 58726 46 376805
518 48540 68038 47 348066
519 48806 49013 100 13057
520 48837 51560 32 20350
521 49122 54530 10 23102
522 49367 55439 60 69901
523 49503 51707 115 152532
524 49695 52642 101 179354
525 49698 49858 134 4822
526 49898 57476 114 1268753
527 49901 78059 80 476835
528 49936 53091 39 33390
529 49974 51379 87 36372
530 50001 51171 6 3979
531 50072 62292 16 143211
532 50077 51449 141 123784
533 50261 72035 89 939814
534 50361 55024 126 218772
535 50512 52874 90 215993
536 50710 59159 98 328066
537 50728 51294 92 38397
538 50779 62478 131 885551
539 50929 63953 139 617849
540 50942 52412 18 19735
541 51185 54145 148 265379
542 51240 52749 50 27120
543 51385 67562 136 529512
544 51411 52745 28 21727
545 51503 61237 14 52365
546 51580 57738 120 272159
547 51682 61188 15 80179
548 51696 54450 117 96088
549 51884 71533 20 224008
550 51929 58396 141 437851
551 51965 76398 9 28681
552 51993 59002 141 421783
553 52016 54305 94 78927
554 52225 54802 8 14400
555 52271 64212 48 152367
556 52368 64046 27 76782
557 52516 55070 54 39605
558 52560 53152 144 48739
559 52571 57394 107 107234
560 52812 60163 37 40705
561 52909 60032 134 467006
562 52920 90187 22 280296
563 53214 54672 33 32847
564 53251 54377 35 27874
565 53275 60822 35 46633
566 53367 54930 108 97201
567 53410 62722 40 119310
568 53579 68189 105 550372
569 53651 69212 54 521889
570 53711 55420 24 17594
571 53874 54127 135 46861
572 53883 55043 21 4567
573 53911 58620 61 97756
574 54154 55877 47 19779
575 54351 56918 7 9472
576 54466 59700 7 11138
577 54488 55118 13 2607
578 54793 74264 43 333119
579 54846 55050 85 15409
580 54960 56077 62 43782
581 55090 56203 116 118517
582 55193 56680 86 61682
583 55206 64959 31 235446
584 55237 65585 34 100707
585 55361 71571 24 242680
586 55571 64992 91 402049
587 55613 58797 39 31977
588 55659 56271 47 9770
589 55669 66419 12 86575
590 55762 60259 133 414683
591 55812 58527 67 53682
592 55819 70388 27 215637
593 55965 63242 56 80119
594 56304 69419 25 122076
595 56443 60591 15 19969
596 56565 67821 62 294033
597 56571 59274 20 10423
598 56627 57481 91 44173
599 56634 64498 20 113232
600 56651 61764 25 22574
601 56705 61075 63 178317
602 56849 72727 12 51485
603 56872 61181 116 197774
604 56979 94699 60 1320323
605 57101 59136 20 13346
606 57118 67799 5 22892
607 57213 58462 102 77125
608 57255 75997 41 307586
609 57350 63060 51 65967
610 57462 57499 95 2549
611 57490 67267 102 291588
612 57494 58480 15 4129
613 57638 74659 146 549447
614 57799 59770 128 80347
615 57808 64007 39 227963
616 57856 58577 18 3730
617 57958 67936 43 113506
618 57977 61842 112 173808
619 58074 59980 10 12327
620 58155 83792 76 592523
621 58226 92955 25 232920
622 58335 68622 15 90944
623 58619 67135 47 49719
624 58667 68125 94 659189
625 58893 64994 18 42126
626 58912 61991 91 60895
627 58997 62143 116 96145
628 59079 59537 96 10483
629 59084 83891 41 537095
630 59214 64781 51 132676
631 59287 62199 55 61939
632 59318 73575 18 110261
633 59336 73677 135 1924457
634 59410 63214 7 13045
635 59431 63323 22 110635
636 59438 60730 85 72226
637 59479 59488 19 108
638 59533 64900 104 273836
639 59561 68304 49 215644
640 59693 70035 10 44194
641 59739 62569 120 125640
642 59875 66667 95 410788
643 60205 62380 4 6070
644 60255 89965 33 354654
645 60363 62676 16 15877
646 60420 64444 92 73996
647 60425 63892 63 159481
648 60565 74795 149 540311
649 60936 69823 126 390479
650 61155 69040 74 293159
651 61301 74805 47 154002
652 61402 72302 8 21409
653 61528 62309 128 33395
654 61590 64307 112 265519
655 61675 68022 125 230465
656 61794 65531 45 154780
657 61812 97327 100 1047588
658 61851 64577 55 92617
659 61852 64594 13 13512
660 61978 63957 48 84621
661 62097 63147 86 30684
662 62156 78103 100 605783
663 62261 80141 72 196229
664 62299 62651 41 5506
665 62301 80393 7 21687
666 62313 63886 108 40730
667 62335 65242 8 24096
668 62349 77381 124 763459
669 62371 73270 42 228388
670 62480 71751 30 123782
671 62510 63950 146 96815
672 62572 66897 49 35814
673 62855 66066 64 196388
674 62913 65263 25 45834
675 62937 63309 52 8453
676 63089 65635 21 25549
677 63098 73874 12 62577
678 63235 86074 40 967752
679 63325 67147 91 216779
680 63388 69001 16 89884
681 63441 70695 23 43732
682 63676 64193 40 13254
683 63720 65529 78 133591
684 63927 65261 57 56811
685 64028 82883 143 1401045
686 64069 66436 67 41544
687 64299 72895 107 500632
688 64361 75244 6 24545
689 64384 65535 16 20230
690 64753 69298 66 75306
691 64777 74310 143 300753
692 64810 71457 59 215032
693 64863 69802 131 255536
694 64887 72743 80 145200
695 64893 64904 67 979
696 64937 94070 65 466362
697 64973 68114 67 92057
698 65040 70263 25 149219
699 65199 73718 85 81268
700 65354 69423 82 110269
701 65362 65862 117 27689
702 65405 71915 125 116452
703 65488 84059 124 598381
704 65601 66538 57 43721
705 65728 66839 54 33444
706 65826 70288 74 100864
707 65835 79318 90 306755
708 65852 71734 13 14500
709 65924 66862 103 132187
710 66005 66135 54 3903
711 66031 75547 42 214946
712 66113 70265 9 29495
713 66161 88046 8 110574
714 66246 79771 32 149106
715 66328 71741 67 564697
716 66516 77004 14 22170
717 66629 79137 4 19392
718 66672 83292 93 887936
719 66756 83727 96 1635740
720 66807 66967 22 3684
721 66890 93756 123 1379601
722 66956 83762 68 251143
723 66976 69348 21 16990
724 67013 85542 67 346153
725 67057 70421 15 23893
726 67062 72151 30 39576
727 67231 67814 41 9555
728 67277 73067 35 113102
729 67315 70982 5 4712
730 67461 84516 121 924896
731 67557 70517 74 99487
732 67582 67985 35 8826
733 67595 77263 82 296693
734 67766 86501 136 1469720
735 67988 98601 134 1184720
736 68208 69975 30 28893
737 68293 83903 16 82446
738 68554 69043 25 14065
739 68788 91002 107 1003880
740 68882 92057 15 102125
741 69025 70000 61 16038
742 69127 74046 13 35317
743 69207 72084 71 75023
744 69280 70047 51 10802
745 69373 70541 111 46767
746 69566 74463 19 23807
747 69626 72098 139 330590
748 69633 70990 41 13311
749 69853 74250 15 29951
750 69880 74648 99 389999
751 69955 73282 142 199588
752 70146 70763 69 22963
753 70328 76461 64 97632
754 70349 72019 135 163579
755 70382 70478 71 3079
756 70751 79266 60 117766
757 70815 72143 103 100397
758 70818 75282 135 589438
759 70824 81005 4 11488
760 70839 73816 13 22345
761 70926 81648 22 95779
762 71072 81500 130 271525
763 71125 75748 81 131217
764 71129 93206 52 236080
765 71200 77115 120 463657
766 71267 85950 7 49567
767 71296 88052 79 349086
768 71320 83237 58 75802
769 71347 71643 9 1242
770 71406 76057 143 509985
771 71461 71472 87 652
772 71674 96527 102 435144
773 71772 77331 17 61837
774 71805 85241 4 13967
775 72127 77612 49 97705
776 72250 76548 18 18811
777 72252 75436 26 35430
778 72391 73569 8 4272
779 72505 75693 67 97979
780 72576 80761 85 139255
781 72602 80328 67 147063
782 72603 72711 10 1502
783 72787 85488 6 25961
784 72811 73880 116 36067
785 72827 76389 149 262074
786 72840 81556 116 651251
787 72859 86986 22 167947
788 72916 73873 8 2007
789 73143 76511 80 343106
790 73184 78956 54 206831
791 73307 84533 137 390922
792 73376 74506 118 118965
793 73418 78629 43 147722
794 73476 92304 20 154205
795 73509 82990 18 202802
796 73582 82654 10 71900
797 73710 77177 66 65831
798 73724 83780 11 53262
799 73770 81733 59 331314
800 73824 74965 5 2446
801 73828 94134 131 1332932
802 73972 85699 43 288641
803 74074 87541 25 178820
804 74096 79766 25 40299
805 74163 86764 31 137350
806 74232 74780 34 9073
807 74340 80361 28 81952
808 74488 77222 28 38395
809 74684 84279 74 779202
810 74733 78027 33 42226
811 74777 96292 150 957379
812 74825 75768 78 37308
813 74836 97328 126 526004
814 74884 75162 12 1869
815 75172 87755 65 290691
816 75241 77516 119 327719
817 75260 82591 33 135244
818 75561 78079 118 85917
819 75712 76801 90 50251
820 75728 87959 40 302132
821 75876 86206 130 1165140
822 76152 82530 24 72049
823 76206 79817 138 281139
824 76232 80178 6 6585
825 76405 83775 105 1110433
826 76470 91773 129 1569115
827 76481 80901 33 110504
828 76681 78307 79 158259
829 76825 84348 11 13153
830 76847 82129 146 348848
831 76944 78737 50 20443
832 76959 85264 75 353680
833 77014 99827 38 513822
834 77033 86985 111 157618
835 77093 83604 84 100398
836 77160 83854 5 9564
837 77197 93984 124 910121
838 77225 90536 40 179392
839 77505 96937 47 592378
840 77509 81713 108 285916
841 77590 81108 121 153636
842 77711 91064 16 63633
843 78123 94076 120 1060451
844 78133 90210 72 309984
845 78344 94731 39 210221
846 78353 98160 83 1081999
847 78377 84524 47 76028
848 78433 79597 18 7110
849 78446 79731 58 43689
850 78464 78893 26 10761
851 78498 78853 29 8712
852 78539 80307 74 34711
853 78579 94820 34 463987
854 78581 78617 100 3700
855 78616 87292 50 1041451
856 78649 79495 69 75875
857 78663 95501 23 78861
858 78724 89986 72 332477
859 78998 98351 59 767537
860 79147 79749 115 40656
861 79169 86097 95 95854
862 79429 80278 122 80067
863 79456 80161 125 18226
864 79614 83583 20 40222
865 79662 80346 51 6125
866 79726 83588 6 15322
867 79844 91982 23 201142
868 79972 85114 6 22116
869 80097 80540 86 17584
870 80127 88262 9 14556
871 80304 88837 27 129833
872 80336 82640 21 40465
873 80652 88457 24 47048
874 80714 90414 95 329218
875 80897 84595 129 197727
876 80905 90318 21 54561
877 80907 85972 100 114017
878 80987 98819 60 423727
879 80997 81897 11 3332
880 81003 81451 46 19558
881 81009 98865 64 544288
882 81281 93409 106 828028
883 81446 81914 39 14456
884 81458 90404 36 185020
885 81508 81971 31 9475
886 81519 81928 6 661
887 81712 85444 59 74319
888 81768 87484 76 138538
889 81843 87979 93 364501
890 81935 87721 39 99593
891 82084 88484 43 70628
892 82256 85018 92 89448
893 82497 88331 103 373847
894 82521 99227 16 82100
895 82768 87344 46 77222
896 82870 92379 71 352018
897 83029 86334 12 24466
898 83068 89890 124 331946
899 83207 83946 55 32248
900 83214 84336 23 6769
901 83343 83515 16 1253
902 83367 89913 133 515079
903 83595 88299 55 124033
904 83856 94418 45 78542
905 84036 88050 73 123743
906 84112 87793 8 8606
907 84132 97270 74 281259
908 84220 91160 18 47124
909 84387 92685 5 20265
910 84490 86433 34 69557
911 84539 97665 39 498656
912 84797 95921 70 894759
913 84905 92148 54 246083
914 84913 90280 113 73187
915 85147 98217 65 511478
916 85258 87251 52 46072
917 85285 85957 9 6474
918 85304 86434 13 4105
919 85819 89076 15 31258
920 85880 90792 6 7684
921 85886 94880 73 434507
922 85920 86170 12 2918
923 85964 88176 11 5098
924 85987 88818 142 131467
925 85992 86394 150 65455
926 86115 88132 5 10889
927 86289 93352 45 140217
928 86557 89180 23 12894
929 86889 88779 29 61985
930 87000 92756 46 88056
931 87014 87917 13 4569
932 87082 99977 26 151940
933 87221 91162 96 221594
934 87347 95126 33 329665
935 87381 95310 74 175467
936 87538 92957 22 27133
937 87570 91891 30 35439
938 87773 92359 40 56419
939 87797 98111 139 537849
940 87978 95776 7 27039
941 88172 92540 65 117903
942 88241 95906 16 67175
943 88367 97368 146 311856
944 88384 89745 102 32758
945 88601 90829 9 22176
946 88884 91559 20 14967
947 89044 89227 40 11004
948 89200 89255 65 998
949 89228 94885 76 65393
950 89260 95324 19 35428
951 89575 89819 24 2549
952 89592 93801 31 28372
953 89663 95409 19 18110
954 89956 94663 27 73816
955 89988 91939 84 77535
956 90070 90292 11 3807
957 90333 91605 137 42029
958 90772 93444 51 38799
959 90861 91630 127 82961
960 91043 96458 49 60200
961 91312 93782 5 3062
962 91348 94336 18 25152
963 91519 98576 23 49036
964 91746 96787 122 226275
965 92036 92837 57 32618
966 92112 96187 50 105846
967 92187 92259 4 188
968 92415 97993 91 148214
969 92423 95736 110 308549
970 92530 98924 77 250407
971 92547 93561 59 29860
972 92944 95267 10 10205
973 92949 94190 5 2579
974 93143 98344 16 28109
975 93326 95808 39 65181
976 93554 96303 100 52482
977 93622 97524 45 170019
978 93867 99735 21 34142
979 94058 95975 10 4783
980 94118 99068 67 136622
981 94365 95812 106 75573
982 94468 99056 50 162199
983 94503 98134 123 352886
984 95354 96441 7 5742
985 95363 96448 51 26322
986 95468 96451 94 52528
987 95688 95695 100 681
988 95721 97603 146 277581
989 96047 96726 41 8549
990 96075 97554 20 31114
991 96504 98026 53 26501
992 96975 98833 56 53136
993 97028 97304 91 17094
994 97148 98161 98 50541
995 97464 99197 20 14115
996 97773 98237 5 1232
997 97971 98268 128 65322
998 98285 99972 57 59253
999 98306 99628 94 29962
