50 1000 0.042
##..##...........##....##...........#........###..
##..####...#.#...#.......#####......###...........
.#.....#.#.###............#..........##...........
####...#.##..#........#.###......##...............
..#.....#...........###..#.......###...##.......##
...###.####......##.......#..##..####..#.........#
.#.#....#........######...##.####..#.............#
###.##..#####....#..#..........#..###...##.......#
#.##.#.####.................##.#...#...###........
.......###..#.....#..........#.....#...#........##
.....######.###..........#...##....#...........##.
###....####...#.###.....#....#...##..........#####
.##.....##......####....#........#..........##...#
................###..............#....###...##...#
..##.....#..#.....#.....##..#....#....#.#...#.....
..###....#####........###..###.......##...........
#....##..#.....##......##.##....##.#..#....#......
####.#..........####.#..#.#..##..#.##......#......
..##.#.##..#..###.#.##....#......#.##.###.#.......
..##.....###....#####.....###.....##.###.........#
....................#.#...#####.#.....#.#...##...#
...#..........#.##..###....#.#..##.##.###..###....
...##.......######...#####..####.#....##..........
...#.....#...##.......#..#....#.##..........#.....
........#####..#..#...##...#.###.#.......#.##.....
...........##.....#...##..###.###........#.#......
...........#.........###..#.#.#.#....#............
........##........#....#....#...........#.###.....
........##.##....##...#...##.#.....#.###.....#....
...#........#....##.......#####.#......####..###..
...##............##.......#..####.##....#...####..
##.##.....#...............#...######..#...........
...##............#.##......#....####.........#.###
.####.#......#..##.####....#.##..##..........#####
#....##...#.......#.###....##.....#.........#..#..
.....###..##......#...##.##.##....#..#.####.......
......##..##...##....####...#....###.#.##.###.....
.....#...#.#..##......#.#.###........#.#....##.#..
...#.....#..#.##......#..##........#.....##.....##
...#....##.....#....#..#..#.#...#..#..#####......#
....................#..##.#....##..##...####....##
...#................#..#..##....##.#......#.....##
...#..........#..........##...........##.....#....
...##........###...#.##................##....#..#.
..#####.##..#......####........#...............##.
.##.##.....##......###........##...........#...###
..#.#..#####..................#...........##......
###.##..####...........#.##...###........##.......
..##.....#.............###....#.#........#........
...#####.#..........#..####.....#........#........
0 46 1893 133 173723
1 107 11504 88 364529
2 288 8231 30 129182
3 384 21318 45 227903
4 390 8684 66 450533
5 472 4181 142 117436
6 518 4925 124 207528
7 605 20303 145 2587325
8 690 4272 14 14441
9 828 23247 135 880523
10 832 2473 34 18600
11 859 6317 108 377937
12 902 6133 5 6773
13 1257 23585 149 655181
14 1307 13714 7 44843
15 1321 10641 115 222214
16 1348 10415 8 21351
17 1505 14192 7 38313
18 1535 8652 52 295770
19 1762 10856 143 251946
20 1828 6821 20 105182
21 1895 14113 24 68779
22 2058 14926 89 288885
23 2083 3165 110 49734
24 2111 3304 15 14522
25 2275 3546 38 22541
26 2286 12973 44 133516
27 2298 2366 56 4442
28 2441 5421 105 93055
29 2492 6231 25 71479
30 2734 7021 24 18804
31 2783 51426 35 622061
32 2814 6405 93 121619
33 3006 13048 15 48269
34 3041 12965 121 389331
35 3077 3263 5 624
36 3209 6909 27 40311
37 3366 3755 12 1657
38 3373 13873 50 117719
39 3387 12054 47 359469
40 3443 34094 115 675785
41 3476 18989 143 1246336
42 3566 14433 77 102553
43 3578 4283 31 11727
44 3603 10237 20 47278
45 3746 7798 5 9990
46 3952 22823 95 1028712
47 4045 10573 9 12998
48 4200 13249 23 47422
49 4222 12228 116 483637
50 4329 11685 9 17707
51 4499 5026 77 22151
52 4694 31746 125 448564
53 4767 12841 78 507025
54 4811 22875 149 1675659
55 4842 5463 6 1710
56 4853 14363 56 334791
57 4935 5035 13 732
58 5628 57518 108 448173
59 5681 17757 51 166000
60 5837 9062 116 210009
61 5879 8533 27 18132
62 5996 9027 40 37543
63 6024 6204 147 8279
64 6063 31278 76 408504
65 6130 7107 124 46595
66 6144 6605 55 21172
67 6287 8516 139 267432
68 6301 24841 115 476392
69 6490 35769 12 489274
70 6627 21507 113 234856
71 6798 7351 109 10193
72 6856 38260 36 432125
73 6884 18545 126 387684
74 6927 7690 124 96506
75 6978 14586 24 87756
76 6981 12132 84 140159
77 7198 12318 129 172576
78 7247 8589 44 20000
79 7317 38400 80 445613
80 7357 27676 136 796205
81 7561 8220 83 12335
82 7656 34988 80 3667022
83 7682 21109 7 53657
84 7741 8134 19 3372
85 7767 12284 11 35165
86 7786 28818 48 597820
87 7932 29579 83 672913
88 7934 18486 37 80089
89 8080 10310 56 57177
90 8225 23102 120 354853
91 8409 14968 13 59014
92 8633 11655 109 155805
93 8641 10775 32 46531
94 8647 20208 8 72599
95 8856 12322 99 177903
96 8926 9223 26 12592
97 8980 15067 101 175642
98 9211 10234 15 6981
99 9219 13639 6 17077
100 9323 13204 81 192864
101 9513 28389 11 91086
102 9514 11579 16 25710
103 9596 10327 64 27708
104 9677 11876 31 42072
105 9708 10514 27 9363
106 9857 19377 38 155601
107 9886 14242 99 179039
108 9988 14608 22 36766
109 10264 16230 84 165083
110 10384 28539 146 576572
111 10546 13443 22 20272
112 10572 13870 36 35142
113 10609 14172 105 147511
114 10615 29866 137 520882
115 10886 30450 74 191872
116 10931 12268 7 6518
117 11026 19741 21 97474
118 11081 20129 17 92121
119 11083 14918 150 189864
120 11348 15215 72 37939
121 11401 15544 82 90778
122 11411 14026 25 58264
123 11495 28715 34 446890
124 11510 21289 76 351145
125 11638 15600 148 817117
126 11643 12076 98 88418
127 11712 17955 82 178131
128 11727 15842 31 55821
129 11742 29086 9 65229
130 11795 16184 51 118758
131 11838 13536 138 167130
132 11845 29129 76 410132
133 11885 23206 60 162103
134 11901 14095 45 21806
135 12146 23117 71 215701
136 12329 14322 47 23452
137 12380 20976 78 387438
138 12382 22159 4 5561
139 12403 21771 87 232304
140 12724 32978 63 325940
141 12768 19001 6 21547
142 12854 16053 34 36217
143 12882 19800 78 125646
144 12920 16591 90 199622
145 12941 17699 36 185559
146 13047 17160 146 614101
147 13102 13486 86 11367
148 13254 16494 137 149075
149 13328 14444 21 42007
150 13399 14975 61 39450
151 13407 17158 126 392013
152 13508 21591 69 229467
153 13599 21108 69 248421
154 13674 13907 48 13447
155 13687 25706 48 241002
156 13711 20779 87 54819
157 13743 19463 147 423852
158 13872 20803 105 77295
159 14197 16492 4 1726
160 14387 19528 112 255039
161 14497 15712 13 4557
162 14571 23591 92 156865
163 14604 15804 122 88732
164 14631 15854 44 52646
165 14724 15640 35 5557
166 14790 24850 15 73849
167 14864 15819 29 16690
168 14900 20518 39 145023
169 14986 23400 97 355937
170 15256 42090 49 1096772
171 15364 26943 15 88944
172 15412 18801 148 256767
173 15497 26205 19 47928
174 15761 21690 31 87923
175 15810 16439 9 2459
176 15834 19110 6 1610
177 15846 40682 29 203572
178 15870 36531 21 119188
179 15890 22501 27 44584
180 15953 19943 65 64419
181 16155 20059 15 10325
182 16186 20520 21 31607
183 16228 30658 14 86358
184 16229 46215 30 261215
185 16243 28928 69 83400
186 16351 25930 23 59194
187 16497 21301 95 197500
188 16563 23454 47 84250
189 16602 26757 35 166414
190 16611 22529 40 59136
191 16725 29071 54 439208
192 16791 25951 16 42475
193 16830 39605 150 1521412
194 17001 19561 68 83659
195 17256 18938 57 53848
196 17298 20764 22 13587
197 17303 22110 24 36811
198 17365 50960 122 1548941
199 17399 20386 30 49651
200 17419 23516 100 464706
201 17434 18687 10 3826
202 17440 27325 56 106347
203 17491 35600 108 589150
204 17598 25841 48 85855
205 17665 19411 18 8618
206 17824 31477 23 48080
207 17836 18180 36 7507
208 18007 18260 6 833
209 18076 20740 36 40282
210 18183 19757 8 8337
211 18186 43728 7 83830
212 18188 22833 70 294529
213 18190 20534 19 14654
214 18212 24187 143 472628
215 18514 25599 123 139745
216 18538 26149 12 52036
217 18611 27209 80 284021
218 18719 21650 55 45873
219 18769 20295 39 44818
220 18866 33699 30 152329
221 19108 19549 121 28749
222 19173 23360 20 30553
223 19491 20168 60 23166
224 19667 35356 138 689207
225 19679 48439 75 790557
226 19693 21805 112 146828
227 19902 24531 48 59238
228 19953 24918 6 18437
229 19963 36971 33 167159
230 20095 24591 127 124929
231 20265 25341 78 65432
232 20288 25425 66 118845
233 20562 40414 144 441679
234 20693 24466 86 89436
235 20898 28689 30 107700
236 21004 32123 30 119224
237 21084 24941 89 142511
238 21094 21485 37 4689
239 21274 21622 4 2573
240 21298 22788 19 38169
241 21443 26341 50 129019
242 21452 48002 59 413757
243 21453 35282 132 2085861
244 21532 27506 6 24360
245 21888 30789 23 49204
246 21944 30297 132 218519
247 21979 22286 51 12145
248 22247 36235 44 418694
249 22295 23191 125 114652
250 22446 22566 18 2360
251 22512 24743 30 58417
252 22525 30976 29 77292
253 22600 36643 7 67348
254 22620 61795 14 188603
255 22757 23048 49 10913
256 22793 23690 35 14912
257 22825 29449 78 295136
258 23294 25006 62 22538
259 23299 24781 6 4545
260 23397 23560 134 30467
261 23558 29456 29 81237
262 23671 32867 45 285473
263 23680 25078 118 83015
264 23909 41328 29 649688
265 23959 25705 22 21937
266 24069 28702 90 87472
267 24190 25964 140 245342
268 24201 26044 83 69666
269 24239 28685 16 44602
270 24326 30663 37 52724
271 24353 28774 42 83048
272 24698 36587 56 159516
273 24710 61950 13 56104
274 24766 35304 98 720611
275 24829 31919 5 22149
276 25044 26567 20 7764
277 25062 28794 33 64196
278 25079 26695 48 51505
279 25158 39839 22 198195
280 25202 34003 60 407793
281 25375 25545 102 24778
282 25396 25795 68 13156
283 25428 26493 44 17745
284 25469 35528 29 95154
285 25537 26634 42 29716
286 25607 37373 93 76149
287 25644 27575 68 50711
288 25680 28646 7 12208
289 25765 26452 78 60643
290 25819 46266 42 243479
291 25953 43726 95 1095339
292 25966 29839 70 132798
293 25992 36093 80 197510
294 26032 27533 79 152931
295 26039 37659 114 466260
296 26166 34783 25 79533
297 26222 73998 127 920407
298 26359 50239 6 65621
299 26674 28127 11 3509
300 26681 40647 63 369748
301 26689 35079 107 170113
302 26737 28931 90 122673
303 26806 29674 7 9782
304 26840 30032 125 200699
305 26878 37507 118 234653
306 26932 31123 7 7336
307 27026 35848 98 458009
308 27243 29017 38 61132
309 27272 47993 64 211967
310 27383 45492 4 21892
311 27608 35266 5 8688
312 28089 34132 14 44925
313 28245 42605 128 402912
314 28272 37297 4 6355
315 28304 38499 21 93399
316 28380 34500 6 32906
317 28500 30358 33 43123
318 28668 52722 10 105972
319 28674 29443 143 64731
320 28686 34416 31 84442
321 28846 29877 122 102370
322 28989 34037 66 128907
323 29018 33037 96 470361
324 29094 58160 11 140366
325 29101 30262 9 7140
326 29106 34981 97 227036
327 29197 35359 94 205831
328 29226 43331 34 28655
329 29325 30330 55 29189
330 29551 37067 149 151650
331 29566 46724 47 159104
332 29776 39622 84 287613
333 29837 31140 105 109237
334 29970 45424 104 342065
335 30004 31907 48 32472
336 30020 44781 6 98615
337 30204 38205 93 171609
338 30339 33450 69 119469
339 30360 37646 13 39129
340 30516 40185 92 353556
341 30560 31658 92 109113
342 30579 31662 32 9698
343 30796 34685 59 103630
344 30902 51209 6 57051
345 30966 35306 33 84653
346 31016 33874 71 117433
347 31096 35608 128 145605
348 31254 56222 86 2597735
349 31348 47122 36 93552
350 31424 38531 29 78350
351 31442 37700 12 11034
352 31498 46981 62 611913
353 31513 39740 63 545622
354 31609 35005 7 7841
355 31763 36385 33 51171
356 31787 35626 150 438609
357 31862 45318 26 155663
358 31930 49504 13 107064
359 31956 34458 72 42656
360 31995 34128 18 20113
361 32097 46683 65 249426
362 32264 62178 123 1403494
363 32365 38475 91 442866
364 32504 46952 6 30930
365 32544 33349 60 19057
366 32548 35377 112 237566
367 32604 37760 7 13268
368 32784 45591 13 98583
369 32927 47632 112 1035581
370 32938 35333 16 8834
371 33091 39570 10 9300
372 33097 35091 59 69179
373 33437 33610 16 3897
374 33471 41495 15 38599
375 33581 34311 32 14680
376 33752 59532 110 2343723
377 33856 41325 28 27841
378 34120 43835 98 214542
379 34218 50605 115 1316367
380 34451 43853 5 11786
381 34634 36853 36 41595
382 34695 49153 114 454038
383 34909 38112 63 65584
384 35147 47096 56 209141
385 35265 40115 141 408078
386 35300 54013 16 78012
387 35420 39908 18 21334
388 35459 38675 41 61234
389 35666 35768 66 3050
390 35683 67237 120 1385797
391 35846 60884 94 1799812
392 36081 46664 13 71855
393 36106 37590 108 113778
394 36318 67390 36 477141
395 36477 52965 107 1172216
396 36718 36959 15 1352
397 36726 52983 50 253652
398 37104 37624 64 13932
399 37105 40421 74 188226
400 37258 37621 39 4077
401 37299 53821 87 867374
402 37344 43865 58 375852
403 37348 74683 24 209376
404 37400 42639 44 77111
405 37446 37879 56 9077
406 37483 41580 6 8630
407 37676 38905 131 115279
408 37837 46017 70 185571
409 37990 41272 25 48594
410 38010 38796 33 15955
411 38126 38370 13 885
412 38240 53230 113 1313951
413 38296 39713 68 47563
414 38425 63995 11 66460
415 38452 43046 26 31413
416 38545 66764 113 692200
417 38597 49317 62 130799
418 38676 39417 7 1774
419 38717 41907 142 201784
420 38745 39530 113 38657
421 38762 72518 13 239193
422 38774 38820 9 290
423 38984 45650 8 32969
424 39167 73874 36 407343
425 39237 41621 83 120126
426 39371 42512 60 258760
427 39387 48865 34 80487
428 39465 50488 44 109854
429 39688 45169 66 314642
430 39781 68655 5 82558
431 39805 40069 113 14696
432 39807 67041 64 403266
433 39811 40324 92 14968
434 39849 42271 55 53022
435 39870 48048 69 181813
436 39898 43473 49 300549
437 39951 48609 79 247245
438 40192 49036 122 970404
439 40220 42925 36 62961
440 40300 45514 125 335763
441 40429 41189 43 11555
442 40469 42092 8 2519
443 40540 46327 131 348339
444 40630 46761 67 129269
445 40640 47840 11 18517
446 40667 55250 9 21432
447 40670 57815 6 27008
448 40713 51852 12 90846
449 40727 47705 26 105246
450 40747 42652 36 56993
451 40858 41096 66 8765
452 40873 50527 68 225755
453 40876 52545 18 44105
454 40886 52048 24 146598
455 40910 51127 20 56441
456 40957 63098 9 289383
457 40965 45064 28 58235
458 41047 45412 29 58458
459 41244 44444 57 53291
460 41429 41694 26 2968
461 41756 70438 59 586195
462 41864 57904 71 299664
463 41920 66195 6 56772
464 41936 44475 95 132085
465 41943 43619 56 18223
466 42073 50203 56 161286
467 42125 45662 54 62383
468 42160 50456 38 135365
469 42235 43639 73 53681
470 42264 57238 137 1568899
471 42433 45044 32 40376
472 42458 68153 74 627129
473 42516 53554 138 557555
474 42522 42923 21 4258
475 42538 43787 73 30807
476 42560 60545 87 241623
477 42715 66997 24 233457
478 42771 45135 79 39890
479 42839 56341 88 197545
480 43027 51105 97 329718
481 43075 52923 70 340754
482 43089 50292 46 131841
483 43219 56891 46 220321
484 43355 53975 88 293040
485 43610 57986 14 81177
486 43657 48498 99 228495
487 43670 45549 15 20180
488 43742 54750 38 173993
489 43794 57339 42 232035
490 43983 45604 136 112644
491 44065 46138 136 99413
492 44083 44538 60 21472
493 44129 46459 120 162678
494 44137 57323 4 11720
495 44145 54343 28 31106
496 44147 53741 54 248399
497 44187 44479 87 19961
498 44293 60428 94 391212
499 44324 51249 18 43623
500 44674 46445 61 35581
501 44771 54471 110 1101644
502 45159 66636 81 613861
503 45432 56535 19 167415
504 45554 54822 61 275122
505 45596 63623 115 527485
506 45740 53729 21 39573
507 45773 48404 12 7719
508 45820 47017 80 26962
509 45853 53748 115 502876
510 46169 52795 64 29355
511 46318 53462 62 168068
512 46415 56547 9 51413
513 46438 46536 31 2224
514 46649 51849 39 127739
515 46651 51583 24 49787
516 46668 48721 137 87514
517 46713 66398 14 278080
518 46849 59924 89 261614
519 47169 56336 65 472551
520 47205 88410 73 787971
521 47256 56238 13 58550
522 47284 54193 149 656763
523 47382 47898 43 7588
524 47414 48815 119 154595
525 47500 56821 26 50057
526 47543 63782 113 91011
527 47606 58073 14 55705
528 47636 49560 80 38570
529 47688 51794 97 81815
530 47725 57713 39 447930
531 47758 58616 9 50770
532 47794 49320 44 22439
533 48045 50471 139 121892
534 48085 51143 13 10677
535 48242 68663 22 66134
536 48393 50286 108 25563
537 48505 52153 10 14575
538 48675 75474 106 1024173
539 48788 68866 17 168594
540 48834 49521 76 21016
541 48912 51310 5 3894
542 49106 60421 12 83462
543 49187 61900 25 60098
544 49280 50504 149 72116
545 49290 58549 58 161922
546 49675 50180 18 3056
547 49729 52230 112 61932
548 49995 50458 29 5169
549 50028 75910 62 1371812
550 50124 62706 41 256181
551 50223 82824 117 1248626
552 50263 59563 34 110875
553 50288 58079 118 288432
554 50310 54873 57 139288
555 50459 53220 95 139033
556 50609 73356 134 1349730
557 50756 53799 31 30375
558 50784 55260 88 206341
559 50799 55073 47 111852
560 50814 51394 133 30205
561 50889 54349 14 7843
562 50997 62169 86 488104
563 51096 54020 86 206889
564 51219 64611 63 389511
565 51233 54211 101 124514
566 51511 52236 143 34783
567 51585 53674 65 146394
568 51724 70165 14 66051
569 51727 52207 32 8115
570 51899 74459 115 571346
571 51953 57951 94 149365
572 52009 78349 124 822240
573 52028 76115 105 1143168
574 52123 61111 39 33850
575 52182 61005 20 94248
576 52193 56460 18 14623
577 52211 59060 82 195779
578 52225 65660 76 312833
579 52343 52628 38 7525
580 52378 65530 20 69379
581 52392 53305 25 9367
582 52456 55363 11 20987
583 52552 68192 12 64089
584 52648 57157 12 21656
585 52856 98667 114 3375361
586 52980 53302 9 1538
587 53129 63110 120 315511
588 53545 82301 15 155399
589 53790 55745 128 102222
590 53795 98989 50 421473
591 53893 54662 106 46299
592 53972 81149 88 1127668
593 54121 80531 51 421719
594 54282 59714 126 543045
595 54379 57420 44 67931
596 54421 56627 48 47812
597 54437 59029 40 63427
598 54479 60405 70 81529
599 54520 54623 9 504
600 54596 62131 8 32317
601 54642 55773 36 5797
602 54657 77313 5 26053
603 54680 58491 5 7624
604 54687 63346 133 572338
605 54701 55198 4 683
606 54710 61391 25 106964
607 54860 57608 99 115970
608 54899 95209 75 1113944
609 54929 63855 15 52308
610 54965 61882 94 244687
611 55012 59287 7 11870
612 55030 63833 134 530041
613 55080 55699 133 39431
614 55163 92212 100 4722382
615 55264 57061 91 68083
616 55357 62614 43 170734
617 55429 56558 99 37702
618 55484 58487 40 24337
619 55632 62347 43 72644
620 55676 65710 121 581574
621 55965 71507 82 387618
622 56338 73817 38 65325
623 56388 64337 67 145418
624 56461 57073 19 7578
625 56462 60856 140 456941
626 56501 63559 22 86452
627 56611 69637 18 131633
628 56807 57229 105 34330
629 56927 74992 144 580630
630 57123 61251 26 21762
631 57200 62993 59 132266
632 57330 57689 34 5759
633 57444 61635 50 81589
634 57532 58176 13 3221
635 57560 90019 52 588375
636 57619 88046 4 37490
637 57679 59262 65 58925
638 57974 62936 39 54643
639 58057 79046 50 391476
640 58074 70064 103 346376
641 58142 70099 89 549446
642 58319 60388 49 143479
643 58335 63034 8 15847
644 58469 76205 6 95955
645 58563 70456 11 43156
646 58762 94253 21 372390
647 58893 67543 137 292247
648 58908 67531 37 312238
649 58989 75322 127 454851
650 59150 87033 125 877788
651 59285 75604 71 231922
652 59304 66730 25 77359
653 59331 67600 34 164105
654 59488 68225 33 209300
655 59533 99191 95 2668999
656 59583 60568 64 13836
657 59599 61985 10 17270
658 59867 63376 108 421858
659 59894 61100 26 28384
660 59929 61639 5 4374
661 59980 63960 108 156681
662 59987 60560 52 18978
663 60010 84323 30 168981
664 60016 60982 5 4193
665 60032 60374 31 2629
666 60046 64405 56 88452
667 60064 61299 26 9311
668 60065 61335 37 12747
669 60244 80639 7 115645
670 60333 67218 91 119038
671 60409 74344 25 56507
672 60478 80801 71 1135271
673 60497 63414 24 44363
674 60557 64790 59 31709
675 60739 65868 88 239325
676 60758 81557 107 482682
677 60785 61417 55 62056
678 60867 64364 104 94165
679 60897 69815 98 594742
680 61177 69195 10 64517
681 61197 66626 29 72287
682 61200 64350 90 186106
683 61203 64394 31 34020
684 61247 61907 22 8596
685 61317 62696 108 41055
686 61442 63404 77 91055
687 61505 75453 43 187906
688 61538 90768 18 511002
689 61960 79560 104 334263
690 62053 84528 139 1469552
691 62066 71797 9 38766
692 62070 62341 72 7352
693 62080 77085 56 399776
694 62117 73317 23 91540
695 62224 75709 50 289125
696 62301 63296 114 65945
697 62329 66335 41 46280
698 62405 63584 62 64317
699 62509 66733 29 49006
700 62801 63413 9 4663
701 62929 64172 50 17470
702 63497 64664 62 49834
703 63504 76727 107 559762
704 63624 66536 39 59635
705 63739 64674 73 11670
706 63749 64177 71 9920
707 63950 71334 104 463943
708 64004 74323 130 545294
709 64263 67598 42 55485
710 64268 70979 9 21616
711 64357 75332 12 18162
712 64493 73960 141 590092
713 64548 66220 145 123730
714 64557 68449 53 38123
715 64612 76536 26 125977
716 64659 80995 66 612515
717 64786 64940 81 8956
718 64814 76114 31 394862
719 64896 67490 61 47120
720 64935 65737 49 14191
721 64991 71182 16 18542
722 65046 74976 24 443309
723 65167 66440 36 15546
724 65169 66418 60 29733
725 65208 77031 23 110244
726 65234 65895 18 12731
727 65335 72403 9 43171
728 65456 68497 11 10133
729 65458 68323 47 119638
730 65468 89014 126 438095
731 65506 87263 39 257908
732 65787 74168 40 90579
733 65844 66382 52 34085
734 65934 68182 33 55915
735 65959 69196 9 4736
736 66012 78199 40 175909
737 66222 69720 134 591993
738 66224 77981 7 25905
739 66333 91861 47 158753
740 66346 72204 10 25223
741 66356 82748 14 84477
742 66473 73957 142 507694
743 66686 73472 80 289726
744 66689 71485 93 106054
745 66723 78989 133 916272
746 66746 73704 48 93345
747 66892 69791 27 81161
748 66929 76774 36 203799
749 67168 90241 60 368442
750 67392 79798 25 118047
751 67497 72407 24 20954
752 68319 72969 143 191661
753 68320 97727 37 316730
754 68349 71372 16 44783
755 68486 83627 92 651368
756 68648 70637 51 37184
757 68813 85059 93 262822
758 68825 83950 24 122303
759 68837 87430 21 97206
760 69055 80903 103 465792
761 69382 74766 53 82315
762 69425 74194 43 71802
763 69536 72738 143 95725
764 69596 70468 60 17914
765 69699 74580 98 155800
766 69764 72777 22 15691
767 70127 84443 125 844113
768 70281 89555 107 480718
769 70314 76849 10 20267
770 70520 85431 121 595781
771 70601 84965 29 177113
772 70698 84650 28 109535
773 70830 71327 35 9125
774 70912 71193 95 10873
775 70955 72192 35 31272
776 71294 78908 106 611260
777 71451 86659 148 929545
778 71687 79800 137 735311
779 71747 73976 84 274082
780 71810 77330 66 156492
781 71944 72710 75 51436
782 72145 84654 125 501500
783 72187 83995 44 133268
784 72197 72285 109 7047
785 72293 94640 62 182632
786 72318 74244 24 23180
787 72436 90866 38 75630
788 72446 78704 126 676662
789 72449 82318 92 280927
790 72877 92386 92 721599
791 72898 75821 76 122048
792 72907 96054 98 1443625
793 72944 79251 48 240815
794 73077 73501 21 17337
795 73101 76084 82 168839
796 73209 77822 130 301983
797 73465 74489 9 2122
798 73476 76317 33 34051
799 73564 79861 121 343510
800 73587 74192 37 10076
801 73613 80329 116 468675
802 73640 77730 19 19647
803 73650 82370 74 300796
804 73663 75506 65 29990
805 73806 80327 22 228084
806 73832 74357 70 18556
807 73869 96584 7 66184
808 73987 80894 93 198101
809 74099 77766 15 24118
810 74167 75237 64 35474
811 74171 80823 99 516123
812 74531 78796 19 20078
813 74667 90122 104 1222171
814 74671 94383 119 352558
815 74689 90581 42 136564
816 74700 75942 27 15309
817 74716 86635 53 172260
818 74760 88785 117 991477
819 74930 85043 74 982867
820 74962 80677 75 232321
821 75001 82302 142 349846
822 75003 96427 64 488181
823 75114 76461 101 45118
824 75152 81656 70 154351
825 75307 79577 115 232953
826 75377 79322 44 103662
827 75399 95471 44 236908
828 75544 97698 38 418829
829 75546 78568 27 45379
830 75790 82900 27 101280
831 75943 75979 13 137
832 76047 77613 25 27136
833 76196 77169 14 14471
834 76308 89450 47 289566
835 76535 82789 140 737516
836 76671 80534 7 10070
837 76752 88444 43 563499
838 76776 90820 11 93917
839 76824 89865 15 95675
840 77113 84794 142 254170
841 77233 77645 17 2371
842 77272 90757 7 9789
843 77300 88391 23 102341
844 77368 92689 5 23364
845 77443 80548 123 148053
846 77484 78572 61 56393
847 77615 90159 129 730951
848 77674 79515 67 30661
849 77821 93059 99 1109743
850 77836 83585 133 342605
851 78066 84740 114 677337
852 78128 84333 79 118385
853 78355 79779 134 41935
854 78517 83753 35 36952
855 78533 84312 113 91104
856 78720 82226 112 169328
857 78846 80858 12 17807
858 78847 84449 117 1104211
859 78897 81096 150 251776
860 79041 89593 12 41264
861 79124 79497 9 997
862 79172 99483 134 1153477
863 79249 88647 8 56574
864 79261 82491 53 97687
865 79346 87312 29 121293
866 79391 91206 149 752734
867 79467 94281 93 731155
868 79526 81432 144 21240
869 79646 90688 37 121413
870 79772 82232 21 36275
871 79792 86185 140 299431
872 79956 81705 87 45870
873 79960 86108 83 89465
874 80076 87507 99 178074
875 80490 82729 12 8646
876 80570 98036 6 44627
877 80803 82612 104 56361
878 80831 87966 5 16922
879 80893 88082 34 100238
880 80950 83780 5 8137
881 80970 85541 138 165474
882 80987 87037 80 164118
883 81006 84279 38 391382
884 81055 99554 39 348387
885 81126 98460 15 87710
886 81246 83106 26 8182
887 81288 85721 51 136006
888 81319 91376 38 109754
889 81367 83208 16 12826
890 81405 88769 77 225751
891 81438 91766 4 9799
892 81499 98911 9 127121
893 81564 81635 135 2277
894 81633 96911 126 1438128
895 81673 84416 57 288877
896 81699 81808 74 4240
897 81821 86965 40 85072
898 82076 87408 82 156967
899 82237 99784 119 747531
900 82276 89614 80 115440
901 82431 90083 15 150089
902 82582 86413 71 356612
903 82671 84000 44 21594
904 82691 82967 29 8767
905 82837 84853 35 64855
906 82990 88424 27 66075
907 83002 95684 26 221864
908 83089 89918 141 249511
909 83122 89169 75 133696
910 83511 91359 11 22707
911 83522 92985 96 523130
912 83713 92348 45 152976
913 83786 97086 95 844872
914 83904 90969 24 23211
915 83961 92633 79 538936
916 84332 85238 23 21466
917 84430 88818 86 204632
918 84579 97053 30 197880
919 84610 92683 144 720395
920 84705 91046 26 59623
921 84888 91365 121 295442
922 84889 86778 35 25470
923 85091 88654 10 12778
924 85099 99690 52 277020
925 85509 98508 90 285875
926 85547 96300 114 767222
927 85816 86111 26 2070
928 85912 89936 54 188398
929 85973 89362 7 5840
930 86015 89705 41 80063
931 86068 88230 89 186865
932 86123 86344 125 23255
933 86258 90223 57 45828
934 86282 86291 98 180
935 86683 93906 43 204116
936 86686 89038 4 1298
937 86822 91810 72 165153
938 87073 93935 90 663753
939 87161 91999 6 34190
940 87289 88474 139 131581
941 87310 89415 5 3456
942 87391 90678 8 8251
943 87419 88162 108 72324
944 87576 89326 133 49913
945 87625 95390 7 57640
946 87698 88357 40 6474
947 88210 88804 66 25867
948 88453 88859 53 16013
949 88464 95608 69 69118
950 88709 88844 24 1702
951 88773 90731 54 16794
952 89042 99303 14 61754
953 89762 94699 103 193304
954 89774 91354 63 30360
955 89851 96039 112 296126
956 90208 95865 5 18471
957 90367 93667 13 6910
958 90386 99034 60 173431
959 90536 97938 89 395256
960 90760 97022 6 9225
961 90775 93487 23 50822
962 90806 92393 92 40755
963 90828 94227 108 253587
964 90993 94752 60 40102
965 91097 97547 105 307770
966 91138 96690 72 264748
967 91172 95814 16 104633
968 91490 93920 5 14760
969 91707 92293 7 1428
970 91829 99351 70 201336
971 91933 97738 101 106453
972 91970 97593 7 15277
973 92046 92783 33 20282
974 92119 92308 130 11056
975 92226 99970 64 488208
976 92235 95130 7 4443
977 92548 93602 16 3811
978 93026 95074 119 48852
979 93291 98146 17 19811
980 93452 96613 24 17110
981 93517 99994 56 271084
982 93755 98691 26 72978
983 93781 93970 85 10580
984 93923 99779 4 15644
985 94311 95219 54 27085
986 94482 99590 31 91594
987 94493 97338 149 219643
988 95173 96005 96 31138
989 95224 96834 39 11851
990 95489 97685 81 182930
991 95905 99035 27 21982
992 96444 99441 12 27860
993 96606 96746 96 6769
994 96890 99986 145 427147
995 97162 97919 129 76045
996 97405 97918 41 8024
997 98085 98726 39 6425
998 98352 99356 34 19982
999 98958 99123 37 5338
