50 1000 0.037
........#######...................................
..........####....................................
...........#.#....................................
..................##..........................#...
................#####.............#..........##.#.
.............######.............#.##..........####
.............#####..........#.#.####..........####
...............###.........###########......#####.
................###.......##.#.#.#####........#...
................#.........######.#####............
.........................######.....##............
............................##....................
...........................###....................
..................................................
..................................................
.......................................##.........
......................................####........
......................................####........
....................................#####.#.......
....................................########......
.............##.....................######.#......
............##.........................#######....
.......#.#.#####.......................######.....
.......###.####.........#..............#..#.......
.......#########........#.........................
.........########......#######....................
..........#.#........######.####..................
............##......##.######..#..................
.............#.......#########....................
.....................##.#.####.......###..........
............#.........#########....#######........
..........####.......##.###.#.####...##.##........
..........####......######.##.##.....#####........
.........######.......#####.#...#......##.........
.........#.##.###......#.#......##.....##.........
..........#####.........######.####...............
........#####.#........###.#.######...............
.........###...........##....######...............
..........#................####.##................
............................##.######.............
.............................####.###.............
...........................##########.............
......#####................#.##.##.#............#.
.....#######.................#....####........###.
#.....###.#.##...................######.........##
#......####..#..................###.##..........##
##.....###...##..........##..#.#.#####...........#
###.....###.##..........########....#...........##
###.......#.............####.#.#.................#
##.....................####...##.................#
0 45 6229 42 152914
1 93 740 33 12314
2 200 9384 110 962023
3 443 1344 4 2094
4 571 13181 74 580011
5 733 4822 70 245125
6 1124 6727 127 254263
7 1265 9815 38 116508
8 1366 16598 13 135735
9 1652 14837 97 818816
10 1888 6260 11 17944
11 1970 13652 84 384730
12 2013 7277 15 65054
13 2339 8065 125 270611
14 2455 13240 12 164023
15 2535 10494 40 243317
16 2538 20130 91 312303
17 2687 6271 47 189216
18 2714 5993 11 26904
19 2799 9122 41 40946
20 3208 17544 135 744680
21 3253 13174 23 200793
22 3454 7811 15 35150
23 3470 5499 10 7474
24 3553 7295 23 50613
25 3561 9631 16 51764
26 3737 5603 6 8612
27 3887 17719 35 323451
28 3934 11452 7 15641
29 4026 7090 62 71666
30 4152 5350 8 8109
31 4173 4982 98 20844
32 4270 4787 55 21115
33 4290 13265 16 75811
34 4324 21787 16 81464
35 4420 26892 149 2169060
36 4717 20611 18 64108
37 4814 5559 90 44260
38 4842 6821 40 46548
39 4878 6811 37 28467
40 4952 6651 62 36576
41 5062 8231 9 12287
42 5085 12252 97 162714
43 5218 17912 26 59917
44 5292 17835 15 59557
45 5417 5588 112 11865
46 5539 18452 23 56639
47 5712 16265 72 90437
48 5867 8260 23 42526
49 5896 8087 85 111176
50 6014 11658 6 11421
51 6186 6860 20 6884
52 6378 12000 24 59920
53 6709 7135 20 4296
54 6723 36924 97 438394
55 6905 9743 43 110864
56 6917 8966 40 67186
57 7066 8881 139 141906
58 7134 19815 78 353659
59 7147 24353 7 17855
60 7149 8142 35 24227
61 7248 9646 5 7613
62 7270 20785 4 17817
63 7323 8843 105 98958
64 7376 7665 87 28423
65 7611 23929 8 31496
66 7705 8647 7 2689
67 8276 25349 39 341075
68 8346 16111 6 5307
69 8411 12129 22 38151
70 8417 11534 47 82633
71 8425 11047 5 7872
72 8486 9670 137 117572
73 8606 27368 93 508790
74 8638 11163 24 56529
75 8839 10912 132 175858
76 9072 9738 72 22437
77 9079 26235 96 539143
78 9094 11683 24 18284
79 9125 10007 18 5339
80 9175 11882 8 9059
81 9245 27153 15 180357
82 9393 15251 42 84057
83 9445 15128 129 467123
84 9484 16384 58 317629
85 9505 22457 67 276376
86 9547 12384 112 73450
87 9613 27697 19 191615
88 9666 13013 140 130785
89 9731 18951 85 685800
90 9750 13109 77 116504
91 9948 13128 35 45496
92 9992 10394 14 438
93 9999 15064 8 6036
94 10117 14154 35 78129
95 10162 19945 27 231346
96 10411 17342 62 230125
97 10466 21971 25 128258
98 10525 27053 10 46867
99 10625 15999 78 317398
100 10630 10880 124 15079
101 10848 11871 15 10756
102 10919 12516 15 6708
103 10923 16515 47 57133
104 11083 21917 28 77367
105 11154 13590 5 4403
106 11185 43650 142 1840175
107 11260 11455 21 1007
108 11320 33083 80 509529
109 11371 20161 118 1364299
110 11407 31165 96 529437
111 11467 19188 31 90953
112 11476 12759 67 20109
113 11566 13749 46 38978
114 11594 25133 24 130124
115 11690 15283 136 369723
116 11708 26889 20 167944
117 11739 11932 21 2693
118 11802 13660 80 68161
119 11952 12888 52 30475
120 11965 17623 108 244428
121 12070 16337 5 7504
122 12214 13367 6 11378
123 12336 36316 104 985779
124 12394 17183 14 23063
125 12510 23788 12 17712
126 12554 14054 9 12476
127 12688 15889 71 40566
128 12712 19434 4 17710
129 12846 15582 24 24973
130 12890 14811 37 15634
131 12959 34030 58 1407213
132 13117 20934 57 113816
133 13162 27668 5 53727
134 13331 21195 13 75567
135 13438 15570 42 61659
136 13484 13992 23 17077
137 13517 58612 26 792300
138 13533 15632 39 28987
139 13563 16757 26 30124
140 13597 19936 21 41223
141 13610 30403 21 211265
142 13767 15585 9 15543
143 14029 24332 119 807099
144 14229 21579 130 1037630
145 14268 24761 50 264633
146 14586 16191 51 22787
147 14672 20690 4 4258
148 14772 21076 6 26667
149 14797 19326 82 84343
150 14827 17041 26 6262
151 14831 29260 9 92512
152 14901 25081 11 15045
153 14920 15382 116 18457
154 15150 33472 136 1543906
155 15169 22943 31 187678
156 15462 31031 23 105237
157 15467 15817 149 29753
158 15571 17207 37 20211
159 15640 36612 28 202483
160 15652 19262 35 76323
161 15856 20067 65 73773
162 15985 40125 119 876199
163 16012 18069 22 33653
164 16118 16440 69 12384
165 16143 19903 37 34911
166 16164 21212 68 260084
167 16502 30646 69 420527
168 16539 22334 12 23434
169 16705 24892 147 235073
170 16838 23545 50 125736
171 16892 21572 14 35120
172 16974 23642 41 127766
173 17021 17570 23 7315
174 17257 29466 39 195825
175 17290 17489 26 1879
176 17326 22995 81 24599
177 17478 25281 22 50739
178 17610 24109 80 194262
179 17676 20772 136 64294
180 17806 20348 114 236817
181 17911 20147 63 40868
182 18021 48366 94 2205223
183 18168 28266 57 215091
184 18173 26819 106 261602
185 18378 22500 14 11338
186 18389 21363 21 24887
187 18413 18575 7 662
188 18641 18696 80 3665
189 18916 24588 111 174888
190 19062 43585 7 77851
191 19082 23414 88 102049
192 19229 40031 47 371303
193 19461 22646 73 250193
194 19547 20053 9 3682
195 19555 46438 8 46988
196 19702 57371 25 212906
197 19717 37431 40 517015
198 19734 35686 129 633486
199 19835 23098 136 107600
200 19908 24693 23 102994
201 20118 24475 16 23057
202 20119 35397 21 186908
203 20137 21297 124 117435
204 20589 54166 54 509299
205 20757 38129 10 41936
206 20875 30163 96 279030
207 20942 29602 25 44621
208 20998 22863 34 43854
209 21030 22432 68 54921
210 21172 24208 32 77464
211 21225 41652 61 1328114
212 21337 24470 56 145544
213 21410 31318 62 177955
214 21418 25966 17 48009
215 21463 40864 16 74898
216 21589 24738 51 70179
217 21614 25767 25 46697
218 21675 24202 118 118115
219 21716 25598 90 154306
220 21719 25557 52 45907
221 21744 36968 25 178430
222 21806 32665 23 35959
223 21862 25516 43 76550
224 22059 28299 149 496297
225 22100 23847 123 104981
226 22388 29375 50 312268
227 22613 24759 131 45594
228 22616 32410 18 176006
229 22699 26596 9 10087
230 22850 37349 117 369804
231 23100 32916 89 372122
232 23169 27066 111 401103
233 23346 29521 25 70633
234 23360 37926 91 289617
235 23401 36148 105 759860
236 23484 24241 58 31924
237 23596 34017 38 226946
238 23667 29238 44 127554
239 23912 26529 73 139359
240 24152 28280 139 306751
241 24183 43924 83 404752
242 24301 31517 35 79147
243 24336 25194 6 2925
244 24402 32982 132 912412
245 24406 24483 62 7660
246 24601 26572 21 48270
247 24654 30447 38 55931
248 24682 32018 25 165310
249 24817 30363 57 266044
250 24884 27156 40 23876
251 24888 41916 128 525740
252 25030 25062 46 644
253 25217 33897 94 220445
254 25226 25493 59 11052
255 25231 38152 38 163536
256 25239 27106 40 50800
257 25272 33861 59 181673
258 25326 29916 31 120896
259 25555 28322 25 74979
260 25719 30918 107 453256
261 25826 37306 148 244098
262 25837 29924 30 106850
263 26210 27014 25 8571
264 26265 30593 22 153434
265 26272 29075 43 46542
266 26281 34672 9 55736
267 26333 27856 87 152627
268 26393 42314 100 796812
269 26443 28349 145 156510
270 26469 30606 14 26617
271 26610 30777 7 30247
272 26684 36403 57 278840
273 26725 29681 16 49503
274 26795 37229 42 148999
275 27025 52571 23 180520
276 27069 28580 52 41748
277 27137 32412 119 115585
278 27192 28114 79 29597
279 27232 40887 88 951345
280 27296 28940 18 9937
281 27335 31745 25 29940
282 27381 33976 91 675560
283 27392 35051 42 132592
284 27394 40406 39 549133
285 27577 29138 75 30488
286 27606 34027 4 11215
287 27677 29547 62 38718
288 27756 36286 45 321986
289 27896 30867 90 158534
290 28211 43503 115 576629
291 28238 30084 119 65398
292 28456 42493 28 93310
293 28463 31020 7 6454
294 28639 35228 31 95395
295 28875 47464 123 784996
296 28960 41103 29 88442
297 29001 30710 5 9368
298 29031 30549 33 21238
299 29114 33342 106 253428
300 29272 30737 118 153147
301 29283 31647 28 10906
302 29382 29750 13 572
303 29407 30077 109 4790
304 29497 42276 120 661852
305 29570 30101 47 12783
306 29663 36766 130 809714
307 29761 38146 4 17415
308 29785 31679 63 73122
309 30051 33126 59 124143
310 30064 35234 40 55102
311 30108 42167 6 10901
312 30128 52080 59 467740
313 30172 46856 130 492127
314 30229 38174 5 7024
315 30286 35836 81 153855
316 30430 42912 124 838494
317 30465 31626 133 58306
318 30498 58201 88 1847981
319 30597 31448 54 18344
320 30814 37322 10 36927
321 30921 33614 30 42497
322 31029 32958 93 64550
323 31251 34048 74 113183
324 31267 40080 54 145320
325 31296 46384 84 218167
326 31604 33389 112 46199
327 31668 37350 7 12397
328 31732 38444 19 46760
329 31863 33564 105 125733
330 32011 38181 88 472747
331 32173 44852 14 16045
332 32277 34911 104 164510
333 32315 37204 6 11991
334 32338 33431 13 11309
335 32379 38239 66 111265
336 32741 40425 30 58241
337 32761 34384 41 34302
338 32927 41860 47 178940
339 32966 36112 88 23720
340 32989 34076 9 9374
341 33153 39188 83 120336
342 33399 43767 32 117372
343 33444 35052 49 26766
344 33649 42098 80 461423
345 33756 44445 93 468885
346 33856 46272 21 62457
347 33926 44218 26 79800
348 34107 50506 110 243788
349 34157 39327 15 43442
350 34192 36894 108 175170
351 34242 37486 138 226970
352 34325 37029 37 12770
353 34377 40564 24 32633
354 34611 49123 72 238689
355 34802 38276 52 111470
356 35107 36057 5 1465
357 35121 42454 20 42090
358 35150 38098 32 46418
359 35161 63523 105 1458460
360 35187 36693 5 3443
361 35226 57760 68 764960
362 35312 37483 89 55972
363 35326 39599 18 18771
364 35361 36143 24 9484
365 35426 45578 39 223831
366 35444 39069 75 170181
367 35455 40598 46 44288
368 35475 44192 104 137870
369 35622 46869 5 15178
370 35657 37797 39 37762
371 35682 39702 73 55713
372 35688 43870 146 391965
373 35829 49091 72 421818
374 35938 42264 21 59353
375 35961 43194 49 177443
376 36225 38715 133 134004
377 36263 37249 35 17848
378 36305 42181 55 122118
379 36340 43520 88 209338
380 36497 67567 25 373845
381 36559 40589 105 220533
382 36730 42549 142 934897
383 36824 42553 61 68013
384 36978 45526 100 327727
385 37086 38203 135 99085
386 37191 39923 15 4669
387 37232 38982 9 9279
388 37310 39084 21 28086
389 37440 37844 35 18205
390 37507 79041 8 126486
391 37568 40804 88 124754
392 37740 47697 93 838143
393 37757 38905 83 51753
394 37876 39813 6 7387
395 37907 39007 79 27570
396 38030 73580 10 77944
397 38089 53250 102 412260
398 38182 40705 7 4244
399 38483 41704 49 64262
400 38575 53376 22 205097
401 38772 57588 9 163059
402 38791 44512 98 110559
403 38894 44880 147 267152
404 38897 41378 105 105603
405 39044 47642 97 159156
406 39124 60513 63 285030
407 39238 44934 65 97766
408 39272 40130 48 22776
409 39292 41844 30 44729
410 39325 40521 14 11437
411 39394 71506 76 2131277
412 39421 42961 59 73867
413 39492 40460 11 3203
414 39676 41307 75 64158
415 39818 43103 33 42906
416 39872 46416 19 45081
417 39945 50904 79 458004
418 40074 44923 42 147122
419 40121 53425 28 100041
420 40181 43288 7 17599
421 40290 43683 70 165239
422 40291 42984 29 8908
423 40357 61836 83 1032526
424 40364 47511 69 240721
425 40365 43927 6 10521
426 40690 40900 102 18935
427 40715 42403 11 5502
428 40753 41963 144 16719
429 40781 44208 10 29626
430 40820 68259 72 832045
431 40891 62044 14 89095
432 40937 41914 41 10323
433 40984 49908 9 12847
434 41025 41769 8 2272
435 41067 49934 4 15898
436 41073 43190 68 81925
437 41109 61697 102 664726
438 41154 49372 18 34091
439 41163 47364 138 762086
440 41284 50284 70 757218
441 41338 54574 84 188124
442 41424 57514 42 533376
443 41517 57135 4 23252
444 41523 56400 51 416076
445 41797 44864 48 69355
446 41823 44455 84 54711
447 41896 66228 27 217299
448 41945 49549 136 409575
449 41991 51774 7 46121
450 42119 44953 88 110572
451 42200 46269 35 35864
452 42349 42502 29 1561
453 42363 44793 45 20361
454 42385 50338 51 329429
455 42583 44582 58 62931
456 42785 49940 21 74558
457 42899 48264 14 21648
458 42923 44081 122 31385
459 42943 78847 50 810930
460 42957 55506 5 45193
461 43033 45616 10 7788
462 43162 45078 7 5925
463 43262 46088 14 11990
464 43381 52988 87 293569
465 43460 79719 50 215415
466 43613 55335 54 112937
467 43652 45510 19 11414
468 43658 48733 19 92592
469 43733 50813 63 120150
470 43770 48955 17 32971
471 43819 49498 40 50720
472 44166 47131 29 72066
473 44228 51793 48 198905
474 44517 63314 69 688635
475 44590 52800 137 522228
476 44594 51193 63 247333
477 44606 46897 149 214409
478 44766 49524 65 184102
479 44918 45732 5 2475
480 44945 51899 136 255903
481 44955 50075 57 164890
482 44974 49056 27 39146
483 45094 47795 78 80655
484 45142 60517 77 493197
485 45205 46863 33 51454
486 45219 47111 26 30696
487 45576 52017 6 26113
488 45607 49546 131 159553
489 45612 61468 107 369395
490 45639 48484 78 211261
491 45682 59779 8 40250
492 45698 46471 16 6872
493 45722 49264 101 150214
494 45735 69985 134 4101181
495 45809 46842 85 42047
496 46030 47084 115 35661
497 46222 53222 119 259977
498 46256 47056 67 13678
499 46492 67833 18 207856
500 46567 46895 5 595
501 46604 50849 100 894774
502 46637 51508 13 32825
503 46737 59714 6 18304
504 46750 48669 10 4309
505 46751 52300 21 45429
506 46954 50874 6 6505
507 47118 47440 77 6502
508 47308 55154 86 555616
509 47398 52658 17 11287
510 47483 54017 87 363395
511 47666 49990 52 44908
512 47738 55083 36 120506
513 47804 47978 26 1839
514 47905 51138 103 166941
515 48027 63711 117 547919
516 48159 48180 9 272
517 48283 49454 47 27112
518 48291 57092 28 162029
519 48318 49303 84 24931
520 48385 61314 138 1066887
521 48458 55699 144 1085130
522 48463 57007 10 13553
523 48505 51410 94 95262
524 48605 70979 126 662325
525 48766 54165 31 41335
526 48804 49868 25 12575
527 48924 52474 27 44775
528 49147 51165 113 132264
529 49161 52457 139 96582
530 49191 53821 62 48915
531 49198 57445 116 314325
532 49201 60528 18 123795
533 49208 51521 115 50477
534 49281 56861 16 57546
535 49288 50847 15 12001
536 49367 60879 14 31026
537 49401 59869 21 105924
538 49629 55825 86 188655
539 49687 50501 33 8828
540 49705 60099 18 29554
541 49816 57745 69 281491
542 50351 51824 142 25289
543 50537 52153 74 48421
544 50565 52609 41 66465
545 50579 53592 142 165920
546 50638 52920 9 9813
547 50662 58655 52 183459
548 50714 52366 43 43087
549 50820 51120 6 1057
550 50835 51178 18 3442
551 50844 60684 26 94983
552 50850 62922 10 98340
553 50852 61140 25 76629
554 50886 70916 63 1352479
555 50992 76754 30 415381
556 50996 59188 60 331225
557 51010 53728 25 20206
558 51204 51842 133 54148
559 51394 53057 34 24393
560 51466 54899 119 154081
561 51494 57193 81 159315
562 51614 57342 43 115532
563 51717 52901 25 11760
564 51730 62867 14 30775
565 51849 64044 89 407687
566 52014 56163 68 112458
567 52158 54700 105 246572
568 52174 69948 18 142465
569 52256 71756 24 248286
570 52341 68030 143 1367657
571 52409 58377 17 26442
572 52485 64953 76 156095
573 52491 60308 29 167154
574 52545 72195 11 45629
575 52551 63267 131 315314
576 52815 64982 11 108366
577 52836 59294 18 30159
578 53040 53717 20 7935
579 53074 53378 139 102682
580 53089 56206 40 33973
581 53091 64194 56 297467
582 53146 57249 15 10290
583 53188 70028 82 654191
584 53234 66468 35 123465
585 53402 53578 56 6313
586 53513 65169 6 40077
587 53553 66606 5 21004
588 53573 65341 61 134205
589 53640 54772 12 2552
590 53746 59151 98 150502
591 53832 58363 134 236813
592 53844 59013 123 564398
593 53981 62565 18 60036
594 54014 57370 27 26299
595 54131 54706 11 3340
596 54179 57086 13 15286
597 54365 69578 30 135438
598 54444 56599 117 82787
599 54482 57373 124 90654
600 54483 59905 137 273609
601 54656 57481 60 87717
602 54696 60999 8 37890
603 54697 63495 60 65184
604 54759 61693 77 444797
605 54815 56237 32 17354
606 54858 69991 44 464799
607 54878 65594 5 27838
608 54996 56196 5 1756
609 55123 56792 132 79741
610 55397 58768 14 8034
611 55483 57256 28 8847
612 55494 63116 64 183651
613 55707 56203 50 8331
614 55816 78046 14 125812
615 56122 57267 57 36276
616 56249 63035 117 272660
617 56333 83427 86 997371
618 56434 65876 102 230831
619 56460 63181 114 135933
620 56507 67819 17 84929
621 56628 60396 57 80468
622 56704 69613 33 244670
623 56745 59651 110 126111
624 56794 57304 85 24721
625 56805 81011 31 189742
626 56926 59773 47 52269
627 56969 58298 23 39622
628 57002 60278 69 143369
629 57313 59196 82 31487
630 57401 80283 106 1200322
631 57406 58271 23 5379
632 57410 57414 76 88
633 57469 59864 11 9797
634 57488 72347 128 265124
635 57537 65109 45 397550
636 57597 61310 43 110406
637 57634 66386 70 295866
638 57644 68349 14 23970
639 57654 70114 25 444672
640 57917 63751 50 74738
641 58001 60155 138 481761
642 58023 61274 53 117568
643 58178 74702 43 284005
644 58337 70017 146 1098168
645 58395 58492 150 9058
646 58402 65052 98 402545
647 58483 72013 17 139124
648 58502 61838 22 50670
649 58530 66251 29 101000
650 58610 71357 63 200847
651 58682 60615 24 27363
652 58704 68393 90 192332
653 58741 61268 146 405831
654 59054 67620 13 28338
655 59121 63098 15 12611
656 59171 63320 36 58258
657 59192 64573 6 10107
658 59219 61336 65 48433
659 59242 59262 72 2041
660 59247 61842 23 27883
661 59276 72459 37 162780
662 59318 65134 116 198749
663 59445 59966 99 26292
664 59524 59810 7 1192
665 59706 70621 13 62894
666 59749 60168 13 3014
667 59812 61513 28 11982
668 59844 66982 123 787112
669 59958 74503 147 593681
670 60005 64227 65 66953
671 60073 64751 10 17595
672 60101 61910 7 3564
673 60193 70672 126 430484
674 60236 66668 65 159310
675 60282 61051 117 51249
676 60303 68694 70 311386
677 60575 62994 52 58727
678 60603 60618 73 350
679 60705 62530 14 9102
680 60889 63359 140 62362
681 60895 78980 23 294038
682 60907 61303 76 9888
683 60978 65765 6 4295
684 61169 68611 54 297250
685 61273 70855 139 237680
686 61375 64056 84 70575
687 61392 64539 7 14431
688 61458 68110 58 77748
689 61460 72861 87 834455
690 61614 71689 50 131583
691 61630 61736 27 4064
692 61655 67215 30 84430
693 61669 61770 131 13294
694 61754 86423 16 49545
695 61815 69920 72 55447
696 61952 63413 87 30930
697 62045 62611 29 6464
698 62186 63500 21 16157
699 62344 73937 60 261627
700 62417 96216 49 675049
701 62451 74685 90 452968
702 62616 70966 48 86241
703 62627 73798 30 101802
704 62640 63673 8 6267
705 62687 66999 54 40635
706 62742 63171 23 10486
707 62777 63370 14 3082
708 62853 65548 73 133988
709 62878 81743 130 549150
710 62882 77431 15 109223
711 62925 71029 54 272405
712 62989 74040 20 139136
713 63310 70680 44 77634
714 63455 64337 126 53136
715 63524 68070 57 74901
716 63539 69637 87 247789
717 63597 63608 8 44
718 63633 69675 138 192155
719 63865 67994 72 46772
720 63928 68425 33 84552
721 64041 68411 117 118090
722 64113 64904 17 7311
723 64319 88781 60 368511
724 64356 66512 50 21625
725 64403 65343 31 15441
726 64497 70451 58 209318
727 64839 65479 8 3239
728 64845 67673 19 24288
729 64931 70421 66 138856
730 64967 68253 4 4467
731 65037 67213 11 9513
732 65105 79263 100 309499
733 65189 70580 68 108109
734 65266 76560 26 42003
735 65276 89031 16 86577
736 65287 66611 34 10698
737 65290 66474 35 35940
738 65326 66505 110 70403
739 65439 66059 17 3335
740 65611 71120 129 371595
741 65624 78561 29 102472
742 65913 71770 6 7197
743 65934 83236 91 442080
744 66073 72336 33 107217
745 66318 68569 52 77500
746 66360 76041 94 553301
747 66412 76323 39 90423
748 66539 68740 14 14111
749 66646 69377 31 41684
750 66660 76276 9 16408
751 66731 77228 39 166382
752 66734 71465 131 229714
753 66908 79986 119 1177898
754 66975 81705 78 347930
755 66991 72058 12 25618
756 67090 71601 86 154318
757 67382 73584 19 50193
758 67611 79116 14 108896
759 67657 76263 73 505387
760 67911 72368 70 62277
761 67962 76195 34 44372
762 68015 69791 13 2361
763 68152 77077 102 700616
764 68326 74571 131 536097
765 68643 69944 30 48831
766 68777 71716 53 29952
767 68832 77634 49 127160
768 68895 97723 101 187976
769 69014 75958 35 165624
770 69064 81613 125 752772
771 69227 78295 123 417900
772 69466 74222 5 21382
773 69488 99709 65 1110495
774 69529 75192 66 118378
775 69551 69810 27 1472
776 69561 86727 8 9334
777 69627 70515 12 4119
778 69653 78553 96 206828
779 69710 73873 32 76069
780 69741 78436 59 412246
781 69775 86733 107 348896
782 69805 85895 107 1056063
783 69915 95430 111 622657
784 70008 70718 107 24751
785 70075 81000 5 23157
786 70385 82016 90 315917
787 70438 78176 102 238182
788 70663 75490 20 44249
789 70714 72686 59 50501
790 70741 72629 29 17017
791 70903 73863 69 175235
792 71060 72744 76 105237
793 71112 80258 10 37290
794 71179 71700 39 6957
795 71209 72259 44 46955
796 71268 77982 72 139556
797 71331 75383 134 365140
798 71426 72088 71 25389
799 71508 78575 83 90479
800 71596 82271 45 293502
801 71852 94062 5 44959
802 71938 84762 49 211706
803 72093 77676 65 115016
804 72142 88477 137 1307757
805 72276 72418 116 10362
806 72293 72777 5 5360
807 73054 88701 40 416438
808 73088 82597 39 216218
809 73458 82229 53 401260
810 73699 74340 21 9530
811 73712 83478 150 871022
812 73961 84647 86 623366
813 74186 79037 49 333871
814 74255 84128 9 19824
815 74266 77112 79 140970
816 74368 77036 82 408534
817 74452 80246 41 159145
818 74944 79601 10 6829
819 75076 75661 71 26219
820 75212 76991 74 41452
821 75349 75715 16 5739
822 75424 88380 114 1548311
823 75663 78857 8 35820
824 75740 87887 73 774975
825 75860 95280 5 83053
826 75981 79841 90 198958
827 76232 78587 23 15471
828 76242 96281 44 338109
829 76398 89712 93 1109769
830 76444 76718 11 1333
831 76459 76914 60 19664
832 76732 85001 120 1235200
833 76801 79759 9 11749
834 76819 85834 120 453525
835 76823 82347 17 19747
836 76853 84091 19 31962
837 77043 78645 19 20498
838 77215 79730 71 112187
839 77395 81962 127 284167
840 77514 84478 52 176808
841 77529 79833 42 30080
842 77532 81265 143 669466
843 77869 96948 62 510449
844 77992 90131 15 29666
845 78225 80136 113 75230
846 78297 78623 12 3799
847 78362 78955 65 32611
848 78371 87656 6 15589
849 78495 81516 4 5430
850 78526 79036 96 21125
851 78736 86713 126 422776
852 78824 82580 57 127981
853 78880 94592 113 896822
854 78901 80812 6 5425
855 79020 83049 136 414981
856 79039 80943 56 148685
857 79159 84241 40 46329
858 79421 81785 23 21706
859 79451 81590 55 34645
860 79489 81387 82 68211
861 79512 82204 52 55912
862 79617 97382 35 189088
863 79623 98435 87 463000
864 79629 82528 31 43382
865 80006 82088 9 12487
866 80008 85169 39 334995
867 80100 82982 134 216145
868 80113 83189 37 54636
869 80115 87676 4 13816
870 80568 83426 7 22661
871 80643 86112 132 743613
872 80742 80876 105 9242
873 80743 83358 12 13091
874 80746 85189 16 51989
875 80808 85442 59 165424
876 80880 88922 6 30790
877 80891 82147 60 27068
878 80929 83463 13 18070
879 80979 97092 17 71448
880 81191 82879 105 137772
881 81357 81446 127 6548
882 81391 89794 65 151150
883 81571 82454 133 134969
884 81615 94474 10 83758
885 81623 99522 26 216039
886 81667 98165 76 280226
887 81744 84161 12 25538
888 82236 86125 14 20458
889 82249 83390 105 66579
890 82480 85159 80 182050
891 82491 83564 6 2813
892 82557 86503 51 143292
893 82708 83598 125 68502
894 82724 92214 6 22771
895 82726 89721 117 1208214
896 82811 85221 56 121769
897 83010 96465 62 274899
898 83068 88408 13 18589
899 83098 85493 63 196743
900 83129 83756 5 2558
901 83396 93293 16 64453
902 83440 98495 8 84364
903 83501 99340 17 137363
904 83557 88622 100 190978
905 83567 99283 80 652242
906 83703 84035 72 13702
907 83794 86627 64 36733
908 83833 85664 4 9970
909 83885 88702 48 60545
910 84067 92598 75 327691
911 84073 90573 31 92962
912 84092 93352 42 68178
913 84144 95272 77 331594
914 84253 88633 39 94534
915 84370 97032 22 121632
916 84383 86101 18 13770
917 84642 91915 59 117473
918 84819 88197 63 95400
919 84842 92560 48 130789
920 84894 87471 31 20682
921 85002 90742 125 305013
922 85061 88924 101 333626
923 85348 93477 21 65695
924 85535 87218 91 67025
925 85739 92379 149 986000
926 85954 86347 15 3781
927 85984 86093 17 2771
928 86006 95589 95 934374
929 86205 90795 21 30828
930 86301 89930 31 76255
931 86312 91224 40 60590
932 86344 89802 45 110424
933 86449 88085 25 55835
934 86512 97963 58 333884
935 86719 87121 16 3270
936 86724 86988 19 3549
937 86932 92500 77 156221
938 87039 87659 91 25457
939 87046 92789 77 496207
940 87059 92755 90 326171
941 87115 88186 60 41710
942 87119 90951 15 21341
943 87157 93017 136 486383
944 87164 90269 116 167177
945 87458 91931 26 137111
946 87554 88926 68 57273
947 87561 88709 99 43339
948 87801 89960 60 230572
949 87911 90006 114 241838
950 88055 91501 132 113761
951 88318 95982 69 227743
952 88524 93563 88 285277
953 88530 88647 128 26504
954 88908 96680 52 317928
955 88912 93652 71 121598
956 89168 99403 109 1851440
957 89459 89856 62 17628
958 89602 89976 72 13262
959 89740 91651 7 3360
960 89873 92112 27 40197
961 89942 90380 25 4463
962 90219 99923 49 232369
963 90307 92105 17 17902
964 90497 90716 79 10756
965 90718 91619 33 24207
966 90816 98606 20 64815
967 91254 92459 61 20756
968 91402 92684 71 60273
969 91867 91912 16 354
970 91982 94971 119 83471
971 92117 92519 91 24671
972 92334 98453 34 52552
973 92425 93238 29 5421
974 92924 95369 5 3464
975 92949 95842 125 268059
976 93055 95388 28 40700
977 93113 95635 18 29709
978 93304 94295 8 4480
979 93861 97404 52 230484
980 93862 98900 35 113210
981 93975 94879 87 90070
982 94360 94432 18 784
983 94541 94811 145 29212
984 95001 97578 6 9509
985 95276 95719 103 37649
986 95307 99559 62 164985
987 96077 97470 22 20253
988 96773 97488 135 23301
989 96834 96974 34 7403
990 97000 97725 10 4106
991 97202 97677 84 36053
992 97306 99332 69 124916
993 97308 99472 124 271272
994 97422 99402 18 50156
995 98016 99708 6 7742
996 98057 98911 8 3119
997 98368 99314 30 11367
998 98434 98944 136 27338
999 99611 99841 44 1426
