50 1000 0.024
....##....#.......................................
..........#.......................................
.#........#.......................................
.##.......#..#......................#......##.....
..#........###......................##............
.............##.....................#.............
.............#.....#........#.................###.
.................#................................
..................................................
..................................................
....#............###..............................
.....#...........#..........#.....................
................##..#.......#............#........
................#...#....................#........
............#............#........................
...........##......##....................##.....#.
....#......#....####.....#...............#........
................##....................##.#........
...........................#...........###........
...............##......................#..........
.........#......#...................#.............
.........##..............##...#.....#..#..##......
.......##...........................#..#..##......
..................................................
..................................................
..................................................
.............#.##.................................
...............................................##.
.......##.........#...............................
.......#..........#...............................
.......#..........#...............................
.......#..........................#.......##......
.....#.......................##..............##...
.....##.....................####.............#....
....###.......................#...##..............
....##.#.......#..................................
..................................................
#.................................................
.................#................................
.......................#..........................
..................................................
..................................................
....................#.............................
..............###...##............................
.#..............#...###...........................
.#.........##.................................#...
............##................................#...
..................................................
........................................#.........
..............#.............##....................
0 22 5348 16 47560
1 47 450 48 40771
2 340 1595 13 5477
3 412 18806 20 139582
4 422 4048 14 5980
5 467 4139 7 11235
6 479 910 107 30580
7 763 1518 64 23220
8 771 13242 31 172627
9 812 1647 44 14116
10 850 3216 45 47305
11 858 2271 73 89135
12 945 6165 20 58957
13 1079 1616 10 1952
14 1095 2600 85 17142
15 1116 1747 128 22751
16 1281 2359 26 9356
17 1299 3631 6 3364
18 1570 2188 23 3710
19 1652 5765 13 17167
20 1717 4587 141 363888
21 2016 5270 47 89794
22 2031 3722 146 136301
23 2208 6744 60 14814
24 2231 4321 133 77373
25 2284 2566 9 2263
26 2290 5058 96 75266
27 2303 6337 49 81059
28 2374 4431 108 167012
29 2585 2642 33 1778
30 2724 7479 81 130626
31 2731 2938 54 13414
32 2855 6395 74 38266
33 3023 5385 8 20563
34 3471 6088 46 56991
35 3481 5412 18 13940
36 3546 3762 142 19545
37 3599 8369 139 198026
38 3647 4200 95 25911
39 3699 3884 108 15074
40 4058 4117 30 1977
41 4074 6499 141 240915
42 4093 5524 57 29274
43 4201 6263 43 45427
44 4270 5478 10 7096
45 4332 4561 32 5451
46 4336 5157 27 9103
47 4415 8911 15 30775
48 4428 17254 66 199539
49 4510 5216 19 4606
50 4535 6104 72 48036
51 4560 8411 33 30845
52 4613 6357 48 60277
53 4685 11662 43 129817
54 4865 4989 52 1906
55 5180 5595 102 27602
56 5343 6934 68 74909
57 5402 5839 19 3473
58 5454 8403 71 80680
59 5463 10330 39 55904
60 5598 15289 31 86285
61 5616 6298 11 10156
62 5677 6048 5 903
63 5727 11663 34 214675
64 5742 6548 49 23198
65 5782 8886 129 159321
66 5837 8861 42 76935
67 5927 8180 17 19838
68 6014 13156 105 135177
69 6029 9812 95 103284
70 6076 6223 70 7255
71 6155 6485 18 6772
72 6287 7738 76 40242
73 6433 6486 53 1104
74 6438 18118 54 189687
75 6580 11571 36 83539
76 6612 6715 147 4453
77 6653 9168 52 41237
78 7113 7817 27 14860
79 7141 9485 63 59811
80 7248 7461 96 36048
81 7377 7946 143 16613
82 7441 8265 34 6582
83 7590 7857 81 15882
84 7841 10138 53 61790
85 8182 8695 70 7439
86 8185 11162 20 12494
87 8203 20987 15 70982
88 8266 10617 137 180919
89 8452 9617 31 18761
90 8739 9958 132 143299
91 8768 21670 16 46285
92 8842 11839 74 72856
93 9022 10471 39 20237
94 9116 10108 84 18284
95 9125 9311 8 291
96 9281 16791 16 64136
97 9313 17869 59 296484
98 9459 12247 98 49754
99 9561 9649 41 2206
100 9982 10204 12 2222
101 9996 12914 36 31843
102 10267 10313 24 966
103 10363 13798 8 17777
104 10387 10957 34 11012
105 10399 10575 79 10562
106 10733 13684 6 20894
107 10763 13299 49 45883
108 10768 14749 27 47437
109 10842 11675 61 31923
110 10860 13357 106 163835
111 10981 19675 107 463999
112 11068 13267 6 6042
113 11177 11801 117 45073
114 11212 12138 82 53607
115 11227 13115 26 38094
116 11288 28116 67 332995
117 11329 12246 5 3545
118 11502 13349 146 261890
119 11509 12151 48 19728
120 11534 15420 10 51747
121 11537 12153 14 4476
122 11598 20641 84 283924
123 11955 16205 82 257907
124 11980 15397 9 10241
125 11985 18582 127 258649
126 11999 13510 21 10616
127 12021 16185 146 199662
128 12107 14185 22 21300
129 12535 14112 60 100047
130 12576 13352 40 26558
131 12632 14275 46 21404
132 12697 30706 129 678720
133 13046 14553 32 22757
134 13118 14644 12 8511
135 13182 20294 16 58506
136 13308 13572 78 4489
137 13560 15202 59 62156
138 13580 15500 45 22669
139 13639 15160 32 32995
140 13665 15368 5 2833
141 13685 16540 27 46762
142 13706 14395 96 33572
143 13711 19649 40 110511
144 13748 16301 44 91043
145 13795 15214 87 28017
146 13917 20236 87 160520
147 13933 17646 21 34518
148 14046 15465 13 15176
149 14102 14596 63 9744
150 14111 14975 120 24807
151 14171 15682 26 27924
152 14193 27069 34 377936
153 14229 23815 44 242503
154 14238 16886 49 46027
155 14311 16138 22 20976
156 14526 15769 27 10613
157 14539 15059 55 17208
158 14744 16908 144 167731
159 14985 16175 8 9346
160 15038 17050 124 283117
161 15195 17187 89 91059
162 15221 23116 9 139448
163 15299 15307 46 112
164 15327 21538 90 587927
165 15694 15695 100 77
166 15782 25077 6 22659
167 16075 19325 43 28481
168 16179 17770 142 176897
169 16212 16471 117 32325
170 16299 20088 20 28462
171 16380 23464 49 329006
172 16461 20846 13 47656
173 16755 17439 34 2790
174 16916 25767 10 53691
175 16962 18002 111 32257
176 17075 17884 140 69111
177 17158 17610 40 4803
178 17174 23043 17 48173
179 17178 20120 9 11236
180 17308 19661 34 59065
181 17564 17602 55 1353
182 17712 22442 30 73739
183 17726 19794 31 22566
184 17731 24228 130 435140
185 17909 19928 7 7775
186 17914 24917 64 456683
187 17938 19783 18 6131
188 17968 18396 22 15885
189 18285 18633 50 24838
190 18382 25742 52 79838
191 18594 20700 49 33871
192 18740 23552 27 35736
193 19099 19167 26 785
194 19103 20889 6 4165
195 19242 20659 85 50549
196 19264 20446 7 3904
197 19280 20238 20 6138
198 19468 20298 128 82449
199 19530 21334 45 30661
200 19579 23679 107 460068
201 19606 26798 15 17105
202 19880 20040 67 8039
203 19951 21581 15 19592
204 19958 20181 37 3057
205 20034 20370 4 796
206 20541 21215 18 5334
207 20593 21364 105 23942
208 20676 20764 9 424
209 20945 21611 15 3379
210 20964 22199 39 12636
211 21137 22583 125 214798
212 21212 27155 41 61268
213 21226 21707 94 42631
214 21400 22164 12 6399
215 21475 28396 10 24955
216 21486 23620 16 20515
217 21490 33792 30 92874
218 21493 22033 57 16509
219 21514 21622 63 5706
220 21645 22014 23 3349
221 21704 27372 106 233066
222 21737 25837 131 291371
223 21821 24267 78 55997
224 21842 27468 61 61967
225 22059 26667 28 26306
226 22086 25237 68 52746
227 22236 23455 7 6469
228 22354 22939 10 6327
229 22506 26629 71 153596
230 22545 23735 69 35487
231 22708 23020 63 22136
232 22741 23241 56 8397
233 22845 23821 86 66329
234 22874 24795 143 452705
235 22894 23584 84 19710
236 22897 23443 25 3421
237 22906 23161 12 2026
238 23018 34725 16 17436
239 23333 25008 96 63336
240 23483 23561 67 5226
241 23573 36005 9 46525
242 23672 24669 127 40751
243 23813 28077 49 118842
244 23869 28147 6 6604
245 23910 29955 12 47249
246 23982 24622 86 16698
247 23987 28376 127 230691
248 24042 25154 23 14949
249 24052 27289 49 114377
250 24175 32025 14 103224
251 24284 26264 4 10899
252 24297 27070 16 46352
253 24311 26923 37 29640
254 24447 26061 87 120496
255 24461 24988 17 9933
256 24620 25274 121 27877
257 24682 26400 121 118177
258 24684 26367 94 63146
259 24741 34532 13 47211
260 24818 27975 12 18350
261 24854 37404 5 56205
262 24895 25344 5 484
263 24991 31010 16 19886
264 25004 28023 9 7383
265 25052 27104 11 19457
266 25208 25828 4 703
267 25213 26252 123 65092
268 25335 29208 123 329299
269 25373 30223 46 91615
270 25474 30155 31 77087
271 25568 27894 150 160304
272 25626 30492 139 400532
273 25660 28967 46 27474
274 25714 33441 9 50091
275 25727 26521 55 23447
276 25954 29233 80 139465
277 25977 28019 10 9956
278 26063 26188 87 8908
279 26422 27647 52 59091
280 26501 28037 19 8818
281 26537 28365 13 11009
282 26642 26732 40 2809
283 26736 28915 58 109145
284 26757 30888 14 16146
285 26774 27820 138 68749
286 26782 31075 42 67310
287 26866 31805 26 21523
288 26890 35274 127 566289
289 26903 27099 142 22041
290 27047 34202 8 27306
291 27204 28159 118 102202
292 27223 29730 123 243391
293 27317 29347 150 176190
294 27359 32442 39 136700
295 27527 29243 19 11597
296 27552 30562 7 14249
297 27559 28223 131 146531
298 27699 28984 74 62888
299 27876 28415 113 17633
300 27888 29400 7 4719
301 27901 28735 18 7100
302 28156 34518 12 30356
303 28322 31153 89 94926
304 28363 30661 123 85397
305 28506 34505 67 92016
306 28662 30910 54 71758
307 28804 29457 8 1203
308 28890 33790 136 232480
309 28935 32813 35 50151
310 28966 32015 24 11293
311 28987 29602 18 7949
312 29123 31477 100 156580
313 29404 30252 9 2157
314 29508 30206 17 8136
315 29650 30774 53 26746
316 29672 32078 98 149357
317 29699 33521 29 13321
318 29719 31268 86 35760
319 30019 30399 76 7934
320 30132 30383 118 12141
321 30146 30347 14 1355
322 30432 31808 132 50809
323 30441 30583 98 14758
324 30453 34550 42 45470
325 30558 31915 89 48571
326 30572 33528 73 139213
327 30754 32177 140 274960
328 30808 31393 50 16933
329 30809 31432 110 62462
330 31008 31175 120 24934
331 31082 34920 4 11703
332 31086 33065 27 31504
333 31317 31781 71 14024
334 31324 32682 20 5345
335 31434 34076 132 198492
336 31498 32268 8 2178
337 31542 32154 115 36087
338 31577 32136 149 50708
339 31697 33557 30 18867
340 31790 31916 132 17212
341 31854 32900 24 14681
342 31871 32415 111 11189
343 31920 33129 116 70394
344 31935 43339 15 189200
345 32008 32066 117 4016
346 32052 32607 17 6866
347 32269 40998 93 526248
348 32404 33104 6 1445
349 32443 32477 8 207
350 32517 33424 35 17952
351 32707 33318 120 31807
352 32713 39272 16 29733
353 32915 36934 100 188815
354 32923 40338 9 14842
355 33049 33367 53 6983
356 33245 39058 31 50320
357 33341 33879 36 9496
358 33366 33955 64 26584
359 33412 34280 58 65123
360 33604 33745 80 7720
361 33758 35647 6 6411
362 33818 34048 41 7131
363 33854 40710 32 97978
364 33937 43269 69 190606
365 33961 34900 150 35034
366 34092 37040 39 35332
367 34097 35442 143 88982
368 34146 36953 26 48561
369 34172 37781 9 10468
370 34239 36701 4 4921
371 34674 39872 93 205361
372 34711 35941 8 5325
373 34775 35345 13 6851
374 34811 37595 127 121614
375 34922 35785 30 10052
376 34968 41824 142 172850
377 35112 44082 19 83754
378 35156 37660 79 119117
379 35220 37005 8 7923
380 35258 48709 21 66781
381 35371 46011 61 1120455
382 35380 37699 47 50277
383 35533 35684 111 3071
384 35548 41823 85 381012
385 35719 39585 64 130841
386 35772 46087 59 174708
387 35826 36774 106 59570
388 36026 39611 24 21323
389 36063 36306 124 11569
390 36169 36727 17 3356
391 36214 37542 90 24049
392 36314 37394 51 42191
393 36461 43131 114 552162
394 36610 53060 7 20541
395 36649 40913 10 39344
396 36695 46601 45 379530
397 36926 37095 23 2708
398 37184 39394 70 80796
399 37214 37244 6 139
400 37540 38315 124 29523
401 37581 39589 76 105415
402 37659 37727 65 3046
403 37710 37739 21 598
404 37724 39820 25 38527
405 37778 45404 4 11429
406 37812 39533 20 11195
407 37906 38027 29 1767
408 37963 42468 15 31982
409 38039 42131 78 70517
410 38053 42518 80 360679
411 38083 39014 56 29880
412 38293 42922 106 725825
413 38593 40184 10 15776
414 38602 39062 35 5666
415 38735 40810 27 23131
416 38785 38806 148 2889
417 39084 42338 119 677115
418 39302 46301 6 10050
419 39450 39477 127 1665
420 39558 42848 108 106694
421 39562 41100 4 1698
422 39708 41294 9 5841
423 39879 43485 136 118314
424 39903 47769 4 19224
425 39918 41752 123 261649
426 39945 40468 24 8930
427 40141 43261 8 13082
428 40193 40552 84 25775
429 40237 43955 52 104797
430 40368 47125 59 244318
431 40610 46306 93 229136
432 40616 48031 44 107763
433 40926 44732 89 137023
434 40970 43472 52 65547
435 41094 46391 19 79761
436 41157 41450 79 14474
437 41230 41808 9 1971
438 41377 41398 147 2577
439 41531 48932 132 616365
440 41585 41884 104 12015
441 41648 48959 45 63213
442 41759 49811 53 122732
443 41835 42951 7 4718
444 41962 46494 45 117796
445 42015 45921 33 74821
446 42063 42365 6 1626
447 42086 42815 10 1853
448 42124 44952 82 60738
449 42135 45824 7 16577
450 42186 43143 44 14360
451 42195 45596 18 31466
452 42204 42884 24 8281
453 42326 43837 52 41951
454 42343 47501 147 731207
455 42363 43671 12 4714
456 42382 45783 26 30719
457 42394 49088 112 203625
458 42409 44361 82 117698
459 42508 44185 21 14072
460 42511 43775 74 125886
461 42539 43520 27 16391
462 42571 48372 4 9359
463 42592 45816 124 55741
464 42711 45852 124 396489
465 42851 45478 6 10631
466 42854 46993 27 53978
467 43159 45573 37 68174
468 43193 43462 125 10062
469 43234 43931 68 23148
470 43431 44618 71 18755
471 43568 47991 9 8436
472 43688 48494 16 15130
473 43720 50107 4 10627
474 43818 45626 141 84490
475 44023 47969 17 30175
476 44163 44194 119 3965
477 44376 51699 30 46498
478 44434 48649 67 174159
479 44489 47964 8 30157
480 44607 45569 12 5841
481 44662 56745 64 561437
482 44734 49127 121 191987
483 44784 45199 46 7778
484 44834 47655 90 56327
485 45136 50440 85 442207
486 45250 45376 64 2234
487 45311 45437 73 9835
488 45384 45759 136 20807
489 45505 49047 5 6691
490 45533 49580 85 92341
491 45628 47280 55 59675
492 45775 53070 5 6963
493 45817 47060 96 107146
494 45969 46305 61 5901
495 46040 47807 51 16380
496 46212 48585 95 58210
497 46337 48261 111 108607
498 46342 61441 34 326196
499 46356 48661 122 153407
500 46439 49627 5 9255
501 46533 47213 8 2330
502 46625 48387 40 27174
503 46654 47837 90 71836
504 46759 46890 98 8993
505 46793 48205 5 2260
506 47110 47609 113 48651
507 47120 57878 58 204968
508 47221 49981 117 242522
509 47372 50228 15 16465
510 47537 51125 45 52779
511 47657 53832 71 91399
512 47717 50168 44 47489
513 47720 50299 113 213377
514 48005 49084 94 54161
515 48046 48505 118 15339
516 48053 66644 141 938373
517 48231 51560 16 9196
518 48425 51093 20 33814
519 48754 56957 127 397750
520 48817 55688 111 656667
521 48986 49070 90 4054
522 49283 53617 89 130308
523 49338 51354 120 173281
524 49342 51960 69 122699
525 49362 56061 63 158436
526 49506 55383 69 252843
527 49589 53293 9 19823
528 49613 51022 7 1784
529 49639 54128 84 350966
530 49650 50176 42 3865
531 49657 57709 16 24346
532 49881 53428 10 18117
533 49957 50593 56 46327
534 49998 54388 63 159118
535 50224 51271 104 27228
536 50363 52320 10 8524
537 50738 52259 109 44824
538 50795 52499 42 27922
539 50886 51605 135 43791
540 51444 52876 48 46040
541 51534 53098 6 5111
542 51570 52801 67 40948
543 51650 58104 77 300638
544 51755 54405 49 33753
545 51759 69479 57 363652
546 51908 52268 6 1948
547 51959 53616 66 37469
548 52173 57496 8 11543
549 52209 57926 6 22883
550 52249 54279 122 189503
551 52440 58095 102 245344
552 52508 53037 35 6665
553 52535 52575 73 2315
554 52670 64749 11 32152
555 52831 53964 22 15278
556 52942 53508 40 24407
557 52998 55579 25 35822
558 52999 55047 7 13403
559 53228 56099 5 5963
560 53303 53677 24 3309
561 53375 54979 28 29241
562 53621 57325 30 60134
563 53682 57290 6 20083
564 53693 54520 125 46270
565 53728 56132 142 302830
566 53858 60549 38 96236
567 53866 58383 6 6056
568 54061 56663 16 37773
569 54092 65359 25 33510
570 54138 58236 57 63182
571 54454 55297 5 2869
572 54470 57291 13 40480
573 54480 55280 109 35821
574 54509 55843 96 51850
575 54530 57184 115 104204
576 54574 54720 24 2164
577 54588 60699 102 445407
578 54650 55245 24 5203
579 54768 60923 12 24805
580 54874 55247 60 13219
581 54938 60027 139 790844
582 55021 58208 11 27190
583 55099 55543 27 9087
584 55164 56259 17 16249
585 55257 56261 65 86276
586 55278 58407 69 82442
587 55505 59272 61 36034
588 55568 56580 23 6174
589 55589 55858 112 17838
590 56235 56287 8 163
591 56315 60887 5 14747
592 56424 57673 76 17488
593 56560 58205 4 2146
594 56718 57662 135 36238
595 56982 58220 53 76323
596 56996 60769 138 168945
597 57000 67458 57 108474
598 57095 59503 19 15148
599 57109 63165 74 183353
600 57122 62043 137 231061
601 57407 58295 112 78427
602 57510 69875 39 141409
603 57539 59270 21 7456
604 57570 58670 117 121831
605 57593 61347 73 85584
606 57603 61788 5 3894
607 57627 59019 68 76962
608 57727 59157 45 31192
609 57760 58168 28 12419
610 57884 62991 32 52846
611 57896 60670 13 14553
612 57904 58655 115 34261
613 58163 60674 93 348410
614 58527 60297 140 235444
615 58555 59196 148 94846
616 58590 60869 28 58754
617 58687 58735 105 4097
618 58741 61791 49 93055
619 58841 59525 113 78756
620 58926 61890 30 46434
621 58928 60633 35 21000
622 59060 65495 50 193080
623 59174 61248 146 225675
624 59290 59547 74 11297
625 59365 60175 15 20396
626 59397 60823 31 42469
627 59424 61993 126 205829
628 59548 61567 39 94784
629 59576 65567 39 213273
630 59629 72925 141 1001149
631 59821 63763 47 71132
632 59883 60874 94 52779
633 59974 60387 108 22200
634 60030 63717 64 227873
635 60107 62153 115 124251
636 60162 63047 11 9334
637 60238 65344 103 217846
638 60241 63753 82 136371
639 60337 64172 127 290701
640 60408 60555 65 2450
641 60511 61348 112 33641
642 60548 64308 80 135805
643 60740 61432 32 7815
644 60799 64758 92 154795
645 60825 63612 56 57481
646 61003 65910 61 145968
647 61062 67379 20 47222
648 61097 69887 35 575383
649 61106 62031 30 19451
650 61113 64913 27 42204
651 61126 65371 147 225493
652 61154 61404 125 7987
653 61216 74196 119 544350
654 61312 66236 54 72915
655 61569 61994 9 2340
656 61603 63343 8 5977
657 61693 66146 86 78100
658 61707 62793 28 18680
659 62088 62297 10 421
660 62222 62244 37 534
661 62243 76958 22 180856
662 62320 63545 33 22965
663 62595 65456 29 41009
664 62656 62929 138 31980
665 62670 67258 13 15854
666 62700 64845 140 88575
667 62724 69739 92 164441
668 62736 63893 83 115384
669 62831 63235 14 3909
670 62935 65535 13 56376
671 63050 63307 42 7788
672 63216 67233 57 88638
673 63258 70332 9 27357
674 63454 64585 71 103923
675 63600 69013 83 185417
676 63654 64637 80 83457
677 63785 64499 60 10280
678 63789 88086 7 47994
679 63814 64482 10 3941
680 63975 64079 91 7233
681 64106 64980 60 23959
682 64150 65409 32 53296
683 64156 66639 127 191532
684 64285 65285 9 5096
685 64397 65025 14 3545
686 64402 65849 69 33590
687 64510 70149 22 37091
688 64531 65180 38 10199
689 64613 72777 57 123555
690 64615 70289 14 88124
691 64656 67051 13 12563
692 64696 68031 64 74201
693 64800 71656 117 448037
694 64831 65338 23 5479
695 64846 68183 80 169184
696 64941 66290 95 44590
697 64943 70852 114 236240
698 64978 65879 29 15695
699 65152 68220 10 10462
700 65220 65483 8 2007
701 65634 66888 48 98601
702 65798 72334 36 108007
703 65842 67190 35 22237
704 65884 66112 41 19016
705 65972 66557 31 17377
706 65977 70191 99 466450
707 66055 66730 74 32443
708 66129 68323 13 9645
709 66164 67394 140 70964
710 66235 66741 108 35708
711 66375 67135 100 28659
712 66481 68557 42 88407
713 66656 78517 43 193259
714 66971 68271 39 21412
715 66977 67304 39 6371
716 67055 67965 67 17790
717 67257 71216 120 380999
718 67306 70037 25 22024
719 67359 67560 60 10310
720 67371 69275 100 51487
721 67477 73378 85 354133
722 67628 69337 7 9755
723 67844 69628 100 112117
724 67930 70902 4 5386
725 68079 70547 61 39780
726 68112 68468 37 8291
727 68270 68839 68 14328
728 68425 70559 115 138811
729 68602 69458 16 3435
730 68633 69655 38 9108
731 68887 68911 54 1347
732 69195 74217 41 97352
733 69446 70324 7 3152
734 69496 76894 94 343071
735 69664 71005 12 4825
736 69796 73832 25 35105
737 69844 72724 146 111311
738 69886 70721 19 3693
739 70203 83396 127 413023
740 70234 71677 106 52771
741 70288 72183 63 21605
742 70554 71507 84 46494
743 70659 73083 19 14143
744 70851 70941 98 6098
745 70927 73612 9 4538
746 70976 71546 43 10963
747 70986 75509 80 303697
748 71037 73319 108 90905
749 71185 72527 50 28991
750 71197 72554 22 16049
751 71217 71778 47 25604
752 71358 74980 53 76627
753 71414 72348 94 58160
754 71422 75673 106 135403
755 71577 73072 59 63197
756 71657 74561 91 107234
757 71702 74872 16 12972
758 71830 72981 23 9523
759 72056 74059 39 24827
760 72147 73982 41 43763
761 72237 77613 33 171269
762 72319 76731 5 13601
763 72321 76692 72 80981
764 72448 72814 100 25329
765 72531 73468 114 58088
766 72739 73821 125 22225
767 72764 73447 27 3889
768 72856 81320 78 122308
769 72979 80493 76 118485
770 73137 75214 11 6550
771 73254 77082 35 82592
772 73260 74377 9 4710
773 73316 82054 42 212494
774 73356 74514 73 61451
775 73383 73460 19 1536
776 73394 75533 28 35482
777 73718 76193 69 63592
778 73822 78580 21 55980
779 73829 76364 16 33453
780 73900 74941 14 9804
781 73995 77974 147 142293
782 74117 79494 112 237002
783 74154 75299 144 46810
784 74394 74435 16 311
785 74405 79102 23 47364
786 74491 75295 134 136260
787 74644 77504 26 33290
788 74855 79099 46 45083
789 74923 75709 138 103658
790 75169 75496 21 3121
791 75307 75662 149 47333
792 75419 75898 149 52872
793 75562 76598 11 10487
794 75587 77368 44 81674
795 75895 76813 6 3829
796 75946 78238 44 180041
797 75961 81062 128 181291
798 76036 81338 59 122092
799 76087 77579 70 31040
800 76216 78526 5 7891
801 76326 77855 15 8128
802 76512 76609 30 841
803 76884 80074 55 104280
804 76925 77408 145 121910
805 77208 80900 149 320195
806 77449 77955 93 27304
807 77522 87180 28 138434
808 77542 81128 117 95508
809 77566 81010 9 17293
810 77599 88052 109 302398
811 77731 78503 69 11339
812 77738 78407 142 98803
813 77762 79426 125 58792
814 77822 77827 47 218
815 77896 78041 99 15540
816 78023 79821 71 203340
817 78052 79020 126 71862
818 78200 79367 47 15876
819 78322 79227 16 4916
820 78451 79614 101 52829
821 78512 81315 31 56154
822 78552 78838 38 6165
823 78690 79904 140 47638
824 78770 80004 103 96338
825 78806 80039 127 51379
826 78920 84710 67 133768
827 79005 80284 129 108128
828 79061 82500 11 12469
829 79083 79765 16 7127
830 79356 79623 88 16391
831 79432 89739 14 102636
832 79471 82514 122 308927
833 79548 80746 4 2569
834 79616 85222 112 269108
835 79655 80690 121 22860
836 79729 89578 27 102189
837 79744 80927 60 17186
838 79834 82778 61 113235
839 79996 80468 23 18886
840 80044 81139 19 7543
841 80176 80466 107 18756
842 80220 84812 15 21749
843 80476 81045 72 42250
844 80758 82419 26 49417
845 80764 81142 124 27036
846 81200 82091 146 90976
847 81318 84157 24 24480
848 81540 85308 31 69668
849 81586 86282 45 135524
850 81683 84890 112 139450
851 81720 82994 21 8207
852 81743 82772 15 11266
853 81745 82037 8 771
854 81805 83499 31 33833
855 81864 85763 84 238893
856 81926 83539 26 18494
857 82027 84524 19 22589
858 82150 88214 24 80772
859 82216 83606 5 2240
860 82356 87011 85 768489
861 82410 82576 76 12949
862 82416 82672 21 3204
863 82431 82437 94 908
864 82557 83364 30 9312
865 82892 86405 142 121046
866 82899 83812 59 13373
867 83045 85813 14 18090
868 83089 87407 123 227836
869 83103 87251 82 165761
870 83135 84383 106 65336
871 83189 85873 126 38275
872 83199 83560 21 3012
873 83213 85821 21 12147
874 83408 83617 36 5586
875 83765 85972 31 49677
876 83815 85253 56 38639
877 83914 85859 79 208886
878 84002 89018 145 204419
879 84043 84838 147 58497
880 84098 88469 5 16651
881 84331 89940 101 465406
882 84404 84621 79 19264
883 84464 86331 5 2706
884 84576 87488 7 6985
885 84778 86510 5 3307
886 84842 84887 4 183
887 84859 86689 14 37066
888 84888 89708 13 59660
889 84953 86459 115 140632
890 85095 89223 15 26130
891 85256 86641 18 5423
892 85619 89015 49 70194
893 85643 90315 27 24874
894 85720 92599 10 15708
895 85846 87876 128 194464
896 85955 89264 46 72596
897 86077 87396 113 164177
898 86216 90275 101 167304
899 86357 91860 56 112880
900 86439 90419 92 208231
901 86518 87594 32 19678
902 86545 89198 30 70979
903 86587 86796 149 9652
904 86642 87476 16 8160
905 86699 87482 96 23631
906 87004 95341 37 275314
907 87212 88382 62 44890
908 87379 87884 33 10287
909 87443 90222 12 19525
910 87788 89131 33 27744
911 87822 89371 74 18179
912 88019 89259 18 11820
913 88079 88922 119 25624
914 88091 91743 10 36101
915 88110 92105 72 175577
916 88281 89029 13 3890
917 88316 89717 85 112678
918 88354 91625 116 153697
919 88371 89772 50 45272
920 88467 96200 4 9835
921 88489 93260 95 280555
922 88510 90467 142 134478
923 88540 96240 33 128924
924 88654 91351 91 137524
925 88657 89340 131 42318
926 88866 88919 81 2679
927 88905 89116 73 7203
928 89047 92449 105 169580
929 89080 91228 69 108304
930 89234 91834 52 78806
931 89292 89579 71 15548
932 89321 92473 91 59936
933 89325 92349 104 162205
934 89328 92235 72 69551
935 89379 90406 94 60628
936 89432 93510 73 89107
937 89555 98327 31 104171
938 89686 91346 9 7371
939 89736 90260 65 34168
940 89812 93672 148 75023
941 89878 90871 146 105372
942 90591 93582 23 27674
943 90706 99999 67 80299
944 90770 94411 36 98866
945 90875 94053 26 97624
946 90908 90959 92 2844
947 91018 92914 13 10522
948 91209 91221 54 1088
949 91316 99090 37 118208
950 91436 92784 99 160020
951 91505 93759 19 18582
952 91677 91886 67 18714
953 91722 93687 82 71375
954 92048 96890 69 60379
955 92249 92319 21 565
956 92251 93062 141 79654
957 92353 93936 31 17704
958 92569 93189 6 2204
959 92649 92860 148 20197
960 92701 94992 84 23557
961 92708 92745 5 128
962 92835 95602 48 260080
963 92836 92920 52 1951
964 92859 92906 108 1112
965 92875 97955 99 315388
966 93003 96247 26 17422
967 93257 98897 114 309053
968 93303 94445 7 4270
969 93408 96644 59 199138
970 93559 95087 127 148661
971 93591 93706 38 3606
972 93616 96135 45 37335
973 93635 95991 119 199126
974 93816 94888 95 31451
975 93849 94028 45 2387
976 93888 95155 44 28183
977 94256 96941 13 17144
978 94562 97084 146 176451
979 94824 95738 9 2329
980 95478 96117 46 12483
981 95490 97288 24 11518
982 95643 99271 21 23600
983 95888 96208 14 1949
984 95894 96630 107 41561
985 95915 98116 102 92327
986 95999 97184 9 2557
987 96474 98208 40 39347
988 96557 97776 35 5974
989 96857 99242 11 29241
990 97009 99024 17 13888
991 97126 97182 6 273
992 97170 99801 110 262899
993 97389 99241 144 87612
994 97685 98044 149 51016
995 98218 99165 33 12803
996 98816 99628 28 17881
997 99037 99712 73 21139
998 99136 99240 7 254
999 99179 99462 11 1382
