50 1000 0.041
...................#................##............
...#...............#...............#.#.....#......
.###...............#........#####...##....##......
.#.##.....#...................#...........###.....
...#......#..............##...###..#.......##.....
..........##....###.#....#....#....##.......###...
......##.##.....###.###.##.##.#.....#........#....
......##.#.......##.##....###...#..###............
......##............##.#..#.#.###.###...........#.
...................#..###..#...#..##...........##.
.................#######..##............##.....#..
...................#.#..###....................#..
#.............#....##...##.............#......#...
#.#...........#........##.............###....##...
#######..............####............####...###...
..###......#..........#.#............#.##...#####.
..##......####.................................#..
...###.....####.##................................
.........#########...#............................
.............#....................................
.......#.##..................##.#...............##
.....###.#..............#####.#.#.#...........####
.....###.###.#..........###...##..#...####...#####
....###.##...#..##.............#.......#.....####.
....###..........###.....##.###..............#####
.....##..........##...###.##.................###..
.................#....##..#.###.............##...#
..#......###.....#....#####.................###.##
###......##...#.......##.#.................###..##
###..........###......####..###.....##.....#.##..#
..#............#.....#...####.......#.............
.##..................##...####.........#.....#....
................#..#####.###................#####.
.#........#....####..#.............##.......#####.
##................##..##.........####.......#.#...
.#........##.....###...............#..........#...
..........#........................##...##....##..
......#...##..#....................###.##...#.###.
......##.######..............#####......##..####..
......#####.#.###..........###..#......#######....
......#........####..........#..#.....##..........
.........###..###.#..............##..#.##.........
#.#.......##..##..#.............###..#####........
###...##...###....##...........##...###..##.......
.##....#.##.......#..................#..#.........
#.....##.##..##..........#..##..........#.........
.##..####.#...#..........###.#.........##.##......
####....#.#.............###.###.........###.......
####............##.......#..#.....................
#####.........##.........#.##...........#.........
0 123 4881 131 414029
1 306 316 136 1120
2 330 5510 53 181565
3 496 2528 39 13564
4 538 2693 83 99008
5 618 6199 134 488522
6 760 1011 39 7305
7 884 11581 18 81426
8 989 4318 6 10691
9 1035 3458 47 57245
10 1335 1585 78 7656
11 1343 3827 113 159639
12 1367 2293 10 4799
13 1388 3377 38 18513
14 1463 2835 21 36708
15 1470 1631 24 1195
16 1594 4545 90 29816
17 1641 1869 124 13136
18 2022 8879 54 255112
19 2044 2538 99 11598
20 2214 2573 76 14465
21 2274 4816 38 46417
22 2390 2547 43 2950
23 2406 3199 35 14555
24 2427 2554 60 7176
25 2470 3055 49 8995
26 2656 4142 89 160238
27 2684 3628 6 4622
28 2883 5501 21 8273
29 2961 6358 81 162734
30 3476 9086 61 142436
31 3627 7526 105 236692
32 3650 3857 61 3644
33 3717 4230 63 8620
34 3784 8235 72 173227
35 4125 5892 8 3664
36 4201 11993 56 193464
37 4206 10456 128 136418
38 4462 9490 135 215750
39 4601 6193 111 173880
40 4613 5079 35 13823
41 4630 6491 29 16067
42 4654 10295 22 95091
43 4785 7818 75 154268
44 4836 11750 39 343367
45 4921 6125 13 18084
46 5002 8125 120 87722
47 5038 6665 12 5601
48 5070 13384 148 417500
49 5134 11090 112 412105
50 5186 5318 39 1934
51 5302 5657 101 8939
52 5402 6194 8 3798
53 5629 6103 114 24626
54 5670 9903 140 316783
55 5861 12624 15 45618
56 5945 9335 70 234615
57 6014 11091 51 139553
58 6036 8414 23 19649
59 6164 7406 119 46871
60 6331 6780 141 24372
61 6489 9441 119 135672
62 6811 14478 11 29784
63 6851 9164 5 2863
64 6872 7860 14 3057
65 6873 12288 124 448556
66 6952 7765 95 27831
67 7009 8655 16 18336
68 7066 9523 38 20184
69 7088 8909 65 186234
70 7275 8523 76 55315
71 7306 9353 95 41780
72 7329 8186 89 26181
73 7386 7675 96 16701
74 7839 10211 9 17985
75 7969 9963 14 8888
76 7998 10609 48 44037
77 8054 9194 12 5180
78 8137 8293 5 448
79 8166 14255 96 196120
80 8210 8954 10 2284
81 8344 14830 124 706268
82 8362 9530 66 28921
83 8728 11954 47 153409
84 8817 9280 115 42258
85 8872 19635 137 151626
86 8894 8895 74 77
87 9046 11528 139 48725
88 9084 9624 36 9766
89 9124 10388 19 10983
90 9223 9236 37 701
91 9304 10196 8 13667
92 9327 19375 31 70557
93 9630 9781 61 6679
94 9639 11620 10 16478
95 9756 11317 130 64640
96 9886 11723 91 31529
97 10005 14426 7 12877
98 10019 11802 144 262712
99 10025 11256 128 58031
100 10239 12304 65 75408
101 10259 11116 15 7761
102 10602 14564 144 323746
103 10671 17142 66 165159
104 10711 10851 10 2021
105 10715 13789 41 69021
106 10742 11410 68 47166
107 10931 11004 141 3194
108 11042 14357 116 250358
109 11197 11458 110 10550
110 11227 15709 33 110237
111 11274 13943 46 38606
112 11278 12007 14 6656
113 11430 12269 86 83249
114 11520 18602 140 700841
115 11553 12108 9 1843
116 11578 14093 39 33594
117 11607 16448 57 66467
118 11629 16316 143 622091
119 11642 13136 23 31554
120 11767 13469 34 16463
121 11880 13627 22 12806
122 11959 18769 26 51266
123 12045 12757 98 22065
124 12114 14811 137 129651
125 12754 14183 123 72025
126 12898 14463 54 56308
127 12917 13154 78 31140
128 13029 16723 14 9630
129 13034 13082 39 1622
130 13126 14759 31 102265
131 13164 17429 30 118389
132 13299 13456 28 2968
133 13434 17984 9 17171
134 13489 16941 95 137270
135 13502 14370 40 7353
136 13557 15449 145 222061
137 13612 13638 11 168
138 13613 16681 13 11393
139 13648 14778 31 31667
140 13656 20749 27 85879
141 13683 15131 56 21907
142 13769 13818 82 1907
143 13853 16756 16 6931
144 13889 17062 88 174478
145 14134 16431 44 53198
146 14192 14356 74 6792
147 14272 15025 17 11044
148 14408 18882 123 439591
149 14632 16346 26 23089
150 14642 22600 135 535925
151 14702 15467 143 46101
152 14884 20647 141 466990
153 14918 15568 150 78042
154 14933 15662 41 10575
155 14995 19788 140 136825
156 15036 15079 19 377
157 15102 19108 22 62787
158 15330 18454 28 64566
159 15361 29475 44 147502
160 15390 16960 20 6279
161 15443 19844 32 31226
162 15684 32891 18 102429
163 15695 20086 70 71682
164 15710 16953 15 8478
165 15906 17559 149 172163
166 15908 23406 48 129306
167 16077 16289 25 4974
168 16131 17162 24 7371
169 16144 22366 98 236387
170 16322 20712 35 34574
171 16331 17052 7 2683
172 16473 17069 133 47040
173 16527 17679 109 93535
174 16579 17891 66 77011
175 16585 17045 8 1469
176 16633 21344 36 118490
177 16669 20144 25 51127
178 17030 19992 27 27335
179 17075 19165 139 127491
180 17111 17782 111 43767
181 17216 17539 6 1277
182 17231 17823 109 20260
183 17246 19272 134 100318
184 17288 18104 73 75652
185 17326 17562 51 6142
186 17337 17466 103 5157
187 17680 19034 11 5149
188 17768 19213 67 73696
189 17806 18663 108 56013
190 17837 22820 8 24622
191 17928 45890 95 596807
192 18038 21205 8 10772
193 18120 19896 48 81062
194 18136 25339 53 210295
195 18239 18351 21 1802
196 18263 18991 71 17329
197 18382 20233 5 17890
198 18409 22098 70 169414
199 18439 26266 24 53550
200 18445 19173 73 19769
201 18451 21030 9 25888
202 18690 18739 106 1522
203 19283 21750 95 64831
204 19296 20184 12 3758
205 19338 19367 116 4356
206 19356 22044 39 49267
207 19730 24468 12 31520
208 19891 26327 89 172327
209 20004 20263 61 5396
210 20013 23698 8 8374
211 20040 21149 21 7739
212 20314 22173 147 81208
213 20416 29826 123 325678
214 20480 24168 11 28836
215 20500 20580 85 7654
216 20513 22791 149 94570
217 20708 23142 11 9599
218 20738 28302 116 255421
219 20790 21501 79 40910
220 20797 23032 16 19185
221 21006 22599 25 21513
222 21028 26116 9 9746
223 21054 23688 55 124774
224 21151 27523 16 97451
225 21347 22263 25 8271
226 21476 36196 75 238204
227 21477 21591 32 1157
228 21523 22928 27 16388
229 21616 34243 37 357780
230 21640 21865 42 7198
231 21645 28570 110 82408
232 21946 23077 81 29783
233 21983 24139 103 41889
234 22017 24304 73 22977
235 22050 22122 45 4831
236 22163 23653 4 4206
237 22460 27301 48 75042
238 22483 24340 9 15258
239 22520 27361 75 152036
240 22590 39089 118 974048
241 22685 23771 47 21244
242 22724 23080 147 17825
243 22733 25711 18 11785
244 22805 26656 72 92626
245 22836 23101 42 40523
246 23010 28182 61 320326
247 23038 25240 48 53391
248 23065 24591 30 16003
249 23271 39189 80 414770
250 23344 24266 106 33661
251 23408 24339 37 24533
252 23604 24545 130 46877
253 23667 24758 100 120643
254 23812 31569 108 415625
255 23864 25175 102 218555
256 23964 24849 137 62607
257 23968 24922 9 5248
258 24276 26352 25 10882
259 24333 31114 34 85914
260 24443 28230 122 224197
261 24749 26965 20 32146
262 24766 25511 24 36701
263 24903 32488 63 227105
264 24906 24978 7 386
265 25081 25125 17 896
266 25395 30071 41 97234
267 25598 25834 42 6714
268 25650 31022 17 31800
269 25656 26258 70 49892
270 25769 33983 114 471203
271 25857 25904 55 709
272 25874 27010 14 12748
273 25914 27481 52 39983
274 25965 29766 47 117640
275 26257 26333 30 1867
276 26386 27497 109 87200
277 26722 27471 124 69029
278 26740 27469 18 1917
279 26831 32164 104 186537
280 26865 29997 83 76949
281 26869 30779 128 170868
282 26960 27673 58 12199
283 27018 27966 12 6128
284 27040 29838 146 95674
285 27209 27930 66 45405
286 27249 34304 93 618894
287 27403 29392 64 66787
288 27416 30661 23 54545
289 27451 27518 132 8670
290 27597 34302 24 46521
291 27640 37908 84 941293
292 27648 36910 82 218137
293 27818 29121 130 94418
294 27819 30893 23 26299
295 28186 33149 80 42520
296 28202 34344 27 61652
297 28241 29468 115 133849
298 28289 32336 32 105388
299 28292 29316 10 8882
300 28293 31886 59 146468
301 28325 29495 58 23221
302 28375 29481 60 25546
303 28617 33353 18 17633
304 28728 29933 17 7900
305 28763 31285 122 115143
306 28778 29081 69 11165
307 28867 33607 82 395555
308 28946 30939 141 177979
309 29063 32481 107 261667
310 29205 32060 129 896324
311 29421 29854 23 6623
312 29433 37261 49 88257
313 29442 29791 29 6043
314 29466 31805 128 79875
315 29490 29987 13 2579
316 29590 31297 146 110902
317 29625 39180 118 201085
318 29747 30301 47 25088
319 29754 30365 16 4705
320 29896 32216 122 144759
321 29922 33907 133 135397
322 30019 32265 31 48366
323 30118 30737 13 3124
324 30130 38955 14 83078
325 30170 37300 10 11298
326 30222 34623 9 21769
327 30251 40262 64 270357
328 30336 31626 145 103719
329 30424 34613 13 14194
330 30514 32758 41 27019
331 30606 30656 8 559
332 30615 32504 124 169331
333 30765 34019 20 19432
334 31126 32549 130 177099
335 31159 33547 140 229051
336 31249 32683 80 27985
337 31251 32763 68 76347
338 31412 33406 141 136857
339 31484 32377 20 6409
340 31518 40730 124 564844
341 31775 33130 37 25324
342 31827 32200 95 29449
343 31840 38021 74 146339
344 31858 32643 91 35345
345 32070 32370 59 10292
346 32194 34891 21 11305
347 32206 34636 78 68743
348 32238 32689 79 13243
349 32250 42151 95 273354
350 32325 37005 11 23251
351 32350 33807 37 14214
352 32367 33279 107 133808
353 32373 33384 64 23080
354 32474 33663 52 10718
355 32824 33287 87 31522
356 32850 33011 33 1955
357 32969 35153 83 84609
358 33050 38315 139 197666
359 33054 34672 136 129307
360 33077 35679 129 154114
361 33105 36587 18 44109
362 33271 35513 59 60335
363 33352 35817 58 92281
364 33414 36413 107 544431
365 33575 34030 6 430
366 33648 34249 76 47135
367 33760 33937 25 6255
368 33779 34612 22 11318
369 33835 35311 7 11385
370 33861 34876 7 5350
371 34099 42723 74 268454
372 34154 37237 15 48669
373 34274 36689 91 207623
374 34400 34484 16 1717
375 34435 38083 6 21892
376 34440 35439 74 35133
377 34554 35898 59 53826
378 34594 35211 5 1940
379 34634 36710 147 137242
380 34717 37720 129 228356
381 34795 36018 26 9664
382 34883 35341 39 9151
383 35181 39033 66 114856
384 35351 38718 107 105513
385 35427 37444 17 20142
386 35475 35915 136 35806
387 35483 38982 73 230889
388 35508 53945 106 773038
389 35553 37792 141 310611
390 35609 38352 29 19543
391 35932 35990 15 239
392 35969 37009 24 11408
393 36183 40711 4 4297
394 36266 40828 41 126954
395 36271 44746 75 196789
396 36279 43648 11 27700
397 36542 45829 37 183369
398 36576 38068 56 41411
399 36644 36836 6 547
400 36674 41555 131 325586
401 36953 38618 50 36174
402 37046 37960 118 25793
403 37251 37309 78 2079
404 37263 37933 7 4042
405 37537 42839 80 229077
406 37579 41684 26 36597
407 37592 38676 49 13684
408 37678 38203 26 6324
409 37725 48226 132 308164
410 37784 39541 100 36706
411 38011 42488 4 6038
412 38116 40134 11 14279
413 38463 39881 20 4010
414 38584 43884 11 25394
415 38592 40171 61 38389
416 38732 39155 24 8729
417 38900 41408 5 7599
418 38925 40138 24 21728
419 38958 40929 32 26737
420 39048 40490 89 77704
421 39092 39571 95 30318
422 39134 42890 92 112137
423 39172 43151 10 13497
424 39274 40476 6 977
425 39282 39458 76 10347
426 39348 40255 102 66846
427 39520 40479 101 122096
428 39752 41551 112 105895
429 39827 41633 12 6736
430 39907 40300 121 62321
431 39912 44086 139 336760
432 39925 45652 50 155531
433 40074 40589 5 3144
434 40145 41917 65 52568
435 40234 41263 98 55777
436 40291 47908 21 93033
437 40349 40895 126 26528
438 40475 40568 14 442
439 40524 44011 55 76647
440 40577 42887 143 290776
441 40599 40669 137 7530
442 40713 42641 64 59997
443 40722 40879 74 3264
444 40777 43503 14 16417
445 41009 43174 87 28411
446 41119 46484 69 48116
447 41136 45229 26 17712
448 41284 44426 116 212945
449 41345 45782 21 27635
450 41506 47673 129 669122
451 41523 43938 79 117481
452 41534 43102 33 30425
453 41603 42914 29 29803
454 41613 43658 35 41098
455 41815 43450 59 26098
456 41964 42650 129 41250
457 42069 45601 26 14086
458 42156 44542 36 36406
459 42215 42218 41 69
460 42289 43558 54 33014
461 42328 43535 146 65737
462 42463 43810 90 86851
463 42482 43876 9 8376
464 42619 43145 80 4225
465 42655 43155 11 2022
466 42717 43280 108 35786
467 42801 48826 41 153837
468 42828 48814 78 113255
469 42950 42976 18 337
470 43203 44015 46 22965
471 43214 44868 11 6944
472 43467 46733 113 142403
473 43880 50317 48 181266
474 43943 52904 7 27412
475 44039 48498 133 127096
476 44184 46262 52 48690
477 44208 47939 14 20963
478 44368 45729 128 440570
479 44451 46306 92 107429
480 44536 46787 107 110843
481 44593 50339 21 39135
482 44627 45499 138 78988
483 44781 46426 89 64490
484 44824 46376 81 98432
485 44951 52598 129 622891
486 45092 50257 27 65159
487 45097 45972 60 36106
488 45348 46653 8 6978
489 45453 48913 14 27414
490 45461 45863 125 40851
491 45585 51850 76 154009
492 45659 60883 96 248411
493 45846 47308 20 11835
494 45881 47696 25 32821
495 45905 52057 10 33650
496 46227 53097 59 82827
497 46601 47874 34 7026
498 46614 54212 68 73711
499 46766 48964 80 66594
500 46811 57771 9 66922
501 46887 48264 9 1431
502 46900 48872 51 55104
503 46913 49210 62 58918
504 47018 47771 142 79173
505 47063 50189 51 56631
506 47204 49326 89 75718
507 47319 50624 81 69677
508 47483 48547 7 11884
509 47592 48869 11 11479
510 47695 47872 60 7083
511 47729 56965 107 567878
512 47758 49992 53 28938
513 47791 47902 25 928
514 47982 51724 74 179482
515 48010 58441 19 189617
516 48237 49032 121 21979
517 48296 48577 74 16519
518 48346 53454 116 287757
519 48644 49543 128 47254
520 48662 52783 15 51192
521 48669 50323 7 7460
522 48783 49686 118 75630
523 48788 50028 60 24199
524 48851 54181 46 53913
525 48939 50853 10 8109
526 49109 53273 57 120622
527 49249 49349 28 3774
528 49342 52315 24 41113
529 49434 62386 43 200090
530 49508 51375 11 7152
531 49557 50845 20 14943
532 49559 50243 22 5182
533 49620 51213 86 61012
534 49750 52407 94 37780
535 50009 50745 97 40804
536 50408 50961 116 49741
537 50717 54286 92 93892
538 50799 54560 132 667566
539 50930 51323 88 15855
540 51153 53155 110 37684
541 51186 52691 118 64566
542 51520 53185 92 72246
543 51523 51721 82 9297
544 51575 56308 96 103976
545 51607 52127 148 33039
546 51642 55803 22 63010
547 51691 53714 18 22594
548 51744 52641 64 51332
549 51793 53011 97 101058
550 51958 53045 19 5383
551 52125 63971 70 313107
552 52128 52162 114 2456
553 52134 52317 15 1409
554 52160 54370 80 105314
555 52218 52364 130 8752
556 52325 54652 6 9187
557 52341 52994 108 33238
558 52549 58047 32 93428
559 52611 54844 123 70216
560 52616 55192 29 41546
561 52778 54684 8 4056
562 53017 54173 66 29025
563 53382 66677 79 136483
564 53430 56588 34 83089
565 53481 54064 42 12554
566 53660 55421 18 5281
567 53682 53687 122 624
568 53903 56329 84 174719
569 53995 54089 68 4160
570 54006 55002 17 8302
571 54150 56066 37 84295
572 54163 60973 77 185623
573 54178 54192 113 624
574 54466 55310 25 8595
575 54520 58164 104 108217
576 54570 55162 14 13271
577 54640 57644 72 224479
578 54696 60547 10 47477
579 54854 55420 62 27005
580 54877 54942 139 13345
581 55247 62262 112 361970
582 55299 58435 143 156224
583 55336 55478 12 1566
584 55338 56315 81 25260
585 55417 59671 71 98585
586 55570 56758 26 16162
587 55707 56076 95 25731
588 55788 55998 33 3657
589 56193 58146 128 273193
590 56326 57170 43 17219
591 56327 62721 113 211036
592 56330 58262 5 8371
593 56362 58453 100 67560
594 56461 57130 110 33594
595 56508 56661 32 2560
596 56581 67558 75 302412
597 56630 57454 39 5241
598 56716 56757 5 126
599 56881 57465 87 64165
600 57021 57023 8 4
601 57192 61187 11 12323
602 57254 61022 62 242864
603 57257 66023 102 157927
604 57379 57426 93 5025
605 57806 59594 34 14315
606 57868 58655 55 7501
607 57917 61598 79 331123
608 58077 60979 10 8886
609 58226 59664 75 71675
610 58257 60443 41 40149
611 58281 61553 16 16249
612 58319 59352 49 29897
613 58550 61380 69 54812
614 58823 61665 25 54938
615 59027 60966 9 22790
616 59122 67088 13 53655
617 59217 60129 13 7949
618 59342 59852 64 10823
619 59360 64411 120 370855
620 59826 62146 139 335806
621 60007 66281 81 218492
622 60058 73540 50 249921
623 60167 60878 53 36716
624 60259 65763 112 561251
625 60430 61010 5 1219
626 60546 62729 9 13596
627 60630 65475 14 16222
628 61066 61408 12 6085
629 61092 64954 90 151382
630 61156 66488 6 9189
631 61195 62195 28 4748
632 61403 62579 42 31440
633 61409 62879 32 18826
634 61509 62398 60 12970
635 61791 64150 75 56930
636 61990 62308 39 7266
637 62014 62711 76 53042
638 62027 62754 74 69887
639 62039 62969 16 4239
640 62417 65161 145 349872
641 62513 62640 11 961
642 62667 64176 48 32506
643 62925 67141 9 15005
644 62986 68667 108 475095
645 62987 64278 20 7771
646 63044 66354 28 35409
647 63452 64565 98 21201
648 63559 66535 24 43347
649 63562 64723 85 63196
650 63595 67086 34 69651
651 63599 66576 27 21721
652 63613 63919 76 25257
653 63632 64033 9 3429
654 63650 64698 118 48846
655 63756 63958 18 1955
656 63795 67072 29 27084
657 63901 66129 112 80185
658 64034 64141 12 521
659 64116 66105 106 145399
660 64357 65257 15 4916
661 64376 68595 8 36197
662 64451 68427 50 98446
663 64527 66029 54 35389
664 64667 66413 43 98121
665 64693 66749 8 10965
666 64704 66322 48 34697
667 64919 72191 73 291913
668 65249 67533 130 92231
669 65283 68628 55 167761
670 65584 68353 95 193306
671 65670 65959 37 6328
672 65794 69207 8 5276
673 66143 67792 12 4357
674 66395 67863 5 2262
675 66467 66963 109 33211
676 66514 69305 5 10837
677 66765 70947 49 28315
678 66895 69714 120 134110
679 66968 67980 9 1820
680 67222 67928 25 4434
681 67235 68019 131 97160
682 67300 67326 61 702
683 67500 69689 46 11199
684 67587 69930 8 5387
685 67690 71015 44 84802
686 67776 70695 142 202381
687 68026 71465 15 51313
688 68371 69827 122 197995
689 68481 78608 72 590003
690 68627 69518 111 44990
691 68867 69793 30 13457
692 68881 71093 110 113368
693 68921 70892 35 40246
694 68934 69147 54 5798
695 69049 71333 17 16700
696 69249 70771 11 2522
697 69449 71990 106 99668
698 69473 77868 9 29618
699 69480 71082 12 8110
700 69500 70286 97 12644
701 69621 70738 7 4879
702 69686 71286 113 84742
703 69759 70371 67 49856
704 69822 75426 23 80752
705 69856 70228 96 39609
706 69859 70489 4 2095
707 69866 73893 50 54666
708 69962 71443 135 88791
709 70003 71451 108 77109
710 70031 70961 36 8900
711 70414 77209 23 268892
712 70424 70694 41 8732
713 70580 71172 26 3981
714 70603 76071 88 265900
715 70623 75698 14 16590
716 70625 75228 131 517439
717 70747 72573 50 39967
718 70926 73979 102 90161
719 71134 71564 28 11888
720 71136 71448 23 6841
721 71137 71213 77 1334
722 71154 73115 68 75698
723 71373 72395 14 6110
724 71380 71907 140 98154
725 71458 72101 24 4453
726 71499 75321 54 224743
727 71527 73541 139 254573
728 71642 72162 20 4981
729 71671 71770 70 3381
730 71798 75558 129 371367
731 72224 72360 23 1882
732 72311 74373 49 52702
733 72408 73383 135 36960
734 72469 78081 19 53452
735 72485 74039 19 16903
736 72522 74959 80 121808
737 72559 74400 5 2122
738 72801 80959 138 548087
739 73057 74859 76 69482
740 73107 74653 115 70152
741 73295 74727 29 27600
742 73345 73378 14 147
743 73382 73550 148 51350
744 73623 76384 54 98056
745 73752 78635 140 454688
746 73817 73948 119 13729
747 73933 76470 77 79760
748 74034 74253 17 2694
749 74063 76094 63 78314
750 74172 75930 72 49038
751 74407 77357 139 170408
752 74519 77862 6 16476
753 74581 76337 37 23346
754 74606 79400 44 150987
755 74631 75945 56 19174
756 74770 75017 123 8933
757 74870 75072 117 24549
758 74925 75119 140 22880
759 74964 76044 80 34642
760 75240 75966 12 5736
761 75346 77247 29 40980
762 75404 76462 44 9917
763 75459 82262 29 80946
764 75557 78878 9 38149
765 75600 79120 38 22561
766 75851 77919 18 37734
767 75994 80186 84 290850
768 76534 76822 4 360
769 76536 79577 100 120572
770 76618 76695 109 9774
771 76639 76888 10 926
772 76652 80350 19 52469
773 76754 77757 145 28782
774 76777 79972 121 171390
775 76791 78774 149 194492
776 76804 77416 32 13187
777 76985 78439 74 32586
778 76991 89748 18 58417
779 77088 79938 49 122269
780 77241 77369 118 13309
781 77261 87930 45 157092
782 77273 79474 86 134870
783 77290 81004 78 162547
784 77386 82937 51 151734
785 77460 77955 55 14453
786 77466 80173 27 35822
787 77491 80913 38 58801
788 77509 80376 81 52268
789 77568 77850 10 3578
790 77589 78456 87 55586
791 77678 81128 84 92250
792 77742 80506 58 51710
793 77771 80974 145 119628
794 77789 81388 108 148077
795 77867 79879 21 19340
796 77893 79216 10 5592
797 78005 78029 81 1313
798 78056 81037 116 158799
799 78109 78140 67 706
800 78289 79343 144 158945
801 78513 81531 47 70476
802 78546 83174 26 36998
803 78622 81291 18 44240
804 78723 80261 83 61096
805 78895 78999 17 700
806 78930 80411 18 7909
807 78945 80127 59 51796
808 79028 81881 42 54635
809 79045 80258 11 12178
810 79083 79780 66 150522
811 79314 79491 143 12324
812 79387 82389 22 9988
813 79448 80685 66 37993
814 79455 83424 6 4657
815 79590 80359 87 152446
816 79625 80374 5 375
817 79683 83507 48 86990
818 79765 85198 82 308304
819 79823 83017 62 309819
820 79906 86292 31 42516
821 80152 80518 143 14532
822 80240 80305 41 2455
823 80417 83780 72 144677
824 80555 81237 9 3718
825 80556 83404 135 335468
826 80674 81180 124 37516
827 80718 81887 60 44272
828 80850 84716 133 342730
829 80943 86397 12 17768
830 81003 83950 13 30376
831 81231 84769 52 95655
832 81412 89986 149 683018
833 81440 83616 134 180980
834 81734 84572 65 64124
835 81991 83669 71 100709
836 82067 83405 81 136012
837 82333 84480 148 298425
838 82373 86389 30 50958
839 82392 82591 10 1209
840 82423 84015 51 48257
841 82632 89199 49 292125
842 82824 83377 64 55550
843 82827 86696 79 182505
844 83137 84403 93 116484
845 83145 90858 7 12637
846 83173 85005 117 137227
847 83237 85599 78 81295
848 83277 92052 40 76129
849 83280 83385 11 1272
850 83307 83812 90 49729
851 83336 91562 109 319839
852 83641 85230 49 11877
853 83670 86697 13 27183
854 83672 86369 114 140586
855 83761 86170 4 2005
856 83781 84321 33 10636
857 83909 88239 24 53509
858 84006 85307 136 22438
859 84157 85514 23 23410
860 84367 85172 87 40325
861 84369 84836 28 5856
862 84578 85145 9 862
863 84667 90290 20 47582
864 84760 88744 92 123388
865 84782 93313 95 340004
866 84876 88641 38 84177
867 84930 86461 74 54179
868 85019 87526 9 7390
869 85143 93479 147 1416497
870 85506 86463 88 56360
871 85527 89435 72 667808
872 85578 87914 9 6378
873 85625 89566 120 130972
874 85685 85903 9 731
875 85744 88569 13 16648
876 85906 86420 118 13410
877 85938 90079 76 118763
878 86104 88074 133 242287
879 86105 89838 17 17481
880 86166 89403 49 60888
881 86201 96340 22 108544
882 86541 96191 78 284295
883 86776 88037 110 44298
884 86916 87445 31 7039
885 86989 91473 17 44658
886 87053 87168 34 1555
887 87205 87944 59 12716
888 87429 88276 69 60034
889 87507 93493 139 149085
890 87623 89458 27 38263
891 87640 94634 6 9330
892 87737 88452 138 45400
893 87784 89451 104 110212
894 87834 89613 105 95853
895 88060 88749 15 4924
896 88066 93238 78 246941
897 88398 89192 54 55325
898 88457 96187 6 10918
899 88617 90527 147 76767
900 88684 89099 104 54971
901 88845 89564 4 4685
902 88947 91270 23 20188
903 89120 91042 39 50629
904 89162 93889 70 217311
905 89176 94167 64 157714
906 89285 89721 95 15146
907 89361 93320 62 103223
908 89406 93110 121 539294
909 89499 91365 96 189865
910 89530 93530 139 286394
911 89580 94624 109 596380
912 89701 91221 53 16164
913 89711 93799 56 49732
914 89730 90518 25 13441
915 89756 91482 114 79966
916 89787 90138 43 3626
917 89802 91471 42 31469
918 89821 93703 88 87529
919 89851 90616 77 47145
920 89929 91446 35 24019
921 89968 94068 88 123956
922 90053 92463 123 117447
923 90131 92018 15 7805
924 90197 92267 118 180704
925 90380 94731 130 124727
926 90480 93790 82 167623
927 90572 94151 54 36099
928 90578 92665 85 92746
929 90686 95439 119 575461
930 90753 95089 27 43000
931 91078 91414 115 9494
932 91191 91558 106 19515
933 91387 91436 22 459
934 91431 95588 45 76553
935 91550 99970 15 49442
936 91551 95397 97 358165
937 91823 92771 49 11901
938 91848 92414 138 25704
939 91861 94039 134 59970
940 91896 93624 132 393959
941 91901 92857 4 2037
942 91904 94423 34 37833
943 91951 95870 50 165860
944 91955 94427 130 175950
945 92006 96422 95 179150
946 92312 94116 24 10866
947 92666 94243 28 23771
948 92710 97560 31 103852
949 92761 97383 102 215503
950 92811 93000 11 466
951 92869 93679 22 3269
952 92914 98868 100 263161
953 92949 94641 56 55894
954 92987 95209 23 20227
955 93448 97377 112 273060
956 93525 96745 63 164783
957 93632 96712 93 122977
958 93675 95199 43 31162
959 93685 97999 132 294113
960 93890 96369 109 63000
961 93970 99939 33 216214
962 94322 94681 52 21924
963 94336 94599 49 7479
964 94379 94891 6 2293
965 94389 95549 48 17462
966 94493 97298 20 29087
967 94577 95490 62 16460
968 94829 95521 84 9888
969 94863 95245 100 15600
970 95128 99625 30 74802
971 95216 96902 69 60820
972 95278 96288 134 21546
973 95286 96141 37 20995
974 95291 98117 6 7322
975 95337 98053 44 214166
976 95548 96992 83 156670
977 95659 95914 120 22234
978 95663 99823 49 125167
979 95754 98797 140 188342
980 95759 97131 36 20294
981 96003 96359 103 11810
982 96335 97670 13 4632
983 96536 99804 30 92414
984 96817 97608 21 19393
985 96891 97434 138 26588
986 97138 98341 104 124587
987 97601 99326 51 60489
988 97613 98198 31 2904
989 97633 99875 31 11736
990 97699 99853 6 3247
991 97705 97768 145 13942
992 98137 99893 149 59337
993 98577 99073 94 16985
994 98596 99525 146 54980
995 98670 99318 32 3295
996 98735 98919 123 7890
997 99009 99512 19 8837
998 99374 99997 64 20281
999 99536 99749 101 20400
