50 1000 0.031
.............#....#...............................
.............##...#...............................
.............###.##...............................
..............##.##...............................
..............######..............................
...............#####..#...........................
............#######.###..#..................#.....
..............############.................###....
.............#########.##...................#..#..
...........#############...............#.#..#####.
..............########.#...............##########.
.............###########..............#.#####.####
.............############.............############
..............##..###.................###########.
..............##..#...................##.########.
......................................########.###
.......................................######..###
.......................................##.###..##.
.......................................#######....
..........................................####....
...........................................###....
..................................................
..................................................
..................................................
..................................................
..................................................
..................................................
..................................................
..................................................
..................................................
.............###.#................................
..........######.#................................
.......#....##.###................................
.......###########.#..............................
..........########.#..............................
.........############.............................
..........#######................................#
.........########........................#..#..#.#
.........#.#####.........................####.####
............#..............................#######
.......................................#########.#
........................................########.#
...........................................#######
............................................######
............................................######
............................................######
.........................................#########
............................................######
...........................................###.###
...........................................######.
0 284 1650 150 174168
1 309 3550 86 110494
2 732 11132 18 48626
3 806 4149 70 75662
4 893 3273 35 35940
5 929 1318 58 16196
6 999 2501 9 5024
7 1021 1906 13 8542
8 1093 3941 12 19356
9 1119 3292 26 40692
10 1135 3031 77 60566
11 1247 6163 23 41013
12 1294 2245 91 35575
13 1458 1939 34 15448
14 1576 4009 54 62104
15 1585 2396 31 8213
16 1752 2692 6 4446
17 1887 6943 83 606945
18 1920 4076 100 148039
19 1952 4585 34 62383
20 2325 3011 18 6780
21 2355 6237 27 32488
22 2362 6793 128 417856
23 2365 3455 14 7195
24 2371 4274 27 14886
25 2379 4494 124 106199
26 2590 3522 55 14831
27 2929 8225 10 41230
28 2939 4380 56 22021
29 3006 4026 48 39499
30 3255 3477 98 10244
31 3516 7608 91 228579
32 3732 9312 127 507279
33 3839 6391 84 150650
34 3896 4770 32 6724
35 4215 5191 138 62465
36 4463 5193 14 2577
37 4498 6109 55 21587
38 4519 6688 53 42506
39 4627 4908 34 3694
40 4647 5347 5 955
41 4784 6295 42 20500
42 4854 7568 72 84531
43 4886 7218 74 22564
44 5049 8470 35 51636
45 5287 7024 16 7870
46 5302 8509 75 75031
47 5452 8005 88 101775
48 5490 7534 36 42650
49 5558 6140 41 14871
50 5609 12114 7 39220
51 5666 7981 28 24408
52 5874 8277 17 26169
53 5961 6725 22 4625
54 6058 8316 74 119187
55 6101 7371 26 24590
56 6154 7578 53 38484
57 6159 6197 14 345
58 6574 7364 83 41856
59 6661 6995 41 13002
60 6719 8469 59 36048
61 6813 10666 90 68417
62 6827 10815 24 51823
63 7332 9265 49 18671
64 7604 10345 44 57465
65 7648 8540 33 13948
66 7664 12458 20 21126
67 7877 13215 54 123850
68 7922 9544 7 2740
69 8047 14372 7 10083
70 8164 16331 143 355174
71 8223 9521 120 44701
72 8272 11565 35 29981
73 8283 8707 70 11036
74 8290 10054 101 66841
75 8387 11221 71 150085
76 8477 8640 45 6151
77 8575 11090 26 48367
78 8589 8616 119 4368
79 8685 10708 18 22279
80 8701 9726 89 73033
81 8863 15813 83 259882
82 9176 16689 24 91256
83 9243 14083 69 146601
84 9250 14253 107 221020
85 9307 11504 22 14410
86 9338 9552 10 3106
87 9390 12301 125 220141
88 9778 11759 132 232148
89 9901 10902 117 32527
90 10001 10742 41 24417
91 10042 11872 67 94617
92 10146 11786 19 15097
93 10273 12067 75 117624
94 10290 13699 144 155709
95 10607 10631 133 2378
96 10617 11423 87 102712
97 10625 15406 30 90513
98 10794 11597 56 54189
99 10828 12881 48 46502
100 10875 12609 13 15245
101 10913 12987 59 40197
102 10958 11134 80 17213
103 10973 12319 119 86061
104 10988 17558 64 132491
105 11063 16693 46 45936
106 11105 14957 40 62587
107 11135 12901 112 136601
108 11162 13838 77 92120
109 11173 11920 100 31040
110 11218 13569 21 8240
111 11261 14009 26 18834
112 11285 12048 69 36050
113 11311 14742 15 22568
114 11606 12880 109 100006
115 11676 14949 96 272473
116 11702 12727 107 140446
117 11721 18943 50 123174
118 11738 14969 42 97268
119 11772 12437 120 56675
120 11808 15966 138 656900
121 11838 14807 40 50440
122 11852 13886 32 19081
123 11864 16328 7 8544
124 12128 12838 109 35730
125 12140 13096 40 33969
126 12410 14220 15 15292
127 12519 12528 89 774
128 12675 13700 9 7328
129 12723 20816 106 254404
130 13189 13845 37 14722
131 13261 19230 46 244461
132 13327 14976 7 4813
133 13516 14324 76 33218
134 13553 14421 96 46109
135 13685 16569 104 203972
136 13716 15228 82 28656
137 13743 13888 131 16350
138 13908 16613 139 42521
139 13986 14592 10 3703
140 14046 15324 57 52205
141 14298 19217 78 221318
142 14307 14367 58 3761
143 14433 17350 12 24673
144 14666 17128 134 198557
145 14732 17596 60 97187
146 14770 15548 9 5609
147 14788 24037 29 163509
148 14793 15302 29 9813
149 15084 17846 28 82568
150 15097 15506 52 15999
151 15174 20221 15 12369
152 15629 16963 137 161266
153 15771 15950 9 1549
154 15867 20063 120 588772
155 15942 16749 17 5752
156 16254 16598 25 8931
157 16299 19162 56 86513
158 16313 22793 11 21025
159 16507 18801 88 97390
160 16555 16952 5 980
161 16617 18692 4 2027
162 16678 16724 31 804
163 16748 17477 6 2259
164 16946 23369 128 167588
165 16969 18824 58 87857
166 16978 17974 35 6389
167 17576 20150 47 32938
168 17577 20616 14 19428
169 17621 18041 121 46706
170 17679 18286 21 7942
171 17715 21522 27 22438
172 17869 17890 12 234
173 17894 22840 23 37244
174 18057 18861 118 27438
175 18353 29238 17 89205
176 18501 22450 21 9908
177 18711 19231 16 4719
178 18768 19012 20 3751
179 18845 20116 28 14425
180 18976 21585 142 254284
181 19034 21720 126 121620
182 19069 21481 10 12901
183 19183 21376 10 5269
184 19184 19815 21 8023
185 19325 22501 61 116601
186 19385 27869 64 369815
187 19390 28610 15 109939
188 19396 19622 119 20020
189 19429 19777 89 14392
190 19444 24790 9 43658
191 19474 20323 33 4512
192 19488 19863 68 40715
193 19556 20232 32 16587
194 19621 20090 124 11936
195 19633 23873 92 122443
196 19665 20448 96 13885
197 19678 26690 36 231751
198 19719 22275 87 63582
199 19812 22987 133 375961
200 19853 23508 68 181949
201 20076 29380 22 105546
202 20098 26657 127 118745
203 20191 21158 98 46608
204 20213 20219 10 70
205 20465 21059 143 60336
206 20830 21777 128 65159
207 20840 21037 123 15818
208 20846 21875 84 31534
209 21033 21086 20 436
210 21064 21104 63 3152
211 21228 21877 16 4878
212 21256 22967 42 23476
213 21260 21345 5 80
214 21286 24395 93 160259
215 21303 22225 19 4898
216 21507 23026 61 36762
217 21622 22563 44 27142
218 21651 22904 146 220828
219 21836 22485 8 2767
220 21857 27607 96 57627
221 22104 27976 10 30530
222 22130 32606 102 197473
223 22326 25795 28 63815
224 22526 22612 39 1289
225 22590 27658 114 251949
226 22676 22771 49 839
227 22692 24551 8 2855
228 22788 22952 10 1172
229 22842 29425 55 91843
230 22920 28016 12 37027
231 22927 25526 89 56962
232 23011 35923 8 25863
233 23126 28705 5 12560
234 23241 26957 54 108622
235 23325 27451 72 165013
236 23653 27187 55 68257
237 23991 29987 51 177248
238 24042 25004 106 66437
239 24045 24130 98 6489
240 24490 26011 5 4069
241 24571 25506 137 46623
242 24847 28846 55 45951
243 24866 25713 26 5245
244 24975 30534 39 166679
245 25174 25732 24 4404
246 25271 26108 31 6679
247 25294 28067 89 78735
248 25482 27478 119 87902
249 25594 28803 52 56471
250 25628 26173 59 25832
251 25801 29273 5 7352
252 25841 31107 73 248319
253 25877 26993 19 9799
254 25973 26889 43 13731
255 26024 28867 66 111699
256 26340 28011 68 48817
257 26415 26459 111 3284
258 26482 26619 69 3737
259 26546 26763 15 9052
260 26608 27623 27 21043
261 26752 30059 34 59937
262 26811 32217 139 513267
263 27080 30350 72 142828
264 27213 28214 146 69889
265 27384 28101 19 4555
266 27505 30858 82 70265
267 27559 30194 119 240732
268 27593 31287 61 225426
269 27817 29852 42 18936
270 27999 29580 68 38041
271 28010 29256 25 28902
272 28071 31338 66 40083
273 28127 28768 19 7281
274 28200 35527 61 237179
275 28305 29772 33 22582
276 28550 29310 46 18897
277 28741 30918 116 138333
278 28829 32840 30 27464
279 28833 30335 27 19240
280 28878 33143 92 227668
281 28896 28921 98 1113
282 29124 29353 35 7090
283 29127 30554 23 7489
284 29205 29294 39 3085
285 29281 32617 6 8672
286 29301 30368 41 68985
287 29485 29655 103 19072
288 29494 34187 64 176294
289 29546 34411 18 36716
290 29565 32338 19 17077
291 29760 33116 134 81064
292 29929 31360 22 4440
293 29930 31637 5 14435
294 30021 30854 4 1928
295 30069 30658 149 49134
296 30159 38053 14 75976
297 30346 30992 10 4913
298 30636 33931 102 126752
299 30756 33330 50 70665
300 30826 35676 128 387435
301 30873 31936 45 23238
302 30888 34843 68 151565
303 30907 32074 21 15208
304 31062 32138 73 33769
305 31100 33457 83 121295
306 31121 39929 5 9767
307 31184 31890 48 17154
308 31208 33004 29 39115
309 31222 31599 71 20991
310 31241 34200 43 47846
311 31393 31404 95 880
312 31420 34201 142 102101
313 31425 32526 118 102784
314 31572 31616 146 6172
315 31573 37425 36 42929
316 31671 34360 89 72187
317 31693 35132 51 123385
318 31905 35610 7 6789
319 32198 37093 124 428466
320 32345 33868 12 9299
321 32513 33496 8 2659
322 32529 37717 32 38196
323 32548 34111 142 151861
324 32597 35448 70 129455
325 32669 33583 7 2157
326 32791 32852 4 98
327 32893 34668 115 68192
328 32968 35379 93 71922
329 33023 34766 143 67404
330 33052 33875 10 6185
331 33057 33841 19 23499
332 33131 37027 115 213130
333 33395 36243 28 32595
334 33430 36632 141 64819
335 33501 39117 10 11604
336 33509 37379 13 15307
337 33629 35423 12 6505
338 33658 33762 117 5366
339 34065 38068 82 48514
340 34159 38825 30 104467
341 34191 37133 77 135603
342 34342 37316 17 16719
343 34470 36626 23 43756
344 34505 40124 98 331215
345 34545 37195 93 72038
346 34589 40660 5 12568
347 34635 36804 135 169806
348 34664 47149 134 666543
349 34876 36205 103 61220
350 34898 35312 73 11310
351 34969 35701 90 24520
352 35030 39265 9 19740
353 35123 39480 12 11602
354 35139 35349 60 19026
355 35436 36887 34 25459
356 35514 36992 14 20776
357 35588 36854 6 8093
358 35625 36967 35 13880
359 35851 36014 119 6431
360 35854 37270 23 14334
361 35909 36544 68 31495
362 35996 40277 16 35214
363 36012 36225 45 4824
364 36086 38501 148 105666
365 36181 36582 113 30791
366 36221 38332 30 22924
367 36327 39179 18 19237
368 36394 37568 81 41829
369 36457 37483 23 13272
370 36484 36760 52 3653
371 36757 40175 17 32436
372 36876 36912 136 2600
373 36916 38927 18 42095
374 36969 43343 47 209483
375 37335 39257 22 12623
376 37362 38064 144 35818
377 37415 40912 12 17123
378 37503 46459 144 258644
379 37505 38169 107 44138
380 37595 38838 133 170085
381 37762 39405 127 86483
382 37857 40244 17 24968
383 37953 38779 27 6875
384 37954 39465 58 36438
385 38157 40478 10 8680
386 38253 46766 6 13256
387 38317 39156 83 67465
388 38336 38821 42 4610
389 38409 39649 28 15829
390 38614 43952 42 48856
391 38640 43840 117 459527
392 38654 39295 96 35147
393 38710 40561 147 203854
394 38780 40759 44 52156
395 38840 39288 26 8605
396 38969 39386 117 21901
397 39014 45197 9 6755
398 39143 40652 48 8594
399 39176 41558 47 155096
400 39404 44963 15 113502
401 39544 45954 24 43126
402 39584 44560 51 105804
403 39612 40933 21 12758
404 39633 40112 15 5431
405 39654 40358 108 48357
406 39824 42132 132 177096
407 39909 41828 86 147491
408 40373 42699 140 172598
409 40541 42373 79 121852
410 40644 41354 11 6933
411 40659 42795 87 85103
412 40677 46494 98 318120
413 40720 42204 16 6525
414 40796 43231 14 12118
415 40878 41273 5 2481
416 40974 41791 110 43363
417 41165 42726 123 143875
418 41166 44887 28 37226
419 41180 43907 149 117604
420 41360 42187 6 2485
421 41628 44558 6 7961
422 41703 41783 5 194
423 41781 45060 23 16868
424 42022 42107 6 1153
425 42064 44520 10 9276
426 42072 45382 39 35604
427 42079 44053 38 74690
428 42334 44155 96 53532
429 42503 43338 70 24008
430 42668 45167 33 131875
431 42696 46207 92 63836
432 42735 45280 64 46557
433 42768 49808 142 310567
434 42787 45733 148 264707
435 42798 42879 94 5492
436 42802 43845 107 28447
437 42898 43043 105 5767
438 42994 46159 35 37387
439 43096 45131 35 50355
440 43149 43287 36 1873
441 43275 45054 5 6346
442 43366 52177 96 190637
443 43418 53502 37 183171
444 43509 44286 103 52499
445 43645 47272 11 31693
446 43691 44633 48 58853
447 43716 45057 54 13411
448 43919 44186 96 28512
449 44100 44206 61 3469
450 44245 47146 16 35843
451 44325 46444 9 21715
452 44416 49229 91 281791
453 44424 46160 8 11015
454 44585 45254 88 30243
455 44609 46849 53 20359
456 44690 45557 71 12586
457 44793 49076 65 270976
458 44817 45710 82 17457
459 44827 45038 14 1596
460 44833 45352 140 106645
461 44861 48261 26 46283
462 45074 47591 147 183132
463 45130 45189 18 1026
464 45356 59286 65 204498
465 45448 47276 82 47598
466 45461 51287 27 98308
467 45476 50404 35 192359
468 45593 49759 72 238833
469 45611 46081 8 802
470 45613 45828 25 1955
471 45734 46587 5 6523
472 45840 45923 58 2559
473 45984 50861 78 198196
474 46288 51718 120 537566
475 46373 49288 20 33692
476 46398 51077 66 143079
477 46506 53272 130 264214
478 46509 48100 68 91977
479 46778 50427 10 15066
480 46781 48683 16 15848
481 46873 47200 51 9411
482 46904 51151 24 104051
483 47048 48077 11 8274
484 47051 49326 20 21120
485 47089 47438 148 40218
486 47385 48904 36 45928
487 47406 47705 22 1945
488 47470 49348 131 168010
489 47473 57183 125 360235
490 47476 49330 48 26104
491 47491 48775 37 27164
492 47501 52193 101 65338
493 47514 50858 133 286791
494 47995 49703 14 5748
495 48071 49992 24 19949
496 48253 48600 10 1661
497 48273 48541 83 20640
498 48324 49751 38 27143
499 48486 52794 31 93762
500 48510 54003 67 126628
501 48692 48762 75 1418
502 48935 50257 53 23340
503 49002 49619 138 29341
504 49040 50542 91 94423
505 49114 59510 55 214568
506 49141 52281 24 32371
507 49243 58790 42 153740
508 49259 55392 35 165304
509 49313 52537 107 171080
510 49383 51515 6 6168
511 49579 50678 67 102521
512 49603 52928 7 18251
513 49659 49803 75 11599
514 49786 51917 146 152275
515 49816 50214 12 2494
516 49973 50567 7 2802
517 50015 51225 66 32190
518 50185 50905 94 37519
519 50302 52966 119 120884
520 50392 51903 40 38956
521 50477 51189 55 10726
522 50483 52328 15 4218
523 50495 53127 78 125481
524 50591 52348 83 167558
525 50618 52377 51 24811
526 50688 51522 100 70491
527 50911 52147 24 9523
528 50979 52612 14 43758
529 51324 54721 16 19820
530 51462 54936 44 118924
531 51480 53784 99 171041
532 51601 53377 12 14130
533 51726 56359 134 904161
534 51878 52151 105 8072
535 51906 54240 147 76807
536 52083 54170 40 44482
537 52624 53894 77 48496
538 52668 53043 46 13266
539 52731 54320 31 21390
540 52814 54445 61 16358
541 52826 55305 92 203385
542 53014 58480 6 24200
543 53098 55909 4 4948
544 53111 54031 42 31304
545 53172 55700 52 100629
546 53192 55810 141 141575
547 53454 58967 113 149758
548 53461 54368 81 84112
549 53681 54321 17 4018
550 53812 53901 68 9968
551 53880 62481 147 780826
552 53891 54392 17 8151
553 54008 61107 23 31505
554 54047 54661 29 8611
555 54091 60853 112 231102
556 54163 54312 5 572
557 54194 60682 5 14238
558 54347 55999 9 11923
559 54485 57039 8 6359
560 54735 58110 136 203809
561 54737 57762 40 30653
562 54820 55487 77 23992
563 54869 55720 48 11064
564 54872 61238 9 41281
565 54899 55636 60 13389
566 54919 64185 8 86474
567 55002 61580 133 118647
568 55060 56435 7 1364
569 55062 56328 42 9271
570 55272 59252 43 47526
571 55304 64257 27 65702
572 55483 60084 35 40393
573 55566 56022 50 18115
574 55736 58365 60 26046
575 56006 60201 120 296799
576 56008 56181 27 2474
577 56078 57193 119 84435
578 56113 61498 104 98048
579 56159 58664 71 53471
580 56223 59406 36 36227
581 56227 58561 126 63871
582 56296 56490 21 1020
583 56415 60515 30 48693
584 56663 61993 15 43680
585 57025 58093 10 3634
586 57377 60029 97 87068
587 57430 61533 10 30086
588 57508 64461 61 182404
589 57516 59519 24 14550
590 57614 63784 8 28018
591 57748 59709 23 47993
592 57804 62555 10 44633
593 57807 62690 66 85306
594 57808 59998 67 62581
595 57907 57912 129 1553
596 57923 64282 9 37654
597 57952 59588 126 48489
598 58063 59721 79 44981
599 58082 59030 46 28160
600 58159 58690 125 41510
601 58170 60596 105 98731
602 58208 66358 18 44629
603 58245 59115 124 19259
604 58272 59579 133 42002
605 58280 58356 21 3163
606 58435 62174 143 369765
607 58574 60334 72 40178
608 58739 64395 35 87770
609 58805 61685 96 117888
610 58927 59532 50 8467
611 59065 60215 133 92131
612 59135 61086 33 18329
613 59157 60305 13 11654
614 59598 64106 13 33912
615 59617 60081 43 16120
616 59693 61523 8 14514
617 59734 59989 23 2068
618 59738 59756 28 604
619 59801 62074 18 11127
620 59809 62272 22 11822
621 59815 63504 22 40561
622 59831 60752 20 8019
623 59844 69375 25 85184
624 59941 68478 5 37267
625 59954 60023 78 2749
626 60056 63915 42 155404
627 60131 60373 90 9416
628 60157 60868 19 5220
629 60165 60272 47 5178
630 60180 60934 12 6291
631 60221 60362 27 4779
632 60533 61575 46 28143
633 60656 60689 42 892
634 60892 61379 8 1601
635 60909 64071 28 41616
636 60931 60983 103 5303
637 61085 61690 10 3132
638 61159 61643 25 6448
639 61437 64196 13 12757
640 61450 65153 14 51833
641 61572 64346 31 32453
642 61605 62405 33 30777
643 61610 64229 80 114988
644 61654 65137 9 21523
645 61660 62707 136 47363
646 61770 62528 8 1201
647 61869 64777 147 353579
648 61967 62797 40 16218
649 61994 65652 76 126697
650 62195 62221 132 2610
651 62292 65632 84 135685
652 62333 65177 37 25879
653 62370 64527 70 36509
654 62451 63132 42 13481
655 62573 63568 13 3753
656 62610 65716 29 33009
657 62908 64236 31 17452
658 62934 66284 34 87901
659 63095 65202 34 48994
660 63154 72776 12 23459
661 63309 64805 17 34687
662 63349 64762 108 48529
663 63369 65444 8 2056
664 63741 64742 12 5254
665 63940 66395 114 94302
666 63960 64235 116 53544
667 64176 66048 5 1610
668 64284 65367 4 1685
669 64328 75273 74 281632
670 64341 67210 70 25559
671 64367 65903 49 35427
672 64623 69205 110 248611
673 64693 65118 5 911
674 64722 65676 49 13390
675 64752 70846 21 37630
676 64759 69444 14 39637
677 64851 72224 108 481260
678 64901 65971 29 17527
679 65121 66208 89 53493
680 65174 65553 136 17149
681 65178 66077 57 22144
682 65181 65904 32 26450
683 65196 71032 16 40197
684 65278 69021 65 59227
685 65425 68913 43 87691
686 65467 66034 6 3870
687 65501 70447 12 16244
688 65797 67330 75 52650
689 65891 66209 12 1000
690 66020 66155 125 7894
691 66178 68564 146 204495
692 66323 66403 78 14828
693 66345 70008 6 4716
694 66374 70240 11 50328
695 66397 66614 81 15366
696 66514 73127 50 118615
697 66679 67883 22 5512
698 66740 67012 40 11429
699 66770 68430 150 87773
700 66772 70652 18 20286
701 66936 67410 10 1638
702 67359 71281 8 20808
703 67420 68720 33 37248
704 67486 69385 35 55519
705 67525 75827 5 17695
706 67550 70140 64 135540
707 67613 72572 26 89426
708 67643 70562 101 233824
709 67747 68836 45 54412
710 67816 70518 94 75412
711 67984 69843 64 27749
712 68022 69944 69 27191
713 68209 68861 8 1819
714 68375 70738 51 30931
715 68718 69500 25 8454
716 68846 70068 31 6284
717 68896 70548 10 1952
718 68915 69231 128 22386
719 68953 69281 58 5915
720 69003 74728 10 37043
721 69014 70218 115 130852
722 69030 70715 10 10624
723 69121 70211 56 17290
724 69168 73870 12 30442
725 69466 76138 52 134279
726 69929 72915 92 76217
727 69941 78189 98 260483
728 70019 75291 91 181726
729 70040 73985 100 203659
730 70248 71426 45 27871
731 70365 76575 133 421629
732 70443 71136 16 3956
733 70486 72725 37 56689
734 70555 72874 21 26603
735 70988 75937 79 165489
736 71268 73094 118 82965
737 71314 73181 142 711221
738 71634 71742 78 1821
739 71777 72736 108 156947
740 71948 73492 7 7244
741 71975 72249 9 762
742 71996 72413 115 25214
743 72137 73260 21 17883
744 72170 75717 71 108930
745 72230 72567 44 5870
746 72257 73141 103 50655
747 72266 80261 86 160034
748 72336 74738 90 109121
749 72415 72598 119 21979
750 72473 73215 41 29120
751 72946 73695 10 2595
752 72994 82441 118 310756
753 73000 76880 86 108923
754 73070 75745 62 30665
755 73255 82767 7 35854
756 73377 77519 139 456444
757 73416 76177 20 29332
758 73449 79060 43 180432
759 73499 74995 16 3830
760 73521 75828 83 106307
761 73599 75797 5 4999
762 73766 84677 55 244176
763 73999 74516 49 6531
764 74035 76075 58 75086
765 74100 75927 8 8960
766 74373 74524 128 24761
767 74383 77974 121 76771
768 74448 78278 39 30967
769 74517 76014 12 4067
770 74530 80765 67 273040
771 75186 75824 54 35132
772 75310 75855 11 2758
773 75480 77462 35 33517
774 75632 76775 133 26616
775 75668 79127 33 29622
776 75739 77018 5 10315
777 75957 76753 8 3958
778 75970 80929 54 55316
779 76039 80526 118 526700
780 76059 82328 27 72925
781 76082 78153 16 15694
782 76452 77544 41 38749
783 76481 80922 23 26855
784 76490 78731 33 24100
785 76678 80990 20 34262
786 76783 82990 23 42878
787 76931 80042 29 88282
788 76997 77824 55 17353
789 77030 78931 8 5753
790 77107 79993 80 289900
791 77127 83308 147 304690
792 77178 84318 58 253082
793 77211 78391 18 8242
794 77332 78033 7 2966
795 77358 79202 6 11323
796 77629 80044 7 6053
797 77680 77683 31 45
798 77762 80404 39 93146
799 77813 85636 62 391978
800 77918 78801 42 13242
801 77946 79643 77 23383
802 77985 78068 25 1128
803 77993 80946 19 12182
804 78085 92279 20 103721
805 78097 83475 15 59573
806 78116 84616 27 205879
807 78498 79429 22 13811
808 78504 79272 55 8133
809 78570 85724 61 146461
810 78770 78844 14 392
811 78865 79821 144 39055
812 79299 81046 37 23807
813 79319 80183 26 9555
814 79447 81960 13 3244
815 79455 83350 39 63612
816 79610 80587 120 145579
817 79768 81023 109 82214
818 80201 82997 22 40847
819 80580 80673 121 10635
820 80683 81940 43 28209
821 80756 82510 6 4623
822 80808 81009 75 17435
823 80872 81255 26 3658
824 80886 86483 91 143993
825 80959 82604 7 4744
826 80960 81464 10 3110
827 81064 83900 33 62965
828 81228 83079 57 86913
829 81271 84077 59 46954
830 81364 83599 40 15576
831 81552 81766 48 8069
832 81856 88621 144 457948
833 81976 82080 41 2294
834 81994 83154 31 25355
835 82081 82694 68 8187
836 82221 85610 42 53706
837 82293 82720 24 8270
838 82319 90928 101 254280
839 82336 84282 55 97539
840 82352 87163 101 365504
841 82501 83093 82 27165
842 82548 94253 104 558382
843 83155 86207 50 45682
844 83373 83468 119 4304
845 83451 84362 22 12702
846 83482 84206 4 3725
847 83623 96315 19 49395
848 83707 89035 109 111459
849 83731 92274 15 86964
850 83801 84988 41 32202
851 83820 84041 143 17781
852 83878 84418 28 16144
853 83885 85378 20 12238
854 83969 99057 9 69377
855 84019 85614 30 18667
856 84074 85015 22 9024
857 84249 87101 63 126738
858 84396 84840 59 23980
859 84598 86382 7 18018
860 84641 86607 34 31123
861 84660 87786 71 201390
862 84694 92970 16 27310
863 84732 85988 18 11052
864 84737 85648 129 28248
865 84860 85446 93 47891
866 85032 85716 22 11902
867 85110 86391 40 31821
868 85142 87328 19 23174
869 85218 98371 26 143903
870 85274 89830 34 65177
871 85322 85955 25 11221
872 85592 88224 21 20958
873 85655 89300 13 12396
874 85665 97735 120 509738
875 85742 86401 94 12629
876 85765 86910 6 1561
877 85909 95516 114 261948
878 86012 86964 139 75839
879 86347 86386 80 1376
880 86419 91919 63 33806
881 86601 87533 26 4351
882 86631 87384 17 17366
883 86682 87538 72 53115
884 86706 86914 50 3017
885 86778 91743 53 179595
886 86794 88669 78 121018
887 86820 89174 48 39905
888 86890 96374 39 29009
889 86934 86966 68 2452
890 87018 87432 56 9701
891 87183 91068 38 81778
892 87184 93546 9 15430
893 87211 88241 80 20574
894 87423 88321 27 6133
895 87500 93293 55 100977
896 87799 88546 106 68746
897 87834 90530 79 43293
898 87842 87981 112 8796
899 87969 96028 10 54556
900 87980 89134 71 18434
901 87983 89186 91 36105
902 88096 89416 24 5241
903 88155 89335 99 115807
904 88335 92637 65 48318
905 88565 88755 17 2124
906 88800 89095 90 28183
907 88900 89355 134 21049
908 89027 89659 5 1557
909 89229 90989 27 49896
910 89236 90803 143 262809
911 89466 89643 127 11894
912 89679 89891 9 1482
913 89832 92994 90 77559
914 90057 93263 16 14668
915 90092 93191 143 276979
916 90309 90436 10 2171
917 90417 91561 56 63171
918 90440 91992 59 22082
919 90471 90563 9 885
920 90524 91714 15 17855
921 90607 90990 73 9889
922 90659 92384 103 146473
923 90661 96879 86 118474
924 90688 93960 35 40168
925 90735 92926 41 30521
926 90890 92063 11 7243
927 90917 91457 44 31924
928 91022 95623 34 49715
929 91031 91895 127 22738
930 91120 94018 146 224155
931 91135 93016 68 43063
932 91232 94373 22 13475
933 91253 93388 145 56685
934 91560 95783 15 22628
935 91782 96234 100 267463
936 91881 94512 88 162634
937 91951 97335 17 22558
938 92011 92611 72 43872
939 92219 93063 50 27561
940 92228 94325 24 12213
941 92429 93583 130 47106
942 92473 97715 107 142246
943 92604 93281 13 15037
944 92677 96487 131 348249
945 92727 98845 11 67683
946 92756 92767 48 741
947 92807 98197 45 209281
948 92911 93474 71 25316
949 93014 93208 77 13769
950 93176 94898 22 11037
951 93187 96049 65 267835
952 93446 94677 115 30207
953 93528 94713 150 105007
954 93574 94943 50 14243
955 93612 95130 41 34710
956 93746 95768 52 57768
957 93747 98450 150 793984
958 93776 94454 5 1277
959 93878 98163 34 108566
960 93881 97382 93 159770
961 93912 94219 82 8339
962 94161 94648 82 19367
963 94200 94770 28 10764
964 94205 94996 14 7032
965 94209 98265 29 39944
966 94216 95380 145 187108
967 94218 96402 122 98715
968 94259 95343 45 27575
969 94320 96227 14 19368
970 94436 94885 27 13262
971 94469 98031 108 135844
972 94749 96707 71 41185
973 94789 96750 90 76358
974 94921 98234 13 14197
975 95224 95408 18 7142
976 95348 97325 106 71997
977 95457 95882 10 1594
978 95679 98473 79 54280
979 95749 98539 14 25323
980 95797 96283 74 9953
981 95847 96627 72 27081
982 96068 97138 90 59303
983 96158 98116 6 3852
984 96162 97951 21 18719
985 96387 98378 57 127897
986 96463 97795 23 12447
987 96619 97045 109 69907
988 96692 98518 32 60682
989 96810 98016 40 17708
990 96878 99896 75 142372
991 97237 98978 54 69475
992 97258 97981 67 19596
993 97294 98082 130 52841
994 97670 98743 51 55752
995 97808 99823 6 4669
996 97856 98038 103 11816
997 97920 98198 27 4826
998 97965 98926 87 67261
999 97986 97995 11 43
