50 1000 0.019
............##..................#.##..............
....##...#####..............#...#.................
....#...#.#.###...........###.....#...............
...##...###.###.............#....###..............
......##.##..#....##.............##...............
......#####.......................#...............
....####.#.#......................................
...##.##...#..#...................................
....#.#....#####..................................
....##......##..................................#.
...........#.#........#......................#.##.
.............##......##....#.#..........#.####..##
..............##......#....####........#####.##..#
..............##......#.......###......#####.###..
...............##....###.....####........##...#...
.#.......##........####.....####..............###.
###.......###........##........##...####.....###..
###......#######.....####.......#....####.....#...
#####......#.#.........................#..........
.#.##..................................#..........
........#....................##........###........
.............................##.........#.........
...#..............................................
.###........................................#.....
##.#..................................#.....#.....
..................................................
..............#...................................
..#...............................................
###.........#####.......#.........................
.#......................#....##..##...............
.#.##........................##..####.............
.###.........................##..##...............
..#..........................##.#.................
.#...............###.#.......#..#.................
###..............#.###..........#.................
..###.....#.....##..####.......###...#.#..........
..#.............##.##.##........#...#####.........
..............#..#.#.........#......##.#..........
.............###............###......#............
.............###............###...................
.............#.......#............................
.............#.......#............................
.....#.......#.......##....................##.....
.....###..........#..##....................###....
......#.........####.###..................##.#....
......#..........#.#.#.....####...........####....
.................#....##.#####.....#.......##.....
.................#.......#.##.#..###..........#...
.................##.....##...##....###.......##...
.......................###.#####.....#......##....
0 45 10331 92 495275
1 360 17491 90 428463
2 419 8915 13 82621
3 467 5671 149 696287
4 499 3829 33 41324
5 710 9166 19 43963
6 830 19845 118 1170148
7 849 7482 78 246880
8 949 13386 81 546474
9 950 6880 18 24901
10 992 2970 116 88194
11 1145 2044 20 19868
12 1156 1841 6 1301
13 1158 2679 25 23385
14 1174 7332 28 34396
15 1219 4614 82 140998
16 1259 13659 35 223790
17 1627 2691 24 10267
18 1653 2449 23 15816
19 1693 18980 29 292473
20 1921 22635 95 1142585
21 2022 8068 37 133963
22 2025 20295 138 1584782
23 2110 23116 4 60807
24 2232 9846 122 450525
25 2269 6134 30 16855
26 2389 6007 30 25745
27 2391 3851 30 16674
28 2435 14894 45 94104
29 2666 20204 52 627395
30 2699 4472 13 11139
31 2981 4171 47 30017
32 3235 6788 41 37500
33 3268 9153 73 345251
34 3374 17470 123 1299630
35 3383 3722 23 9655
36 3553 4576 23 28425
37 3783 12867 30 174207
38 3971 22021 14 131063
39 4183 9915 67 62089
40 4281 10229 115 288976
41 4288 9521 131 442517
42 4402 6331 5 4493
43 4420 9655 98 416510
44 4502 6194 110 63415
45 4535 23256 69 272218
46 4606 9662 62 216157
47 4623 6655 80 98178
48 4702 7190 30 23829
49 4831 14640 16 64609
50 4990 11548 93 364262
51 5011 14584 5 36353
52 5074 5691 45 11913
53 5108 11749 20 74159
54 5170 13047 7 22101
55 5413 9630 85 52588
56 5414 7083 7 1887
57 5783 12132 100 264776
58 5895 14482 19 102846
59 5898 12761 115 481516
60 5938 9510 139 322117
61 5972 16034 64 180082
62 6074 14099 10 41265
63 6157 7036 16 21802
64 6169 7691 109 69011
65 6302 7383 117 118280
66 6498 12896 41 86271
67 6561 18591 18 81035
68 6568 16880 49 102802
69 6643 16408 6 14647
70 6665 10491 74 78394
71 6811 13462 26 79693
72 6851 15317 8 11507
73 6859 11293 37 105666
74 6866 8121 66 46332
75 6885 30145 81 343944
76 6913 12166 126 87466
77 6919 11738 12 18356
78 6969 7654 27 5573
79 7071 22074 8 50986
80 7099 18467 120 1388280
81 7101 8551 92 123195
82 7107 7732 8 1319
83 7208 8508 45 28132
84 7250 22100 25 229170
85 7303 18938 15 47461
86 7357 13902 8 15102
87 7612 7910 104 17906
88 7625 10851 128 357682
89 7700 17704 30 387480
90 7742 17855 144 657470
91 7895 8127 52 7483
92 7944 12516 19 56159
93 8052 17504 5 4199
94 8094 20799 27 156935
95 8158 15777 76 167441
96 8364 9912 15 21091
97 8412 14123 121 237802
98 8433 9803 34 13479
99 8589 8925 29 4789
100 8734 9126 23 4917
101 8794 10543 9 10361
102 8885 11295 55 103904
103 8911 19656 102 254501
104 9100 26140 12 29979
105 9106 28349 35 261226
106 9141 11392 94 71491
107 9167 30310 71 523410
108 9284 18317 24 279879
109 9321 29859 137 3102952
110 9342 10309 10 5805
111 9363 10127 116 49063
112 9467 15958 29 89239
113 9852 10616 21 3741
114 9854 15805 32 98180
115 9859 28646 29 349695
116 10111 22315 5 31340
117 10242 13966 115 99753
118 10330 21317 64 202844
119 10333 24702 143 734241
120 10528 25097 127 2383163
121 10582 38305 5 38667
122 10593 14282 83 58030
123 10654 20984 26 51890
124 10685 12738 21 21935
125 10840 16922 61 142542
126 10869 12286 25 28028
127 10897 12405 129 75576
128 10911 12840 31 51440
129 10959 25436 126 434632
130 11040 12472 64 32759
131 11055 20903 114 314241
132 11083 13617 72 31021
133 11160 14239 96 206182
134 11196 19979 38 74137
135 11253 15588 69 87661
136 11456 23243 7 15297
137 11518 25677 137 2479027
138 11662 25053 129 2371264
139 11730 35206 42 210513
140 11740 19972 108 616820
141 11781 16628 150 270434
142 11802 28077 137 479120
143 11888 19770 16 35499
144 11959 24413 134 525401
145 12048 20376 25 94886
146 12185 18900 46 164772
147 12242 13503 37 27344
148 12302 46870 132 2384919
149 12326 15612 8 11019
150 12424 19888 83 456575
151 12488 19176 25 53981
152 12550 24024 96 1142312
153 12560 23091 9 28436
154 12606 25126 20 100397
155 12646 21329 135 1539105
156 12691 22793 86 298460
157 12771 16848 10 15488
158 12805 14362 69 107136
159 12823 13521 37 11051
160 12931 12942 29 308
161 12969 19501 4 19499
162 13084 18909 73 258090
163 13399 34010 105 854781
164 13752 18420 20 34136
165 13880 25116 54 179585
166 13901 20542 36 128997
167 13935 40213 43 334836
168 13967 19235 33 141124
169 13990 17597 141 325030
170 14141 51061 58 343013
171 14230 17956 6 11417
172 14384 24048 9 25398
173 14404 19435 140 323280
174 14418 19976 6 18641
175 14443 16652 46 39751
176 14569 15984 22 13402
177 14596 60576 125 1878268
178 14683 17626 100 142267
179 14702 25937 13 128161
180 14736 23665 116 299064
181 14750 17673 54 36649
182 14875 17529 6 7167
183 15040 21023 47 184739
184 15045 23247 13 33699
185 15248 47700 101 942191
186 15313 19436 17 41760
187 15322 15806 120 35887
188 15370 23336 44 256033
189 15441 34535 79 600394
190 15474 27724 99 596639
191 15762 23047 95 363720
192 16141 19009 78 66985
193 16158 31382 32 195392
194 16197 33673 77 1526042
195 16278 20710 89 114279
196 16333 23488 123 637546
197 16345 39879 10 174883
198 16360 16799 9 728
199 16502 18625 118 86641
200 16519 35631 82 942132
201 16665 24357 11 13457
202 16685 33871 100 347001
203 16782 31859 40 178160
204 16834 17911 41 14537
205 16906 20393 54 91387
206 17192 30885 15 86300
207 17310 23569 14 44364
208 17321 25880 113 361749
209 17389 32940 111 644692
210 17484 25991 48 82654
211 17801 22604 9 15581
212 18044 28973 17 57709
213 18221 19681 20 13415
214 18307 21229 128 164042
215 18316 25881 6 14235
216 18380 22561 106 278908
217 18487 28216 42 301989
218 18540 19123 32 5703
219 18791 22198 17 87708
220 18794 25641 143 315873
221 18872 23065 78 254480
222 19087 34724 45 242795
223 19138 24514 10 20375
224 19290 19533 99 50716
225 19382 25063 17 122498
226 19458 49707 17 127481
227 19542 40601 24 110056
228 19714 22838 31 31403
229 19775 35115 45 664299
230 19907 39017 9 42295
231 19973 24654 92 397593
232 20016 35423 53 2001505
233 20026 36220 6 24065
234 20263 26905 91 304423
235 20351 34090 21 61302
236 20417 25639 64 69576
237 20505 22776 10 6405
238 20603 22148 62 47134
239 20808 34655 65 231936
240 20835 37831 114 776227
241 20845 59831 140 1012409
242 20850 22331 14 10646
243 20935 21413 103 14990
244 21191 25079 141 393967
245 21246 30436 128 439130
246 21358 24883 91 71194
247 21451 26628 34 143670
248 21512 24953 51 88330
249 21586 29247 82 443010
250 21774 27019 41 106069
251 21803 23371 22 18126
252 21867 24799 65 132791
253 21886 29145 10 26204
254 22005 33197 6 28866
255 22034 28782 117 322817
256 22136 44545 30 491289
257 22200 22658 4 470
258 22239 25784 62 204360
259 22470 27972 93 312988
260 22508 27608 111 197241
261 22517 28983 21 46435
262 22732 34294 88 542347
263 22891 31052 48 88615
264 23136 27140 110 223974
265 23244 27064 29 159353
266 23318 33470 15 175096
267 23382 25685 102 63023
268 23384 35581 85 1030175
269 23400 42592 34 227204
270 23458 24868 43 23289
271 23499 30736 81 320396
272 23576 32876 8 30917
273 23589 27005 8 19697
274 23708 26110 97 48414
275 23804 45861 59 385825
276 23885 30192 7 16151
277 23999 25651 85 252103
278 24026 25599 25 20831
279 24097 36887 143 314882
280 24173 29363 35 52588
281 24691 33660 98 385538
282 24740 49637 21 332767
283 24792 34504 13 23253
284 24807 36711 119 916359
285 24841 45712 27 198060
286 24860 46372 19 75702
287 24875 29252 71 337250
288 24907 27193 7 11271
289 25178 31393 37 106510
290 25229 40446 22 179860
291 25318 35334 54 225251
292 25366 26411 32 5336
293 25475 29293 28 18179
294 25512 52633 69 443375
295 25645 27831 103 69497
296 25658 30128 50 71817
297 25710 29004 19 31410
298 25737 41380 6 12475
299 25772 34159 106 512171
300 25774 29480 70 55033
301 25785 28863 10 21009
302 25793 28213 55 42234
303 26260 51655 33 144007
304 26291 35293 87 271055
305 26306 32688 27 107855
306 26361 34343 105 324596
307 26408 29860 87 53759
308 26443 50101 122 282394
309 26526 39008 61 254237
310 26612 38001 64 214489
311 26664 33624 94 335515
312 26725 28028 82 26684
313 26823 28870 50 26813
314 26835 31855 6 14214
315 26900 48905 56 1417737
316 26986 35647 20 81332
317 27055 36915 146 839608
318 27160 35905 21 72432
319 27206 30519 90 48255
320 27239 33228 61 56162
321 27588 50871 33 358308
322 27662 49243 37 177740
323 27763 49441 63 648984
324 27979 29632 15 9838
325 28158 38403 79 82101
326 28198 38887 51 403702
327 28548 59023 59 519219
328 28615 31956 123 122115
329 28625 31901 70 57150
330 28627 43766 11 74792
331 28712 36653 6 19829
332 28813 48410 70 511679
333 28957 39818 145 740515
334 29091 36398 125 254042
335 29358 35524 6 22995
336 29447 43456 121 2019767
337 29478 30676 48 22643
338 29484 34156 115 150729
339 29501 47098 53 192245
340 29618 59366 9 175671
341 29745 31877 34 30383
342 29844 40719 101 287914
343 29911 35584 52 111925
344 29915 45741 4 68917
345 30020 38636 135 1257655
346 30039 36725 26 116188
347 30071 33020 40 44229
348 30086 31335 9 8715
349 30126 45692 53 188652
350 30255 61258 102 684993
351 30295 38631 12 47043
352 30438 39665 35 117449
353 30442 34527 64 80870
354 30643 31058 9 2946
355 30948 41155 36 100875
356 30979 34667 75 203796
357 30997 43656 69 505588
358 31242 46700 35 207489
359 31267 38069 14 38768
360 31286 41977 5 19582
361 31384 43969 97 1658897
362 31411 43140 107 607455
363 31677 43737 106 200059
364 31757 51435 124 261847
365 31860 42255 104 777926
366 31908 32853 11 3130
367 31975 40093 50 178493
368 31984 36412 61 59014
369 32027 34305 140 227553
370 32120 32137 37 328
371 32281 41742 38 174375
372 32285 34914 61 44618
373 32450 45039 68 186815
374 32553 45852 127 1488424
375 32567 32699 11 839
376 32599 34673 102 37015
377 32606 41843 5 22589
378 32826 57814 148 459322
379 32995 44127 45 106500
380 33017 41053 63 200190
381 33051 34893 26 7689
382 33191 44210 17 54189
383 33235 34871 110 61402
384 33314 48396 113 1486320
385 33324 78566 19 257857
386 33513 43763 10 88131
387 33535 36535 24 28297
388 33564 48451 113 494789
389 33608 34170 127 30907
390 33669 39285 18 61387
391 33865 43596 45 149598
392 33891 35116 27 7280
393 33919 41782 88 507576
394 34022 35947 37 30014
395 34061 35616 129 70035
396 34259 49386 30 411805
397 34263 42757 115 547645
398 34299 37249 108 167002
399 34315 35842 123 140528
400 34506 34886 135 22015
401 34680 35698 84 25067
402 34799 35398 5 2475
403 34834 36901 26 13151
404 34940 44996 55 297046
405 34962 36363 57 49386
406 35260 37102 141 100881
407 35262 49417 40 392113
408 35363 41123 35 107301
409 35365 39635 62 60549
410 35439 48179 18 58689
411 35510 41652 127 290662
412 35636 37172 30 10703
413 35710 39408 53 74140
414 35744 55956 62 545344
415 36068 53058 22 129362
416 36162 46543 26 330011
417 36361 40526 100 187286
418 36495 40067 10 25097
419 36622 53459 7 47121
420 36819 43061 23 13907
421 36883 44058 129 191831
422 36912 49086 11 34579
423 36996 42312 7 21015
424 37087 46459 18 132253
425 37118 50374 10 78437
426 37208 72236 71 658999
427 37234 50840 144 561753
428 37386 39998 101 70275
429 37647 39572 64 50643
430 37929 41598 69 208694
431 37939 56046 11 85362
432 38170 40432 15 7429
433 38206 60670 15 122032
434 38389 49145 121 985539
435 38422 56245 5 39793
436 38431 43440 27 47477
437 38578 66031 24 245021
438 38591 43045 66 86658
439 38743 62028 118 1216357
440 38800 52727 9 21262
441 38896 74615 17 395779
442 38953 41124 128 388487
443 38973 42699 113 153216
444 39024 67568 19 294834
445 39037 48089 51 107714
446 39054 41283 107 164218
447 39128 42920 11 38666
448 39155 62252 144 1311724
449 39379 50105 90 518926
450 39616 41519 12 11424
451 39625 40293 146 89848
452 39641 42919 4 5098
453 39701 45560 85 128283
454 39893 49445 136 677308
455 39986 40659 4 2872
456 40167 52055 34 139943
457 40348 57648 135 596008
458 40354 54186 120 328495
459 40392 40812 121 17603
460 40486 41029 78 8200
461 40548 70428 82 225864
462 40966 46963 130 139031
463 40980 44660 29 15567
464 41118 43840 45 37551
465 41313 45372 6 20205
466 41421 42973 68 19564
467 41506 48326 14 14315
468 41538 45818 88 298777
469 41566 48311 7 13746
470 41675 44401 18 13957
471 41793 46799 76 206076
472 41842 42291 124 26305
473 41964 76141 63 824376
474 42153 45183 31 31116
475 42193 53372 41 178472
476 42208 67672 84 2520395
477 42347 43975 48 25716
478 42397 46109 80 131383
479 42669 52635 60 423071
480 42729 55789 79 459528
481 42730 52439 125 373423
482 42833 46925 110 258265
483 42885 48626 6 12359
484 42941 43010 77 2889
485 42944 47625 8 11961
486 42950 52454 39 251724
487 43015 71616 7 69358
488 43137 44782 95 45449
489 43249 83602 110 1786866
490 43258 44772 26 9999
491 43333 52417 15 56658
492 43532 54804 117 659950
493 43592 49070 54 269962
494 43897 45863 17 35670
495 43945 45899 109 111747
496 44153 48012 60 331219
497 44296 47362 25 54310
498 44477 45281 84 58846
499 44557 65681 57 222450
500 44593 48468 13 14750
501 44709 50432 29 68750
502 44794 50414 42 237937
503 44865 52269 127 804483
504 44868 49434 74 141123
505 44966 53492 15 22385
506 45052 48647 28 57586
507 45083 56376 36 151452
508 45110 49219 4 8656
509 45259 56640 4 8368
510 45376 47761 103 104815
511 45481 52011 97 337060
512 45594 53804 35 203529
513 45719 46237 5 1885
514 45767 53000 11 25748
515 45796 51405 60 96260
516 45835 52222 11 83196
517 46084 47414 55 28521
518 46117 65340 92 354130
519 46288 50591 139 230609
520 46314 58977 49 264811
521 46344 49831 140 125931
522 46353 61137 56 256365
523 46354 51984 4 10038
524 46464 46876 63 12745
525 46558 51349 11 34062
526 46595 68819 149 2808424
527 46660 48406 142 183547
528 46712 50669 139 289071
529 46762 47899 35 19928
530 46817 52399 15 45374
531 46923 57926 12 33084
532 47030 53979 135 189266
533 47152 52446 133 232599
534 47157 52475 110 282471
535 47161 49155 16 16267
536 47254 53667 5 7373
537 47275 50770 74 64761
538 47347 53338 23 64365
539 47442 53840 7 14794
540 47573 58018 78 306222
541 47615 64709 28 104957
542 47681 49764 15 7073
543 47815 55606 5 16645
544 47946 49961 69 130271
545 48034 52622 18 23323
546 48618 61145 28 112181
547 48688 60362 132 391089
548 48751 50749 30 43488
549 48752 53347 8 8795
550 48960 59851 16 72615
551 49377 53664 4 4792
552 49587 50477 21 12531
553 49610 52571 61 99346
554 49617 69314 6 35268
555 49757 55904 68 223875
556 49784 56212 132 231819
557 49864 53305 120 550778
558 49875 53971 39 94578
559 49896 50380 85 8501
560 49937 57279 80 298691
561 50024 60198 82 294200
562 50082 52939 12 13049
563 50100 52053 76 117358
564 50207 70795 11 55791
565 50251 56217 97 135944
566 50426 55730 133 94556
567 50436 62098 8 35012
568 50496 55304 22 32674
569 50651 74580 41 316695
570 50714 61606 76 155275
571 50810 55525 25 228454
572 50896 65050 41 131277
573 50994 60770 30 120635
574 51090 51503 128 42666
575 51137 72756 6 38593
576 51159 57453 13 46922
577 51295 51510 19 899
578 51872 68075 83 427566
579 51956 59590 35 65301
580 51982 58520 14 122858
581 52003 52054 62 884
582 52108 58879 96 412717
583 52159 56661 104 274657
584 52563 59686 92 402134
585 52584 72168 78 156488
586 52613 57010 36 54411
587 52819 56047 77 84653
588 52893 71606 6 31822
589 52980 85808 116 3491559
590 53004 61532 31 78014
591 53029 63245 43 194399
592 53166 56429 41 174777
593 53191 68860 20 92094
594 53294 62692 39 112697
595 53311 53800 19 6633
596 53370 58513 61 322209
597 53409 63699 8 36764
598 53418 56562 13 12813
599 53451 58721 38 51170
600 53520 54046 107 62100
601 53627 59044 6 12401
602 53676 59389 23 167347
603 53709 53853 26 2332
604 53756 60885 45 145856
605 53763 57465 12 5528
606 53912 55882 25 16806
607 53914 66609 144 937189
608 53935 66236 56 143382
609 54281 58230 135 215204
610 54542 55486 97 58415
611 54563 82201 10 183892
612 54565 57582 9 10489
613 54750 73819 24 117103
614 54879 73415 21 81160
615 55146 56882 100 105904
616 55186 64703 16 29979
617 55274 73951 97 515285
618 55410 66069 9 35856
619 55455 56201 60 39497
620 55841 60949 55 70890
621 55855 57144 41 40154
622 55906 58507 60 68399
623 55983 64579 15 122609
624 56119 66021 8 41604
625 56141 61887 102 300172
626 56219 56246 78 631
627 56220 62007 29 94836
628 56223 57549 24 22557
629 56236 61148 29 65686
630 56263 71570 131 824939
631 56504 61365 80 941884
632 56532 64210 89 548485
633 56537 93828 45 380454
634 56700 64532 62 307197
635 56859 60232 115 190138
636 56864 61011 6 8150
637 56929 69966 21 46596
638 56931 71037 9 59916
639 57014 72165 74 512379
640 57100 61339 30 33707
641 57146 69244 66 577923
642 57273 58809 6 6008
643 57551 59030 30 35531
644 57719 63011 89 302383
645 57842 69462 64 315438
646 57918 58072 68 46496
647 58222 61024 18 42721
648 58266 81642 21 212999
649 58315 73040 30 178951
650 58349 81765 114 1175929
651 58452 65003 99 241263
652 58509 58885 21 3270
653 58585 71686 136 1196509
654 58600 59886 27 36089
655 58974 60499 134 182550
656 59194 64132 58 90483
657 59255 66301 46 271952
658 59436 60535 25 11197
659 59440 72105 149 1485143
660 59547 62290 111 132133
661 59611 71529 48 372727
662 59778 61382 49 101734
663 59996 84147 73 1726752
664 60134 68795 23 72373
665 60185 68414 43 113269
666 60205 64170 85 162886
667 60207 68295 103 219157
668 60297 61831 61 41128
669 60419 67933 97 377616
670 60572 72455 117 442418
671 60666 61798 17 10454
672 60716 70070 34 128649
673 60741 67504 97 376895
674 61281 74877 80 273177
675 61366 83202 93 1321134
676 61388 62776 6 2045
677 61564 64830 33 62176
678 61723 67489 41 314473
679 61760 74141 116 1530528
680 61827 89284 11 81074
681 61926 71652 5 9238
682 62000 66311 121 184809
683 62002 65312 89 182730
684 62085 72826 78 205642
685 62149 74785 29 159963
686 62177 62457 13 2751
687 62204 67757 13 15386
688 62266 67684 124 250399
689 62393 69962 46 78724
690 62401 69578 39 64693
691 62425 69977 123 209578
692 62592 73475 65 291561
693 62625 66527 42 33560
694 62653 64103 119 107788
695 62728 67472 131 658509
696 62874 77496 60 224573
697 62922 71123 70 108052
698 63021 64198 76 47626
699 63128 64422 65 49545
700 63163 70386 106 1374905
701 63281 79593 8 25925
702 63340 66626 12 19741
703 63453 67787 126 186246
704 63710 74601 141 306552
705 63776 73761 117 266472
706 63794 80599 23 118984
707 63806 81786 126 873707
708 63915 64991 40 18883
709 64243 81110 49 455420
710 64297 73640 107 426896
711 64393 69181 126 252442
712 64414 82954 5 44150
713 64456 65413 31 9760
714 64644 64700 62 1894
715 64698 74534 41 103799
716 64705 71204 36 79863
717 64753 65465 114 39737
718 64757 66302 86 78660
719 64777 81685 74 486733
720 64781 68936 109 349059
721 64786 73679 106 468602
722 64819 67338 126 98098
723 64971 75993 36 335827
724 65044 69564 31 51908
725 65047 67430 66 44265
726 65065 79624 34 186947
727 65181 80039 12 64815
728 65182 66654 149 159095
729 65212 76948 121 582274
730 65333 67247 62 29113
731 65660 82186 64 784419
732 65671 73342 4 25013
733 65704 81403 82 887496
734 65736 72875 76 347111
735 65838 71676 73 448767
736 65851 95075 50 332673
737 65928 66981 68 36897
738 65975 67413 111 97007
739 66174 73070 127 628125
740 66485 68365 57 84596
741 66895 75106 60 161406
742 66979 68812 124 70356
743 67214 70511 74 46876
744 67229 67491 5 327
745 67238 67397 50 11102
746 67671 83422 32 130332
747 67767 69499 69 151939
748 67785 91233 120 1054218
749 67938 68828 20 14885
750 68008 71317 71 49654
751 68081 81733 50 85253
752 68149 68287 12 1382
753 68274 71140 8 9687
754 68330 73397 148 406314
755 68419 73476 24 42054
756 68502 69654 42 23133
757 68652 80297 132 386633
758 68706 73872 38 34628
759 68872 85607 38 121884
760 68976 73312 57 85584
761 68998 75940 129 1101602
762 69128 78053 88 513580
763 69148 84925 76 216501
764 69230 73314 50 54416
765 69573 73691 143 225575
766 69855 74215 10 30537
767 70050 76765 78 75190
768 70163 72108 62 18245
769 70194 70383 120 37390
770 70257 77700 148 254016
771 70350 81974 50 694033
772 70548 81413 22 65418
773 70580 74110 13 8429
774 70734 90488 70 1488331
775 70756 74269 144 264683
776 70852 72720 7 8946
777 70996 89745 67 1128848
778 71047 73532 127 158624
779 71063 74771 50 127941
780 71087 74523 93 149866
781 71103 73530 26 68695
782 71386 80547 89 197832
783 71418 89359 6 42577
784 71601 81398 37 150024
785 71806 88616 52 593369
786 71809 73501 76 67481
787 71855 88460 14 67542
788 72000 78710 7 40123
789 72035 75435 145 124957
790 72127 86005 50 283412
791 72262 72368 8 629
792 72299 72947 127 37870
793 72340 81819 34 274940
794 72623 74268 35 15308
795 72696 73306 46 20212
796 72734 89120 127 2919462
797 72795 78718 12 34373
798 72813 73401 23 6093
799 73034 74713 58 35863
800 73129 79866 6 11268
801 73193 76950 6 5857
802 73334 80931 28 73168
803 73504 73642 31 5218
804 73632 96371 76 649114
805 73787 83389 82 532670
806 73826 74972 62 40283
807 73899 78315 90 162486
808 74109 77441 106 347371
809 74267 80998 4 23899
810 74420 83037 67 358768
811 74471 76440 73 46728
812 74686 82727 23 19629
813 74759 81512 132 324081
814 74804 95286 51 442186
815 75191 90692 34 151661
816 75353 83055 87 467156
817 75488 75715 88 9846
818 75587 88953 122 927669
819 75639 93602 11 23909
820 76080 81301 142 533737
821 76118 90073 9 37579
822 76145 78289 127 71198
823 76194 81038 52 256582
824 76234 77111 56 17139
825 76308 79025 8 7082
826 76461 78154 82 56420
827 76466 79964 149 97595
828 76487 82438 4 11343
829 76581 83329 93 225192
830 76588 79855 77 134108
831 77097 80325 31 66497
832 77132 84604 138 627000
833 77137 90418 14 71483
834 77281 86836 92 302970
835 77459 81555 130 142130
836 77476 82506 15 18600
837 77688 81490 140 228131
838 77824 84779 94 97664
839 77969 98538 138 782784
840 77971 78033 13 904
841 78044 82600 11 21029
842 78108 83380 18 126689
843 78112 80041 40 72201
844 78134 99270 58 640596
845 78145 79033 17 8408
846 78381 93077 51 182294
847 78388 79894 39 20129
848 78406 80636 61 35492
849 78738 79039 117 18211
850 78860 89981 27 64610
851 78888 95414 29 146670
852 78945 86145 84 132562
853 79177 88443 110 2161774
854 79278 87013 92 243214
855 79340 84702 22 106276
856 79626 81736 12 22059
857 79649 85644 6 8622
858 79732 81316 67 35749
859 79756 82218 102 61584
860 79757 84544 126 228690
861 79802 87669 48 97974
862 80065 93608 71 218897
863 80097 86594 32 60922
864 80182 81392 19 4411
865 80210 89090 126 909030
866 80277 88531 115 277228
867 80289 86051 6 5397
868 80546 83290 93 83646
869 80590 86358 16 30992
870 80615 90768 81 424799
871 80681 85647 6 9414
872 80747 81682 26 7635
873 80772 86323 150 362460
874 80776 80855 64 3651
875 80924 99200 81 189548
876 81054 88816 24 52103
877 81058 99240 140 1411337
878 81068 84202 62 83077
879 81132 82346 55 45756
880 81164 92951 136 540722
881 81240 81720 63 21490
882 81353 82530 35 16469
883 81586 98063 19 204889
884 81606 84413 65 80981
885 81608 97578 109 1175728
886 81867 88509 84 233260
887 82082 83103 30 6027
888 82203 84880 76 35565
889 82274 94578 37 165237
890 82296 84213 81 29518
891 82399 92670 138 880339
892 82478 85306 117 87266
893 82598 83233 9 2594
894 82845 85066 13 11258
895 83181 85882 93 137010
896 83299 89851 27 63451
897 83307 87790 141 279269
898 83462 92764 25 93547
899 83534 91593 48 320247
900 83620 84201 86 36270
901 83753 85785 18 24705
902 83965 96772 25 169553
903 83993 92588 6 9456
904 84043 84477 68 12724
905 84105 85225 92 76177
906 84214 84763 12 3753
907 84238 85425 58 27462
908 84268 88329 14 56535
909 84331 95020 21 55855
910 84446 85548 132 63366
911 84745 85155 33 6896
912 84756 95376 121 530000
913 84762 87357 135 208205
914 85027 90177 77 154619
915 85031 97378 5 21382
916 85039 90492 20 69101
917 85122 85383 6 530
918 85266 99426 77 183507
919 85510 92037 123 163445
920 85599 86695 136 100530
921 85691 89483 5 5522
922 86009 87071 144 90024
923 86035 88299 79 249466
924 86108 89441 85 100799
925 86155 90003 25 35122
926 86231 90840 24 111902
927 86786 87267 21 3670
928 86843 89182 72 100180
929 87030 93597 36 80111
930 87241 94394 101 135643
931 87588 94305 126 356439
932 87723 94591 24 31531
933 87786 94333 40 38536
934 87885 93865 63 137189
935 87892 93022 148 454488
936 87935 93061 82 310629
937 88037 94566 6 17144
938 88102 95564 47 153134
939 88240 91416 9 8171
940 88584 91878 134 234836
941 88865 96646 20 46665
942 89180 89869 97 39618
943 89286 89830 97 56100
944 89338 91305 7 6948
945 89348 92490 44 62918
946 89387 94318 47 107883
947 89401 93897 102 145422
948 89487 97194 105 865529
949 89506 93348 5 8991
950 89677 89811 144 20405
951 89772 94944 18 30773
952 89883 92333 148 113507
953 89893 93803 38 25191
954 89899 94127 56 112415
955 90070 95582 62 139696
956 90089 95967 83 132827
957 90114 98208 5 22681
958 90199 93199 30 26353
959 90392 91547 37 15956
960 90417 93203 17 26245
961 90425 98836 129 367109
962 90636 92896 123 283813
963 90900 92599 70 33124
964 91103 94030 103 169202
965 91152 93390 21 41368
966 91649 92317 93 15418
967 91896 95204 36 37011
968 91897 95774 68 96403
969 91942 96935 64 194253
970 92062 93679 31 54985
971 92067 95049 77 121561
972 92143 95229 9 14293
973 92250 92805 57 8570
974 92581 94864 35 74421
975 92608 98653 58 332951
976 92876 99594 123 513561
977 93024 97674 4 17896
978 93396 93624 110 34355
979 93595 93811 46 5805
980 93689 96420 7 11691
981 93832 97937 9 14356
982 93852 98131 18 66076
983 93873 94187 9 1225
984 93881 96070 41 34508
985 94319 95143 18 9494
986 94466 98316 120 95763
987 94951 97484 10 6273
988 95083 96795 108 167371
989 95298 96879 91 61186
990 95881 95919 116 5211
991 95923 98213 34 47783
992 96020 99900 10 26120
993 96126 99909 129 246834
994 96238 96433 80 5208
995 96630 99309 60 76179
996 97417 99556 5 10628
997 97537 98929 43 33672
998 97696 99069 47 8669
999 98194 98308 16 645
