50 1000 0.082
....##...#.##.....................#.#####....##...
#...#....###...............###....#.##............
##..#.....###.....##..#.....#......####.##....#...
...........#.........##..##.#.......#....#....#...
#..#.#..........##...#............................
#.####.........#.#.#.........................#....
#.#...##......##...#.###.#...................#....
#.#...#..................##.###.......###.........
..........##..###....##...##...........#..#.#.....
......#....#...#......#...#.####.#.#...#.#####....
.....##...#....#.....#...##........####.#.........
.##..#.#.###..#.#.###.....#..##......#..#..##.....
..#...####...####..###.....................##...#.
......#.###....#....##...........##...#....#...###
.....####..........#..##..##.....#....##.#.##...#.
......#.#..........###................#..#........
.#......#.....##.###.####.##.#...#............###.
##.....####.....##...##......##..#...##.##......##
.....##.........#...#......#.....##...####.....###
....###.............##........##...#..#..#......#.
##..##...............#....###.#..###....###...##..
.....#......................#.####......#....##...
.#...........##....##.......#..##....#............
##...............##............##...####..........
###....#.........#.....##.....##...#...........#.#
#.#.###................##..........#..##.......###
...###...#..###......####........###....##.....##.
.....#.###...##....................##....#..##....
........#...........................##....#.####..
.............###........###.#....##....##.#.###...
##.####...#...##..#.......#.#.......#..#..##......
##....#..##....#..#....#..#.##.....####...##......
#.....#...#......##...##..............#...........
......#..............#.#....##.##...#.#.......#...
.....###....................#..##...#....##.......
#...#....................##....#....#.............
...#...#.##....#.......#.................#........
.....#....##..........####.#####.....##..###......
....##................##..###.........###.#..#....
......#..#####...........##...........#.#.#.####..
......#...###..........##.#...........#...........
......##...###........#####..........#...#........
..##..#......#.##...#.#.#..##......#.#......#.....
..#........#..####...##.....#...#..##.##.##..#....
.#........##.###.#....#.#......###.########..#....
##.......#....##..............##....##...###.#....
....#..###...##......................###..###.....
....###..#..............#.........##......#####.##
....####......#..###....#..........##.###.##......
.###.##.......#..###...##..........##.##..........
0 40 13394 126 587942
1 142 1856 47 31186
2 185 1855 110 31725
3 301 2568 61 42187
4 438 723 106 17329
5 513 4987 70 174513
6 560 3673 74 140587
7 572 4417 93 99058
8 584 1672 148 61866
9 609 18788 25 238750
10 612 4454 21 19188
11 732 27562 21 345761
12 757 21122 86 458233
13 776 4369 126 192212
14 828 3070 140 147561
15 888 6607 48 73339
16 924 10395 111 651711
17 983 2949 15 28422
18 1075 6838 36 88017
19 1079 3623 16 8571
20 1125 28873 22 360350
21 1195 5837 31 38454
22 1350 12793 31 96574
23 1524 9735 92 284013
24 1570 18742 62 553398
25 1605 2354 17 5505
26 1753 5365 17 41863
27 1912 2660 36 10737
28 2131 12663 148 604566
29 2355 9842 65 44222
30 2368 15023 8 49962
31 2416 7003 50 233347
32 2431 26743 109 639855
33 2513 14391 85 184080
34 2739 3000 57 15751
35 2760 3988 108 53532
36 2783 33647 37 641991
37 2825 3814 63 31595
38 3041 23348 67 682128
39 3068 4060 19 12909
40 3119 6601 84 100146
41 3178 8014 35 148883
42 3212 16087 6 37518
43 3456 6783 63 65158
44 3526 16060 68 83210
45 3574 23563 56 969861
46 3581 13713 143 488630
47 3713 18572 63 386071
48 3884 13074 33 331109
49 4122 9179 52 46199
50 4164 14125 143 372881
51 4182 9023 139 196585
52 4213 13140 7 17693
53 4328 13746 138 970634
54 4357 7041 48 122201
55 4419 7910 104 66945
56 4440 18542 37 819337
57 4542 8477 47 43697
58 4562 6392 149 122341
59 4696 5862 56 78216
60 4767 8304 108 178986
61 4854 27333 136 1591556
62 5040 14227 24 56384
63 5064 5674 8 2737
64 5093 11720 148 469528
65 5098 12401 70 187387
66 5121 5369 17 1066
67 5174 14181 4 11540
68 5191 7638 8 9547
69 5578 7438 141 380956
70 5726 39911 30 289574
71 5736 6795 78 61142
72 5891 36723 55 640071
73 5918 11784 9 15772
74 5974 8714 8 2775
75 6044 12690 43 171402
76 6057 12861 16 104067
77 6089 34225 14 196733
78 6143 6881 123 49774
79 6218 12417 5 12082
80 6265 8319 19 26600
81 6278 12480 117 193053
82 6283 7174 112 123368
83 6340 36038 22 222210
84 6394 10298 34 42796
85 6503 22302 145 1497876
86 6508 23094 22 132531
87 6619 6909 23 5389
88 6630 9115 6 5379
89 6700 14290 89 351585
90 6716 7615 15 6136
91 6797 34941 24 672587
92 6821 14583 135 290072
93 6991 17289 115 352114
94 7018 7515 16 5239
95 7038 17450 132 552872
96 7138 10922 114 248563
97 7855 9380 76 25730
98 7858 22041 9 55920
99 8066 20457 97 480036
100 8225 10720 136 212758
101 8367 16248 38 130041
102 8445 14743 131 359083
103 8472 11333 47 78012
104 8537 14918 127 296821
105 8703 38407 95 1171628
106 8739 11241 37 23628
107 9164 14025 71 228056
108 9169 11417 83 150890
109 9270 25877 6 26942
110 9322 9554 92 23514
111 9423 17153 63 120255
112 9431 17273 107 472818
113 9497 26497 32 267166
114 9562 23572 110 666537
115 9961 10686 49 7353
116 9991 13968 138 316905
117 9995 24661 70 278482
118 10164 13015 67 81155
119 10297 14059 112 176547
120 10361 20937 11 61045
121 10459 11117 77 23996
122 10655 17033 9 39058
123 10682 30184 15 49040
124 10729 10821 22 843
125 10743 22861 7 90496
126 10758 14081 5 7626
127 10903 31804 50 383803
128 10905 29203 102 1512146
129 10976 22081 40 164080
130 11042 27287 88 559265
131 11097 22604 82 443983
132 11206 24991 68 645694
133 11295 12982 53 22818
134 11436 14591 10 37495
135 11480 36660 13 34002
136 11543 23985 20 83801
137 11547 16409 41 57187
138 11609 19237 15 21754
139 11620 14999 93 60064
140 11660 11679 64 917
141 11778 20319 13 63839
142 11986 31422 56 516006
143 12118 18569 18 33499
144 12214 19103 106 503457
145 12345 14338 142 140411
146 12365 12558 13 351
147 12467 17184 107 195819
148 12553 14883 21 30705
149 12641 14615 18 44936
150 12787 20784 9 13496
151 12822 15099 82 177967
152 12855 20479 5 7234
153 12970 12998 70 1273
154 13003 30987 44 66334
155 13011 13110 65 5179
156 13092 22890 7 34137
157 13121 13212 56 2173
158 13464 26637 21 86925
159 13694 13703 40 216
160 13742 33199 25 265681
161 13982 33769 72 685271
162 14013 29035 20 75225
163 14086 36103 47 207136
164 14145 18008 7 7256
165 14153 14652 15 3168
166 14316 22074 53 60772
167 14335 18019 30 32393
168 14517 19086 22 38656
169 14547 23600 10 29517
170 14701 17656 94 186947
171 14780 31025 49 92040
172 15066 63101 118 1315310
173 15216 43436 33 815409
174 15317 23151 20 90145
175 15580 22698 131 315315
176 15581 16081 38 10531
177 15989 27322 11 25780
178 16094 20721 107 339993
179 16346 16522 93 5140
180 16354 26139 104 305951
181 16498 18888 61 99378
182 16665 37172 97 2296087
183 16754 30200 149 2023636
184 16899 17062 135 4842
185 17340 21432 72 86102
186 17413 20246 41 72791
187 17427 18490 101 192144
188 17497 19986 33 32960
189 17589 29993 12 84391
190 17858 39742 17 144438
191 17953 19275 6 3108
192 18002 20982 110 70289
193 18067 23018 6 14306
194 18306 19479 33 20205
195 18307 19934 11 12441
196 18361 86061 67 1498622
197 18454 46604 112 846458
198 18455 25066 111 119858
199 18613 20048 81 78764
200 18794 22781 114 315739
201 18821 18904 44 1813
202 18838 23925 18 26059
203 18866 20380 19 8337
204 18920 31475 4 28654
205 18971 32633 103 537839
206 19180 20044 108 24210
207 19391 41269 36 231378
208 19393 31661 141 834728
209 19400 30540 68 180765
210 19782 19925 6 709
211 19911 30945 88 262310
212 19957 20221 43 5438
213 19998 33481 66 220917
214 20008 21297 105 53668
215 20220 20760 99 19393
216 20294 27759 118 167335
217 20351 36326 99 1698884
218 20466 34326 20 89675
219 20500 21128 81 18735
220 20731 24414 102 192194
221 21017 21489 24 2288
222 21252 25747 99 467449
223 21608 59929 18 218737
224 21691 32823 6 19311
225 21873 26508 17 73997
226 22029 30281 29 189347
227 22373 27522 37 49965
228 22453 40139 14 119774
229 22533 25935 16 15989
230 22619 26001 17 43940
231 22740 25363 58 49016
232 22866 24744 72 75303
233 23014 36861 102 1044803
234 23067 31162 98 189608
235 23133 28121 117 327815
236 23245 24807 142 173246
237 23246 29540 44 117381
238 23247 26456 34 75759
239 23303 36207 69 384371
240 23350 54557 116 806347
241 23366 25495 12 16999
242 23417 24582 82 57107
243 23528 36498 74 1294780
244 23566 31228 13 48495
245 23595 29905 33 178390
246 23616 24549 66 20859
247 23906 30383 13 13537
248 23956 30707 29 88584
249 24010 33493 4 15426
250 24065 28221 45 148864
251 24098 58162 31 290786
252 24183 33313 13 49809
253 24332 30183 15 98262
254 24373 27177 95 97330
255 24435 29985 26 111508
256 24536 30456 17 74116
257 24632 51616 108 997336
258 24704 26551 14 8969
259 24708 49263 13 130797
260 24809 40962 40 333356
261 24816 27308 89 130431
262 24881 29688 125 404844
263 24992 58317 10 163236
264 25175 30745 34 77566
265 25726 32086 92 496479
266 25767 30899 74 186174
267 25802 25806 103 269
268 25994 36549 67 307393
269 25999 36255 5 15550
270 26321 47536 61 148437
271 26374 30682 12 19547
272 26663 29665 8 11235
273 26737 41051 83 542814
274 26854 32451 86 306913
275 26912 28510 25 15545
276 26964 33990 90 215106
277 27128 45554 24 186910
278 27267 30624 128 179087
279 27302 33703 93 159065
280 27321 37929 90 150009
281 27548 27933 54 4906
282 27595 28620 10 7728
283 27670 40588 143 538242
284 27802 34827 5 26422
285 27832 36751 51 237275
286 27992 29561 107 97262
287 28020 30865 34 91408
288 28065 34700 23 107484
289 28080 37362 33 226392
290 28205 31592 52 31557
291 28241 46778 75 418203
292 28277 36054 18 75041
293 28398 55279 100 688633
294 28411 36089 83 221746
295 28460 40394 36 73618
296 28480 28691 9 1118
297 28596 33917 5 14570
298 28602 35387 32 213814
299 28770 35445 22 94990
300 29097 37567 110 776510
301 29130 32233 19 19096
302 29153 31541 15 20449
303 29162 48019 58 917734
304 29171 29402 72 3342
305 29183 31197 14 21213
306 29387 41989 16 42760
307 29513 84924 64 1184655
308 29578 43450 5 17277
309 29785 36664 99 496137
310 29908 33023 13 31269
311 29987 30361 7 1005
312 30081 34578 96 173600
313 30386 42422 19 126294
314 30408 46809 86 733249
315 30835 31872 47 21998
316 30900 31891 44 42040
317 31005 32481 22 6264
318 31140 31582 113 19626
319 31142 40426 70 74834
320 31150 35715 6 14380
321 31257 35077 81 100844
322 31385 34950 53 29825
323 31410 32380 149 122706
324 31668 39303 120 464513
325 31828 33471 107 54614
326 31887 65148 27 1123604
327 31963 52111 99 1319987
328 32012 34991 84 33634
329 32026 42061 75 235674
330 32180 43203 113 895703
331 32302 45886 92 239648
332 32311 58588 36 388665
333 32365 44693 7 29130
334 32558 32917 52 7919
335 32573 41857 41 96580
336 32591 35397 96 203136
337 32592 42302 62 264177
338 32601 35171 81 69657
339 32975 45487 79 745557
340 32986 46365 109 618207
341 33022 49534 34 227190
342 33151 40840 138 840585
343 33178 39574 93 273513
344 33488 34142 142 32717
345 33497 39564 42 64079
346 33815 34017 17 1327
347 33828 40998 147 420423
348 33861 37051 44 113057
349 33900 34913 39 10270
350 34101 35249 29 14106
351 34126 39427 101 203633
352 34194 35594 7 4045
353 34333 37751 83 36093
354 34340 44308 69 227205
355 34375 37002 149 133917
356 34430 36625 63 73373
357 34552 35526 92 30365
358 34709 36851 78 58078
359 34822 36708 50 47172
360 34840 59863 82 816341
361 34850 38838 30 115466
362 34860 36947 10 12797
363 34914 43701 41 347847
364 35141 49732 126 520528
365 35159 41468 7 14398
366 35198 37702 34 34037
367 35209 38684 119 403045
368 35262 83864 28 213365
369 35308 50070 31 182816
370 35354 39144 123 214365
371 35399 38908 37 44960
372 35510 36866 5 2847
373 35551 43607 73 418630
374 35749 39403 35 95851
375 35765 37054 120 50370
376 35963 36117 32 2847
377 35985 41006 34 65166
378 36167 39667 83 80078
379 36170 47573 28 125884
380 36369 42406 18 25040
381 36540 44305 115 469114
382 36628 62724 73 152436
383 36694 41668 93 291592
384 36712 38045 88 86879
385 36741 46754 98 262004
386 36913 41248 51 57595
387 37121 37765 48 31271
388 37137 46775 28 274878
389 37190 37496 83 19546
390 37210 44587 103 378700
391 37219 38677 28 28646
392 37280 41038 20 47617
393 37340 38466 4 4580
394 37413 43810 9 21436
395 37642 37821 6 1537
396 37667 59025 46 303676
397 37745 45486 148 508718
398 37801 46476 33 89913
399 37810 80450 6 92067
400 38011 57139 27 284928
401 38096 51008 22 158681
402 38182 51305 139 1791688
403 38245 43937 47 23560
404 38347 43666 88 176553
405 38360 42826 15 25289
406 38482 51144 74 487100
407 38553 54228 50 409263
408 38582 41095 9 10347
409 38629 39687 135 66013
410 38676 46130 75 138005
411 38712 43195 23 92625
412 38888 45002 35 73258
413 38927 39683 73 11502
414 38985 55667 9 40648
415 39075 63246 5 25039
416 39093 42611 104 180914
417 39230 45928 45 46279
418 39324 54008 126 492647
419 39425 46200 32 56504
420 39633 46641 100 326438
421 39684 52439 39 158250
422 39872 48820 21 53497
423 39937 46683 38 97289
424 40290 50835 13 88815
425 40474 46572 60 257575
426 40573 45081 15 23123
427 40639 48755 70 172907
428 40661 42036 43 39115
429 40877 45873 89 361424
430 41025 49250 104 266311
431 41042 45204 4 7522
432 41133 49533 38 270138
433 41157 48985 20 31291
434 41259 41794 32 12831
435 41262 54958 6 56984
436 41324 46899 52 87157
437 41441 51679 43 167175
438 41579 64825 10 79512
439 41584 59458 7 101456
440 41638 49290 43 96886
441 41815 50562 11 67852
442 41864 48675 39 93866
443 41899 43985 8 7360
444 41913 48224 25 53491
445 42159 42862 137 130258
446 42189 44522 137 282000
447 42409 51185 19 47289
448 42612 44535 89 48984
449 42708 43325 15 10729
450 42874 45117 17 8698
451 43133 44331 72 92202
452 43326 44658 60 81059
453 43693 49891 6 56221
454 43708 47408 7 14765
455 43895 48256 55 151189
456 44110 47242 106 167123
457 44642 50693 90 127013
458 44644 52697 93 178978
459 45035 63129 28 433168
460 45124 47174 88 110516
461 45205 50729 140 268944
462 45505 46059 145 59100
463 45566 53380 101 213057
464 45618 47845 71 31099
465 45760 49119 30 56807
466 45776 57129 60 140783
467 46009 55841 46 174235
468 46019 61401 88 679934
469 46024 50010 140 252954
470 46286 47743 108 83255
471 46298 48085 125 372420
472 46543 72894 38 585806
473 46716 56223 86 371110
474 46877 47388 22 8972
475 46983 60250 107 520267
476 47088 59880 7 14122
477 47110 65217 14 124158
478 47229 51037 85 320070
479 47288 49571 36 99257
480 47494 55954 146 375316
481 47572 49861 62 118058
482 47586 57751 134 1565285
483 47625 54489 5 15345
484 47643 48898 53 52610
485 47659 69634 10 114370
486 47665 49057 7 4997
487 47736 60606 125 197434
488 47819 57919 95 185943
489 47917 52515 127 355823
490 47929 66849 105 809826
491 48010 48921 78 19318
492 48030 55390 44 475992
493 48032 53021 141 319404
494 48050 53036 141 247567
495 48298 50433 118 179032
496 48337 48561 136 14410
497 48356 52529 15 50675
498 48359 52770 11 6429
499 48401 52969 136 151487
500 48412 65374 127 1796189
501 48439 77497 56 1098573
502 48461 63898 25 321039
503 48555 64253 141 1464301
504 48601 53879 31 50829
505 48619 48717 103 5505
506 48711 51405 12 13846
507 48838 49070 50 5061
508 48924 56700 132 438022
509 49073 51498 17 13975
510 49078 55112 87 131578
511 49098 62726 7 17806
512 49129 55511 64 89071
513 49131 57499 52 351872
514 49273 73889 79 935856
515 49291 50555 143 209804
516 49354 54617 21 34219
517 49406 52385 53 125605
518 49466 50613 80 20779
519 49558 65930 63 422854
520 49970 50805 62 17614
521 50051 51412 93 47179
522 50071 50597 11 5832
523 50172 51030 136 83175
524 50287 58098 78 154981
525 50288 62275 71 239178
526 50402 56239 51 30069
527 50423 52654 32 79831
528 50689 51516 10 3216
529 50829 51660 81 37080
530 50894 51856 125 88543
531 50899 54743 112 66109
532 50919 68402 88 754820
533 50933 55527 24 61914
534 51015 60451 88 576770
535 51050 61845 116 315894
536 51122 61995 88 528483
537 51198 51790 5 2197
538 51245 51833 40 24562
539 51279 52296 43 10728
540 51299 53588 33 35268
541 51403 55198 57 263302
542 51907 52723 63 31667
543 52118 53529 38 84773
544 52131 52595 48 11571
545 52176 77803 97 1001152
546 52560 54526 145 154055
547 52931 73095 79 859377
548 52974 60819 37 215852
549 53080 54513 69 44729
550 53228 55681 83 279844
551 53295 59461 146 490259
552 53351 61289 89 810964
553 53383 68996 53 414639
554 53476 60017 132 390391
555 53546 59574 23 28304
556 53551 55880 25 68735
557 53599 68191 40 258608
558 53739 61559 4 10344
559 53779 60018 114 301402
560 53791 58523 94 134314
561 53812 55419 140 63243
562 53813 54677 86 27982
563 53925 71076 120 1194378
564 54036 56158 141 62968
565 54042 54476 103 16611
566 54096 59322 119 372214
567 54129 55938 47 129942
568 54169 67694 44 204719
569 54208 54693 68 32379
570 54241 55444 27 7163
571 54411 58155 16 22022
572 54413 58928 8 20382
573 54465 61070 39 67075
574 54482 64098 13 90734
575 54581 57321 54 95781
576 54702 60051 13 18897
577 54713 59987 18 75622
578 54863 57960 144 163767
579 54971 63981 77 196822
580 55235 56709 52 34304
581 55245 59717 41 139915
582 55288 59706 17 31284
583 55303 69648 36 60971
584 55305 55793 11 4751
585 55384 61936 121 230025
586 55424 58186 5 9276
587 55435 57809 73 96158
588 55448 59989 53 32556
589 55454 81984 98 719305
590 55590 55599 75 764
591 55680 63334 7 13224
592 55711 58070 78 78930
593 55794 62494 6 17116
594 55843 69999 10 71736
595 56008 63946 124 351750
596 56064 58023 58 35141
597 56212 65417 47 151321
598 56255 71476 121 525105
599 56337 77418 117 650323
600 56373 69697 135 482827
601 56398 62472 15 47612
602 56745 60211 68 130067
603 56757 57759 8 2416
604 56782 58302 75 57989
605 56786 56988 53 4996
606 56787 60288 44 77739
607 56800 65246 28 136792
608 56844 76400 12 61312
609 56896 63802 104 172634
610 57031 85059 4 22073
611 57089 64002 91 339154
612 57313 58627 88 42095
613 57370 69177 110 346198
614 57491 69480 91 412304
615 57574 58298 80 34884
616 57587 60633 23 23454
617 57775 79186 24 73708
618 57783 80306 117 1655362
619 57842 62240 53 146812
620 57852 67219 28 86090
621 58234 63370 42 79772
622 58240 59389 27 38719
623 58341 63975 75 91809
624 58393 68481 104 223743
625 58469 60011 67 108148
626 58536 60109 18 8951
627 58540 73957 20 75923
628 58634 69593 29 115113
629 58691 62613 97 114336
630 58893 66689 76 252934
631 58953 60114 6 3018
632 59046 68262 71 555693
633 59070 61104 97 189194
634 59081 63191 40 64626
635 59140 62593 7 21220
636 59151 68927 28 163880
637 59164 63908 7 6507
638 59167 62237 110 191528
639 59297 66457 124 132784
640 59424 61878 46 22962
641 59594 69566 48 100870
642 59603 79882 15 92011
643 59635 74094 72 248652
644 59701 65264 13 10712
645 59913 81641 137 399999
646 60146 65751 12 19293
647 60305 61061 24 6598
648 60383 93811 126 361469
649 60387 64771 75 61045
650 60483 69226 139 809937
651 60516 61524 67 18708
652 60591 66842 28 62515
653 60651 61486 4 1389
654 60791 99575 8 124223
655 60812 68600 107 603162
656 60871 89386 91 1847476
657 60889 64671 113 261504
658 60896 67263 123 188037
659 60916 67586 60 129624
660 61098 73538 92 484623
661 61164 64216 30 25696
662 61254 69804 42 147047
663 61442 65815 11 10661
664 61444 70478 18 83783
665 61637 74697 110 322553
666 61720 85499 145 862903
667 61842 84712 75 1827624
668 61886 67332 49 157386
669 61915 69240 49 140841
670 61918 62033 42 1694
671 62056 73379 79 492995
672 62106 64464 54 90291
673 62126 66081 31 69314
674 62151 63012 122 17869
675 62273 81501 87 565981
676 62353 66505 38 28202
677 62430 65559 70 135016
678 62540 73380 43 259581
679 62589 63829 138 85740
680 62591 69902 7 41222
681 62698 65263 36 40984
682 62717 63336 76 28371
683 62807 65481 120 112976
684 62957 66974 33 49757
685 63200 68151 103 228081
686 63238 73623 49 212060
687 63398 75497 17 48893
688 63524 72999 35 42480
689 63692 90599 43 323243
690 63754 75420 9 38399
691 64013 65122 7 20108
692 64103 64676 92 12293
693 64177 67408 36 32868
694 64219 68443 105 328158
695 64427 68780 37 54026
696 64436 64715 134 12761
697 64550 79748 28 186473
698 64562 66426 102 107658
699 64563 64868 19 4903
700 64569 89959 8 83189
701 64572 88503 53 768600
702 64594 67324 102 124161
703 64661 75161 30 117163
704 64663 70205 7 20264
705 64808 87444 44 249533
706 64813 74215 110 286811
707 64940 69158 4 3864
708 64979 65620 50 9824
709 65093 66094 128 177925
710 65202 73944 26 95572
711 65207 68027 80 66700
712 65245 80686 39 242394
713 65327 76738 19 76493
714 65650 67301 133 301044
715 65866 70343 11 3484
716 65923 79169 27 181037
717 66057 70380 138 148079
718 66166 67967 98 153766
719 66179 70137 8 11450
720 66301 70851 6 7714
721 66306 70098 26 45412
722 66332 67593 44 18799
723 66339 88537 81 431778
724 66357 71417 102 94815
725 66757 75310 71 245421
726 66801 70881 16 14771
727 66825 68323 84 28704
728 66898 81642 6 17283
729 67039 70344 36 168141
730 67103 71543 71 173959
731 67300 86757 39 195444
732 67307 94568 19 223391
733 67359 70279 40 65520
734 67419 70630 62 133636
735 67975 71756 46 191976
736 68003 85919 37 248697
737 68222 71304 114 206698
738 68387 69330 56 9781
739 68411 75170 43 189902
740 68417 76779 18 60309
741 68435 76697 50 43798
742 68661 89757 62 377612
743 68852 82026 54 196619
744 68923 84491 27 321477
745 68935 75914 11 21323
746 69063 90022 147 1614751
747 69379 69666 29 21443
748 69463 85625 133 832270
749 69511 72940 94 88294
750 69608 70928 96 54231
751 69646 75885 15 61769
752 69661 70877 86 61591
753 69712 70560 54 13541
754 69720 78114 16 23874
755 69848 82558 26 85878
756 70040 74973 30 40865
757 70130 71397 35 46935
758 70179 81337 119 765967
759 70185 89975 81 1158320
760 70231 95274 93 817929
761 70258 71845 33 43130
762 70435 87738 45 144865
763 70569 83704 82 242077
764 70619 71953 49 41525
765 70665 79482 48 201540
766 70685 71153 103 31980
767 70702 77268 16 56199
768 70748 80834 96 569176
769 70821 74300 9 9895
770 70828 72817 9 2896
771 70837 88924 28 572884
772 70963 76731 76 344023
773 71096 85224 125 390399
774 71108 77065 38 124950
775 71315 72865 38 16982
776 71321 79965 118 329725
777 71483 74124 9 9445
778 71626 74659 11 8695
779 71718 73748 31 17311
780 71868 87083 56 240459
781 72042 73699 80 11344
782 72120 74811 27 5315
783 72217 73506 85 20187
784 72305 99250 67 1404001
785 72348 82816 41 61739
786 72363 78205 17 44144
787 72446 83088 114 223718
788 72560 74998 96 45195
789 72599 84670 92 287560
790 72626 73259 84 30149
791 72794 74056 89 200868
792 72834 77778 94 367505
793 72963 84221 113 666018
794 73085 78612 39 108405
795 73100 92306 114 493805
796 73151 80497 31 106286
797 73169 82411 4 10888
798 73225 82884 96 258260
799 73467 82605 42 144410
800 73633 78022 139 357507
801 73658 83638 60 190868
802 73671 73822 19 2751
803 73725 78913 19 26411
804 73730 77433 7 4593
805 73741 78967 40 87272
806 73830 82583 93 242510
807 73987 78479 82 99849
808 74015 79116 143 99470
809 74099 82748 57 161867
810 74294 80351 6 10193
811 74408 82891 4 17245
812 74514 77306 28 51260
813 74594 77536 39 24487
814 74662 76606 135 159001
815 74667 84682 124 304965
816 74704 81781 97 1055447
817 74866 84975 118 620188
818 74987 92897 20 48794
819 75013 78581 20 53433
820 75096 76178 89 97818
821 75132 88606 23 91413
822 75324 93658 73 392305
823 75348 78905 129 121919
824 75450 90807 14 78102
825 75566 95639 120 1107943
826 75799 81937 58 222437
827 75886 77152 93 36260
828 75899 78057 39 27715
829 75913 78131 107 76451
830 75947 89670 7 19542
831 76085 88865 68 388464
832 76125 82695 49 99687
833 76447 84818 10 18593
834 76479 85474 24 155663
835 76574 86039 125 330258
836 76615 85977 13 34342
837 76663 85778 19 142785
838 76689 76947 49 7525
839 76734 81112 114 171079
840 76763 98145 15 96672
841 77040 97745 17 91384
842 77198 79440 129 189738
843 77238 88294 49 58940
844 77255 84939 5 18291
845 77391 98478 65 651441
846 77512 84429 112 168041
847 77588 86144 23 133471
848 77653 80610 22 73109
849 77682 96090 23 231511
850 77686 87657 7 61020
851 77703 96588 24 163194
852 77875 86189 57 390244
853 78016 89454 11 130440
854 78060 90104 141 586546
855 78125 81303 58 82020
856 78172 91784 15 39771
857 78258 87489 107 132191
858 78303 83114 30 79113
859 78522 87123 55 136050
860 78931 84912 35 162559
861 79111 82826 88 102456
862 79119 82133 6 9068
863 79172 83086 26 44261
864 79237 80511 82 48217
865 79492 82203 39 62036
866 79518 80115 35 11962
867 79574 81136 31 24778
868 79897 81917 82 108959
869 80094 93069 121 870381
870 80127 82358 19 25256
871 80271 82701 34 19459
872 80562 92076 30 528090
873 80637 97130 10 105367
874 80693 86931 120 387012
875 81240 94837 108 539252
876 81365 90082 19 56345
877 81450 93007 91 1222645
878 81520 83435 93 118148
879 81523 86321 75 208708
880 81574 83821 140 164432
881 81630 81670 100 3714
882 81635 86782 128 191623
883 81792 85223 34 36919
884 81913 84887 147 412989
885 82075 82131 17 705
886 82161 95719 72 364003
887 82254 82559 71 18615
888 82274 85807 65 53886
889 82349 83898 5 1826
890 82437 94355 22 398085
891 82600 83443 61 23614
892 82616 87099 86 235202
893 82661 88722 33 32062
894 82780 83767 133 98749
895 82785 83541 87 62699
896 82973 88783 136 187745
897 83045 91289 113 496760
898 83059 87992 11 15091
899 83162 85394 36 54689
900 83200 87891 64 84049
901 83207 93407 102 395770
902 83256 98998 83 602054
903 83270 87316 82 319568
904 83289 84484 136 159294
905 83595 90076 10 54271
906 83672 87595 81 179678
907 83739 86794 149 490768
908 83877 96870 46 130572
909 83918 87964 21 35188
910 84214 97575 4 20716
911 84220 88221 111 613268
912 84248 86262 42 29201
913 84301 95585 138 419359
914 84447 87682 62 62922
915 84468 87172 13 10243
916 84545 90610 10 47004
917 84571 86077 7 10696
918 84676 85043 7 1457
919 84689 87976 139 125895
920 84810 95883 23 91220
921 84862 92119 35 156600
922 84883 90724 30 138452
923 84932 96137 67 313392
924 84962 95562 58 755674
925 84964 96362 17 52923
926 85095 85441 65 9354
927 85152 91337 33 58492
928 85162 87504 49 94892
929 85192 99395 58 431077
930 85205 92007 13 82171
931 85233 98650 22 44986
932 85566 93296 103 496318
933 85723 87407 6 3601
934 85889 88657 96 141542
935 85897 93074 16 41887
936 86013 89150 5 8733
937 86022 86641 71 48807
938 86048 87778 9 7506
939 86111 92972 101 336146
940 86185 86657 14 2241
941 86443 86959 137 98901
942 86494 89832 57 38093
943 87374 89087 13 7603
944 87392 87586 63 10269
945 87400 89748 57 69651
946 87506 96041 9 41366
947 87721 93298 10 51554
948 87741 94949 144 468270
949 87814 99921 104 254693
950 88212 99664 20 62540
951 88227 91626 7 7511
952 88479 89596 55 26076
953 88559 91055 58 62389
954 88631 89878 75 35329
955 88737 95139 56 50054
956 88799 89065 51 7660
957 89026 95608 16 45014
958 89100 89232 94 12028
959 89200 95083 139 306399
960 89470 96272 13 18056
961 89573 90260 9 4368
962 90473 91823 40 27247
963 90521 91769 19 12816
964 90621 92852 47 54044
965 91005 99343 41 249706
966 91253 93274 57 59503
967 91682 93982 17 17315
968 91704 97619 5 9759
969 91721 95245 5 7913
970 91821 94684 10 12995
971 91827 93557 12 17703
972 91931 99823 109 297716
973 92049 93526 17 12792
974 92118 92680 18 7166
975 92176 93225 35 34851
976 92548 95861 5 7389
977 92865 95539 63 194842
978 92869 94479 52 62603
979 92874 95407 91 180477
980 93000 95866 73 166556
981 93079 97923 9 12732
982 93422 99947 30 76946
983 93523 94114 70 27606
984 93620 98585 18 30128
985 93784 94694 5 11268
986 93793 99392 65 74067
987 94257 96200 102 21110
988 94413 99889 134 364066
989 94543 96761 19 12310
990 94806 99525 130 188773
991 94814 95329 27 14868
992 95055 95811 28 5373
993 95064 95855 15 5555
994 96353 99851 45 54574
995 96355 98835 45 80224
996 96607 99141 25 67415
997 97421 99293 9 9526
998 98098 98583 61 9073
999 98246 99612 99 89922
